#!ascii label  , from subject sub-v2s9x29174_ses-1 vox2ras=TkReg
766
26497  -14.945  -52.879  26.375 0.0000000000
36143  -29.783  -40.388  18.257 0.0000000000
41445  -27.195  -34.777  17.827 0.0000000000
118501  -26.002  -43.951  22.352 0.0000000000
121067  -33.639  -25.500  13.036 0.0000000000
46252  -29.664  -28.937  14.870 0.0000000000
35277  -32.403  -40.912  21.658 0.0000000000
35272  -27.801  -41.578  21.118 0.0000000000
49482  -38.518  -24.602  16.458 0.0000000000
52071  -40.759  -21.887  13.688 0.0000000000
55355  -41.509  -18.127  13.725 0.0000000000
43901  -30.276  -31.805  21.643 0.0000000000
43921  -27.216  -31.034  16.654 0.0000000000
46191  -31.491  -28.332  20.537 0.0000000000
45388  -34.515  -29.928  18.692 0.0000000000
28956  -24.114  -50.090  20.077 0.0000000000
24561  -13.357  -54.187  29.726 0.0000000000
38737  -29.873  -37.901  17.878 0.0000000000
41386  -30.334  -34.614  22.412 0.0000000000
31346  -23.481  -46.504  19.236 0.0000000000
34475  -23.838  -42.773  19.082 0.0000000000
122068  -39.811  -16.988  8.546 0.0000000000
57659  -44.113  -14.791  11.842 0.0000000000
45458  -33.183  -29.566  13.818 0.0000000000
47000  -36.601  -28.054  17.297 0.0000000000
26546  -16.901  -52.577  23.503 0.0000000000
20722  -9.642  -58.125  28.985 0.0000000000
50379  -39.472  -23.559  15.366 0.0000000000
45370  -30.671  -29.555  21.369 0.0000000000
28980  -21.720  -49.698  18.330 0.0000000000
25578  -13.833  -53.614  28.125 0.0000000000
37012  -29.122  -39.330  15.555 0.0000000000
36995  -30.567  -39.267  17.493 0.0000000000
103901  -23.681  -44.886  21.202 0.0000000000
108229  -23.391  -44.895  19.659 0.0000000000
34449  -25.055  -43.249  21.349 0.0000000000
118040  -29.376  -40.701  19.700 0.0000000000
36128  -26.150  -40.717  19.110 0.0000000000
36141  -27.259  -40.321  18.053 0.0000000000
112781  -26.271  -45.639  23.542 0.0000000000
31331  -23.885  -46.329  21.645 0.0000000000
52086  -37.944  -21.958  11.197 0.0000000000
54594  -38.941  -18.205  9.821 0.0000000000
56886  -42.854  -15.999  12.940 0.0000000000
45412  -27.898  -29.945  15.520 0.0000000000
46239  -31.084  -29.049  14.521 0.0000000000
45400  -35.863  -30.363  18.000 0.0000000000
28929  -19.987  -49.581  22.098 0.0000000000
28161  -19.466  -50.421  23.474 0.0000000000
26536  -19.053  -52.277  24.779 0.0000000000
114032  -18.172  -52.282  22.572 0.0000000000
22599  -10.644  -57.021  27.627 0.0000000000
36113  -31.139  -40.401  20.042 0.0000000000
36974  -31.379  -38.925  19.543 0.0000000000
37771  -32.204  -39.148  22.767 0.0000000000
33644  -28.889  -43.819  23.332 0.0000000000
34432  -26.899  -42.955  22.131 0.0000000000
34435  -29.553  -42.338  22.482 0.0000000000
35275  -30.790  -41.343  21.297 0.0000000000
49488  -35.940  -25.078  15.145 0.0000000000
50387  -37.373  -23.726  14.273 0.0000000000
51226  -38.860  -22.684  12.556 0.0000000000
52917  -39.507  -20.785  12.349 0.0000000000
53729  -39.444  -19.041  12.181 0.0000000000
52911  -41.273  -20.076  13.872 0.0000000000
42325  -28.034  -33.287  19.674 0.0000000000
42343  -26.794  -33.275  17.278 0.0000000000
43912  -28.210  -31.630  19.344 0.0000000000
45385  -28.970  -29.956  18.941 0.0000000000
46211  -30.284  -29.162  17.917 0.0000000000
45405  -31.667  -29.387  17.231 0.0000000000
46204  -32.371  -28.446  19.547 0.0000000000
28174  -23.421  -50.597  21.314 0.0000000000
117444  -21.092  -49.402  20.035 0.0000000000
59282  -43.548  -12.223  8.359 0.0000000000
23546  -11.969  -54.573  30.315 0.0000000000
104125  -28.776  -38.017  15.839 0.0000000000
39688  -28.398  -36.635  18.017 0.0000000000
38712  -30.209  -37.589  20.003 0.0000000000
39650  -29.068  -36.286  20.291 0.0000000000
113934  -28.707  -35.065  20.550 0.0000000000
42292  -30.761  -33.088  22.357 0.0000000000
34463  -25.567  -41.806  20.403 0.0000000000
30517  -24.445  -47.762  22.482 0.0000000000
30533  -23.956  -48.349  19.655 0.0000000000
56119  -40.265  -16.661  11.273 0.0000000000
56917  -41.423  -15.653  10.339 0.0000000000
57686  -42.596  -14.445  9.476 0.0000000000
58486  -44.364  -13.276  10.611 0.0000000000
25615  -14.046  -53.687  24.150 0.0000000000
24595  -13.175  -54.031  25.797 0.0000000000
47037  -33.412  -27.728  13.588 0.0000000000
45417  -33.251  -29.832  16.333 0.0000000000
46241  -34.824  -29.107  15.320 0.0000000000
109125  -34.895  -26.880  15.269 0.0000000000
47845  -37.231  -26.121  16.949 0.0000000000
26532  -16.019  -52.556  24.647 0.0000000000
23575  -12.082  -54.881  27.655 0.0000000000
22594  -10.866  -56.275  29.614 0.0000000000
108752  -10.141  -55.899  30.160 0.0000000000
108242  -14.205  -53.360  27.370 0.0000000000
36153  -29.498  -40.225  17.411 0.0000000000
36993  -29.580  -39.867  16.624 0.0000000000
36984  -30.399  -39.958  17.675 0.0000000000
120447  -24.793  -44.425  21.977 0.0000000000
33670  -24.519  -43.963  21.511 0.0000000000
32916  -25.304  -43.895  21.963 0.0000000000
36131  -28.896  -40.554  19.021 0.0000000000
36142  -28.000  -40.370  18.608 0.0000000000
102093  -28.299  -40.330  17.691 0.0000000000
36164  -27.809  -40.254  16.317 0.0000000000
32891  -27.440  -44.490  23.306 0.0000000000
32084  -27.734  -45.141  23.786 0.0000000000
32097  -25.943  -45.156  23.092 0.0000000000
32905  -24.620  -45.038  22.190 0.0000000000
53745  -38.606  -18.783  10.040 0.0000000000
40611  -27.162  -35.808  16.248 0.0000000000
40600  -26.918  -35.131  16.865 0.0000000000
45429  -29.035  -29.156  15.442 0.0000000000
101405  -29.135  -29.416  13.688 0.0000000000
46253  -30.245  -28.922  14.501 0.0000000000
28184  -19.502  -50.157  21.679 0.0000000000
28919  -19.928  -49.618  23.011 0.0000000000
27381  -18.987  -51.029  22.047 0.0000000000
27372  -18.730  -51.726  22.744 0.0000000000
113871  -18.531  -51.897  22.062 0.0000000000
36099  -32.042  -40.480  21.072 0.0000000000
36955  -32.037  -39.807  20.949 0.0000000000
36948  -32.593  -39.897  22.365 0.0000000000
112906  -29.583  -43.431  23.285 0.0000000000
33661  -29.157  -43.054  22.846 0.0000000000
34415  -29.927  -42.819  23.035 0.0000000000
35257  -32.756  -41.224  22.338 0.0000000000
35255  -31.135  -41.714  21.996 0.0000000000
35276  -31.791  -41.149  21.367 0.0000000000
36098  -31.442  -40.750  20.731 0.0000000000
48685  -37.121  -25.153  16.077 0.0000000000
103545  -36.344  -24.489  14.800 0.0000000000
50377  -37.843  -23.956  15.094 0.0000000000
51215  -40.431  -22.784  14.046 0.0000000000
50396  -38.836  -23.329  13.717 0.0000000000
52070  -40.134  -22.400  13.372 0.0000000000
52074  -39.189  -21.777  12.263 0.0000000000
116347  -40.602  -21.090  13.311 0.0000000000
52910  -40.718  -20.289  13.399 0.0000000000
52072  -41.158  -21.006  13.778 0.0000000000
43150  -29.546  -32.229  21.175 0.0000000000
43162  -28.182  -32.424  19.680 0.0000000000
43909  -29.054  -31.453  20.508 0.0000000000
46173  -30.990  -28.848  20.937 0.0000000000
45379  -29.699  -29.778  20.131 0.0000000000
45387  -30.171  -29.201  19.659 0.0000000000
45403  -29.507  -29.358  17.978 0.0000000000
46202  -30.727  -28.888  19.216 0.0000000000
46213  -31.326  -28.910  18.654 0.0000000000
46203  -31.559  -28.492  19.563 0.0000000000
107689  -24.519  -49.658  21.420 0.0000000000
28186  -24.320  -50.482  21.501 0.0000000000
28196  -23.859  -50.422  20.603 0.0000000000
28968  -21.363  -49.596  19.209 0.0000000000
60134  -44.010  -11.817  8.889 0.0000000000
60931  -44.791  -10.654  8.954 0.0000000000
114043  -12.603  -54.310  30.444 0.0000000000
37832  -29.454  -38.448  16.570 0.0000000000
37843  -28.929  -38.689  15.277 0.0000000000
107828  -28.712  -37.508  16.774 0.0000000000
39702  -28.314  -36.838  17.354 0.0000000000
38736  -29.092  -37.090  18.346 0.0000000000
37769  -31.390  -38.569  21.852 0.0000000000
37785  -30.821  -38.132  20.303 0.0000000000
105369  -30.581  -37.799  21.991 0.0000000000
101350  -30.520  -35.308  23.000 0.0000000000
39628  -29.895  -36.307  21.939 0.0000000000
40559  -29.495  -35.569  21.546 0.0000000000
40572  -29.000  -35.685  20.836 0.0000000000
41398  -29.792  -34.571  21.801 0.0000000000
42316  -29.319  -33.882  21.227 0.0000000000
104953  -30.596  -33.889  22.428 0.0000000000
32930  -23.435  -44.170  19.223 0.0000000000
34452  -27.592  -42.127  21.587 0.0000000000
120224  -26.220  -41.926  20.896 0.0000000000
35291  -26.382  -41.367  20.440 0.0000000000
35312  -25.033  -41.257  18.541 0.0000000000
31307  -24.802  -47.132  23.079 0.0000000000
104796  -23.580  -46.350  20.816 0.0000000000
31330  -23.798  -47.188  21.009 0.0000000000
30545  -23.683  -47.592  19.127 0.0000000000
29757  -23.560  -48.683  18.221 0.0000000000
55354  -40.805  -17.836  13.144 0.0000000000
55358  -39.876  -17.296  11.666 0.0000000000
55360  -40.972  -17.100  12.839 0.0000000000
111954  -43.317  -15.588  12.544 0.0000000000
56893  -41.917  -15.895  11.874 0.0000000000
56918  -42.232  -15.376  10.887 0.0000000000
57681  -42.038  -15.073  9.886 0.0000000000
57683  -43.477  -14.309  10.617 0.0000000000
58485  -43.801  -13.638  10.261 0.0000000000
58472  -44.108  -13.917  10.913 0.0000000000
103052  -26.797  -32.387  16.893 0.0000000000
42357  -26.458  -33.161  15.690 0.0000000000
46278  -33.096  -28.015  12.705 0.0000000000
46265  -33.449  -28.997  13.500 0.0000000000
45397  -33.024  -29.603  18.167 0.0000000000
112345  -32.272  -29.530  16.425 0.0000000000
45407  -33.605  -29.998  17.202 0.0000000000
46221  -36.620  -29.249  17.684 0.0000000000
45420  -35.688  -29.863  16.683 0.0000000000
46226  -35.696  -29.120  16.376 0.0000000000
47019  -34.774  -27.928  15.353 0.0000000000
47006  -35.852  -27.999  16.556 0.0000000000
120867  -35.999  -26.299  16.122 0.0000000000
47834  -36.901  -26.927  17.191 0.0000000000
26534  -17.658  -52.441  23.907 0.0000000000
26519  -17.617  -52.468  24.843 0.0000000000
26518  -16.680  -52.415  25.192 0.0000000000
26545  -16.242  -52.621  23.917 0.0000000000
25617  -15.455  -52.980  23.997 0.0000000000
25618  -16.053  -52.892  23.136 0.0000000000
24594  -12.369  -54.638  25.424 0.0000000000
24590  -12.495  -54.523  26.339 0.0000000000
23579  -11.429  -55.519  26.522 0.0000000000
21657  -10.253  -57.633  28.808 0.0000000000
22597  -10.901  -56.372  28.906 0.0000000000
22593  -10.581  -57.005  29.359 0.0000000000
119691  -10.635  -56.155  29.878 0.0000000000
21650  -9.708  -57.083  30.036 0.0000000000
114300  -31.442  -42.689  23.339 0.0000000000
49483  -39.218  -24.378  16.787 0.0000000000
49492  -38.952  -24.050  15.974 0.0000000000
50372  -40.434  -23.438  16.348 0.0000000000
108227  -30.292  -31.012  21.541 0.0000000000
101034  -23.673  -49.792  19.536 0.0000000000
28969  -22.822  -49.742  18.999 0.0000000000
109918  -14.427  -53.437  28.964 0.0000000000
25571  -13.769  -53.856  29.091 0.0000000000
37003  -29.393  -39.509  16.130 0.0000000000
37004  -29.867  -39.121  16.500 0.0000000000
37820  -30.145  -38.713  17.162 0.0000000000
41376  -31.496  -34.019  23.543 0.0000000000
32113  -23.436  -45.811  20.095 0.0000000000
32122  -23.397  -45.620  19.135 0.0000000000
104333  -23.465  -44.865  20.536 0.0000000000
32921  -23.450  -44.101  20.083 0.0000000000
34468  -24.003  -42.757  19.863 0.0000000000
35293  -28.139  -41.060  20.529 0.0000000000
36109  -26.662  -40.802  19.842 0.0000000000
36129  -27.088  -40.447  19.065 0.0000000000
36140  -26.380  -40.488  18.273 0.0000000000
36163  -26.759  -40.476  16.369 0.0000000000
31309  -26.096  -46.278  23.817 0.0000000000
31322  -24.920  -46.254  22.932 0.0000000000
32095  -24.446  -45.846  22.309 0.0000000000
32107  -23.992  -45.371  21.706 0.0000000000
116465  -37.237  -22.549  11.022 0.0000000000
104410  -39.299  -17.573  9.529 0.0000000000
55339  -42.973  -17.705  14.336 0.0000000000
55356  -42.286  -17.242  13.713 0.0000000000
44640  -27.501  -30.429  16.115 0.0000000000
45455  -30.863  -29.295  13.116 0.0000000000
45445  -32.278  -29.519  13.918 0.0000000000
45389  -35.689  -29.739  19.534 0.0000000000
45399  -35.039  -30.354  18.025 0.0000000000
107852  -36.146  -30.106  18.765 0.0000000000
28930  -20.616  -49.344  22.436 0.0000000000
28920  -20.708  -49.477  23.317 0.0000000000
27353  -20.182  -50.993  24.905 0.0000000000
27364  -19.290  -51.079  24.031 0.0000000000
26548  -18.413  -52.179  23.441 0.0000000000
26547  -17.641  -52.507  23.067 0.0000000000
26557  -16.888  -52.774  22.662 0.0000000000
26558  -17.534  -52.636  22.205 0.0000000000
36132  -30.939  -40.239  19.210 0.0000000000
36973  -31.230  -39.577  18.817 0.0000000000
36133  -31.420  -39.762  19.653 0.0000000000
37779  -31.760  -39.086  20.986 0.0000000000
120611  -27.236  -43.966  22.888 0.0000000000
33658  -26.692  -43.642  22.481 0.0000000000
33660  -28.334  -43.241  22.734 0.0000000000
34434  -28.689  -42.501  22.351 0.0000000000
35253  -29.149  -41.880  21.905 0.0000000000
34436  -30.458  -42.228  22.603 0.0000000000
35254  -30.091  -41.771  21.992 0.0000000000
35274  -29.734  -41.427  21.254 0.0000000000
35294  -29.289  -41.011  20.459 0.0000000000
36112  -30.228  -40.663  19.860 0.0000000000
32892  -28.328  -44.532  23.583 0.0000000000
48692  -34.465  -25.698  14.310 0.0000000000
48717  -33.961  -25.013  12.684 0.0000000000
103513  -35.437  -24.267  13.748 0.0000000000
108751  -36.350  -23.711  13.545 0.0000000000
50406  -36.866  -23.384  12.716 0.0000000000
50388  -38.337  -23.587  14.458 0.0000000000
103992  -38.081  -23.474  13.766 0.0000000000
51225  -37.616  -23.186  12.480 0.0000000000
51236  -38.463  -22.289  11.942 0.0000000000
52087  -38.557  -21.458  11.602 0.0000000000
109654  -38.484  -19.709  11.001 0.0000000000
53736  -38.841  -19.187  11.412 0.0000000000
104813  -39.658  -19.928  12.468 0.0000000000
53730  -40.254  -19.483  12.962 0.0000000000
53723  -41.337  -19.147  13.877 0.0000000000
52908  -42.426  -20.280  14.774 0.0000000000
54552  -42.705  -18.492  14.567 0.0000000000
41416  -27.820  -34.222  19.438 0.0000000000
41431  -27.110  -33.929  17.985 0.0000000000
42324  -27.463  -33.489  18.819 0.0000000000
115920  -27.494  -32.196  18.394 0.0000000000
43170  -27.490  -31.667  17.898 0.0000000000
44628  -29.389  -30.556  20.417 0.0000000000
44630  -28.622  -30.703  19.298 0.0000000000
104485  -27.723  -30.526  17.018 0.0000000000
44641  -28.170  -29.853  16.464 0.0000000000
45413  -28.773  -29.397  16.206 0.0000000000
45414  -29.430  -29.164  16.294 0.0000000000
45415  -30.378  -29.069  16.205 0.0000000000
45404  -30.761  -29.220  17.149 0.0000000000
46220  -31.969  -29.352  18.014 0.0000000000
46215  -33.024  -28.984  19.132 0.0000000000
46983  -33.459  -27.978  20.722 0.0000000000
46206  -34.814  -29.153  19.945 0.0000000000
28932  -22.643  -50.422  22.042 0.0000000000
28954  -22.192  -49.758  19.771 0.0000000000
28942  -22.798  -50.148  20.525 0.0000000000
28941  -21.166  -49.317  21.845 0.0000000000
28940  -20.645  -49.362  21.551 0.0000000000
39701  -27.800  -36.544  16.700 0.0000000000
40601  -27.461  -35.527  17.699 0.0000000000
37794  -31.075  -38.753  18.616 0.0000000000
104434  -30.776  -38.096  19.338 0.0000000000
38722  -29.890  -37.369  19.377 0.0000000000
38711  -29.606  -36.994  20.230 0.0000000000
39677  -29.188  -36.845  19.075 0.0000000000
39663  -28.670  -36.162  19.542 0.0000000000
40592  -28.078  -35.732  19.027 0.0000000000
40583  -27.841  -35.034  19.251 0.0000000000
108494  -28.267  -34.047  20.002 0.0000000000
42307  -29.659  -33.091  21.403 0.0000000000
43151  -30.233  -32.680  21.775 0.0000000000
42278  -31.825  -33.175  23.525 0.0000000000
42293  -31.418  -32.620  22.920 0.0000000000
34450  -25.708  -42.781  21.371 0.0000000000
107550  -25.214  -42.539  20.841 0.0000000000
34469  -24.359  -42.177  19.344 0.0000000000
35305  -25.838  -41.144  19.778 0.0000000000
35304  -25.035  -41.586  19.549 0.0000000000
29722  -24.549  -48.885  22.355 0.0000000000
121156  -24.452  -49.021  21.226 0.0000000000
30524  -24.112  -47.429  21.788 0.0000000000
29729  -24.203  -48.345  21.039 0.0000000000
29738  -24.245  -49.105  20.102 0.0000000000
28970  -23.479  -49.378  18.778 0.0000000000
54574  -38.924  -18.228  10.706 0.0000000000
56118  -39.580  -17.108  10.767 0.0000000000
56130  -40.080  -16.546  10.374 0.0000000000
56111  -41.348  -16.499  12.446 0.0000000000
56905  -40.807  -16.158  10.793 0.0000000000
56916  -40.667  -16.046  9.916 0.0000000000
56924  -41.144  -15.462  8.477 0.0000000000
57688  -41.703  -14.944  7.906 0.0000000000
57689  -42.313  -14.277  8.048 0.0000000000
58491  -42.822  -13.598  8.288 0.0000000000
59268  -44.070  -12.947  9.955 0.0000000000
25611  -14.339  -53.381  25.005 0.0000000000
25604  -13.929  -53.549  25.746 0.0000000000
25610  -13.621  -53.768  24.982 0.0000000000
41458  -26.583  -34.444  16.218 0.0000000000
47874  -33.434  -26.632  13.607 0.0000000000
45430  -31.165  -29.082  15.521 0.0000000000
104878  -32.057  -29.378  14.944 0.0000000000
116718  -33.635  -29.761  14.814 0.0000000000
115343  -34.565  -30.255  17.077 0.0000000000
45434  -34.655  -29.772  15.637 0.0000000000
45447  -33.666  -29.516  14.227 0.0000000000
47027  -33.854  -28.053  14.236 0.0000000000
47028  -34.260  -27.325  14.688 0.0000000000
47861  -34.515  -26.465  14.703 0.0000000000
47852  -35.074  -26.059  14.997 0.0000000000
47854  -36.259  -25.660  15.873 0.0000000000
48676  -37.546  -25.462  16.644 0.0000000000
105556  -16.214  -52.245  27.019 0.0000000000
26499  -16.469  -52.323  26.071 0.0000000000
26516  -15.208  -52.778  25.761 0.0000000000
117438  -14.745  -53.287  24.373 0.0000000000
25616  -14.729  -53.458  23.626 0.0000000000
25591  -13.687  -53.657  27.143 0.0000000000
24581  -13.176  -54.026  27.687 0.0000000000
24560  -12.666  -54.586  29.152 0.0000000000
114088  -11.122  -55.965  26.995 0.0000000000
113512  -11.298  -55.774  28.423 0.0000000000
23559  -11.956  -55.030  29.550 0.0000000000
23551  -11.337  -55.105  29.601 0.0000000000
114546  -10.650  -55.536  29.794 0.0000000000
20721  -8.841  -58.123  29.090 0.0000000000
22592  -8.850  -56.573  29.541 0.0000000000
105821  -15.427  -52.572  26.902 0.0000000000
26486  -14.771  -52.983  27.136 0.0000000000
32906  -25.467  -44.605  22.470 0.0000000000
118857  -28.905  -40.448  18.185 0.0000000000
32907  -26.525  -44.412  22.855 0.0000000000
115631  -38.377  -19.509  10.234 0.0000000000
45444  -29.037  -29.228  14.510 0.0000000000
46262  -29.723  -29.062  14.094 0.0000000000
105230  -19.186  -50.757  21.173 0.0000000000
36100  -32.349  -40.225  21.618 0.0000000000
36091  -32.745  -40.650  22.226 0.0000000000
33645  -30.270  -43.422  23.461 0.0000000000
33646  -31.164  -43.397  23.672 0.0000000000
35256  -32.128  -41.527  22.025 0.0000000000
32894  -30.551  -44.108  23.891 0.0000000000
49481  -37.841  -24.850  16.263 0.0000000000
49490  -37.474  -24.533  15.626 0.0000000000
49491  -38.221  -24.294  15.780 0.0000000000
52066  -41.073  -22.354  14.315 0.0000000000
52075  -40.040  -21.601  12.902 0.0000000000
52067  -41.584  -21.720  14.356 0.0000000000
109910  -28.920  -32.296  20.617 0.0000000000
43900  -29.733  -31.204  21.092 0.0000000000
46190  -30.836  -28.725  20.060 0.0000000000
45396  -29.996  -29.196  18.759 0.0000000000
28957  -24.397  -49.550  20.711 0.0000000000
28943  -24.260  -50.289  20.843 0.0000000000
60135  -44.516  -11.372  9.345 0.0000000000
60136  -45.108  -10.963  9.772 0.0000000000
24562  -13.667  -53.898  30.261 0.0000000000
24551  -13.224  -54.049  30.483 0.0000000000
24550  -12.658  -54.518  30.006 0.0000000000
38755  -29.515  -38.019  17.169 0.0000000000
38754  -28.967  -37.357  17.605 0.0000000000
37778  -31.078  -38.386  21.116 0.0000000000
38699  -31.081  -37.982  22.729 0.0000000000
40541  -30.026  -35.411  22.233 0.0000000000
30557  -23.573  -46.998  18.345 0.0000000000
35271  -26.948  -41.821  21.114 0.0000000000
31338  -23.638  -47.064  20.078 0.0000000000
56135  -40.226  -16.769  8.035 0.0000000000
122194  -41.422  -17.383  13.333 0.0000000000
56908  -43.397  -15.182  11.863 0.0000000000
56907  -42.667  -15.411  11.598 0.0000000000
57675  -43.076  -14.939  11.078 0.0000000000
57676  -43.792  -14.551  11.311 0.0000000000
43920  -26.869  -31.673  16.368 0.0000000000
43176  -26.618  -32.372  16.050 0.0000000000
45457  -32.894  -29.404  13.189 0.0000000000
45473  -32.583  -29.435  12.443 0.0000000000
46277  -33.162  -28.969  12.571 0.0000000000
45398  -33.712  -29.624  18.693 0.0000000000
108772  -34.138  -30.166  17.948 0.0000000000
46227  -36.183  -29.214  16.932 0.0000000000
47007  -36.325  -27.214  16.775 0.0000000000
26533  -16.853  -52.470  24.325 0.0000000000
24589  -11.790  -55.030  25.963 0.0000000000
21654  -10.126  -57.489  29.372 0.0000000000
21651  -10.522  -56.708  29.818 0.0000000000
44612  -31.234  -30.663  22.613 0.0000000000
28981  -22.743  -49.522  18.128 0.0000000000
25579  -14.592  -53.135  27.969 0.0000000000
36165  -28.684  -40.001  15.950 0.0000000000
36994  -30.152  -39.561  17.048 0.0000000000
37807  -30.658  -38.659  17.896 0.0000000000
32106  -23.559  -45.563  21.050 0.0000000000
117596  -24.272  -43.518  20.985 0.0000000000
32914  -23.768  -44.149  20.949 0.0000000000
33681  -23.826  -43.434  20.362 0.0000000000
33682  -24.483  -42.929  20.612 0.0000000000
36111  -28.478  -40.711  19.866 0.0000000000
36110  -27.536  -40.693  19.898 0.0000000000
36130  -27.938  -40.504  19.333 0.0000000000
36151  -26.548  -40.413  17.360 0.0000000000
36152  -27.507  -40.273  17.097 0.0000000000
32890  -26.813  -45.099  23.439 0.0000000000
31310  -26.999  -45.841  23.989 0.0000000000
32083  -25.580  -45.878  23.317 0.0000000000
51253  -37.470  -22.033  10.377 0.0000000000
44646  -27.371  -30.526  15.237 0.0000000000
46263  -30.487  -29.067  13.857 0.0000000000
46264  -31.292  -29.250  13.678 0.0000000000
45456  -31.954  -29.469  13.081 0.0000000000
46216  -37.065  -29.213  18.486 0.0000000000
28910  -20.110  -49.854  23.813 0.0000000000
27363  -18.990  -51.494  23.430 0.0000000000
36947  -32.089  -39.386  21.796 0.0000000000
33643  -27.957  -43.893  23.122 0.0000000000
33659  -27.489  -43.394  22.605 0.0000000000
34453  -28.280  -42.036  21.756 0.0000000000
117182  -32.010  -42.409  23.193 0.0000000000
104973  -30.034  -40.508  19.069 0.0000000000
104663  -29.748  -44.050  23.659 0.0000000000
48693  -35.269  -25.333  14.727 0.0000000000
49500  -34.881  -24.884  14.059 0.0000000000
49501  -35.636  -24.684  14.479 0.0000000000
50386  -36.637  -24.031  14.391 0.0000000000
121360  -36.057  -24.194  14.224 0.0000000000
50395  -37.445  -23.454  13.326 0.0000000000
50378  -38.664  -23.756  15.224 0.0000000000
51220  -39.104  -23.037  13.112 0.0000000000
51219  -38.362  -23.253  12.991 0.0000000000
122401  -38.236  -22.903  12.350 0.0000000000
51235  -37.746  -22.737  11.773 0.0000000000
52916  -38.984  -20.920  11.844 0.0000000000
52928  -38.518  -20.574  11.315 0.0000000000
52929  -39.015  -19.986  11.811 0.0000000000
53722  -40.853  -19.533  13.518 0.0000000000
54564  -40.774  -18.720  13.381 0.0000000000
53716  -42.495  -19.336  14.709 0.0000000000
43161  -27.695  -32.474  19.057 0.0000000000
43914  -27.803  -31.642  18.603 0.0000000000
44619  -30.045  -30.223  21.015 0.0000000000
44631  -29.141  -30.175  19.693 0.0000000000
44634  -28.498  -30.370  18.441 0.0000000000
44636  -28.333  -30.092  17.526 0.0000000000
45394  -28.898  -29.745  18.137 0.0000000000
45402  -28.943  -29.485  17.120 0.0000000000
103023  -29.860  -29.223  17.131 0.0000000000
46214  -32.198  -28.885  18.808 0.0000000000
46984  -34.166  -27.994  20.959 0.0000000000
46193  -34.034  -28.452  20.267 0.0000000000
46194  -34.727  -28.535  20.552 0.0000000000
28185  -24.089  -50.628  21.149 0.0000000000
28955  -23.463  -50.095  19.896 0.0000000000
104300  -21.348  -49.433  20.859 0.0000000000
28953  -20.600  -49.444  20.626 0.0000000000
23545  -11.318  -54.705  30.081 0.0000000000
38783  -28.455  -37.923  14.860 0.0000000000
39687  -27.831  -36.217  17.550 0.0000000000
39675  -27.927  -35.966  18.299 0.0000000000
38723  -30.469  -38.016  18.564 0.0000000000
39637  -29.511  -36.520  21.063 0.0000000000
39664  -29.252  -36.720  19.733 0.0000000000
40571  -28.634  -35.607  20.141 0.0000000000
40584  -28.281  -35.493  19.596 0.0000000000
41417  -28.299  -34.834  19.946 0.0000000000
41408  -28.701  -34.284  20.587 0.0000000000
41399  -30.104  -33.612  21.867 0.0000000000
42265  -32.068  -33.650  24.143 0.0000000000
42277  -31.224  -33.536  22.920 0.0000000000
117852  -31.749  -32.035  23.241 0.0000000000
32132  -23.536  -45.555  18.402 0.0000000000
33671  -26.002  -43.257  21.933 0.0000000000
120227  -25.818  -42.313  21.028 0.0000000000
35290  -24.704  -42.229  20.121 0.0000000000
103512  -24.374  -48.485  21.763 0.0000000000
31321  -24.404  -46.750  22.415 0.0000000000
118124  -23.994  -47.963  20.381 0.0000000000
100821  -23.967  -49.447  19.485 0.0000000000
29748  -23.788  -48.698  18.949 0.0000000000
54575  -39.054  -18.506  11.350 0.0000000000
55366  -39.263  -17.770  11.116 0.0000000000
56129  -39.513  -17.002  9.936 0.0000000000
56104  -42.450  -16.527  13.285 0.0000000000
56103  -41.705  -16.772  13.121 0.0000000000
56112  -42.120  -16.216  12.704 0.0000000000
56906  -41.495  -15.854  11.132 0.0000000000
56920  -40.526  -15.959  9.033 0.0000000000
56921  -41.253  -15.483  9.412 0.0000000000
57685  -41.901  -14.813  8.826 0.0000000000
107934  -42.552  -14.197  8.732 0.0000000000
58488  -43.015  -13.778  9.113 0.0000000000
58489  -43.526  -13.337  9.540 0.0000000000
59269  -44.590  -12.534  10.391 0.0000000000
41444  -26.737  -34.240  17.122 0.0000000000
105936  -26.549  -33.683  16.437 0.0000000000
47873  -32.995  -26.877  12.832 0.0000000000
45416  -31.351  -29.265  16.407 0.0000000000
45432  -32.911  -29.722  15.425 0.0000000000
45446  -33.039  -29.724  14.468 0.0000000000
120144  -34.773  -30.328  17.579 0.0000000000
45408  -35.405  -30.271  17.260 0.0000000000
46225  -35.235  -29.536  16.016 0.0000000000
46240  -34.232  -29.478  14.825 0.0000000000
46254  -33.923  -28.994  14.207 0.0000000000
46255  -34.343  -28.548  14.743 0.0000000000
47860  -33.947  -26.475  14.230 0.0000000000
47853  -35.549  -26.373  15.707 0.0000000000
48675  -36.483  -26.384  16.523 0.0000000000
118413  -36.917  -25.733  16.437 0.0000000000
26517  -15.868  -52.498  25.494 0.0000000000
25606  -15.144  -52.919  24.996 0.0000000000
108876  -15.286  -53.283  23.190 0.0000000000
111231  -13.634  -53.704  26.397 0.0000000000
24580  -12.594  -54.470  27.247 0.0000000000
24570  -12.627  -54.520  28.171 0.0000000000
114270  -10.862  -56.615  26.954 0.0000000000
22600  -10.993  -56.324  27.841 0.0000000000
23566  -11.296  -55.655  29.220 0.0000000000
23558  -11.284  -55.434  29.494 0.0000000000
22590  -10.205  -56.369  30.098 0.0000000000
23550  -10.463  -55.087  29.825 0.0000000000
21652  -8.683  -57.356  29.097 0.0000000000
21649  -9.035  -57.092  29.982 0.0000000000
118865  -29.164  -39.984  16.344 0.0000000000
32915  -24.175  -44.635  21.607 0.0000000000
101144  -28.717  -40.208  16.735 0.0000000000
32096  -25.147  -45.448  22.731 0.0000000000
52098  -37.864  -21.339  10.464 0.0000000000
53762  -38.884  -18.682  9.641 0.0000000000
39714  -27.522  -36.475  15.769 0.0000000000
121592  -28.444  -29.554  15.715 0.0000000000
45427  -27.842  -30.088  14.668 0.0000000000
45428  -28.423  -29.567  14.980 0.0000000000
45443  -28.438  -29.706  14.128 0.0000000000
28173  -19.442  -50.197  22.556 0.0000000000
28160  -19.081  -50.932  22.863 0.0000000000
26559  -18.098  -52.376  21.683 0.0000000000
36114  -31.742  -40.079  20.406 0.0000000000
34438  -32.432  -41.856  22.754 0.0000000000
35295  -30.455  -40.987  20.587 0.0000000000
49489  -36.686  -24.815  15.461 0.0000000000
49502  -37.060  -24.208  14.982 0.0000000000
50390  -40.083  -23.239  14.709 0.0000000000
50389  -39.293  -23.398  14.462 0.0000000000
119729  -39.928  -23.177  14.160 0.0000000000
50397  -39.665  -23.021  13.616 0.0000000000
51227  -39.544  -22.463  12.922 0.0000000000
52918  -40.181  -20.535  12.865 0.0000000000
106094  -28.522  -32.767  20.234 0.0000000000
43157  -28.543  -31.964  20.073 0.0000000000
43908  -28.632  -31.281  19.858 0.0000000000
45380  -30.366  -29.343  20.528 0.0000000000
45386  -29.531  -29.606  19.313 0.0000000000
45395  -29.371  -29.558  18.641 0.0000000000
46212  -30.654  -29.042  18.501 0.0000000000
28933  -24.585  -50.063  22.096 0.0000000000
60145  -43.865  -11.589  8.173 0.0000000000
60146  -44.297  -11.153  8.522 0.0000000000
60945  -44.661  -10.576  8.080 0.0000000000
37831  -29.360  -38.839  15.973 0.0000000000
37786  -31.439  -38.809  20.393 0.0000000000
38706  -30.450  -37.767  21.192 0.0000000000
40542  -30.213  -36.101  22.673 0.0000000000
41409  -29.098  -34.853  21.143 0.0000000000
122316  -30.213  -34.158  22.115 0.0000000000
42279  -32.497  -32.699  24.248 0.0000000000
103417  -27.129  -42.439  21.716 0.0000000000
34451  -26.402  -42.519  21.482 0.0000000000
36139  -25.605  -40.818  18.390 0.0000000000
111538  -23.672  -47.995  18.471 0.0000000000
54569  -40.200  -18.434  12.713 0.0000000000
54568  -39.624  -18.062  11.983 0.0000000000
55359  -40.321  -17.570  12.448 0.0000000000
56110  -40.566  -16.846  12.137 0.0000000000
56894  -42.684  -15.705  12.297 0.0000000000
57682  -42.778  -14.699  10.312 0.0000000000
58484  -43.233  -14.043  9.882 0.0000000000
58473  -44.609  -13.555  11.166 0.0000000000
24602  -14.137  -53.870  23.274 0.0000000000
120325  -26.609  -32.971  16.495 0.0000000000
119998  -33.663  -28.517  13.889 0.0000000000
45406  -32.620  -29.654  17.274 0.0000000000
45409  -36.154  -30.046  17.370 0.0000000000
46242  -35.290  -28.533  15.920 0.0000000000
47020  -35.336  -27.383  15.896 0.0000000000
47844  -35.860  -26.885  16.314 0.0000000000
26535  -18.389  -52.348  24.317 0.0000000000
25627  -15.505  -53.416  22.436 0.0000000000
24579  -11.907  -54.930  26.853 0.0000000000
22596  -10.604  -57.031  28.468 0.0000000000
34439  -33.114  -41.590  23.043 0.0000000000
50371  -39.682  -23.743  16.182 0.0000000000
51216  -40.871  -22.863  14.852 0.0000000000
51217  -41.533  -22.409  14.792 0.0000000000
43889  -30.809  -31.343  22.073 0.0000000000
44611  -30.664  -30.409  21.793 0.0000000000
45363  -31.037  -29.693  22.149 0.0000000000
45371  -31.158  -28.961  21.771 0.0000000000
25561  -13.974  -53.788  29.780 0.0000000000
41375  -30.903  -34.382  22.960 0.0000000000
33688  -23.608  -43.416  19.571 0.0000000000
35292  -27.211  -41.142  20.509 0.0000000000
31308  -25.381  -46.665  23.504 0.0000000000
51252  -36.547  -22.963  10.704 0.0000000000
56132  -39.625  -16.958  9.172 0.0000000000
55338  -42.242  -18.013  14.169 0.0000000000
120256  -42.808  -16.747  13.606 0.0000000000
44639  -27.014  -31.030  15.806 0.0000000000
43924  -26.714  -31.720  15.517 0.0000000000
119010  -34.885  -29.693  19.273 0.0000000000
101623  -35.393  -30.130  18.699 0.0000000000
45401  -36.473  -29.934  18.150 0.0000000000
46222  -37.077  -28.464  17.937 0.0000000000
27351  -18.937  -51.920  24.088 0.0000000000
26570  -16.904  -53.060  21.796 0.0000000000
20723  -9.942  -58.035  28.798 0.0000000000
36144  -30.670  -40.132  18.414 0.0000000000
36959  -31.633  -39.454  20.291 0.0000000000
36939  -32.808  -39.522  23.149 0.0000000000
34433  -27.760  -42.642  22.185 0.0000000000
34416  -30.745  -42.728  23.211 0.0000000000
34437  -31.482  -42.164  22.739 0.0000000000
35273  -28.725  -41.500  21.190 0.0000000000
48704  -33.740  -25.863  13.660 0.0000000000
48705  -34.166  -25.203  13.518 0.0000000000
49512  -34.648  -24.547  13.207 0.0000000000
49513  -35.310  -23.922  12.747 0.0000000000
51224  -36.800  -23.201  11.755 0.0000000000
52099  -38.172  -21.133  11.046 0.0000000000
52907  -41.769  -20.706  14.327 0.0000000000
54551  -41.969  -18.763  14.284 0.0000000000
41432  -27.462  -34.479  18.685 0.0000000000
42335  -27.181  -33.195  18.073 0.0000000000
109082  -27.401  -32.764  18.451 0.0000000000
43165  -27.165  -32.452  17.769 0.0000000000
43169  -27.122  -31.700  17.174 0.0000000000
120366  -27.472  -31.147  17.345 0.0000000000
44627  -28.901  -30.777  19.987 0.0000000000
43915  -28.209  -31.034  18.739 0.0000000000
43916  -27.951  -30.922  17.947 0.0000000000
46237  -29.752  -28.968  15.592 0.0000000000
46219  -31.087  -29.152  17.919 0.0000000000
46981  -31.987  -27.935  21.090 0.0000000000
107586  -32.168  -28.096  20.250 0.0000000000
46192  -33.086  -28.326  20.027 0.0000000000
46971  -33.334  -27.681  21.527 0.0000000000
46205  -33.997  -29.169  19.438 0.0000000000
46195  -35.579  -29.076  20.497 0.0000000000
104831  -22.040  -49.803  21.522 0.0000000000
28939  -20.041  -49.655  21.209 0.0000000000
102321  -27.384  -35.834  17.015 0.0000000000
36985  -30.921  -39.428  18.041 0.0000000000
120343  -29.723  -37.421  18.651 0.0000000000
38705  -30.046  -37.361  20.760 0.0000000000
39676  -28.525  -36.393  18.740 0.0000000000
40591  -27.617  -35.271  18.508 0.0000000000
42315  -28.555  -33.536  20.365 0.0000000000
122089  -28.879  -33.702  20.779 0.0000000000
43158  -29.048  -33.072  20.861 0.0000000000
43140  -30.866  -32.230  22.215 0.0000000000
43890  -31.337  -31.728  22.706 0.0000000000
117469  -25.435  -41.120  19.088 0.0000000000
53735  -38.636  -18.868  10.670 0.0000000000
54584  -38.808  -18.358  10.266 0.0000000000
55365  -39.127  -17.718  10.294 0.0000000000
56120  -41.040  -16.302  11.675 0.0000000000
56133  -40.027  -16.487  9.529 0.0000000000
114135  -40.074  -16.517  8.755 0.0000000000
56923  -40.581  -16.100  8.213 0.0000000000
56925  -41.211  -15.700  7.613 0.0000000000
58494  -42.760  -13.677  7.515 0.0000000000
58492  -43.294  -13.042  8.720 0.0000000000
59279  -43.754  -12.574  9.216 0.0000000000
59280  -44.277  -12.161  9.678 0.0000000000
60119  -44.813  -11.703  10.127 0.0000000000
25605  -14.601  -53.151  25.730 0.0000000000
25592  -14.236  -53.344  26.545 0.0000000000
106612  -13.358  -54.099  24.263 0.0000000000
24598  -12.910  -54.281  24.821 0.0000000000
47892  -33.235  -26.046  12.955 0.0000000000
46238  -30.364  -28.892  15.190 0.0000000000
45431  -31.925  -29.376  15.768 0.0000000000
45418  -34.246  -30.087  16.272 0.0000000000
45419  -35.061  -30.072  16.409 0.0000000000
45433  -33.913  -29.907  15.450 0.0000000000
121720  -33.698  -27.171  14.133 0.0000000000
48684  -35.601  -25.677  15.310 0.0000000000
48677  -38.194  -25.172  16.846 0.0000000000
47001  -37.315  -27.520  17.808 0.0000000000
26498  -15.697  -52.478  26.272 0.0000000000
112553  -16.207  -53.158  22.178 0.0000000000
24591  -13.143  -54.044  26.768 0.0000000000
24571  -13.257  -54.146  28.668 0.0000000000
23574  -11.502  -55.468  27.522 0.0000000000
23567  -11.914  -55.106  28.591 0.0000000000
23552  -11.987  -54.843  29.929 0.0000000000
22591  -10.852  -55.933  29.730 0.0000000000
23544  -10.870  -54.756  30.001 0.0000000000
21653  -9.419  -57.535  29.268 0.0000000000
22589  -9.401  -56.379  30.039 0.0000000000
