#!ascii label  , from subject sub-v2s9x29174_ses-1 vox2ras=TkReg
2016
24580  -12.594  -54.470  27.247 0.6250000000
24570  -12.627  -54.520  28.171 0.6250000000
24581  -13.176  -54.026  27.687 0.5000000000
24590  -12.495  -54.523  26.339 0.6250000000
111231  -13.634  -53.704  26.397 0.6250000000
25591  -13.687  -53.657  27.143 0.5000000000
24595  -13.175  -54.031  25.797 0.6250000000
25604  -13.929  -53.549  25.746 0.6250000000
108242  -14.205  -53.360  27.370 0.5000000000
24598  -12.910  -54.281  24.821 0.5000000000
26486  -14.771  -52.983  27.136 0.5000000000
25592  -14.236  -53.344  26.545 0.5000000000
105821  -15.427  -52.572  26.902 0.5000000000
26497  -14.945  -52.879  26.375 0.5000000000
26498  -15.697  -52.478  26.272 0.6250000000
26517  -15.868  -52.498  25.494 0.6250000000
105556  -16.214  -52.245  27.019 0.5000000000
104615  -17.035  -52.280  27.444 0.1250000000
116817  -17.039  -52.288  26.609 0.3750000000
26518  -16.680  -52.415  25.192 0.6250000000
108392  -17.837  -52.582  27.581 0.1250000000
103438  -17.253  -52.404  25.746 0.5000000000
26519  -17.617  -52.468  24.843 0.6250000000
26534  -17.658  -52.441  23.907 0.6250000000
31290  -34.160  -46.406  26.436 0.3750000000
120774  -17.568  -52.473  26.966 0.1250000000
31303  -32.018  -46.199  25.260 0.3750000000
32067  -32.891  -46.183  25.538 0.3750000000
112530  -33.651  -46.147  25.900 0.3750000000
26500  -17.777  -52.591  26.256 0.3750000000
32069  -34.162  -45.442  26.050 0.3750000000
26520  -18.476  -52.520  25.137 0.6250000000
32076  -31.384  -45.575  24.758 0.7500000000
32077  -32.393  -45.432  25.047 0.5000000000
32068  -33.302  -45.404  25.453 0.5000000000
32883  -34.452  -44.575  25.935 0.5000000000
33625  -35.483  -43.701  26.850 0.3750000000
26535  -18.389  -52.348  24.317 0.7500000000
32887  -32.921  -44.551  24.847 0.7500000000
102203  -33.799  -44.612  25.458 0.5000000000
33636  -34.352  -43.876  25.564 0.5000000000
111750  -35.333  -43.090  26.256 0.3750000000
34401  -35.514  -42.393  26.279 0.3750000000
35220  -35.655  -41.834  26.704 0.3750000000
27351  -18.937  -51.920  24.088 0.7500000000
101455  -30.907  -44.768  24.318 0.8750000000
32886  -31.892  -44.623  24.502 0.8750000000
32882  -33.665  -43.824  24.961 0.7500000000
33641  -34.301  -43.012  25.105 0.5000000000
35230  -35.455  -41.917  25.922 0.3750000000
35219  -35.333  -41.287  26.009 0.3750000000
118533  -35.590  -41.432  27.420 0.3750000000
121308  -32.415  -44.107  24.453 0.7500000000
102627  -32.910  -43.620  24.398 0.7500000000
33640  -33.609  -43.159  24.566 0.5000000000
34407  -33.931  -42.484  24.361 0.6250000000
34400  -35.101  -42.478  25.593 0.6250000000
35229  -35.086  -41.648  25.322 0.5000000000
33646  -31.164  -43.397  23.672 1.0000000000
33647  -32.593  -43.119  23.903 0.7500000000
33648  -33.254  -42.833  24.011 0.8750000000
34408  -34.590  -42.102  24.807 0.6250000000
35240  -34.181  -41.695  24.078 0.5000000000
35241  -34.598  -41.306  24.672 0.5000000000
114300  -31.442  -42.689  23.339 1.0000000000
117182  -32.010  -42.409  23.193 0.8750000000
34419  -33.568  -42.068  23.627 0.7500000000
34416  -30.745  -42.728  23.211 1.0000000000
34438  -32.432  -41.856  22.754 0.7500000000
35246  -33.700  -41.274  23.454 0.6250000000
36077  -34.198  -40.789  24.108 0.6250000000
34415  -29.927  -42.819  23.035 1.0000000000
34437  -31.482  -42.164  22.739 1.0000000000
35257  -32.756  -41.224  22.338 0.7500000000
34436  -30.458  -42.228  22.603 1.0000000000
35255  -31.135  -41.714  21.996 1.0000000000
35256  -32.128  -41.527  22.025 0.8750000000
35277  -32.403  -40.912  21.658 0.8750000000
35276  -31.791  -41.149  21.367 0.8750000000
36098  -31.442  -40.750  20.731 0.8750000000
35253  -29.149  -41.880  21.905 1.0000000000
35254  -30.091  -41.771  21.992 1.0000000000
35275  -30.790  -41.343  21.297 1.0000000000
36114  -31.742  -40.079  20.406 1.0000000000
35273  -28.725  -41.500  21.190 1.0000000000
35274  -29.734  -41.427  21.254 1.0000000000
35295  -30.455  -40.987  20.587 1.0000000000
36113  -31.139  -40.401  20.042 1.0000000000
28236  -22.746  -50.270  16.454 0.1250000000
106367  -23.256  -49.928  16.197 0.1250000000
35294  -29.289  -41.011  20.459 1.0000000000
118040  -29.376  -40.701  19.700 1.0000000000
104973  -30.034  -40.508  19.069 1.0000000000
36110  -27.536  -40.693  19.898 1.0000000000
36130  -27.938  -40.504  19.333 1.0000000000
118857  -28.905  -40.448  18.185 1.0000000000
36143  -29.783  -40.388  18.257 1.0000000000
29005  -24.287  -49.311  15.912 0.1250000000
106961  -24.758  -48.751  15.986 0.1250000000
101104  -25.419  -48.795  16.092 0.1250000000
29778  -24.980  -47.911  16.277 0.1250000000
36129  -27.088  -40.447  19.065 1.0000000000
36142  -28.000  -40.370  18.608 1.0000000000
102093  -28.299  -40.330  17.691 1.0000000000
35319  -25.094  -41.108  17.747 0.8750000000
36139  -25.605  -40.818  18.390 1.0000000000
36151  -26.548  -40.413  17.360 1.0000000000
36152  -27.507  -40.273  17.097 1.0000000000
32145  -24.412  -45.332  17.445 0.3750000000
36150  -25.762  -40.674  17.544 0.8750000000
36163  -26.759  -40.476  16.369 0.8750000000
36177  -26.705  -40.824  15.511 0.8750000000
32948  -24.733  -44.407  17.400 0.6250000000
33704  -24.729  -43.399  17.341 0.6250000000
26501  -18.603  -52.829  26.042 0.5000000000
31286  -30.820  -46.742  25.249 0.5000000000
31302  -31.318  -46.280  25.131 0.5000000000
122104  -30.335  -46.418  25.002 0.5000000000
31301  -30.696  -46.093  24.871 0.5000000000
26536  -19.053  -52.277  24.779 0.7500000000
32075  -30.387  -45.422  24.498 0.6250000000
36056  -35.367  -41.020  26.858 0.3750000000
28160  -19.081  -50.932  22.863 0.8750000000
31300  -29.831  -46.058  24.722 0.6250000000
32074  -29.495  -45.292  24.292 0.7500000000
32885  -30.035  -44.714  24.098 0.8750000000
117397  -31.276  -44.125  24.125 0.8750000000
32894  -30.551  -44.108  23.891 0.8750000000
36055  -34.929  -40.510  26.285 0.2500000000
36066  -34.803  -40.794  25.319 0.3750000000
28173  -19.442  -50.197  22.556 0.7500000000
32892  -28.328  -44.532  23.583 0.8750000000
104663  -29.748  -44.050  23.659 1.0000000000
33645  -30.270  -43.422  23.461 1.0000000000
121008  -34.499  -40.777  24.698 0.3750000000
28939  -20.041  -49.655  21.209 0.7500000000
33644  -28.889  -43.819  23.332 0.8750000000
35258  -33.249  -40.954  22.811 0.5000000000
28204  -19.963  -49.876  20.338 0.5000000000
112906  -29.583  -43.431  23.285 1.0000000000
36084  -33.586  -40.517  23.452 0.5000000000
28968  -21.363  -49.596  19.209 0.6250000000
34435  -29.553  -42.338  22.482 1.0000000000
36091  -32.745  -40.650  22.226 0.7500000000
28980  -21.720  -49.698  18.330 0.6250000000
36955  -32.037  -39.807  20.949 1.0000000000
36100  -32.349  -40.225  21.618 0.8750000000
28225  -21.677  -50.273  17.429 0.5000000000
34453  -28.280  -42.036  21.756 1.0000000000
36099  -32.042  -40.480  21.072 1.0000000000
28226  -22.306  -49.975  16.999 0.3750000000
28992  -22.790  -49.510  17.367 0.5000000000
35272  -27.801  -41.578  21.118 1.0000000000
35293  -28.139  -41.060  20.529 1.0000000000
36133  -31.420  -39.762  19.653 1.0000000000
29003  -22.998  -49.677  16.683 0.2500000000
34463  -25.567  -41.806  20.403 1.0000000000
120224  -26.220  -41.926  20.896 1.0000000000
35291  -26.382  -41.367  20.440 1.0000000000
35292  -27.211  -41.142  20.509 1.0000000000
36144  -30.670  -40.132  18.414 1.0000000000
36132  -30.939  -40.239  19.210 1.0000000000
29004  -23.678  -49.296  16.340 0.1250000000
36109  -26.662  -40.802  19.842 1.0000000000
29777  -24.297  -48.450  16.389 0.1250000000
30567  -24.237  -47.067  16.985 0.1250000000
31386  -24.786  -46.841  16.738 0.1250000000
35304  -25.035  -41.586  19.549 1.0000000000
35305  -25.838  -41.144  19.778 1.0000000000
118865  -29.164  -39.984  16.344 0.8750000000
36153  -29.498  -40.225  17.411 1.0000000000
31375  -24.812  -45.929  17.036 0.1250000000
35312  -25.033  -41.257  18.541 1.0000000000
36128  -26.150  -40.717  19.110 1.0000000000
37003  -29.393  -39.509  16.130 0.8750000000
36165  -28.684  -40.001  15.950 0.7500000000
32947  -23.949  -44.712  17.849 0.6250000000
33703  -24.043  -43.726  17.927 0.7500000000
34483  -24.410  -42.267  17.850 0.7500000000
35318  -24.637  -41.653  18.125 0.7500000000
36179  -28.598  -39.907  15.192 0.7500000000
109488  -27.962  -40.375  14.755 0.7500000000
30502  -28.176  -46.974  25.042 0.6250000000
27364  -19.290  -51.079  24.031 0.8750000000
31299  -29.053  -46.523  24.895 0.6250000000
31298  -27.551  -46.456  24.507 0.7500000000
32073  -28.909  -45.831  24.486 0.7500000000
117780  -28.365  -46.306  24.617 0.7500000000
28161  -19.466  -50.421  23.474 0.8750000000
32072  -28.044  -45.768  24.260 0.7500000000
28919  -19.928  -49.618  23.011 0.7500000000
32085  -28.635  -45.182  24.047 0.8750000000
28929  -19.987  -49.581  22.098 0.7500000000
32084  -27.734  -45.141  23.786 0.8750000000
36065  -34.314  -40.236  24.841 0.3750000000
33643  -27.957  -43.893  23.122 0.8750000000
120611  -27.236  -43.966  22.888 0.8750000000
117695  -33.744  -39.813  24.209 0.3750000000
117444  -21.092  -49.402  20.035 0.7500000000
33660  -28.334  -43.241  22.734 1.0000000000
36939  -32.808  -39.522  23.149 0.3750000000
116394  -33.300  -39.861  23.501 0.3750000000
28967  -20.644  -49.603  19.719 0.7500000000
33661  -29.157  -43.054  22.846 1.0000000000
36940  -33.071  -40.295  22.889 0.3750000000
34433  -27.760  -42.642  22.185 1.0000000000
34434  -28.689  -42.501  22.351 1.0000000000
28991  -21.983  -49.805  17.643 0.6250000000
28981  -22.743  -49.522  18.128 0.6250000000
34451  -26.402  -42.519  21.482 1.0000000000
103417  -27.129  -42.439  21.716 1.0000000000
34452  -27.592  -42.127  21.587 1.0000000000
36959  -31.633  -39.454  20.291 1.0000000000
36974  -31.379  -38.925  19.543 1.0000000000
28982  -23.297  -49.159  17.828 0.5000000000
107550  -25.214  -42.539  20.841 1.0000000000
35271  -26.948  -41.821  21.114 1.0000000000
36973  -31.230  -39.577  18.817 1.0000000000
28993  -23.338  -49.109  16.993 0.5000000000
29766  -23.572  -48.519  17.376 0.3750000000
35290  -24.704  -42.229  20.121 1.0000000000
36984  -30.399  -39.958  17.675 1.0000000000
30579  -23.924  -47.785  16.961 0.2500000000
34469  -24.359  -42.177  19.344 1.0000000000
36994  -30.152  -39.561  17.048 0.8750000000
31374  -24.200  -46.257  17.334 0.3750000000
32144  -23.827  -45.500  17.819 0.6250000000
35311  -24.662  -41.672  18.865 0.8750000000
37012  -29.122  -39.330  15.555 0.8750000000
34482  -24.012  -42.883  18.321 0.7500000000
34476  -24.265  -42.230  18.582 0.7500000000
36192  -28.610  -39.867  14.438 0.7500000000
26521  -19.160  -52.648  25.545 0.6250000000
27352  -19.498  -51.452  24.583 0.6250000000
28922  -24.803  -49.577  23.834 0.8750000000
28148  -19.774  -50.550  24.267 0.8750000000
29714  -24.640  -49.259  23.070 1.0000000000
29715  -24.959  -48.507  23.827 1.0000000000
30499  -25.580  -47.897  24.317 0.8750000000
30510  -25.831  -47.054  24.092 0.8750000000
31297  -26.641  -46.696  24.338 0.7500000000
28933  -24.585  -50.063  22.096 1.0000000000
30508  -24.712  -48.131  23.138 0.8750000000
28186  -24.320  -50.482  21.501 1.0000000000
30509  -25.201  -47.532  23.678 0.8750000000
31309  -26.096  -46.278  23.817 0.8750000000
31310  -26.999  -45.841  23.989 0.8750000000
28940  -20.645  -49.362  21.551 1.0000000000
107689  -24.519  -49.658  21.420 1.0000000000
31307  -24.802  -47.132  23.079 0.8750000000
112781  -26.271  -45.639  23.542 0.8750000000
36909  -34.460  -39.807  26.710 0.2500000000
28941  -21.166  -49.317  21.845 1.0000000000
30517  -24.445  -47.762  22.482 1.0000000000
32083  -25.580  -45.878  23.317 0.8750000000
36918  -33.863  -39.477  25.243 0.2500000000
28953  -20.600  -49.444  20.626 0.6250000000
104300  -21.348  -49.433  20.859 0.8750000000
31322  -24.920  -46.254  22.932 0.8750000000
32097  -25.943  -45.156  23.092 0.8750000000
32907  -26.525  -44.412  22.855 0.8750000000
32891  -27.440  -44.490  23.306 0.8750000000
28954  -22.192  -49.758  19.771 0.8750000000
32096  -25.147  -45.448  22.731 0.8750000000
36928  -33.078  -39.192  23.911 0.3750000000
28969  -22.822  -49.742  18.999 0.7500000000
118501  -26.002  -43.951  22.352 1.0000000000
33658  -26.692  -43.642  22.481 1.0000000000
33659  -27.489  -43.394  22.605 1.0000000000
37771  -32.204  -39.148  22.767 0.5000000000
101034  -23.673  -49.792  19.536 0.7500000000
34432  -26.899  -42.955  22.131 1.0000000000
37779  -31.760  -39.086  20.986 1.0000000000
36947  -32.089  -39.386  21.796 0.8750000000
28970  -23.479  -49.378  18.778 0.6250000000
33671  -26.002  -43.257  21.933 1.0000000000
29748  -23.788  -48.698  18.949 0.8750000000
34449  -25.055  -43.249  21.349 1.0000000000
34450  -25.708  -42.781  21.371 1.0000000000
37786  -31.439  -38.809  20.393 1.0000000000
29757  -23.560  -48.683  18.221 0.6250000000
33682  -24.483  -42.929  20.612 1.0000000000
37794  -31.075  -38.753  18.616 1.0000000000
30566  -23.654  -47.810  17.763 0.7500000000
34468  -24.003  -42.757  19.863 1.0000000000
37807  -30.658  -38.659  17.896 1.0000000000
36985  -30.921  -39.428  18.041 1.0000000000
29776  -23.781  -48.600  16.756 0.5000000000
30557  -23.573  -46.998  18.345 0.5000000000
109568  -23.827  -46.974  17.491 0.5000000000
33688  -23.608  -43.416  19.571 0.7500000000
37832  -29.454  -38.448  16.570 0.8750000000
37820  -30.145  -38.713  17.162 0.8750000000
31373  -23.643  -46.204  17.919 0.5000000000
117971  -23.640  -45.004  18.237 0.7500000000
32938  -23.633  -44.336  18.443 0.7500000000
34475  -23.838  -42.773  19.082 0.7500000000
37831  -29.360  -38.839  15.973 0.8750000000
27342  -19.730  -51.891  25.257 0.6250000000
27353  -20.182  -50.993  24.905 0.7500000000
28921  -24.587  -50.415  22.857 1.0000000000
28910  -20.110  -49.854  23.813 0.8750000000
28920  -20.708  -49.477  23.317 1.0000000000
28931  -21.560  -49.553  22.601 1.0000000000
28175  -24.104  -50.933  21.722 1.0000000000
28932  -22.643  -50.422  22.042 1.0000000000
104831  -22.040  -49.803  21.522 1.0000000000
28174  -23.421  -50.597  21.314 1.0000000000
28185  -24.089  -50.628  21.149 1.0000000000
28942  -22.798  -50.148  20.525 1.0000000000
28196  -23.859  -50.422  20.603 1.0000000000
103512  -24.374  -48.485  21.763 1.0000000000
28955  -23.463  -50.095  19.896 0.8750000000
28956  -24.114  -50.090  20.077 1.0000000000
121156  -24.452  -49.021  21.226 1.0000000000
30524  -24.112  -47.429  21.788 1.0000000000
31321  -24.404  -46.750  22.415 1.0000000000
29738  -24.245  -49.105  20.102 1.0000000000
32095  -24.446  -45.846  22.309 1.0000000000
32905  -24.620  -45.038  22.190 1.0000000000
32906  -25.467  -44.605  22.470 1.0000000000
38687  -31.237  -37.706  23.591 0.5000000000
37760  -32.349  -38.804  23.582 0.3750000000
31330  -23.798  -47.188  21.009 1.0000000000
31331  -23.885  -46.329  21.645 1.0000000000
32107  -23.992  -45.371  21.706 1.0000000000
120447  -24.793  -44.425  21.977 1.0000000000
38699  -31.081  -37.982  22.729 0.6250000000
37770  -31.689  -38.714  22.482 0.7500000000
100821  -23.967  -49.447  19.485 1.0000000000
30533  -23.956  -48.349  19.655 1.0000000000
118124  -23.994  -47.963  20.381 1.0000000000
104796  -23.580  -46.350  20.816 1.0000000000
32915  -24.175  -44.635  21.607 1.0000000000
32916  -25.304  -43.895  21.963 1.0000000000
37778  -31.078  -38.386  21.116 0.8750000000
37769  -31.390  -38.569  21.852 0.8750000000
32106  -23.559  -45.563  21.050 1.0000000000
103901  -23.681  -44.886  21.202 1.0000000000
33670  -24.519  -43.963  21.511 1.0000000000
38712  -30.209  -37.589  20.003 1.0000000000
30545  -23.683  -47.592  19.127 1.0000000000
32113  -23.436  -45.811  20.095 1.0000000000
104333  -23.465  -44.865  20.536 1.0000000000
32914  -23.768  -44.149  20.949 1.0000000000
38722  -29.890  -37.369  19.377 1.0000000000
104434  -30.776  -38.096  19.338 1.0000000000
31346  -23.481  -46.504  19.236 1.0000000000
117596  -24.272  -43.518  20.985 1.0000000000
38737  -29.873  -37.901  17.878 1.0000000000
32122  -23.397  -45.620  19.135 0.7500000000
108229  -23.391  -44.895  19.659 0.8750000000
32921  -23.450  -44.101  20.083 1.0000000000
33681  -23.826  -43.434  20.362 1.0000000000
38754  -28.967  -37.357  17.605 1.0000000000
38723  -30.469  -38.016  18.564 1.0000000000
31359  -23.475  -46.147  18.592 0.6250000000
32132  -23.536  -45.555  18.402 0.7500000000
32930  -23.435  -44.170  19.223 0.7500000000
107828  -28.712  -37.508  16.774 1.0000000000
120124  -20.807  -49.744  23.994 1.0000000000
120422  -30.603  -37.474  22.616 0.6250000000
38705  -30.046  -37.361  20.760 1.0000000000
105369  -30.581  -37.799  21.991 0.8750000000
38711  -29.606  -36.994  20.230 1.0000000000
39664  -29.252  -36.720  19.733 1.0000000000
39676  -28.525  -36.393  18.740 1.0000000000
38736  -29.092  -37.090  18.346 1.0000000000
39638  -30.064  -37.143  21.596 0.7500000000
40542  -30.213  -36.101  22.673 0.6250000000
39637  -29.511  -36.520  21.063 1.0000000000
39628  -29.895  -36.307  21.939 0.7500000000
39650  -29.068  -36.286  20.291 1.0000000000
39688  -28.398  -36.635  18.017 1.0000000000
39663  -28.670  -36.162  19.542 1.0000000000
39675  -27.927  -35.966  18.299 1.0000000000
40592  -28.078  -35.732  19.027 1.0000000000
116828  -30.462  -36.019  23.259 0.6250000000
40541  -30.026  -35.411  22.233 0.6250000000
40559  -29.495  -35.569  21.546 0.8750000000
40571  -28.634  -35.607  20.141 1.0000000000
40572  -29.000  -35.685  20.836 1.0000000000
40584  -28.281  -35.493  19.596 1.0000000000
101350  -30.520  -35.308  23.000 0.6250000000
41409  -29.098  -34.853  21.143 0.8750000000
113934  -28.707  -35.065  20.550 1.0000000000
41417  -28.299  -34.834  19.946 1.0000000000
40583  -27.841  -35.034  19.251 1.0000000000
41432  -27.462  -34.479  18.685 1.0000000000
40525  -31.045  -34.895  23.702 0.5000000000
41386  -30.334  -34.614  22.412 0.6250000000
41361  -31.597  -34.468  24.287 0.3750000000
41398  -29.792  -34.571  21.801 0.7500000000
41375  -30.903  -34.382  22.960 0.5000000000
41408  -28.701  -34.284  20.587 0.8750000000
104953  -30.596  -33.889  22.428 0.6250000000
42316  -29.319  -33.882  21.227 0.6250000000
122316  -30.213  -34.158  22.115 0.5000000000
41416  -27.820  -34.222  19.438 0.7500000000
42315  -28.555  -33.536  20.365 0.7500000000
42324  -27.463  -33.489  18.819 1.0000000000
42325  -28.034  -33.287  19.674 0.8750000000
42335  -27.181  -33.195  18.073 1.0000000000
41399  -30.104  -33.612  21.867 0.6250000000
122089  -28.879  -33.702  20.779 0.7500000000
42307  -29.659  -33.091  21.403 0.6250000000
43158  -29.048  -33.072  20.861 0.6250000000
43151  -30.233  -32.680  21.775 0.6250000000
106094  -28.522  -32.767  20.234 0.6250000000
109082  -27.401  -32.764  18.451 0.8750000000
43161  -27.695  -32.474  19.057 0.8750000000
43165  -27.165  -32.452  17.769 0.8750000000
115920  -27.494  -32.196  18.394 0.8750000000
43150  -29.546  -32.229  21.175 0.6250000000
109910  -28.920  -32.296  20.617 0.7500000000
43901  -30.276  -31.805  21.643 0.3750000000
43912  -28.210  -31.630  19.344 0.8750000000
43157  -28.543  -31.964  20.073 0.7500000000
43900  -29.733  -31.204  21.092 0.6250000000
43914  -27.803  -31.642  18.603 0.8750000000
43908  -28.632  -31.281  19.858 0.8750000000
44627  -28.901  -30.777  19.987 0.8750000000
44630  -28.622  -30.703  19.298 0.8750000000
108227  -30.292  -31.012  21.541 0.5000000000
44628  -29.389  -30.556  20.417 0.6250000000
44611  -30.664  -30.409  21.793 0.6250000000
46906  -33.419  -27.313  26.400 0.1250000000
44619  -30.045  -30.223  21.015 0.6250000000
45370  -30.671  -29.555  21.369 0.6250000000
44631  -29.141  -30.175  19.693 0.8750000000
45379  -29.699  -29.778  20.131 0.8750000000
46159  -31.595  -28.468  22.317 0.3750000000
46948  -31.937  -28.026  22.508 0.2500000000
46949  -32.298  -27.781  22.884 0.2500000000
103265  -32.874  -27.421  24.037 0.2500000000
45386  -29.531  -29.606  19.313 1.0000000000
45387  -30.171  -29.201  19.659 0.7500000000
46173  -30.990  -28.848  20.937 0.7500000000
46174  -31.513  -28.383  21.420 0.5000000000
46969  -31.885  -27.991  21.897 0.3750000000
118928  -32.217  -27.799  22.280 0.2500000000
45385  -28.970  -29.956  18.941 0.8750000000
45396  -29.996  -29.196  18.759 0.8750000000
46202  -30.727  -28.888  19.216 0.8750000000
46191  -31.491  -28.332  20.537 0.7500000000
46981  -31.987  -27.935  21.090 0.6250000000
46212  -30.654  -29.042  18.501 0.8750000000
46203  -31.559  -28.492  19.563 0.8750000000
45430  -31.165  -29.082  15.521 0.8750000000
46239  -31.084  -29.049  14.521 0.8750000000
47755  -33.781  -26.812  26.946 0.1250000000
47737  -33.776  -26.794  27.923 0.1250000000
46912  -33.336  -27.240  25.589 0.1250000000
46920  -33.260  -27.225  24.715 0.1250000000
105194  -32.752  -27.569  22.343 0.2500000000
46933  -32.938  -27.401  23.210 0.2500000000
46970  -32.444  -27.753  21.677 0.2500000000
107586  -32.168  -28.096  20.250 0.5000000000
46982  -32.717  -27.879  20.882 0.5000000000
46204  -32.371  -28.446  19.547 0.8750000000
46192  -33.086  -28.326  20.027 0.6250000000
46213  -31.326  -28.910  18.654 0.8750000000
46214  -32.198  -28.885  18.808 0.8750000000
46220  -31.969  -29.352  18.014 0.8750000000
45404  -30.761  -29.220  17.149 1.0000000000
45405  -31.667  -29.387  17.231 0.8750000000
45415  -30.378  -29.069  16.205 0.8750000000
45416  -31.351  -29.265  16.407 0.8750000000
47738  -34.196  -26.279  27.415 0.1250000000
47782  -33.826  -26.838  25.278 0.1250000000
47768  -33.745  -26.828  26.111 0.1250000000
111584  -33.527  -27.187  23.831 0.1250000000
103484  -33.775  -27.300  23.106 0.2500000000
46971  -33.334  -27.681  21.527 0.3750000000
46972  -34.336  -27.709  21.749 0.3750000000
46983  -33.459  -27.978  20.722 0.5000000000
46984  -34.166  -27.994  20.959 0.5000000000
46193  -34.034  -28.452  20.267 0.6250000000
46215  -33.024  -28.984  19.132 0.8750000000
45397  -33.024  -29.603  18.167 0.8750000000
45398  -33.712  -29.624  18.693 0.8750000000
45407  -33.605  -29.998  17.202 1.0000000000
112345  -32.272  -29.530  16.425 0.8750000000
45417  -33.251  -29.832  16.333 1.0000000000
45431  -31.925  -29.376  15.768 0.8750000000
47756  -34.272  -26.458  26.606 0.1250000000
46921  -34.098  -26.896  24.396 0.2500000000
45433  -33.913  -29.907  15.450 1.0000000000
47783  -34.673  -26.668  24.977 0.1250000000
46951  -34.470  -27.464  22.578 0.2500000000
46934  -34.547  -27.159  23.453 0.2500000000
46205  -33.997  -29.169  19.438 0.6250000000
46206  -34.814  -29.153  19.945 0.5000000000
45388  -34.515  -29.928  18.692 0.8750000000
108772  -34.138  -30.166  17.948 0.8750000000
115343  -34.565  -30.255  17.077 0.8750000000
45418  -34.246  -30.087  16.272 1.0000000000
45434  -34.655  -29.772  15.637 1.0000000000
46240  -34.232  -29.478  14.825 0.8750000000
46175  -35.022  -28.226  21.153 0.3750000000
46973  -35.347  -27.888  21.996 0.3750000000
46952  -35.236  -27.486  22.791 0.2500000000
46194  -34.727  -28.535  20.552 0.5000000000
119010  -34.885  -29.693  19.273 0.6250000000
46195  -35.579  -29.076  20.497 0.5000000000
101623  -35.393  -30.130  18.699 0.6250000000
45389  -35.689  -29.739  19.534 0.5000000000
45399  -35.039  -30.354  18.025 0.7500000000
107852  -36.146  -30.106  18.765 0.6250000000
120144  -34.773  -30.328  17.579 0.8750000000
45408  -35.405  -30.271  17.260 0.8750000000
45400  -35.863  -30.363  18.000 0.7500000000
45401  -36.473  -29.934  18.150 0.7500000000
45419  -35.061  -30.072  16.409 0.8750000000
45420  -35.688  -29.863  16.683 0.8750000000
46221  -36.620  -29.249  17.684 0.7500000000
46225  -35.235  -29.536  16.016 0.8750000000
46226  -35.696  -29.120  16.376 0.8750000000
46227  -36.183  -29.214  16.932 0.7500000000
46241  -34.824  -29.107  15.320 1.0000000000
46242  -35.290  -28.533  15.920 1.0000000000
47006  -35.852  -27.999  16.556 0.8750000000
109125  -34.895  -26.880  15.269 0.8750000000
46176  -35.912  -28.627  21.307 0.3750000000
45381  -36.299  -29.569  20.098 0.6250000000
106581  -36.674  -29.746  18.827 0.7500000000
45390  -36.516  -29.728  19.434 0.6250000000
45391  -37.188  -29.522  19.309 0.5000000000
46222  -37.077  -28.464  17.937 0.6250000000
46216  -37.065  -29.213  18.486 0.6250000000
47000  -36.601  -28.054  17.297 0.7500000000
47020  -35.336  -27.383  15.896 1.0000000000
47007  -36.325  -27.214  16.775 0.7500000000
47844  -35.860  -26.885  16.314 0.8750000000
47001  -37.315  -27.520  17.808 0.5000000000
47834  -36.901  -26.927  17.191 0.6250000000
47853  -35.549  -26.373  15.707 0.8750000000
120867  -35.999  -26.299  16.122 0.8750000000
47852  -35.074  -26.059  14.997 0.7500000000
47826  -38.054  -27.116  18.370 0.3750000000
47835  -37.614  -26.554  17.599 0.6250000000
48675  -36.483  -26.384  16.523 0.7500000000
47845  -37.231  -26.121  16.949 0.5000000000
47854  -36.259  -25.660  15.873 0.7500000000
48684  -35.601  -25.677  15.310 0.8750000000
49488  -35.940  -25.078  15.145 0.7500000000
49489  -36.686  -24.815  15.461 0.6250000000
103545  -36.344  -24.489  14.800 0.7500000000
121360  -36.057  -24.194  14.224 0.8750000000
51220  -39.104  -23.037  13.112 0.8750000000
52070  -40.134  -22.400  13.372 0.7500000000
52067  -41.584  -21.720  14.356 0.6250000000
51227  -39.544  -22.463  12.922 0.8750000000
48668  -37.901  -25.775  17.258 0.5000000000
47836  -38.315  -26.102  17.925 0.5000000000
118413  -36.917  -25.733  16.437 0.5000000000
48676  -37.546  -25.462  16.644 0.5000000000
48685  -37.121  -25.153  16.077 0.7500000000
49490  -37.474  -24.533  15.626 0.7500000000
49502  -37.060  -24.208  14.982 0.7500000000
50377  -37.843  -23.956  15.094 0.7500000000
50386  -36.637  -24.031  14.391 0.7500000000
50387  -37.373  -23.726  14.273 0.7500000000
50388  -38.337  -23.587  14.458 0.7500000000
50379  -39.472  -23.559  15.366 0.7500000000
103992  -38.081  -23.474  13.766 0.8750000000
50389  -39.293  -23.398  14.462 0.8750000000
51215  -40.431  -22.784  14.046 0.6250000000
50396  -38.836  -23.329  13.717 0.7500000000
50397  -39.665  -23.021  13.616 0.7500000000
52066  -41.073  -22.354  14.315 0.5000000000
48669  -38.563  -25.403  17.450 0.3750000000
48660  -39.060  -25.556  18.177 0.2500000000
48677  -38.194  -25.172  16.846 0.6250000000
49474  -38.724  -24.897  17.014 0.3750000000
48670  -39.154  -24.925  17.491 0.1250000000
49491  -38.221  -24.294  15.780 0.7500000000
49482  -38.518  -24.602  16.458 0.2500000000
49483  -39.218  -24.378  16.787 0.3750000000
50378  -38.664  -23.756  15.224 0.6250000000
50371  -39.682  -23.743  16.182 0.5000000000
50380  -40.269  -23.308  15.523 0.5000000000
50381  -41.048  -22.975  15.698 0.2500000000
50390  -40.083  -23.239  14.709 0.7500000000
51216  -40.871  -22.863  14.852 0.5000000000
51211  -42.520  -22.227  15.705 0.2500000000
51217  -41.533  -22.409  14.792 0.5000000000
120893  -39.641  -24.453  17.406 0.1250000000
49466  -39.731  -24.811  18.119 0.1250000000
49484  -39.942  -23.944  16.941 0.1250000000
49475  -40.203  -24.158  17.670 0.1250000000
49468  -40.998  -23.876  18.796 0.1250000000
50372  -40.434  -23.438  16.348 0.2500000000
50363  -40.631  -23.592  17.135 0.2500000000
50354  -41.575  -23.297  18.259 0.1250000000
116209  -42.054  -23.060  18.850 0.1250000000
50364  -41.346  -23.229  17.304 0.2500000000
51181  -41.917  -22.875  17.482 0.1250000000
122344  -41.468  -22.826  16.052 0.2500000000
51202  -41.930  -22.695  16.505 0.2500000000
51183  -42.967  -22.255  17.924 0.1250000000
117092  -43.927  -21.471  18.589 0.1250000000
51210  -41.755  -22.561  15.506 0.2500000000
51203  -42.735  -22.294  16.399 0.2500000000
52038  -43.747  -21.701  17.693 0.1250000000
52039  -44.583  -21.096  18.024 0.1250000000
52870  -45.063  -20.493  18.792 0.1250000000
106531  -45.303  -20.534  18.005 0.1250000000
24591  -13.143  -54.044  26.768 0.6250000000
24594  -12.369  -54.638  25.424 0.3750000000
106612  -13.358  -54.099  24.263 0.3750000000
25610  -13.621  -53.768  24.982 0.6250000000
25605  -14.601  -53.151  25.730 0.5000000000
26516  -15.208  -52.778  25.761 0.6250000000
26499  -16.469  -52.323  26.071 0.6250000000
101791  -17.976  -52.575  25.534 0.6250000000
110666  -34.846  -43.274  25.745 0.3750000000
33639  -32.009  -43.696  24.114 0.8750000000
34417  -31.983  -42.959  23.616 0.8750000000
34418  -32.736  -42.407  23.440 0.8750000000
34439  -33.114  -41.590  23.043 0.7500000000
36112  -30.228  -40.663  19.860 1.0000000000
28237  -23.244  -50.524  15.958 0.1250000000
36111  -28.478  -40.711  19.866 1.0000000000
36131  -28.896  -40.554  19.021 1.0000000000
30580  -24.464  -47.587  16.652 0.1250000000
36140  -26.380  -40.488  18.273 1.0000000000
36141  -27.259  -40.321  18.053 1.0000000000
35328  -24.798  -41.654  17.341 0.8750000000
36164  -27.809  -40.254  16.317 1.0000000000
36162  -25.987  -40.660  16.802 0.8750000000
36178  -27.618  -40.374  15.546 0.8750000000
118555  -27.275  -40.752  14.971 0.8750000000
32893  -29.197  -44.619  23.822 0.8750000000
28184  -19.502  -50.157  21.679 0.7500000000
28195  -19.606  -50.129  20.992 0.7500000000
36948  -32.593  -39.897  22.365 0.6250000000
120227  -25.818  -42.313  21.028 1.0000000000
119599  -25.011  -41.379  19.029 1.0000000000
117469  -25.435  -41.120  19.088 1.0000000000
36993  -29.580  -39.867  16.624 1.0000000000
101144  -28.717  -40.208  16.735 1.0000000000
106792  -24.347  -42.926  17.717 0.7500000000
114291  -28.212  -40.510  14.045 0.7500000000
36204  -28.012  -41.101  13.877 0.7500000000
28930  -20.616  -49.344  22.436 1.0000000000
36995  -30.567  -39.267  17.493 1.0000000000
37004  -29.867  -39.121  16.500 0.8750000000
28176  -24.340  -50.802  22.158 1.0000000000
29722  -24.549  -48.885  22.355 1.0000000000
31308  -25.381  -46.665  23.504 0.8750000000
28943  -24.260  -50.289  20.843 1.0000000000
32890  -26.813  -45.099  23.439 0.8750000000
28957  -24.397  -49.550  20.711 1.0000000000
37785  -30.821  -38.132  20.303 1.0000000000
111538  -23.672  -47.995  18.471 0.7500000000
114008  -23.640  -43.512  18.747 0.7500000000
38755  -29.515  -38.019  17.169 1.0000000000
111957  -23.453  -44.921  18.838 0.7500000000
28162  -21.553  -49.796  23.634 1.0000000000
29729  -24.203  -48.345  21.039 1.0000000000
37759  -31.691  -38.421  23.219 0.5000000000
31338  -23.638  -47.064  20.078 1.0000000000
38706  -30.450  -37.767  21.192 1.0000000000
120343  -29.723  -37.421  18.651 1.0000000000
38686  -30.674  -37.181  23.185 0.6250000000
38698  -30.272  -36.977  22.466 0.6250000000
39677  -29.188  -36.845  19.075 1.0000000000
39619  -30.437  -36.550  23.052 0.6250000000
40591  -27.617  -35.271  18.508 1.0000000000
41431  -27.110  -33.929  17.985 1.0000000000
108494  -28.267  -34.047  20.002 0.7500000000
43162  -28.182  -32.424  19.680 0.8750000000
43170  -27.490  -31.667  17.898 0.8750000000
43909  -29.054  -31.453  20.508 0.7500000000
45363  -31.037  -29.693  22.149 0.6250000000
45380  -30.366  -29.343  20.528 0.7500000000
45371  -31.158  -28.961  21.771 0.5000000000
46190  -30.836  -28.725  20.060 0.8750000000
45403  -29.507  -29.358  17.978 1.0000000000
46219  -31.087  -29.152  17.919 1.0000000000
46238  -30.364  -28.892  15.190 0.8750000000
46263  -30.487  -29.067  13.857 0.8750000000
45406  -32.620  -29.654  17.274 0.8750000000
46950  -33.578  -27.458  22.421 0.2500000000
45409  -36.154  -30.046  17.370 0.7500000000
47019  -34.774  -27.928  15.353 1.0000000000
46217  -37.593  -28.215  18.440 0.5000000000
52071  -40.759  -21.887  13.688 0.6250000000
49481  -37.841  -24.850  16.263 0.7500000000
119729  -39.928  -23.177  14.160 0.6250000000
49492  -38.952  -24.050  15.974 0.5000000000
50373  -41.149  -23.136  16.507 0.2500000000
116913  -41.332  -22.701  15.172 0.3750000000
50353  -40.848  -23.738  17.940 0.1250000000
51182  -42.263  -22.740  18.131 0.1250000000
51192  -42.523  -22.487  17.204 0.2500000000
51193  -43.307  -22.055  16.869 0.2500000000
121515  -43.847  -21.728  16.914 0.2500000000
114032  -18.172  -52.282  22.572 0.6250000000
113871  -18.531  -51.897  22.062 0.6250000000
27380  -18.663  -51.697  21.224 0.5000000000
27400  -19.607  -50.724  20.010 0.2500000000
27401  -20.042  -51.287  19.308 0.3750000000
112953  -35.817  -42.062  27.726 0.2500000000
27372  -18.730  -51.726  22.744 0.6250000000
27363  -18.990  -51.494  23.430 0.7500000000
27381  -18.987  -51.029  22.047 0.6250000000
105230  -19.186  -50.757  21.173 0.6250000000
110273  -19.477  -50.518  20.614 0.6250000000
109012  -20.518  -50.537  18.737 0.3750000000
28979  -20.848  -49.866  18.701 0.6250000000
32962  -25.359  -43.886  17.129 0.5000000000
34529  -28.042  -41.689  13.897 0.7500000000
35364  -29.322  -41.513  13.152 0.1250000000
111816  -29.171  -40.874  12.996 0.1250000000
36919  -34.393  -39.989  25.767 0.2500000000
28216  -21.322  -49.971  17.977 0.5000000000
32963  -26.197  -43.899  16.860 0.5000000000
33714  -26.169  -43.140  16.354 0.6250000000
34491  -25.830  -42.426  16.108 0.7500000000
34500  -26.272  -41.997  15.446 0.7500000000
34512  -26.888  -41.692  14.910 0.7500000000
34513  -27.482  -42.027  14.398 0.7500000000
35351  -27.473  -41.420  14.394 0.7500000000
36206  -29.092  -40.185  13.005 0.2500000000
35350  -26.992  -41.166  14.919 0.7500000000
36191  -27.556  -40.912  14.411 0.7500000000
36205  -28.771  -40.027  13.635 0.2500000000
37036  -29.049  -39.408  13.156 0.2500000000
37053  -29.516  -39.585  12.723 0.2500000000
111587  -24.001  -53.157  26.704 0.3750000000
25598  -23.439  -53.378  27.118 0.3750000000
26506  -23.381  -52.780  26.446 0.3750000000
28911  -20.497  -50.249  24.436 0.6250000000
28149  -21.342  -50.161  24.433 0.7500000000
33713  -25.419  -43.081  16.745 0.5000000000
34490  -25.261  -42.230  16.512 0.6250000000
35329  -25.335  -41.109  16.818 0.7500000000
36176  -25.985  -40.940  16.103 0.7500000000
37022  -28.870  -39.238  14.847 0.6250000000
37035  -28.788  -39.274  13.980 0.3750000000
37868  -28.867  -38.661  13.395 0.2500000000
37869  -29.356  -38.673  12.764 0.2500000000
25597  -22.526  -53.223  27.028 0.3750000000
26505  -22.559  -52.481  26.441 0.3750000000
27337  -22.090  -51.873  26.114 0.5000000000
26523  -22.985  -52.086  25.910 0.5000000000
27344  -21.504  -51.308  25.609 0.5000000000
28143  -20.975  -50.711  25.077 0.5000000000
27345  -22.458  -51.452  25.448 0.5000000000
28144  -21.904  -50.745  24.975 0.7500000000
107063  -22.774  -51.206  24.716 0.6250000000
28150  -22.453  -50.588  24.030 0.7500000000
109461  -22.541  -50.473  22.893 0.8750000000
110575  -25.063  -41.758  16.711 0.7500000000
104125  -28.776  -38.017  15.839 0.7500000000
33712  -24.763  -42.437  17.124 0.6250000000
37843  -28.929  -38.689  15.277 0.7500000000
38783  -28.455  -37.923  14.860 0.5000000000
107588  -28.630  -38.049  13.549 0.3750000000
38824  -28.873  -37.918  12.977 0.3750000000
27346  -23.547  -51.948  24.894 0.6250000000
27365  -23.500  -51.320  22.944 0.7500000000
102638  -23.503  -51.010  22.148 0.8750000000
39702  -28.314  -36.838  17.354 0.8750000000
39701  -27.800  -36.544  16.700 0.8750000000
38794  -28.261  -37.710  13.994 0.5000000000
38793  -27.855  -37.121  14.435 0.5000000000
27355  -24.373  -52.065  24.027 0.7500000000
27354  -23.583  -51.644  23.818 0.7500000000
27366  -24.173  -51.597  23.211 0.8750000000
38673  -31.824  -37.675  24.927 0.2500000000
38660  -32.101  -37.520  25.889 0.2500000000
119350  -31.387  -37.491  24.282 0.3750000000
40601  -27.461  -35.527  17.699 0.7500000000
40610  -26.717  -35.123  15.802 0.6250000000
102321  -27.384  -35.834  17.015 0.6250000000
39687  -27.831  -36.217  17.550 0.8750000000
40621  -27.008  -35.763  15.305 0.6250000000
30490  -27.604  -47.733  25.345 0.5000000000
30501  -27.169  -47.185  24.858 0.6250000000
30491  -28.392  -47.646  25.460 0.5000000000
28163  -24.093  -51.256  22.428 0.8750000000
38671  -31.011  -36.999  23.988 0.5000000000
41444  -26.737  -34.240  17.122 0.7500000000
40600  -26.918  -35.131  16.865 0.6250000000
41470  -26.486  -34.433  15.317 0.6250000000
41458  -26.583  -34.444  16.218 0.6250000000
118409  -26.363  -33.041  14.909 0.5000000000
42362  -26.525  -33.345  14.352 0.5000000000
42370  -27.430  -33.209  13.509 0.2500000000
28164  -24.394  -51.160  22.930 0.8750000000
30500  -26.333  -47.475  24.631 0.7500000000
42343  -26.794  -33.275  17.278 0.7500000000
41445  -27.195  -34.777  17.827 0.8750000000
120325  -26.609  -32.971  16.495 0.6250000000
43184  -26.483  -32.434  15.220 0.6250000000
43924  -26.714  -31.720  15.517 0.6250000000
43195  -26.862  -32.732  13.900 0.6250000000
28165  -24.783  -50.760  23.657 0.8750000000
29708  -26.039  -48.250  24.902 0.6250000000
29707  -25.362  -48.827  24.488 0.7500000000
103052  -26.797  -32.387  16.893 0.6250000000
43920  -26.869  -31.673  16.368 0.6250000000
44654  -26.944  -31.169  14.982 0.6250000000
43937  -27.153  -31.830  13.824 0.3750000000
43930  -27.012  -31.428  14.308 0.3750000000
43938  -27.719  -31.525  13.334 0.3750000000
43945  -28.396  -31.314  12.790 0.3750000000
43956  -30.236  -31.568  11.567 0.5000000000
110995  -30.919  -31.227  11.295 0.5000000000
43169  -27.122  -31.700  17.174 0.7500000000
43921  -27.216  -31.034  16.654 0.6250000000
44639  -27.014  -31.030  15.806 0.6250000000
44655  -27.341  -30.724  14.435 0.5000000000
45442  -27.875  -30.332  13.875 0.5000000000
44663  -28.036  -30.751  13.256 0.5000000000
44670  -28.625  -30.628  12.751 0.5000000000
44685  -29.711  -30.825  11.962 0.5000000000
44686  -30.486  -30.681  11.688 0.5000000000
44687  -31.298  -30.609  11.440 0.5000000000
45490  -31.659  -30.082  11.741 0.3750000000
42292  -30.761  -33.088  22.357 0.3750000000
120366  -27.472  -31.147  17.345 0.7500000000
43915  -28.209  -31.034  18.739 0.7500000000
104485  -27.723  -30.526  17.018 0.7500000000
44640  -27.501  -30.429  16.115 0.6250000000
44646  -27.371  -30.526  15.237 0.6250000000
45427  -27.842  -30.088  14.668 0.6250000000
45453  -28.608  -30.026  13.271 0.6250000000
44671  -29.262  -30.237  12.554 0.5000000000
44672  -30.064  -30.129  12.227 0.6250000000
45489  -30.867  -30.039  11.963 0.5000000000
46255  -34.343  -28.548  14.743 0.8750000000
45472  -31.519  -29.683  12.394 0.5000000000
119998  -33.663  -28.517  13.889 0.6250000000
47027  -33.854  -28.053  14.236 0.7500000000
47028  -34.260  -27.325  14.688 0.8750000000
45473  -32.583  -29.435  12.443 0.5000000000
46277  -33.162  -28.969  12.571 0.5000000000
46265  -33.449  -28.997  13.500 0.6250000000
47873  -32.995  -26.877  12.832 0.6250000000
121720  -33.698  -27.171  14.133 0.6250000000
47861  -34.515  -26.465  14.703 0.7500000000
100936  -32.460  -29.747  11.740 0.2500000000
46291  -33.068  -29.121  11.925 0.3750000000
47064  -33.130  -28.020  11.926 0.3750000000
47891  -32.772  -26.240  12.189 0.6250000000
48704  -33.740  -25.863  13.660 0.6250000000
44634  -28.498  -30.370  18.441 0.7500000000
44636  -28.333  -30.092  17.526 0.7500000000
44641  -28.170  -29.853  16.464 0.6250000000
45412  -27.898  -29.945  15.520 0.6250000000
45428  -28.423  -29.567  14.980 0.6250000000
45444  -29.037  -29.228  14.510 0.6250000000
45443  -28.438  -29.706  14.128 0.6250000000
101405  -29.135  -29.416  13.688 0.6250000000
109540  -29.303  -29.639  13.059 0.6250000000
45470  -29.769  -29.695  12.735 0.6250000000
45471  -30.458  -29.621  12.632 0.6250000000
46254  -33.923  -28.994  14.207 0.7500000000
45455  -30.863  -29.295  13.116 0.6250000000
45457  -32.894  -29.404  13.189 0.5000000000
121067  -33.639  -25.500  13.036 0.6250000000
48692  -34.465  -25.698  14.310 0.7500000000
48726  -33.249  -25.692  11.553 0.5000000000
48716  -33.275  -25.587  12.282 0.6250000000
48736  -34.370  -25.666  10.665 0.3750000000
48737  -35.162  -25.691  10.391 0.2500000000
48738  -35.979  -25.812  10.116 0.1250000000
45394  -28.898  -29.745  18.137 0.8750000000
121592  -28.444  -29.554  15.715 0.6250000000
45413  -28.773  -29.397  16.206 0.7500000000
45402  -28.943  -29.485  17.120 0.8750000000
45429  -29.035  -29.156  15.442 0.6250000000
45414  -29.430  -29.164  16.294 0.8750000000
103023  -29.860  -29.223  17.131 0.8750000000
111478  -37.827  -29.319  19.850 0.2500000000
46208  -38.237  -28.768  19.569 0.2500000000
46207  -37.716  -28.926  19.105 0.2500000000
46237  -29.752  -28.968  15.592 0.7500000000
46262  -29.723  -29.062  14.094 0.7500000000
46253  -30.245  -28.922  14.501 0.7500000000
45432  -32.911  -29.722  15.425 0.7500000000
45454  -29.932  -29.294  13.272 0.6250000000
104878  -32.057  -29.378  14.944 0.7500000000
45446  -33.039  -29.724  14.468 0.7500000000
116718  -33.635  -29.761  14.814 0.7500000000
46264  -31.292  -29.250  13.678 0.7500000000
45445  -32.278  -29.519  13.918 0.7500000000
45447  -33.666  -29.516  14.227 0.7500000000
45456  -31.954  -29.469  13.081 0.7500000000
45458  -33.183  -29.566  13.818 0.7500000000
48705  -34.166  -25.203  13.518 0.7500000000
49523  -33.836  -25.034  11.801 0.5000000000
48717  -33.961  -25.013  12.684 0.6250000000
49524  -34.498  -24.490  12.252 0.6250000000
49542  -34.222  -25.101  10.772 0.3750000000
49543  -34.638  -24.507  10.755 0.5000000000
112487  -34.817  -25.018  10.429 0.2500000000
48747  -35.553  -25.045  9.972 0.2500000000
45382  -37.107  -29.580  20.184 0.3750000000
46198  -38.576  -29.010  20.281 0.2500000000
46997  -38.194  -28.077  19.015 0.2500000000
48693  -35.269  -25.333  14.727 0.7500000000
103513  -35.437  -24.267  13.748 0.7500000000
50404  -34.995  -24.074  11.752 0.6250000000
49533  -34.423  -24.506  11.381 0.3750000000
49544  -35.308  -24.400  10.202 0.5000000000
50442  -35.691  -23.862  9.942 0.5000000000
49556  -35.993  -24.417  9.664 0.3750000000
51289  -39.400  -22.858  8.400 0.2500000000
52125  -39.767  -21.448  8.534 0.1250000000
117708  -40.219  -20.083  8.521 0.1250000000
53776  -39.705  -19.549  8.676 0.1250000000
105923  -39.608  -18.776  8.660 0.2500000000
54598  -40.225  -18.864  8.179 0.1250000000
49501  -35.636  -24.684  14.479 0.7500000000
108751  -36.350  -23.711  13.545 0.7500000000
49513  -35.310  -23.922  12.747 0.7500000000
104170  -35.614  -23.685  11.863 0.5000000000
50413  -35.289  -23.783  11.249 0.5000000000
50428  -35.996  -23.385  10.222 0.5000000000
51267  -36.632  -22.944  9.841 0.5000000000
49565  -36.856  -23.867  8.943 0.3750000000
51287  -37.670  -22.869  8.860 0.3750000000
51288  -38.495  -22.681  8.578 0.2500000000
104086  -39.168  -22.082  8.565 0.2500000000
52124  -38.981  -21.285  8.816 0.1250000000
112160  -39.541  -20.496  8.732 0.2500000000
54597  -39.786  -18.139  8.299 0.2500000000
54601  -40.014  -17.449  8.043 0.2500000000
50405  -36.135  -23.510  12.466 0.6250000000
50414  -35.886  -23.403  11.139 0.5000000000
51252  -36.547  -22.963  10.704 0.5000000000
122468  -36.977  -22.507  10.282 0.3750000000
51268  -37.335  -22.463  9.572 0.3750000000
51269  -37.967  -22.117  9.098 0.3750000000
52974  -38.795  -20.603  9.162 0.3750000000
52109  -38.333  -21.245  9.347 0.3750000000
52956  -38.986  -19.853  9.211 0.3750000000
53763  -39.148  -19.053  9.193 0.3750000000
54595  -39.270  -18.249  9.125 0.3750000000
104410  -39.299  -17.573  9.529 0.3750000000
56132  -39.625  -16.958  9.172 0.5000000000
56920  -40.526  -15.959  9.033 0.3750000000
55382  -39.562  -17.517  8.767 0.3750000000
56135  -40.226  -16.769  8.035 0.3750000000
56923  -40.581  -16.100  8.213 0.3750000000
56925  -41.211  -15.700  7.613 0.3750000000
56927  -41.704  -15.641  6.956 0.2500000000
117632  -42.074  -15.039  6.962 0.2500000000
106873  -43.262  -14.174  6.543 0.1250000000
50395  -37.445  -23.454  13.326 0.7500000000
51224  -36.800  -23.201  11.755 0.6250000000
50406  -36.866  -23.384  12.716 0.7500000000
116465  -37.237  -22.549  11.022 0.6250000000
51253  -37.470  -22.033  10.377 0.3750000000
52108  -37.789  -21.670  9.728 0.3750000000
56895  -44.086  -15.255  12.453 0.5000000000
56896  -44.876  -15.142  12.640 0.1250000000
57661  -45.547  -14.689  12.539 0.1250000000
57647  -46.261  -14.992  13.011 0.1250000000
57662  -46.574  -14.470  12.764 0.1250000000
52098  -37.864  -21.339  10.464 0.3750000000
57675  -43.076  -14.939  11.078 0.6250000000
57659  -44.113  -14.791  11.842 0.2500000000
57660  -44.704  -14.702  12.170 0.1250000000
58456  -45.899  -13.977  12.236 0.1250000000
52955  -38.381  -20.228  9.721 0.3750000000
105692  -38.632  -19.302  9.723 0.3750000000
53745  -38.606  -18.783  10.040 0.5000000000
56918  -42.232  -15.376  10.887 0.7500000000
57676  -43.792  -14.551  11.311 0.5000000000
57677  -44.537  -14.176  11.559 0.2500000000
58474  -45.254  -13.535  11.608 0.3750000000
53762  -38.884  -18.682  9.641 0.3750000000
56129  -39.513  -17.002  9.936 0.5000000000
56133  -40.027  -16.487  9.529 0.5000000000
57681  -42.038  -15.073  9.886 0.6250000000
57686  -42.596  -14.445  9.476 0.7500000000
57683  -43.477  -14.309  10.617 0.7500000000
58472  -44.108  -13.917  10.913 0.3750000000
58473  -44.609  -13.555  11.166 0.3750000000
56924  -41.144  -15.462  8.477 0.3750000000
57688  -41.703  -14.944  7.906 0.5000000000
107934  -42.552  -14.197  8.732 0.6250000000
58489  -43.526  -13.337  9.540 0.7500000000
57692  -42.271  -14.501  7.331 0.2500000000
58494  -42.760  -13.677  7.515 0.3750000000
58491  -42.822  -13.598  8.288 0.6250000000
52068  -42.372  -21.286  14.816 0.3750000000
52908  -42.426  -20.280  14.774 0.3750000000
52898  -43.176  -20.760  15.279 0.2500000000
52907  -41.769  -20.706  14.327 0.3750000000
53717  -43.242  -19.089  15.010 0.2500000000
54553  -43.547  -18.302  14.757 0.1250000000
51225  -37.616  -23.186  12.480 0.7500000000
116347  -40.602  -21.090  13.311 0.6250000000
52072  -41.158  -21.006  13.778 0.5000000000
53715  -41.836  -19.700  14.354 0.3750000000
53716  -42.495  -19.336  14.709 0.2500000000
51235  -37.746  -22.737  11.773 0.7500000000
52910  -40.718  -20.289  13.399 0.7500000000
52911  -41.273  -20.076  13.872 0.5000000000
53723  -41.337  -19.147  13.877 0.7500000000
54551  -41.969  -18.763  14.284 0.3750000000
55339  -42.973  -17.705  14.336 0.2500000000
55340  -43.952  -17.582  14.478 0.2500000000
56090  -44.718  -16.907  14.210 0.1250000000
116180  -45.860  -11.911  15.225 0.1250000000
52917  -39.507  -20.785  12.349 0.7500000000
53722  -40.853  -19.533  13.518 0.7500000000
54564  -40.774  -18.720  13.381 0.7500000000
55355  -41.509  -18.127  13.725 0.7500000000
55338  -42.242  -18.013  14.169 0.3750000000
55356  -42.286  -17.242  13.713 0.6250000000
56089  -43.414  -16.946  13.942 0.2500000000
119315  -45.438  -16.093  13.664 0.1250000000
56878  -46.824  -16.112  14.188 0.1250000000
58431  -47.252  -13.414  14.911 0.1250000000
59211  -46.389  -12.721  15.208 0.1250000000
60071  -46.740  -11.858  14.728 0.1250000000
52086  -37.944  -21.958  11.197 0.5000000000
52918  -40.181  -20.535  12.865 0.7500000000
53730  -40.254  -19.483  12.962 0.7500000000
122194  -41.422  -17.383  13.333 0.7500000000
56105  -43.185  -16.371  13.423 0.5000000000
56106  -44.138  -16.285  13.582 0.2500000000
56889  -46.487  -15.501  13.488 0.1250000000
57649  -47.895  -14.714  13.819 0.1250000000
106077  -48.011  -14.409  14.203 0.1250000000
58432  -48.026  -13.665  14.262 0.1250000000
59218  -47.459  -12.823  14.556 0.1250000000
60062  -45.910  -11.215  15.112 0.1250000000
54569  -40.200  -18.434  12.713 0.7500000000
55354  -40.805  -17.836  13.144 0.7500000000
56103  -41.705  -16.772  13.121 0.7500000000
56886  -42.854  -15.999  12.940 0.6250000000
56887  -43.649  -15.814  13.062 0.5000000000
56888  -44.583  -15.633  13.105 0.2500000000
56897  -45.515  -15.349  13.053 0.1250000000
57648  -47.145  -14.912  13.346 0.1250000000
57663  -47.572  -14.303  13.182 0.1250000000
58440  -48.129  -13.927  13.667 0.1250000000
58441  -48.447  -13.099  13.730 0.1250000000
59219  -48.299  -12.873  14.127 0.1250000000
60072  -48.081  -11.994  14.293 0.1250000000
52939  -38.013  -20.937  9.895 0.3750000000
52940  -38.177  -20.453  10.520 0.5000000000
115631  -38.377  -19.509  10.234 0.5000000000
55359  -40.321  -17.570  12.448 0.7500000000
56110  -40.566  -16.846  12.137 0.7500000000
56893  -41.917  -15.895  11.874 0.7500000000
56894  -42.684  -15.705  12.297 0.6250000000
56908  -43.397  -15.182  11.863 0.3750000000
58457  -46.909  -13.808  12.527 0.1250000000
58458  -47.933  -13.646  12.928 0.1250000000
54584  -38.808  -18.358  10.266 0.5000000000
54574  -38.924  -18.228  10.706 0.5000000000
55358  -39.876  -17.296  11.666 0.7500000000
56119  -40.265  -16.661  11.273 0.7500000000
56906  -41.495  -15.854  11.132 0.7500000000
59253  -44.901  -12.935  11.031 0.3750000000
58475  -46.197  -13.240  11.941 0.3750000000
56118  -39.580  -17.108  10.767 0.5000000000
56917  -41.423  -15.653  10.339 0.6250000000
59269  -44.590  -12.534  10.391 0.5000000000
59282  -43.548  -12.223  8.359 0.6250000000
58492  -43.294  -13.042  8.720 0.7500000000
59268  -44.070  -12.947  9.955 0.6250000000
58485  -43.801  -13.638  10.261 0.5000000000
59284  -43.191  -12.816  7.762 0.5000000000
117773  -43.596  -12.706  6.750 0.3750000000
58498  -44.104  -13.128  6.317 0.2500000000
52075  -40.040  -21.601  12.902 0.6250000000
122401  -38.236  -22.903  12.350 0.7500000000
51226  -38.860  -22.684  12.556 0.7500000000
51236  -38.463  -22.289  11.942 0.7500000000
52074  -39.189  -21.777  12.263 0.7500000000
52087  -38.557  -21.458  11.602 0.7500000000
52099  -38.172  -21.133  11.046 0.7500000000
52928  -38.518  -20.574  11.315 0.7500000000
52929  -39.015  -19.986  11.811 0.7500000000
104813  -39.658  -19.928  12.468 0.7500000000
116212  -47.428  -11.391  14.547 0.1250000000
53729  -39.444  -19.041  12.181 0.7500000000
58459  -48.474  -13.113  13.255 0.1250000000
59220  -48.797  -12.337  13.785 0.1250000000
60073  -49.250  -11.444  14.096 0.1250000000
60871  -48.127  -10.794  14.541 0.1250000000
54575  -39.054  -18.506  11.350 0.6250000000
59242  -47.181  -13.046  12.291 0.1250000000
59243  -48.244  -12.898  12.672 0.1250000000
59244  -49.140  -12.430  12.979 0.1250000000
59229  -49.471  -12.058  13.425 0.1250000000
53735  -38.636  -18.868  10.670 0.5000000000
54568  -39.624  -18.062  11.983 0.7500000000
59254  -45.627  -12.665  11.380 0.3750000000
59287  -43.435  -12.465  7.165 0.5000000000
59288  -44.176  -12.461  6.414 0.2500000000
51219  -38.362  -23.253  12.991 0.7500000000
108850  -43.834  -12.028  6.810 0.5000000000
60149  -43.671  -11.887  7.520 0.6250000000
60157  -44.597  -11.830  6.218 0.2500000000
60150  -44.188  -11.166  7.712 0.5000000000
35338  -26.366  -41.356  15.492 0.7500000000
28205  -20.203  -50.180  19.442 0.3750000000
119201  -28.642  -40.705  13.437 0.5000000000
37746  -33.228  -38.987  24.790 0.2500000000
37744  -31.743  -38.138  24.045 0.2500000000
45395  -29.371  -29.558  18.641 0.8750000000
46211  -30.284  -29.162  17.917 0.8750000000
39610  -30.675  -36.449  23.633 0.5000000000
27388  -19.144  -51.267  20.580 0.5000000000
27421  -21.004  -50.483  17.941 0.3750000000
34499  -25.656  -41.646  16.119 0.7500000000
33724  -26.556  -42.768  15.745 0.6250000000
37854  -28.679  -38.554  14.306 0.6250000000
38808  -28.408  -37.349  13.337 0.3750000000
40611  -27.162  -35.808  16.248 0.6250000000
105936  -26.549  -33.683  16.437 0.7500000000
106350  -26.351  -33.699  15.010 0.5000000000
103040  -26.446  -33.901  15.730 0.5000000000
41480  -26.548  -34.269  14.391 0.5000000000
42357  -26.458  -33.161  15.690 0.5000000000
43189  -26.552  -32.573  14.530 0.6250000000
43936  -26.799  -32.077  14.225 0.3750000000
43176  -26.618  -32.372  16.050 0.6250000000
43196  -27.503  -32.350  13.481 0.2500000000
44662  -27.409  -31.036  13.777 0.3750000000
43203  -28.995  -32.049  12.525 0.2500000000
43197  -28.217  -32.131  13.048 0.2500000000
43946  -29.011  -31.054  12.292 0.5000000000
43916  -27.951  -30.922  17.947 0.7500000000
47860  -33.947  -26.475  14.230 0.6250000000
46278  -33.096  -28.015  12.705 0.5000000000
47037  -33.412  -27.728  13.588 0.6250000000
47874  -33.434  -26.632  13.607 0.6250000000
46292  -33.356  -28.638  11.389 0.3750000000
110664  -32.642  -26.941  12.080 0.6250000000
112598  -32.880  -26.917  11.588 0.5000000000
47892  -33.235  -26.046  12.955 0.6250000000
122227  -32.801  -25.939  11.903 0.6250000000
47903  -33.137  -26.266  11.245 0.5000000000
48735  -33.686  -25.613  10.964 0.3750000000
47909  -33.862  -26.352  10.820 0.3750000000
49532  -33.943  -25.042  11.102 0.5000000000
46252  -29.664  -28.937  14.870 0.7500000000
49500  -34.881  -24.884  14.059 0.7500000000
49512  -34.648  -24.547  13.207 0.6250000000
50426  -34.869  -24.080  11.093 0.5000000000
50427  -35.322  -23.875  10.612 0.5000000000
112268  -39.944  -22.273  8.423 0.1250000000
52975  -40.432  -20.786  8.541 0.1250000000
53777  -40.390  -19.613  8.355 0.1250000000
120597  -36.110  -23.451  11.807 0.5000000000
50443  -36.391  -23.710  9.478 0.5000000000
50444  -37.071  -23.281  9.105 0.2500000000
49566  -37.357  -23.978  8.653 0.3750000000
109342  -38.536  -21.871  8.833 0.3750000000
54594  -38.941  -18.205  9.821 0.3750000000
56130  -40.080  -16.546  10.374 0.5000000000
122068  -39.811  -16.988  8.546 0.3750000000
114135  -40.074  -16.517  8.755 0.3750000000
56916  -40.667  -16.046  9.916 0.5000000000
56137  -40.737  -16.495  7.507 0.3750000000
57691  -41.775  -15.160  7.351 0.5000000000
57694  -42.583  -14.603  6.795 0.2500000000
58497  -42.810  -13.855  6.957 0.2500000000
111954  -43.317  -15.588  12.544 0.6250000000
56907  -42.667  -15.411  11.598 0.6250000000
57678  -45.165  -14.207  12.013 0.2500000000
57682  -42.778  -14.699  10.312 0.7500000000
55365  -39.127  -17.718  10.294 0.5000000000
56921  -41.253  -15.483  9.412 0.6250000000
57685  -41.901  -14.813  8.826 0.6250000000
58484  -43.233  -14.043  9.882 0.7500000000
58486  -44.364  -13.276  10.611 0.3750000000
58488  -43.015  -13.778  9.113 0.7500000000
57689  -42.313  -14.277  8.048 0.5000000000
53705  -42.999  -19.841  15.079 0.2500000000
54552  -42.705  -18.492  14.567 0.3750000000
120256  -42.808  -16.747  13.606 0.6250000000
58419  -47.614  -14.242  14.899 0.1250000000
55360  -40.972  -17.100  12.839 0.7500000000
56104  -42.450  -16.527  13.285 0.6250000000
56112  -42.120  -16.216  12.704 0.7500000000
109654  -38.484  -19.709  11.001 0.5000000000
56111  -41.348  -16.499  12.446 0.7500000000
56120  -41.040  -16.302  11.675 0.7500000000
55366  -39.263  -17.770  11.116 0.6250000000
56905  -40.807  -16.158  10.793 0.7500000000
59279  -43.754  -12.574  9.216 0.6250000000
58495  -43.139  -13.117  7.110 0.3750000000
52916  -38.984  -20.920  11.844 0.7500000000
61709  -47.434  -9.825  14.938 0.1250000000
53736  -38.841  -19.187  11.412 0.6250000000
115685  -48.866  -12.538  13.342 0.1250000000
21656  -8.240  -57.699  28.446 0.1250000000
20721  -8.841  -58.123  29.090 0.2500000000
21652  -8.683  -57.356  29.097 0.2500000000
21653  -9.419  -57.535  29.268 0.2500000000
117760  -8.235  -57.976  28.853 0.1250000000
20722  -9.642  -58.125  28.985 0.2500000000
21660  -10.320  -57.653  27.973 0.2500000000
22601  -8.411  -56.532  26.622 0.1250000000
22592  -8.850  -56.573  29.541 0.3750000000
21649  -9.035  -57.092  29.982 0.2500000000
21654  -10.126  -57.489  29.372 0.2500000000
22595  -8.556  -56.632  28.484 0.3750000000
21657  -10.253  -57.633  28.808 0.2500000000
22598  -8.448  -56.104  27.397 0.3750000000
22599  -10.644  -57.021  27.627 0.2500000000
21650  -9.708  -57.083  30.036 0.3750000000
21651  -10.522  -56.708  29.818 0.3750000000
23565  -8.680  -55.585  28.789 0.3750000000
22593  -10.581  -57.005  29.359 0.3750000000
101633  -8.458  -55.590  28.027 0.3750000000
22596  -10.604  -57.031  28.468 0.2500000000
23573  -7.944  -55.034  27.366 0.3750000000
22600  -10.993  -56.324  27.841 0.2500000000
114270  -10.862  -56.615  26.954 0.2500000000
23579  -11.429  -55.519  26.522 0.2500000000
111765  -11.449  -55.797  24.751 0.2500000000
24593  -11.746  -55.239  25.066 0.2500000000
23585  -11.717  -55.534  24.221 0.2500000000
24597  -12.198  -54.890  24.505 0.2500000000
119722  -12.851  -54.806  23.154 0.2500000000
24607  -13.119  -55.023  22.555 0.1250000000
24622  -16.319  -54.808  20.509 0.1250000000
23557  -9.029  -55.586  29.484 0.3750000000
22590  -10.205  -56.369  30.098 0.3750000000
22594  -10.866  -56.275  29.614 0.3750000000
24569  -8.115  -54.506  28.209 0.3750000000
24559  -8.575  -54.540  28.998 0.2500000000
22597  -10.901  -56.372  28.906 0.2500000000
24589  -11.790  -55.030  25.963 0.2500000000
24600  -12.694  -54.657  23.828 0.2500000000
24601  -13.420  -54.311  23.384 0.2500000000
24608  -13.880  -54.396  22.534 0.2500000000
25635  -15.122  -53.965  21.774 0.1250000000
25636  -15.668  -54.114  21.193 0.1250000000
25644  -16.388  -54.147  20.700 0.1250000000
24623  -16.910  -54.547  20.310 0.1250000000
23549  -9.687  -55.303  29.797 0.2500000000
24548  -9.013  -54.538  29.553 0.2500000000
23550  -10.463  -55.087  29.825 0.2500000000
25560  -8.265  -53.590  29.519 0.2500000000
23566  -11.296  -55.655  29.220 0.5000000000
113512  -11.298  -55.774  28.423 0.3750000000
24579  -11.907  -54.930  26.853 0.3750000000
24602  -14.137  -53.870  23.274 0.3750000000
25626  -14.687  -53.788  22.622 0.2500000000
118447  -15.723  -53.603  21.744 0.1250000000
25637  -16.276  -53.553  21.374 0.2500000000
25645  -17.219  -53.875  20.386 0.1250000000
25646  -17.989  -53.657  20.077 0.1250000000
24633  -18.370  -54.203  19.791 0.1250000000
24634  -19.380  -54.140  19.651 0.1250000000
105582  -20.328  -53.764  19.543 0.1250000000
26585  -18.415  -52.921  20.285 0.1250000000
25653  -18.797  -53.450  19.815 0.1250000000
25654  -19.647  -53.198  19.630 0.1250000000
26600  -19.842  -52.340  19.533 0.1250000000
23544  -10.870  -54.756  30.001 0.1250000000
23545  -11.318  -54.705  30.081 0.1250000000
23551  -11.337  -55.105  29.601 0.1250000000
23552  -11.987  -54.843  29.929 0.2500000000
27329  -28.527  -50.508  28.186 0.1250000000
28130  -29.446  -50.076  28.101 0.1250000000
114546  -10.650  -55.536  29.794 0.1250000000
23559  -11.956  -55.030  29.550 0.2500000000
24560  -12.666  -54.586  29.152 0.5000000000
28135  -29.247  -50.189  27.825 0.1250000000
104687  -8.920  -53.556  30.035 0.2500000000
22591  -10.852  -55.933  29.730 0.3750000000
23567  -11.914  -55.106  28.591 0.5000000000
23575  -12.082  -54.881  27.655 0.5000000000
25615  -14.046  -53.687  24.150 0.3750000000
25616  -14.729  -53.458  23.626 0.5000000000
25627  -15.505  -53.416  22.436 0.2500000000
25638  -16.952  -53.416  20.954 0.1250000000
26584  -17.688  -53.207  20.621 0.1250000000
26599  -19.121  -52.625  19.915 0.1250000000
111240  -26.865  -43.522  16.315 0.5000000000
23546  -11.969  -54.573  30.315 0.1250000000
101496  -29.182  -49.593  28.461 0.1250000000
28892  -31.080  -49.680  27.886 0.2500000000
28897  -31.472  -48.980  27.228 0.2500000000
24550  -12.658  -54.518  30.006 0.2500000000
27328  -27.717  -51.252  28.273 0.1250000000
28891  -30.305  -49.670  28.115 0.1250000000
26491  -27.648  -51.694  27.953 0.1250000000
27333  -28.216  -50.851  27.963 0.1250000000
28134  -28.409  -50.419  27.633 0.1250000000
28131  -30.389  -50.022  27.796 0.1250000000
28896  -30.789  -49.820  27.503 0.1250000000
121163  -31.071  -49.409  27.258 0.2500000000
28904  -31.513  -49.036  26.800 0.2500000000
114409  -31.871  -48.603  26.517 0.2500000000
30494  -32.079  -47.566  25.834 0.2500000000
27339  -27.304  -51.671  27.481 0.1250000000
27332  -27.834  -51.106  27.741 0.1250000000
28140  -29.245  -49.848  27.366 0.1250000000
101089  -30.125  -49.951  27.566 0.1250000000
28895  -30.052  -49.373  26.866 0.2500000000
28903  -30.942  -49.359  26.916 0.2500000000
29696  -31.244  -48.734  26.479 0.2500000000
29704  -31.617  -48.105  26.105 0.2500000000
28133  -27.510  -50.666  27.223 0.1250000000
28901  -28.223  -49.338  26.632 0.1250000000
28902  -29.127  -49.331  26.763 0.1250000000
29695  -30.335  -48.861  26.446 0.2500000000
113682  -29.872  -48.244  26.019 0.2500000000
30493  -31.250  -47.458  25.629 0.2500000000
31287  -31.672  -46.862  25.439 0.2500000000
27338  -26.717  -51.511  26.690 0.2500000000
28138  -26.913  -50.546  26.572 0.2500000000
28900  -27.468  -49.799  26.632 0.1250000000
29694  -29.448  -48.720  26.321 0.2500000000
111860  -30.497  -47.339  25.488 0.2500000000
25611  -14.339  -53.381  25.005 0.3750000000
28899  -26.723  -49.966  26.273 0.3750000000
29692  -27.689  -48.944  26.262 0.2500000000
29693  -28.558  -48.754  26.294 0.2500000000
29702  -29.033  -48.072  25.799 0.2500000000
30492  -29.842  -47.625  25.601 0.3750000000
31285  -29.919  -46.832  25.181 0.3750000000
117438  -14.745  -53.287  24.373 0.5000000000
108876  -15.286  -53.283  23.190 0.5000000000
112553  -16.207  -53.158  22.178 0.5000000000
26570  -16.904  -53.060  21.796 0.2500000000
26558  -17.534  -52.636  22.205 0.2500000000
26572  -18.157  -52.518  20.899 0.2500000000
26586  -18.802  -52.131  20.497 0.1250000000
109616  -19.377  -51.737  19.969 0.1250000000
33725  -27.449  -43.218  15.501 0.2500000000
24540  -12.481  -54.021  30.824 0.1250000000
24539  -11.835  -54.151  30.780 0.1250000000
114043  -12.603  -54.310  30.444 0.1250000000
24551  -13.224  -54.049  30.483 0.1250000000
25537  -10.716  -53.542  30.804 0.1250000000
24561  -13.357  -54.187  29.726 0.1250000000
25589  -26.940  -53.530  28.019 0.1250000000
26479  -27.205  -53.064  28.495 0.1250000000
26480  -27.399  -52.179  28.397 0.1250000000
26469  -27.383  -51.666  28.835 0.1250000000
30474  -30.934  -48.238  28.038 0.2500000000
29687  -31.277  -48.745  27.647 0.2500000000
29689  -32.030  -48.342  27.290 0.2500000000
27325  -27.843  -50.823  28.657 0.1250000000
28128  -28.650  -50.294  28.585 0.1250000000
29686  -30.792  -49.134  28.137 0.2500000000
29705  -32.333  -48.141  26.380 0.2500000000
24571  -13.257  -54.146  28.668 0.3750000000
25578  -13.833  -53.614  28.125 0.3750000000
26489  -26.643  -53.024  27.248 0.1250000000
26490  -27.231  -52.602  27.814 0.1250000000
29697  -32.222  -48.510  26.814 0.2500000000
26508  -25.665  -52.840  26.089 0.2500000000
26510  -26.848  -52.286  27.129 0.1250000000
26526  -25.214  -52.444  25.378 0.3750000000
26509  -26.266  -52.525  26.490 0.2500000000
27357  -25.026  -52.086  24.740 0.3750000000
27347  -25.507  -51.855  25.359 0.3750000000
28146  -26.157  -50.811  25.912 0.3750000000
26532  -16.019  -52.556  24.647 0.5000000000
113760  -25.023  -51.762  24.501 0.3750000000
28145  -25.429  -51.110  25.152 0.3750000000
28908  -26.946  -49.272  26.109 0.2500000000
29701  -28.053  -48.257  25.812 0.3750000000
30503  -29.072  -47.259  25.325 0.3750000000
25606  -15.144  -52.919  24.996 0.5000000000
116264  -24.618  -51.600  23.790 0.3750000000
28151  -25.107  -51.005  24.430 0.5000000000
28906  -25.638  -50.222  25.229 0.3750000000
28913  -25.870  -49.144  25.199 0.5000000000
29699  -26.468  -48.527  25.342 0.3750000000
29700  -27.148  -48.506  25.676 0.3750000000
25617  -15.455  -52.980  23.997 0.5000000000
26545  -16.242  -52.621  23.917 0.5000000000
28912  -25.202  -49.905  24.533 0.6250000000
30489  -26.788  -47.912  25.161 0.2500000000
25618  -16.053  -52.892  23.136 0.5000000000
26546  -16.901  -52.577  23.503 0.5000000000
26557  -16.888  -52.774  22.662 0.2500000000
26571  -17.523  -52.869  21.334 0.2500000000
26559  -18.098  -52.376  21.683 0.3750000000
34501  -27.008  -42.379  15.041 0.3750000000
33735  -28.590  -43.009  14.511 0.1250000000
113440  -12.970  -53.905  30.807 0.1250000000
25538  -12.293  -53.422  31.367 0.1250000000
25561  -13.974  -53.788  29.780 0.1250000000
25571  -13.769  -53.856  29.091 0.2500000000
25576  -27.017  -53.830  28.697 0.1250000000
26468  -27.221  -52.553  28.950 0.1250000000
24587  -25.665  -54.023  27.742 0.1250000000
24577  -26.567  -54.011  28.341 0.1250000000
25588  -26.334  -53.602  27.481 0.1250000000
25601  -26.054  -53.164  26.764 0.1250000000
25600  -25.472  -53.236  26.500 0.2500000000
110318  -25.086  -52.985  25.863 0.2500000000
26538  -24.759  -52.218  24.671 0.3750000000
26533  -16.853  -52.470  24.325 0.5000000000
26547  -17.641  -52.507  23.067 0.5000000000
24562  -13.667  -53.898  30.261 0.1250000000
25579  -14.592  -53.135  27.969 0.1250000000
26454  -27.068  -51.848  29.266 0.1250000000
109918  -14.427  -53.437  28.964 0.1250000000
25587  -25.112  -53.614  27.087 0.2500000000
25599  -24.762  -53.273  26.505 0.2500000000
26525  -24.632  -52.573  25.335 0.1250000000
26537  -24.307  -52.323  24.788 0.5000000000
108835  -14.054  -53.653  30.267 0.1250000000
25562  -15.166  -52.997  29.287 0.1250000000
25572  -15.063  -52.944  28.522 0.1250000000
26475  -15.738  -52.503  28.638 0.1250000000
23571  -24.590  -55.146  28.956 0.1250000000
24566  -25.488  -54.247  29.063 0.1250000000
25568  -26.612  -53.192  29.183 0.1250000000
25558  -26.933  -52.598  29.251 0.1250000000
26487  -15.450  -52.573  27.735 0.1250000000
25585  -23.008  -54.078  27.548 0.1250000000
24586  -24.692  -54.220  27.685 0.2500000000
24576  -25.713  -54.199  28.595 0.1250000000
25586  -24.193  -53.603  27.219 0.1250000000
26504  -21.810  -52.585  26.597 0.3750000000
26548  -18.413  -52.179  23.441 0.6250000000
35363  -28.642  -41.325  13.443 0.2500000000
110889  -30.582  -39.011  12.418 0.1250000000
37884  -30.125  -38.254  12.425 0.1250000000
26460  -15.914  -52.502  29.457 0.1250000000
26476  -16.517  -52.284  28.869 0.1250000000
24585  -23.261  -54.827  28.027 0.1250000000
112507  -20.606  -52.301  26.203 0.3750000000
27336  -21.243  -51.959  26.191 0.3750000000
27343  -20.595  -51.590  25.629 0.3750000000
38825  -29.368  -37.733  12.643 0.1250000000
107672  -30.667  -37.683  12.436 0.1250000000
38826  -30.059  -37.366  12.435 0.1250000000
26522  -19.888  -52.519  25.894 0.3750000000
120247  -29.365  -37.045  12.556 0.1250000000
39758  -29.068  -36.400  12.623 0.1250000000
39759  -29.874  -36.549  12.557 0.1250000000
39757  -28.743  -37.034  12.811 0.1250000000
40656  -28.738  -35.572  12.813 0.1250000000
40657  -29.555  -35.740  12.742 0.1250000000
40643  -30.110  -34.942  13.268 0.1250000000
39714  -27.522  -36.475  15.769 0.5000000000
38782  -27.976  -37.193  15.323 0.5000000000
39741  -27.484  -36.441  13.979 0.3750000000
106509  -27.456  -35.753  13.598 0.2500000000
40640  -27.497  -35.055  13.400 0.2500000000
40620  -26.651  -35.053  14.849 0.5000000000
40639  -26.953  -34.579  13.774 0.3750000000
120646  -29.512  -31.546  11.983 0.3750000000
43958  -31.698  -31.401  10.916 0.2500000000
43957  -30.977  -31.960  11.102 0.3750000000
43140  -30.866  -32.230  22.215 0.3750000000
43889  -30.809  -31.343  22.073 0.2500000000
44612  -31.234  -30.663  22.613 0.5000000000
103404  -31.370  -29.660  22.900 0.3750000000
47827  -38.754  -26.391  18.630 0.2500000000
60971  -46.984  -10.553  3.985 0.1250000000
60168  -47.212  -11.264  3.696 0.1250000000
60972  -47.593  -10.514  3.502 0.1250000000
60961  -46.547  -10.450  4.631 0.2500000000
117991  -47.004  -10.001  4.368 0.1250000000
60153  -44.235  -11.352  6.951 0.3750000000
60949  -44.704  -10.698  7.218 0.3750000000
60956  -45.617  -10.629  5.864 0.3750000000
60953  -46.103  -10.008  6.285 0.3750000000
61802  -46.834  -9.774  4.989 0.2500000000
61811  -47.392  -9.496  4.559 0.2500000000
61812  -47.938  -9.268  4.071 0.2500000000
60135  -44.516  -11.372  9.345 0.5000000000
60145  -43.865  -11.589  8.173 0.5000000000
60931  -44.791  -10.654  8.954 0.5000000000
60952  -45.413  -10.358  6.729 0.3750000000
61796  -46.759  -9.650  5.855 0.3750000000
61804  -47.955  -8.933  5.988 0.2500000000
62630  -47.854  -9.001  4.749 0.2500000000
62631  -48.207  -8.733  5.333 0.2500000000
62640  -48.525  -8.626  4.484 0.2500000000
63468  -49.966  -7.944  3.733 0.2500000000
63478  -51.762  -7.222  2.705 0.2500000000
59280  -44.277  -12.161  9.678 0.5000000000
60134  -44.010  -11.817  8.889 0.5000000000
60946  -45.319  -10.184  8.516 0.5000000000
61780  -46.013  -9.810  8.105 0.5000000000
108670  -46.935  -9.599  7.766 0.5000000000
61790  -47.698  -9.481  7.195 0.5000000000
61789  -46.784  -9.600  6.766 0.5000000000
61798  -48.295  -9.220  6.682 0.3750000000
119395  -49.456  -8.837  6.372 0.3750000000
62626  -48.779  -8.762  6.077 0.3750000000
101758  -49.600  -8.519  5.916 0.3750000000
62632  -48.998  -8.369  5.282 0.3750000000
63450  -50.079  -8.037  5.239 0.3750000000
63457  -49.726  -7.967  4.383 0.3750000000
63469  -50.845  -7.589  3.645 0.3750000000
63470  -51.737  -7.200  3.509 0.3750000000
63479  -52.328  -6.610  2.423 0.2500000000
62627  -50.208  -8.889  6.618 0.2500000000
62633  -50.385  -8.424  6.065 0.3750000000
63451  -51.530  -7.614  5.273 0.3750000000
116470  -52.451  -7.337  5.711 0.3750000000
63459  -51.632  -7.322  4.331 0.2500000000
45364  -31.301  -29.070  22.441 0.3750000000
34514  -28.251  -42.374  14.070 0.3750000000
111345  -29.938  -39.046  12.495 0.1250000000
26524  -23.893  -52.497  25.536 0.2500000000
26507  -24.319  -52.900  26.036 0.1250000000
38770  -28.118  -37.148  16.096 0.7500000000
38807  -27.924  -37.019  13.783 0.2500000000
39726  -27.409  -36.437  14.848 0.3750000000
40630  -27.022  -35.664  14.335 0.3750000000
44688  -32.197  -30.483  11.148 0.2500000000
60146  -44.297  -11.153  8.522 0.5000000000
60945  -44.661  -10.576  8.080 0.3750000000
42369  -26.873  -33.726  13.792 0.3750000000
21659  -8.396  -57.229  27.533 0.1250000000
22589  -9.401  -56.379  30.039 0.3750000000
114088  -11.122  -55.965  26.995 0.2500000000
23582  -11.348  -55.743  25.593 0.2500000000
23586  -12.123  -55.258  23.787 0.2500000000
108752  -10.141  -55.899  30.160 0.3750000000
119691  -10.635  -56.155  29.878 0.3750000000
23574  -11.502  -55.468  27.522 0.3750000000
23558  -11.284  -55.434  29.494 0.3750000000
118793  -8.126  -52.906  29.941 0.1250000000
24632  -17.598  -54.333  20.046 0.1250000000
24538  -11.080  -54.193  30.622 0.1250000000
24549  -9.747  -54.466  29.975 0.2500000000
28139  -28.313  -49.871  27.117 0.1250000000
120007  -29.790  -49.146  26.605 0.2500000000
29703  -30.686  -48.053  25.949 0.2500000000
28907  -26.290  -49.686  25.773 0.3750000000
101702  -26.520  -48.986  25.661 0.2500000000
25569  -27.044  -53.411  29.001 0.1250000000
27319  -27.383  -51.086  29.281 0.1250000000
104679  -29.990  -48.233  28.260 0.2500000000
26527  -25.757  -52.384  25.838 0.2500000000
27348  -26.100  -51.886  26.027 0.2500000000
27356  -24.769  -51.980  24.248 0.3750000000
33734  -27.766  -42.721  14.678 0.2500000000
103102  -25.768  -53.500  27.061 0.2500000000
24567  -26.564  -54.018  29.067 0.1250000000
28121  -27.351  -50.476  29.737 0.1250000000
101542  -14.567  -53.399  29.859 0.1250000000
23576  -24.157  -54.791  28.208 0.1250000000
24575  -25.008  -54.631  28.326 0.1250000000
23572  -25.101  -54.966  28.913 0.1250000000
26453  -26.784  -51.881  29.518 0.1250000000
114115  -23.832  -54.325  27.674 0.1250000000
27318  -27.018  -51.190  29.670 0.1250000000
109353  -16.359  -52.279  28.012 0.2500000000
25584  -22.002  -54.084  27.535 0.2500000000
101787  -28.481  -36.256  12.839 0.2500000000
39742  -28.042  -36.487  13.261 0.3750000000
40641  -28.010  -35.693  13.036 0.2500000000
40655  -28.145  -34.912  13.053 0.1250000000
116271  -27.047  -35.199  13.826 0.2500000000
40629  -26.750  -34.960  14.184 0.3750000000
43972  -31.673  -32.379  10.807 0.2500000000
60161  -46.485  -11.319  4.335 0.1250000000
61821  -47.421  -9.888  3.915 0.1250000000
60950  -45.297  -10.187  7.618 0.3750000000
60158  -45.323  -11.382  5.641 0.2500000000
60957  -46.266  -10.226  5.417 0.2500000000
61803  -47.441  -9.222  5.396 0.2500000000
60136  -45.108  -10.963  9.772 0.5000000000
61788  -46.037  -9.841  7.190 0.3750000000
61797  -47.431  -9.310  6.328 0.3750000000
61823  -48.692  -9.100  3.508 0.2500000000
107628  -49.205  -8.315  3.970 0.2500000000
62641  -49.240  -8.206  4.649 0.3750000000
63458  -50.553  -7.672  4.421 0.3750000000
62648  -50.419  -8.152  2.895 0.2500000000
61762  -46.065  -9.882  8.933 0.5000000000
61799  -49.369  -9.239  6.902 0.3750000000
62634  -51.203  -8.167  6.028 0.3750000000
63460  -52.420  -6.787  4.184 0.3750000000
110532  -51.026  -8.624  6.570 0.2500000000
61800  -50.351  -9.337  7.304 0.2500000000
63452  -52.469  -7.116  5.003 0.2500000000
32146  -25.257  -45.231  17.178 0.2500000000
32147  -26.280  -45.287  17.322 0.2500000000
32964  -27.104  -44.203  16.951 0.1250000000
33715  -27.677  -43.929  16.365 0.1250000000
36882  -34.299  -39.554  29.232 0.1250000000
36902  -34.917  -40.140  28.172 0.1250000000
36891  -34.478  -39.382  28.558 0.1250000000
37717  -34.164  -38.943  27.821 0.1250000000
113683  -34.026  -38.577  28.558 0.1250000000
36046  -35.279  -40.829  27.755 0.1250000000
36908  -33.871  -39.249  26.308 0.1250000000
37727  -34.130  -39.273  27.116 0.1250000000
36883  -34.629  -40.259  29.311 0.1250000000
37716  -33.616  -38.289  27.898 0.1250000000
36036  -35.232  -40.755  28.675 0.1250000000
38653  -33.063  -37.981  27.166 0.1250000000
37726  -33.345  -38.605  26.503 0.1250000000
37737  -33.302  -38.795  25.726 0.1250000000
37725  -32.771  -38.115  26.247 0.1250000000
37745  -32.484  -38.494  24.426 0.1250000000
37736  -32.617  -38.258  25.328 0.1250000000
36870  -33.015  -39.583  30.056 0.1250000000
35176  -34.704  -41.142  29.572 0.1250000000
36007  -34.188  -40.737  29.781 0.1250000000
35188  -35.143  -41.764  29.462 0.1250000000
36023  -35.019  -40.841  29.392 0.1250000000
35187  -34.558  -41.744  29.623 0.1250000000
32869  -35.645  -44.186  28.103 0.1250000000
33613  -35.772  -43.602  27.696 0.1250000000
34376  -35.863  -42.912  28.288 0.1250000000
32878  -34.830  -44.924  26.465 0.1250000000
35175  -34.113  -41.064  29.855 0.1250000000
36005  -33.060  -40.287  29.984 0.1250000000
35174  -33.408  -40.858  29.812 0.1250000000
36021  -32.066  -40.272  29.392 0.1250000000
34359  -34.967  -42.487  29.480 0.1250000000
33603  -35.564  -43.862  28.656 0.1250000000
115806  -34.620  -43.047  29.217 0.1250000000
33602  -33.892  -43.167  28.839 0.1250000000
35202  -32.557  -41.581  28.804 0.1250000000
39598  -31.291  -36.179  25.182 0.2500000000
40524  -30.759  -35.722  23.787 0.3750000000
39611  -30.988  -36.263  24.361 0.2500000000
42398  -35.824  -32.903  11.279 0.1250000000
41362  -32.112  -34.081  24.699 0.2500000000
41376  -31.496  -34.019  23.543 0.2500000000
42395  -33.356  -33.974  11.187 0.1250000000
42396  -34.222  -33.714  11.070 0.1250000000
43973  -32.536  -32.020  10.532 0.1250000000
43226  -33.104  -32.732  10.487 0.1250000000
42411  -33.667  -33.290  10.665 0.1250000000
42413  -35.192  -32.767  10.714 0.1250000000
43976  -35.230  -31.451  10.193 0.1250000000
42277  -31.224  -33.536  22.920 0.2500000000
42278  -31.825  -33.175  23.525 0.2500000000
43974  -33.238  -31.379  10.389 0.1250000000
44699  -33.805  -30.692  10.181 0.1250000000
43975  -34.171  -31.595  10.124 0.1250000000
112148  -32.514  -31.191  10.680 0.1250000000
44698  -33.018  -30.618  10.654 0.1250000000
45500  -33.504  -29.834  10.575 0.1250000000
47065  -33.372  -27.737  11.292 0.2500000000
112389  -33.415  -27.014  11.026 0.3750000000
47911  -35.611  -26.429  10.434 0.1250000000
49557  -36.748  -24.498  9.032 0.1250000000
48762  -37.546  -24.824  8.668 0.1250000000
59255  -46.515  -12.428  11.678 0.2500000000
59256  -47.509  -12.308  12.022 0.1250000000
60097  -48.582  -12.185  12.365 0.1250000000
60107  -45.930  -11.805  11.153 0.2500000000
59270  -45.200  -12.158  10.786 0.2500000000
108598  -46.642  -9.685  8.539 0.3750000000
60109  -47.887  -11.738  11.785 0.1250000000
60108  -46.916  -11.582  11.391 0.2500000000
60119  -44.813  -11.703  10.127 0.3750000000
60120  -45.497  -11.370  10.483 0.2500000000
60121  -46.253  -11.084  10.790 0.2500000000
60915  -46.655  -10.474  10.417 0.2500000000
60932  -45.517  -10.369  9.360 0.3750000000
60933  -46.327  -10.132  9.690 0.3750000000
112630  -47.424  -9.633  8.599 0.3750000000
61781  -48.076  -9.663  8.025 0.3750000000
61791  -48.749  -9.526  7.529 0.3750000000
61748  -47.195  -9.932  9.966 0.3750000000
61763  -46.862  -9.732  9.221 0.3750000000
61764  -47.770  -9.731  9.329 0.3750000000
115254  -48.274  -9.696  8.719 0.3750000000
61782  -49.210  -9.738  8.455 0.3750000000
61792  -49.858  -9.611  7.793 0.3750000000
63471  -52.335  -6.543  3.320 0.2500000000
36880  -31.028  -39.222  29.512 0.1250000000
104238  -35.235  -44.436  26.763 0.2500000000
34389  -35.758  -42.784  27.079 0.1250000000
33637  -34.974  -43.983  26.213 0.2500000000
36045  -34.919  -40.304  27.224 0.1250000000
102949  -25.752  -44.581  17.156 0.2500000000
35211  -35.533  -41.397  28.220 0.1250000000
35203  -35.626  -42.024  28.683 0.1250000000
105483  -32.837  -29.997  11.091 0.2500000000
45491  -33.133  -29.410  11.315 0.2500000000
47902  -32.753  -26.279  11.787 0.3750000000
47910  -34.750  -26.426  10.574 0.2500000000
32949  -26.651  -44.669  17.269 0.2500000000
60914  -45.840  -10.671  10.134 0.3750000000
43225  -32.289  -32.948  10.676 0.1250000000
113948  -27.320  -44.712  17.403 0.1250000000
33716  -28.313  -43.742  15.708 0.1250000000
36892  -34.816  -40.101  28.878 0.1250000000
109871  -34.205  -40.049  29.605 0.1250000000
36901  -34.533  -39.620  27.611 0.1250000000
104048  -33.675  -38.744  27.136 0.1250000000
36008  -34.628  -40.594  29.378 0.1250000000
113288  -35.371  -41.358  29.057 0.1250000000
36869  -32.446  -39.909  29.877 0.1250000000
36006  -33.715  -40.325  29.904 0.1250000000
34360  -35.536  -42.657  29.019 0.1250000000
35186  -33.778  -41.574  29.621 0.1250000000
111871  -35.479  -44.341  27.355 0.1250000000
33614  -35.800  -43.641  28.433 0.1250000000
32879  -35.142  -45.143  27.052 0.1250000000
36022  -32.716  -40.604  29.612 0.1250000000
34358  -34.124  -42.375  29.421 0.1250000000
33589  -35.693  -43.376  28.771 0.1250000000
33588  -35.262  -43.361  29.051 0.1250000000
32844  -35.190  -44.058  28.794 0.1250000000
33587  -34.596  -43.751  28.905 0.1250000000
34375  -33.280  -42.578  28.751 0.1250000000
36034  -31.699  -40.631  28.716 0.1250000000
35201  -31.971  -41.321  28.446 0.1250000000
34374  -32.689  -42.166  28.563 0.1250000000
35210  -32.237  -41.849  28.292 0.1250000000
43229  -35.646  -32.139  10.649 0.1250000000
42410  -32.826  -33.533  10.812 0.1250000000
43227  -33.965  -32.497  10.339 0.1250000000
42397  -35.046  -33.396  11.083 0.1250000000
42412  -34.509  -33.013  10.605 0.1250000000
43228  -34.799  -32.258  10.344 0.1250000000
113009  -33.408  -32.060  10.317 0.1250000000
44700  -34.690  -30.743  9.971 0.1250000000
120544  -33.546  -29.085  10.866 0.2500000000
103422  -34.346  -29.926  10.041 0.2500000000
46299  -33.726  -28.429  10.826 0.2500000000
120714  -33.796  -27.738  10.845 0.2500000000
111608  -32.726  -42.668  28.252 0.1250000000
111635  -14.433  -54.496  21.851 0.1250000000
23601  -14.420  -55.221  21.497 0.1250000000
26609  -21.004  -52.264  18.249 0.1250000000
27413  -20.638  -51.329  18.426 0.1250000000
27414  -21.171  -51.489  17.700 0.1250000000
106329  -21.744  -51.686  17.209 0.1250000000
27422  -21.566  -50.915  17.235 0.1250000000
27432  -22.136  -50.606  16.802 0.1250000000
42293  -31.418  -32.620  22.920 0.2500000000
43890  -31.337  -31.728  22.706 0.2500000000
43879  -31.738  -31.328  23.290 0.2500000000
44606  -31.678  -30.410  23.445 0.2500000000
46196  -36.482  -29.295  20.794 0.2500000000
120573  -36.662  -29.019  21.447 0.2500000000
52058  -42.223  -22.057  14.957 0.3750000000
117852  -31.749  -32.035  23.241 0.2500000000
24615  -13.767  -55.061  21.926 0.1250000000
31278  -34.596  -46.505  26.947 0.2500000000
30481  -33.265  -47.339  27.276 0.1250000000
31270  -33.584  -46.377  27.473 0.1250000000
31271  -34.367  -46.198  27.291 0.1250000000
30475  -31.691  -47.978  27.772 0.1250000000
29690  -32.916  -48.166  27.069 0.1250000000
30486  -33.349  -47.493  26.841 0.1250000000
31277  -33.933  -47.063  26.733 0.1250000000
30485  -32.997  -48.152  26.838 0.1250000000
30482  -34.072  -47.020  27.086 0.1250000000
30496  -33.276  -47.430  26.526 0.1250000000
31289  -33.398  -46.892  26.120 0.1250000000
30495  -32.797  -47.558  26.208 0.1250000000
31288  -32.509  -46.916  25.676 0.1250000000
31260  -34.854  -45.883  27.913 0.2500000000
31269  -32.634  -46.745  27.637 0.1250000000
32064  -34.870  -45.794  26.963 0.2500000000
116550  -31.938  -47.264  27.585 0.1250000000
30479  -31.147  -47.372  27.608 0.1250000000
29685  -29.565  -48.943  28.309 0.1250000000
30478  -30.121  -47.422  27.809 0.1250000000
109941  -29.860  -46.805  27.554 0.1250000000
30473  -29.339  -47.542  28.450 0.1250000000
32063  -34.698  -45.795  26.699 0.2500000000
31258  -28.883  -46.945  28.271 0.1250000000
38672  -31.279  -36.914  24.760 0.1250000000
38659  -31.548  -36.873  25.572 0.1250000000
39589  -31.560  -36.156  25.995 0.1250000000
40493  -32.302  -35.462  26.981 0.1250000000
40492  -31.852  -35.510  26.294 0.1250000000
40485  -32.741  -35.292  27.768 0.1250000000
41325  -32.662  -34.694  27.081 0.1250000000
40502  -31.545  -35.469  25.532 0.1250000000
40513  -31.241  -35.391  24.584 0.1250000000
105022  -33.332  -34.469  27.765 0.1250000000
42218  -34.852  -33.579  28.928 0.1250000000
41336  -33.299  -33.892  26.964 0.1250000000
41347  -31.989  -34.815  25.874 0.1250000000
41335  -32.654  -34.176  26.252 0.1250000000
42208  -34.987  -33.358  29.637 0.1250000000
103115  -31.769  -34.726  25.070 0.1250000000
42226  -34.103  -33.565  27.647 0.1250000000
122450  -34.549  -33.560  28.284 0.1250000000
41348  -32.400  -34.087  25.347 0.1250000000
42235  -33.239  -33.442  26.337 0.1250000000
42266  -32.559  -33.440  24.812 0.1250000000
42250  -32.950  -33.311  25.621 0.1250000000
108328  -35.028  -32.856  28.810 0.1250000000
42227  -34.802  -33.059  28.116 0.1250000000
121869  -35.006  -32.659  29.428 0.1250000000
43082  -34.471  -32.706  27.312 0.1250000000
42236  -33.846  -33.146  26.776 0.1250000000
42265  -32.068  -33.650  24.143 0.1250000000
42251  -33.522  -32.839  26.135 0.1250000000
43083  -34.820  -32.354  28.017 0.1250000000
43853  -34.370  -31.809  27.170 0.1250000000
43860  -33.867  -31.810  26.326 0.1250000000
114992  -33.272  -32.553  25.577 0.1250000000
43866  -33.450  -31.961  25.668 0.1250000000
43091  -34.036  -32.409  26.585 0.1250000000
43127  -31.973  -32.498  23.531 0.1250000000
42279  -32.497  -32.699  24.248 0.1250000000
43105  -33.671  -32.280  26.042 0.1250000000
43846  -34.497  -31.540  28.173 0.1250000000
44594  -33.401  -31.317  25.940 0.1250000000
43865  -32.971  -31.527  25.237 0.1250000000
43873  -32.648  -31.753  24.469 0.1250000000
43104  -32.972  -32.233  25.052 0.1250000000
115602  -32.247  -31.920  23.749 0.1250000000
44580  -33.988  -30.888  27.592 0.1250000000
100813  -33.785  -31.094  26.700 0.1250000000
44587  -32.830  -30.733  25.500 0.1250000000
101128  -32.553  -30.907  24.696 0.1250000000
44607  -32.229  -31.118  23.943 0.1250000000
45331  -33.719  -30.162  27.910 0.1250000000
106378  -33.437  -30.112  27.129 0.1250000000
44588  -33.150  -30.504  26.266 0.1250000000
44600  -32.042  -30.210  24.189 0.1250000000
105059  -32.349  -29.919  24.996 0.1250000000
45501  -34.056  -29.129  10.408 0.1250000000
45502  -34.897  -29.102  10.156 0.1250000000
46300  -34.315  -28.314  10.526 0.1250000000
111429  -33.522  -29.395  27.798 0.1250000000
45337  -32.929  -29.590  26.379 0.1250000000
45338  -33.184  -29.040  27.031 0.1250000000
120530  -32.691  -29.991  25.767 0.1250000000
45344  -32.553  -29.206  25.574 0.1250000000
45356  -31.702  -29.513  23.649 0.1250000000
44599  -32.016  -29.434  24.310 0.1250000000
102816  -38.485  -27.471  24.175 0.1250000000
46122  -32.873  -28.646  26.181 0.1250000000
45350  -32.215  -28.918  24.770 0.1250000000
46132  -32.569  -28.241  25.248 0.1250000000
46141  -31.956  -28.675  23.883 0.1250000000
108070  -38.494  -28.018  23.346 0.1250000000
46152  -39.441  -28.374  22.967 0.1250000000
122037  -38.589  -28.498  22.675 0.1250000000
46162  -39.141  -28.802  22.160 0.1250000000
46180  -39.552  -28.748  21.628 0.1250000000
120882  -38.556  -29.250  20.940 0.1250000000
46179  -38.822  -29.081  21.505 0.1250000000
105390  -39.742  -28.314  21.067 0.1250000000
46992  -38.747  -28.186  19.645 0.1250000000
46985  -39.242  -28.352  20.360 0.1250000000
46142  -32.315  -28.242  24.453 0.1250000000
104866  -31.562  -28.859  23.057 0.1250000000
46177  -37.279  -29.360  21.077 0.1250000000
46161  -38.275  -28.932  22.086 0.1250000000
46197  -37.930  -29.386  20.629 0.1250000000
103412  -39.683  -27.664  20.460 0.1250000000
46993  -39.275  -27.469  19.790 0.1250000000
47821  -39.244  -26.577  19.301 0.1250000000
47820  -38.720  -27.274  19.102 0.1250000000
46150  -31.919  -28.235  23.076 0.1250000000
46151  -32.356  -27.853  23.752 0.1250000000
46954  -37.679  -28.251  22.738 0.1250000000
46160  -37.300  -28.894  21.913 0.1250000000
46919  -32.660  -27.711  24.574 0.1250000000
46937  -37.598  -27.633  23.590 0.1250000000
46974  -36.334  -28.392  21.966 0.1250000000
116911  -36.811  -28.186  22.467 0.1250000000
48661  -39.642  -25.365  18.827 0.1250000000
54602  -40.469  -18.045  7.555 0.1250000000
61822  -48.030  -9.807  3.452 0.1250000000
61831  -49.369  -9.538  2.707 0.1250000000
61765  -48.825  -9.837  9.305 0.2500000000
61766  -50.034  -10.069  9.297 0.2500000000
61783  -50.494  -9.868  8.599 0.2500000000
60154  -44.911  -10.971  6.381 0.2500000000
62647  -49.580  -8.647  3.198 0.1250000000
62655  -50.000  -8.941  2.567 0.1250000000
61749  -48.220  -9.933  10.040 0.2500000000
107245  -51.128  -10.141  9.349 0.2500000000
61793  -51.001  -9.624  7.976 0.2500000000
61794  -51.915  -9.368  8.182 0.2500000000
62622  -52.180  -8.647  7.601 0.1250000000
62656  -50.567  -8.762  2.129 0.1250000000
118531  -51.046  -9.280  0.951 0.1250000000
63446  -52.179  -7.818  6.226 0.1250000000
63477  -51.130  -7.596  3.010 0.1250000000
62662  -51.110  -7.929  2.302 0.1250000000
62668  -51.350  -8.660  0.536 0.1250000000
63488  -51.730  -7.452  1.872 0.1250000000
63489  -52.285  -6.857  1.588 0.1250000000
63503  -52.214  -7.120  0.745 0.1250000000
46953  -36.032  -27.797  22.610 0.1250000000
46199  -39.156  -28.945  20.952 0.1250000000
55385  -40.519  -17.222  7.444 0.2500000000
30480  -32.457  -47.687  27.403 0.1250000000
62621  -51.386  -9.090  7.321 0.1250000000
62628  -51.955  -8.476  6.821 0.1250000000
31267  -30.587  -46.690  27.411 0.1250000000
115759  -29.448  -47.081  27.877 0.1250000000
41334  -32.228  -34.937  26.520 0.1250000000
117223  -32.905  -32.837  25.032 0.1250000000
46178  -38.052  -29.277  21.372 0.1250000000
60981  -49.763  -10.283  2.286 0.1250000000
61830  -48.600  -9.833  2.989 0.1250000000
60918  -50.780  -10.416  10.197 0.2500000000
61784  -51.485  -9.819  8.741 0.2500000000
60917  -48.754  -10.366  10.572 0.2500000000
62661  -51.136  -8.479  1.467 0.1250000000
63447  -52.576  -7.258  6.286 0.1250000000
62623  -52.443  -7.948  6.946 0.1250000000
63502  -51.674  -7.716  1.022 0.1250000000
24578  -7.557  -54.017  27.418 0.2500000000
24588  -7.372  -53.879  26.072 0.1250000000
25602  -7.538  -53.326  25.594 0.1250000000
25590  -7.582  -53.156  27.468 0.1250000000
112821  -7.572  -53.249  26.498 0.1250000000
25603  -7.750  -52.990  25.198 0.1250000000
24568  -7.666  -53.399  28.185 0.1250000000
25559  -7.810  -52.816  29.441 0.1250000000
26470  -7.762  -52.559  28.683 0.1250000000
102936  -20.982  -52.762  26.634 0.2500000000
41490  -27.567  -34.163  13.393 0.1250000000
116204  -27.977  -32.792  13.275 0.1250000000
42379  -29.639  -33.004  12.763 0.1250000000
42371  -28.781  -32.908  13.197 0.1250000000
43213  -31.574  -33.199  10.995 0.1250000000
42393  -30.861  -33.256  11.623 0.1250000000
121697  -31.091  -32.678  11.124 0.1250000000
43212  -30.502  -32.472  11.492 0.1250000000
43211  -29.788  -32.294  11.938 0.2500000000
23578  -7.999  -55.498  26.588 0.2500000000
24558  -7.878  -53.551  28.943 0.1250000000
120306  -7.456  -53.693  26.785 0.1250000000
26511  -7.764  -52.966  26.110 0.1250000000
25577  -7.649  -52.830  28.282 0.1250000000
25570  -7.678  -52.806  28.837 0.1250000000
26455  -7.901  -52.390  29.113 0.1250000000
43204  -30.194  -32.926  11.976 0.1250000000
42380  -30.338  -33.467  12.574 0.1250000000
21664  -10.680  -57.707  25.843 0.1250000000
20731  -10.050  -58.351  27.479 0.1250000000
20727  -9.959  -58.237  28.317 0.1250000000
21662  -10.521  -57.517  26.916 0.1250000000
22602  -10.876  -56.895  26.146 0.1250000000
114036  -11.104  -56.421  25.640 0.1250000000
111509  -11.481  -56.213  24.097 0.1250000000
22603  -11.093  -56.151  26.303 0.1250000000
22606  -11.242  -56.356  24.896 0.1250000000
23589  -11.891  -55.918  23.521 0.1250000000
23594  -12.818  -55.778  22.534 0.1250000000
23590  -12.487  -55.397  23.120 0.1250000000
106021  -26.602  -46.901  17.285 0.1250000000
31376  -25.686  -46.130  17.011 0.1250000000
24583  -21.528  -54.754  27.905 0.1250000000
118037  -28.197  -43.318  15.031 0.1250000000
25583  -21.065  -54.112  27.511 0.1250000000
25582  -20.197  -54.089  27.509 0.1250000000
25581  -19.406  -53.828  27.669 0.1250000000
25594  -19.700  -53.648  26.944 0.1250000000
25595  -20.555  -53.604  27.005 0.1250000000
26502  -19.350  -53.080  26.330 0.1250000000
26503  -20.154  -53.066  26.479 0.1250000000
111805  -37.994  -24.338  8.465 0.1250000000
120823  -37.513  -23.413  8.737 0.1250000000
50454  -38.951  -23.517  8.346 0.1250000000
52047  -43.224  -21.941  15.991 0.1250000000
52060  -43.634  -21.374  15.758 0.1250000000
52059  -42.881  -21.632  15.379 0.1250000000
52887  -44.368  -21.230  16.163 0.1250000000
52899  -44.085  -20.771  15.685 0.1250000000
110856  -44.606  -20.342  15.685 0.1250000000
53706  -43.834  -19.890  15.391 0.1250000000
53707  -44.838  -19.647  15.539 0.1250000000
54541  -44.127  -18.926  15.211 0.1250000000
111512  -41.270  -16.351  6.984 0.1250000000
56928  -42.460  -15.479  6.569 0.1250000000
59290  -44.756  -12.770  5.909 0.1250000000
103042  -43.414  -13.431  6.657 0.1250000000
60902  -47.783  -11.125  11.323 0.1250000000
105241  -49.694  -11.086  11.578 0.1250000000
60916  -47.682  -10.430  10.687 0.1250000000
101483  -49.886  -10.657  10.906 0.1250000000
61750  -49.405  -10.184  10.050 0.1250000000
60904  -50.725  -11.003  11.740 0.1250000000
60934  -51.626  -10.193  9.982 0.1250000000
61767  -51.731  -9.937  9.361 0.1250000000
60919  -51.574  -10.299  10.826 0.1250000000
60920  -51.913  -9.998  10.426 0.1250000000
62596  -52.043  -9.663  9.756 0.1250000000
61785  -52.090  -9.558  8.945 0.1250000000
62608  -52.236  -9.121  9.187 0.1250000000
63429  -52.103  -8.416  8.988 0.1250000000
63441  -52.291  -7.980  8.224 0.1250000000
62607  -51.907  -8.796  9.792 0.1250000000
61741  -51.608  -9.911  11.497 0.1250000000
62620  -52.220  -8.800  8.411 0.1250000000
63443  -52.374  -8.082  7.573 0.1250000000
50453  -38.046  -23.573  8.492 0.1250000000
20723  -9.942  -58.035  28.798 0.1250000000
25596  -21.488  -53.407  27.068 0.1250000000
59293  -45.773  -11.780  4.983 0.1250000000
32055  -35.067  -45.532  27.506 0.1250000000
22611  -12.421  -56.352  22.971 0.1250000000
49567  -38.674  -24.263  8.395 0.1250000000
52048  -43.822  -21.635  16.388 0.1250000000
60903  -48.719  -10.806  11.189 0.1250000000
103065  -51.046  -10.643  11.069 0.1250000000
26481  -7.753  -52.691  28.083 0.1250000000
31279  -34.814  -46.032  27.334 0.2500000000
43929  -26.679  -31.867  14.766 0.6250000000
60901  -46.982  -10.876  10.966 0.1250000000
120961  -40.913  -16.944  6.987 0.1250000000
121694  -23.610  -53.817  27.402 0.2500000000
