#!ascii label  , from subject sub-v2s9x29174_ses-1 vox2ras=TkReg
1232
29627  -20.204  -48.484  -48.503 0.5000000000
29606  -19.928  -48.772  -47.866 0.4000000060
30389  -20.353  -48.739  -47.190 0.6000000238
30388  -19.661  -48.099  -47.583 0.6000000238
31973  -19.796  -47.170  -48.336 0.6000000238
30415  -19.618  -48.004  -48.231 0.5000000000
117930  -19.727  -46.582  -48.191 0.6000000238
31175  -20.286  -47.812  -46.827 0.6999999881
100919  -19.358  -46.946  -46.977 0.6999999881
31173  -19.251  -47.139  -47.800 0.6999999881
31966  -19.278  -46.582  -47.767 0.6999999881
105036  -21.065  -45.908  -47.850 0.5000000000
104082  -19.712  -46.048  -47.997 0.6999999881
101660  -20.586  -46.780  -48.277 0.5000000000
30281  -20.975  -49.052  -39.740 0.5000000000
31959  -20.667  -46.927  -46.497 0.6999999881
31957  -19.192  -46.767  -47.406 0.6999999881
31958  -19.507  -46.184  -46.688 0.6999999881
104028  -19.086  -46.199  -47.151 0.6999999881
32774  -19.021  -45.482  -46.879 0.6999999881
32783  -19.893  -45.224  -47.769 0.6000000238
31165  -25.030  -47.193  -44.153 0.6999999881
31948  -24.455  -46.687  -44.627 0.6999999881
31168  -21.473  -47.599  -46.375 0.6999999881
104582  -22.048  -46.899  -45.998 0.6999999881
30306  -20.314  -48.490  -40.401 0.6000000238
29527  -19.397  -49.808  -40.548 0.4000000060
32782  -19.075  -45.579  -47.286 0.6999999881
34306  -18.926  -44.037  -46.561 0.6999999881
33535  -20.493  -44.423  -47.494 0.6000000238
31945  -25.368  -46.831  -43.469 0.6999999881
31170  -23.708  -47.028  -45.132 0.6999999881
31949  -25.138  -46.202  -44.098 0.6999999881
30307  -21.260  -48.221  -40.103 0.6000000238
31955  -23.722  -46.242  -45.062 0.6999999881
31953  -22.089  -45.996  -45.753 0.6999999881
32770  -23.021  -45.770  -45.357 0.6999999881
32764  -24.428  -45.866  -44.619 0.6999999881
32765  -24.941  -45.452  -44.257 0.6999999881
30305  -19.541  -48.395  -40.792 0.5000000000
112265  -19.649  -49.027  -40.525 0.5000000000
32769  -19.715  -45.577  -46.416 0.6999999881
31952  -20.901  -46.133  -46.239 0.6999999881
33518  -24.353  -45.048  -44.653 0.6999999881
30304  -18.972  -48.885  -41.004 0.4000000060
33526  -18.993  -44.795  -46.754 0.6999999881
107225  -20.847  -45.312  -45.980 0.6999999881
32771  -23.746  -45.574  -45.015 0.6999999881
29526  -18.727  -49.661  -41.051 0.4000000060
33524  -23.187  -44.911  -45.231 0.6999999881
33517  -23.998  -44.245  -44.826 0.6999999881
32768  -19.196  -44.894  -46.435 0.6999999881
34291  -22.932  -43.950  -45.274 0.6999999881
33534  -19.124  -44.696  -47.221 0.6999999881
34290  -21.619  -43.641  -45.482 0.6999999881
34308  -21.209  -43.728  -47.300 0.6000000238
34298  -19.200  -43.222  -46.599 0.6999999881
34297  -18.758  -43.431  -46.119 0.6999999881
35120  -22.204  -42.448  -46.937 0.5000000000
34310  -24.737  -42.838  -47.739 0.4000000060
35130  -23.956  -42.625  -47.312 0.5000000000
32760  -25.558  -45.562  -42.824 0.6999999881
31124  -21.545  -47.383  -40.410 0.6000000238
33519  -25.027  -44.904  -44.184 0.6999999881
33522  -19.841  -44.630  -45.936 0.6999999881
33523  -21.653  -44.546  -45.606 0.6999999881
33521  -18.891  -44.031  -46.209 0.6999999881
34289  -19.725  -43.471  -45.621 0.6999999881
35924  -20.418  -41.590  -46.447 0.6999999881
34307  -19.600  -43.882  -47.205 0.6999999881
35119  -20.706  -42.416  -46.714 0.6999999881
35925  -21.932  -41.705  -46.673 0.6999999881
31926  -23.711  -46.966  -40.683 0.6999999881
118577  -24.664  -46.227  -40.907 0.6999999881
31928  -25.201  -45.863  -41.282 0.8000000119
31925  -22.911  -46.860  -40.381 0.6000000238
31910  -23.402  -46.194  -40.265 0.6000000238
31911  -24.152  -46.114  -40.423 0.6000000238
113372  -25.561  -45.195  -41.499 0.8000000119
32747  -22.495  -45.871  -40.248 0.6000000238
31924  -21.866  -46.493  -40.482 0.6000000238
31923  -20.964  -46.609  -40.741 0.6000000238
34285  -25.234  -44.354  -43.826 0.6999999881
31122  -19.824  -47.652  -40.920 0.5000000000
31922  -20.122  -46.673  -41.114 0.6000000238
33515  -25.533  -44.716  -43.061 0.6999999881
117422  -24.749  -44.448  -44.370 0.6999999881
111422  -20.176  -44.136  -45.692 0.6999999881
35923  -18.865  -41.952  -46.086 0.8000000119
35109  -22.851  -43.111  -45.217 0.6999999881
34288  -18.668  -43.132  -45.944 0.6999999881
35121  -23.308  -42.358  -47.122 0.5000000000
117786  -24.771  -42.166  -47.674 0.5000000000
35122  -24.228  -41.803  -47.266 0.5000000000
32733  -23.881  -45.486  -39.720 0.6000000238
32748  -24.864  -45.619  -40.523 0.6999999881
32735  -25.333  -44.963  -39.948 0.8000000119
32749  -25.404  -45.179  -40.829 0.8999999762
33512  -25.741  -44.428  -41.590 0.8000000119
114534  -21.151  -45.809  -40.741 0.6000000238
108363  -25.653  -44.997  -42.222 0.8000000119
33514  -25.654  -44.156  -42.493 0.6999999881
30326  -19.082  -47.883  -41.337 0.5000000000
34279  -25.159  -43.459  -43.686 0.6999999881
105258  -25.520  -43.277  -42.866 0.6999999881
30325  -18.338  -48.211  -41.627 0.5000000000
31139  -19.244  -46.846  -41.502 0.5000000000
34284  -24.690  -43.777  -44.329 0.6999999881
34283  -23.827  -43.427  -44.824 0.6999999881
36763  -18.853  -41.648  -45.683 0.8000000119
35118  -18.652  -42.694  -46.047 0.8000000119
35108  -21.567  -42.724  -45.337 0.6999999881
32717  -24.249  -44.887  -39.049 0.6999999881
32734  -24.554  -45.336  -39.768 0.6999999881
32732  -23.098  -45.228  -39.714 0.6999999881
33489  -24.988  -44.820  -39.116 0.8000000119
33502  -25.830  -44.266  -39.795 0.8000000119
120276  -25.621  -44.837  -41.131 0.8000000119
32746  -21.638  -45.257  -40.471 0.6000000238
106257  -20.426  -45.657  -41.078 0.6000000238
34275  -25.778  -43.544  -41.984 0.6999999881
35088  -25.649  -42.732  -42.260 0.8000000119
31138  -18.356  -47.109  -41.850 0.4000000060
35094  -24.508  -42.845  -44.257 0.6999999881
35095  -25.089  -42.657  -43.455 0.6999999881
29561  -17.082  -48.934  -42.337 0.4000000060
35101  -23.868  -42.120  -44.535 0.6999999881
35117  -18.681  -42.105  -45.904 0.8000000119
35107  -19.663  -42.659  -45.490 0.8000000119
35100  -22.975  -42.356  -45.000 0.6999999881
106012  -21.731  -41.041  -46.488 0.6999999881
35927  -24.624  -41.076  -47.032 0.5000000000
35926  -23.902  -41.222  -46.915 0.5000000000
109173  -25.062  -41.592  -47.486 0.4000000060
33490  -25.518  -44.495  -39.265 0.8000000119
32731  -22.185  -44.516  -39.898 0.6999999881
34255  -26.067  -43.709  -40.355 0.8000000119
33501  -21.294  -43.696  -40.246 0.6000000238
114109  -26.151  -43.647  -39.673 0.8000000119
32745  -20.823  -44.698  -40.761 0.6000000238
34266  -26.125  -42.967  -40.778 0.8000000119
34265  -25.944  -43.688  -41.160 0.8000000119
31935  -19.360  -45.417  -41.497 0.6000000238
32744  -19.907  -44.175  -41.143 0.6000000238
121051  -25.386  -42.526  -42.834 0.8999999762
35081  -25.893  -42.897  -41.537 0.8000000119
35903  -24.574  -41.888  -43.846 0.8000000119
35904  -25.108  -42.053  -43.142 0.8000000119
35902  -23.811  -41.345  -44.273 0.8000000119
35106  -18.756  -42.280  -45.843 0.8000000119
35917  -19.576  -42.057  -45.358 0.8000000119
35918  -20.846  -42.023  -45.191 0.8000000119
35913  -23.192  -41.716  -44.661 0.6999999881
36772  -19.475  -41.142  -46.089 0.8000000119
35911  -19.908  -41.555  -44.933 0.8000000119
36765  -19.939  -40.431  -45.959 0.8000000119
107197  -22.916  -40.970  -46.622 0.6000000238
36774  -22.163  -40.366  -46.356 0.6000000238
33469  -23.512  -44.053  -38.412 0.6000000238
33487  -22.705  -43.746  -39.042 0.6000000238
33471  -25.378  -44.292  -38.511 0.6999999881
33491  -25.966  -43.974  -39.018 0.6999999881
33486  -21.639  -42.856  -39.405 0.6000000238
104506  -26.305  -43.050  -39.990 0.8000000119
34244  -26.337  -43.250  -39.197 0.6999999881
32756  -18.028  -44.168  -41.754 0.3000000119
35886  -25.696  -41.625  -41.635 0.8000000119
106934  -25.751  -42.283  -41.820 0.8000000119
35895  -24.867  -41.298  -43.063 0.8000000119
36744  -23.699  -40.483  -43.871 0.8000000119
35910  -19.025  -41.748  -45.509 0.8000000119
35912  -22.211  -41.827  -44.948 0.8000000119
101080  -21.359  -41.260  -44.744 0.8000000119
36755  -20.280  -40.798  -44.593 0.8000000119
36773  -20.870  -40.688  -46.288 0.6999999881
105762  -23.150  -40.193  -46.486 0.6000000238
35928  -25.472  -41.343  -46.887 0.3000000119
33454  -24.858  -44.088  -37.775 0.6999999881
34213  -25.511  -43.841  -37.798 0.6999999881
34228  -25.860  -43.832  -38.336 0.6999999881
33483  -18.245  -41.898  -39.724 0.5000000000
117483  -22.547  -43.171  -38.287 0.6000000238
34229  -26.205  -43.449  -38.566 0.6999999881
33500  -20.340  -42.982  -40.569 0.5000000000
34254  -20.649  -42.007  -39.704 0.5000000000
34243  -21.755  -42.608  -38.581 0.6000000238
33511  -17.788  -42.327  -41.209 0.3000000119
35867  -26.354  -41.650  -39.806 0.8000000119
35072  -26.261  -42.307  -40.341 0.8000000119
36732  -25.558  -40.769  -41.380 0.8999999762
35876  -25.996  -41.431  -40.724 0.8000000119
31934  -18.282  -45.806  -41.899 0.4000000060
36745  -24.405  -40.623  -43.328 0.8999999762
36739  -25.285  -41.040  -42.199 0.8999999762
107989  -18.543  -40.679  -45.240 0.8000000119
36756  -21.662  -40.364  -44.454 0.8000000119
36757  -22.757  -40.945  -44.511 0.8000000119
36764  -18.887  -40.717  -45.487 0.8000000119
115212  -21.211  -39.855  -46.018 0.6999999881
105410  -24.377  -39.943  -46.540 0.6000000238
36776  -24.633  -40.480  -46.673 0.6000000238
34227  -23.970  -43.885  -37.759 0.6000000238
34214  -26.177  -43.312  -37.866 0.8000000119
104286  -19.771  -41.405  -40.025 0.6000000238
35055  -26.512  -42.738  -38.530 0.8000000119
119577  -18.285  -41.737  -40.564 0.4000000060
35066  -26.457  -42.483  -39.476 0.6999999881
32757  -18.924  -43.688  -41.407 0.4000000060
36731  -25.020  -40.191  -41.870 0.8000000119
36720  -26.103  -40.919  -40.039 0.8000000119
37607  -23.306  -39.583  -43.503 0.8999999762
36738  -24.702  -40.453  -42.650 0.8000000119
37608  -24.146  -39.943  -43.144 0.8000000119
108584  -19.388  -40.532  -44.587 0.8000000119
37620  -21.714  -39.679  -44.193 0.8000000119
37617  -18.027  -39.957  -44.974 0.8000000119
37621  -22.680  -39.976  -44.180 0.8000000119
37627  -19.510  -39.894  -45.598 0.8000000119
37618  -18.509  -40.204  -44.707 0.8000000119
37628  -22.036  -39.145  -45.881 0.6999999881
37633  -22.728  -39.567  -46.250 0.6999999881
38556  -23.794  -38.032  -46.266 0.6000000238
38546  -24.354  -38.430  -46.236 0.6000000238
37629  -24.740  -38.996  -46.052 0.6000000238
104748  -22.998  -43.285  -37.798 0.6000000238
34193  -25.015  -43.631  -37.069 0.8000000119
33485  -20.297  -43.413  -38.710 0.5000000000
34226  -21.300  -42.382  -38.391 0.5000000000
34241  -19.814  -41.418  -38.953 0.5000000000
34242  -20.848  -41.834  -38.948 0.5000000000
34195  -26.195  -42.906  -37.119 0.8000000119
35042  -26.518  -42.506  -37.637 0.8000000119
34240  -18.962  -41.371  -39.608 0.5000000000
108128  -26.566  -41.853  -38.917 0.8000000119
35857  -26.652  -41.253  -38.268 0.8000000119
36708  -26.340  -40.858  -39.192 0.8000000119
37593  -24.449  -39.635  -42.344 0.8000000119
36719  -25.754  -40.444  -40.590 0.8000000119
37619  -20.309  -39.939  -44.365 0.8000000119
37606  -22.305  -39.254  -43.713 0.8999999762
37626  -18.152  -40.064  -45.129 0.8000000119
37603  -18.249  -39.524  -44.675 0.8000000119
38543  -20.737  -39.130  -45.623 0.6999999881
120673  -23.387  -39.157  -46.345 0.6999999881
39492  -20.638  -38.346  -45.311 0.6999999881
38544  -22.008  -38.471  -45.651 0.6999999881
38545  -23.005  -37.880  -45.774 0.6999999881
34169  -23.536  -43.310  -35.739 0.8000000119
34212  -23.470  -43.427  -37.184 0.6000000238
121706  -23.966  -43.333  -36.486 0.6000000238
101125  -24.884  -43.261  -36.194 0.8000000119
31845  -19.941  -46.353  -37.099 0.6000000238
31865  -20.616  -45.914  -37.500 0.5000000000
33453  -22.663  -43.261  -37.275 0.6000000238
34192  -23.122  -43.343  -36.688 0.6000000238
34194  -25.600  -43.180  -36.660 0.8000000119
32670  -18.664  -45.685  -36.529 0.6000000238
32671  -19.679  -45.887  -36.502 0.6000000238
32648  -20.184  -45.267  -35.955 0.6000000238
32698  -21.472  -44.974  -37.209 0.5000000000
34211  -22.055  -43.029  -37.580 0.5000000000
34191  -17.624  -43.409  -36.055 0.5000000000
33430  -18.265  -44.730  -36.254 0.5000000000
33402  -18.867  -44.482  -35.773 0.6000000238
122273  -21.886  -43.843  -37.224 0.5000000000
101010  -26.533  -42.249  -36.854 0.8000000119
35845  -26.760  -41.659  -37.373 0.8000000119
34166  -18.232  -43.972  -35.901 0.5000000000
34190  -16.935  -43.626  -36.441 0.4000000060
103003  -20.427  -41.640  -38.841 0.5000000000
36707  -25.908  -40.137  -39.802 0.8000000119
36690  -26.458  -40.317  -38.357 0.6999999881
37592  -23.757  -39.200  -42.720 0.8000000119
37574  -25.488  -39.548  -40.351 0.8000000119
37573  -24.992  -38.996  -40.849 0.8000000119
118194  -18.284  -39.165  -44.501 0.8999999762
37604  -18.922  -39.403  -44.150 0.8999999762
37605  -20.842  -39.095  -43.796 0.8000000119
38542  -18.775  -39.258  -45.133 0.8000000119
33407  -23.052  -43.464  -35.963 0.8000000119
34170  -24.156  -43.153  -35.704 0.8000000119
34154  -24.880  -42.948  -35.437 0.8000000119
33403  -19.728  -44.569  -35.343 0.6000000238
33432  -22.540  -43.712  -36.328 0.6000000238
35009  -25.522  -42.838  -35.931 0.8000000119
32647  -19.249  -45.132  -36.074 0.6000000238
32649  -20.975  -45.034  -35.958 0.6000000238
35030  -26.132  -42.592  -36.419 0.8000000119
107445  -26.455  -42.092  -36.186 0.6999999881
34167  -18.898  -43.886  -35.352 0.5000000000
33405  -21.410  -44.572  -35.322 0.6000000238
35008  -18.202  -43.300  -35.549 0.4000000060
34148  -19.594  -43.715  -34.591 0.4000000060
35007  -17.585  -42.635  -35.686 0.4000000060
34147  -18.785  -43.163  -34.947 0.4000000060
33388  -20.407  -44.262  -34.621 0.4000000060
36676  -26.788  -40.712  -37.549 0.6999999881
34992  -18.580  -42.434  -34.666 0.4000000060
34138  -19.856  -43.214  -33.749 0.5000000000
37560  -26.032  -39.819  -38.987 0.6999999881
34991  -17.935  -42.093  -35.121 0.3000000119
34993  -19.245  -42.850  -34.233 0.5000000000
38503  -24.147  -38.825  -42.012 0.8000000119
37585  -24.712  -39.336  -41.572 0.8000000119
37559  -25.616  -39.230  -39.539 0.8000000119
38518  -18.094  -38.938  -43.940 0.8000000119
38519  -19.294  -38.606  -43.515 1.0000000000
38520  -21.885  -38.536  -43.252 0.8000000119
38521  -22.946  -38.769  -43.100 0.8000000119
38489  -24.380  -38.528  -41.261 0.8000000119
38502  -23.373  -38.458  -42.277 0.8000000119
38541  -18.178  -39.664  -44.834 0.8000000119
117893  -20.760  -38.389  -43.248 0.8000000119
38501  -22.464  -38.119  -42.481 0.8000000119
38530  -18.184  -38.930  -44.434 0.8999999762
39493  -20.951  -37.585  -45.108 0.6999999881
39494  -21.996  -37.692  -45.428 0.6999999881
104428  -22.919  -37.079  -45.544 0.6999999881
39495  -23.750  -37.246  -46.033 0.6999999881
38547  -24.742  -38.235  -45.813 0.6000000238
102541  -24.168  -36.802  -45.907 0.6999999881
39497  -24.858  -37.545  -45.440 0.6000000238
40394  -24.588  -36.832  -45.572 0.6000000238
117461  -23.692  -43.259  -35.258 0.8000000119
34153  -24.227  -42.997  -35.000 0.8000000119
34151  -22.398  -43.895  -34.649 0.8000000119
116521  -23.019  -43.517  -34.330 0.8000000119
34168  -23.068  -43.555  -35.148 0.8000000119
33404  -20.677  -44.724  -35.297 0.6000000238
33389  -21.148  -44.382  -34.661 0.5000000000
35010  -26.078  -42.316  -35.693 0.6999999881
34149  -20.251  -43.736  -34.085 0.5000000000
33390  -21.782  -44.282  -34.813 0.6999999881
105499  -25.491  -42.530  -35.204 0.6999999881
35813  -26.522  -41.601  -35.554 0.6999999881
120777  -18.199  -42.707  -35.241 0.3000000119
35830  -26.721  -41.591  -36.444 0.6999999881
101568  -26.917  -41.020  -36.802 0.6999999881
101400  -26.976  -40.128  -36.797 0.6999999881
34982  -19.606  -42.426  -33.440 0.5000000000
103939  -26.601  -39.779  -37.703 0.6999999881
35799  -18.377  -41.662  -34.481 0.4000000060
35792  -19.413  -41.555  -33.232 0.4000000060
38477  -25.168  -38.691  -40.072 0.8000000119
121279  -26.221  -39.519  -38.333 0.6999999881
39447  -24.816  -37.886  -39.828 0.6999999881
38500  -21.327  -37.922  -42.684 0.8000000119
38488  -23.703  -38.142  -41.560 0.8000000119
104767  -17.819  -38.346  -43.960 0.8999999762
117061  -18.025  -38.004  -43.210 0.8999999762
39476  -19.775  -37.944  -42.853 0.8000000119
39467  -22.014  -37.491  -42.112 0.8000000119
39483  -17.675  -37.992  -43.957 0.8999999762
39484  -19.310  -38.095  -44.688 0.8999999762
39485  -20.565  -37.018  -44.709 0.8000000119
118066  -25.048  -38.813  -45.552 0.4000000060
40392  -21.881  -36.924  -45.176 0.6999999881
40393  -23.674  -36.486  -45.709 0.6999999881
40383  -24.937  -36.216  -45.115 0.5000000000
34152  -23.640  -43.240  -34.637 0.6999999881
34141  -22.796  -43.294  -33.599 0.6999999881
34987  -25.005  -42.279  -33.793 0.6999999881
34135  -21.589  -43.180  -33.006 0.6000000238
34142  -23.556  -43.116  -33.868 0.6999999881
34995  -26.006  -42.006  -34.936 0.6999999881
103959  -26.727  -40.938  -35.114 0.6999999881
36664  -26.966  -40.817  -35.941 0.6999999881
34983  -20.243  -42.736  -33.084 0.5000000000
37533  -26.766  -39.213  -37.171 0.6999999881
36629  -19.243  -40.651  -33.137 0.3000000119
35783  -20.710  -41.355  -32.038 0.5000000000
38476  -24.585  -38.217  -40.521 0.6999999881
38465  -25.802  -38.840  -38.683 0.6999999881
35782  -19.870  -41.005  -32.564 0.4000000060
38464  -25.347  -38.366  -39.343 0.6999999881
39446  -24.271  -37.441  -40.278 0.6999999881
39466  -20.737  -37.393  -42.432 0.8000000119
39468  -22.951  -37.781  -41.825 0.8000000119
39454  -23.364  -37.445  -41.269 0.8000000119
39464  -17.637  -37.158  -42.809 0.8000000119
40378  -17.724  -36.863  -43.568 0.8000000119
39475  -17.406  -37.292  -43.274 0.8000000119
110385  -18.927  -37.305  -44.269 0.8999999762
40379  -19.816  -36.402  -44.316 0.8000000119
40380  -21.546  -36.105  -44.758 0.8000000119
108003  -25.005  -36.948  -45.083 0.6000000238
40381  -22.769  -36.272  -45.276 0.6999999881
42111  -21.027  -34.730  -44.403 0.6999999881
34143  -24.260  -42.860  -34.227 0.6999999881
34977  -22.911  -42.245  -32.393 0.6000000238
34985  -23.258  -42.761  -33.128 0.6000000238
34986  -24.085  -42.537  -33.401 0.6999999881
116722  -25.474  -42.282  -34.532 0.6999999881
34134  -20.908  -43.032  -32.919 0.5000000000
107496  -22.004  -43.472  -33.488 0.6000000238
35793  -25.463  -41.456  -33.284 0.6999999881
35800  -25.776  -41.757  -34.136 0.6999999881
35801  -26.331  -41.334  -34.633 0.6999999881
34984  -22.328  -42.909  -32.859 0.6000000238
35791  -18.805  -41.191  -33.782 0.3000000119
34975  -20.759  -42.303  -32.449 0.5000000000
34976  -21.529  -42.648  -32.526 0.5000000000
35786  -23.531  -41.494  -32.070 0.6000000238
35785  -22.358  -41.542  -31.768 0.6000000238
100640  -27.183  -39.894  -35.891 0.6999999881
38432  -26.609  -38.392  -37.398 0.6999999881
110707  -27.106  -39.420  -36.486 0.6999999881
38452  -25.977  -38.085  -38.135 0.6999999881
108789  -20.109  -39.469  -32.365 0.3000000119
38451  -25.541  -38.053  -38.773 0.6999999881
39453  -22.607  -37.169  -41.565 0.8000000119
39445  -23.690  -37.068  -40.678 0.6999999881
39436  -25.164  -37.602  -39.210 0.6999999881
40349  -23.149  -36.733  -41.162 0.8000000119
39463  -17.182  -36.737  -43.047 0.8000000119
39465  -19.057  -37.417  -42.612 0.8000000119
40362  -21.656  -36.967  -41.941 0.8000000119
41209  -17.436  -35.896  -43.161 0.8000000119
42086  -19.163  -34.859  -42.542 0.8000000119
41199  -20.250  -35.759  -42.383 0.8000000119
104799  -21.535  -35.294  -42.245 0.8000000119
42087  -20.931  -34.683  -42.431 0.8000000119
41230  -24.384  -36.032  -45.531 0.6999999881
41220  -22.645  -35.442  -44.962 0.6000000238
42982  -21.402  -34.059  -44.390 0.6999999881
42983  -22.279  -33.659  -44.480 0.6000000238
42113  -23.569  -34.674  -45.192 0.6000000238
120706  -23.724  -42.207  -32.678 0.6000000238
35794  -26.115  -41.026  -33.750 0.6999999881
36631  -26.423  -40.160  -33.270 0.6999999881
36639  -26.629  -40.589  -34.339 0.6999999881
36649  -27.014  -40.262  -35.105 0.6999999881
36621  -21.160  -40.538  -31.716 0.4000000060
119355  -21.529  -41.210  -31.701 0.4000000060
36623  -23.706  -40.562  -31.720 0.5000000000
112448  -25.858  -40.759  -33.008 0.6999999881
37507  -27.253  -39.469  -35.152 0.6999999881
108790  -22.848  -40.680  -31.585 0.5000000000
104160  -23.154  -39.975  -31.569 0.5000000000
37520  -27.306  -39.107  -35.895 0.6999999881
37481  -20.879  -39.698  -31.931 0.3000000119
37482  -21.555  -39.950  -31.637 0.4000000060
38419  -27.097  -38.708  -36.625 0.6999999881
117515  -20.674  -38.712  -32.356 0.3000000119
38381  -21.566  -38.330  -32.363 0.3000000119
39408  -26.512  -37.598  -37.611 0.6999999881
39423  -25.601  -37.451  -38.633 0.6999999881
40348  -22.431  -36.458  -41.586 0.8000000119
40327  -24.641  -36.296  -39.676 0.6999999881
102399  -24.606  -37.103  -39.646 0.6999999881
40304  -26.444  -36.863  -37.903 0.6999999881
40328  -25.215  -36.778  -39.093 0.6999999881
40316  -26.352  -36.196  -38.315 0.6999999881
40360  -18.855  -36.664  -42.460 0.8000000119
41200  -21.523  -36.179  -42.064 0.8000000119
40339  -24.129  -36.669  -40.172 0.6999999881
40315  -25.727  -36.129  -38.849 0.6999999881
106565  -26.184  -35.599  -38.688 0.6999999881
40361  -20.398  -36.810  -42.296 0.8000000119
41188  -23.100  -35.889  -41.277 0.8000000119
41167  -24.856  -35.339  -39.782 0.8000000119
41168  -25.688  -35.276  -39.217 0.6999999881
40359  -17.591  -36.401  -42.773 0.8000000119
121099  -22.696  -34.789  -41.819 0.8000000119
108553  -24.394  -35.038  -40.450 0.8000000119
40358  -17.336  -35.988  -43.058 0.8000000119
42088  -22.155  -34.536  -42.190 0.8000000119
42055  -24.175  -34.290  -40.845 0.8000000119
41210  -17.981  -35.057  -43.450 0.8000000119
42070  -22.986  -34.213  -41.769 0.8000000119
42941  -23.609  -33.744  -41.350 0.8000000119
108218  -17.301  -34.990  -43.001 0.8000000119
42956  -21.439  -33.678  -42.418 0.8000000119
101771  -25.213  -35.771  -44.449 0.5000000000
42122  -24.274  -35.150  -45.378 0.6000000238
42101  -18.063  -34.135  -43.413 0.8000000119
42981  -19.964  -34.015  -44.149 0.8000000119
106958  -24.831  -35.213  -45.048 0.6000000238
42114  -24.445  -34.269  -45.122 0.6000000238
101595  -23.108  -33.988  -44.733 0.6000000238
34978  -24.550  -41.766  -32.757 0.6999999881
36630  -25.727  -40.124  -32.646 0.6999999881
37499  -26.981  -39.686  -34.184 0.6999999881
104394  -24.456  -40.318  -32.023 0.5000000000
37490  -26.122  -39.381  -32.706 0.6999999881
119366  -22.331  -39.749  -31.592 0.4000000060
107222  -22.318  -38.773  -31.937 0.4000000060
106301  -23.109  -39.224  -31.685 0.5000000000
37500  -27.293  -38.932  -34.531 0.6999999881
38410  -27.408  -38.272  -35.829 0.6999999881
112754  -22.321  -37.961  -32.473 0.3000000119
38383  -23.913  -38.906  -31.817 0.5000000000
38402  -27.455  -38.260  -34.858 0.6999999881
40254  -22.367  -37.219  -32.938 0.3000000119
39398  -27.480  -37.534  -35.986 0.6999999881
115106  -27.428  -36.396  -36.842 0.6999999881
40338  -23.650  -36.267  -40.715 0.8000000119
107068  -25.215  -35.985  -39.314 0.6999999881
41178  -24.216  -35.826  -40.265 0.6999999881
41159  -26.427  -34.930  -38.755 0.6999999881
41187  -22.401  -35.471  -41.805 0.8000000119
42043  -25.362  -34.513  -39.658 0.8000000119
41198  -18.589  -35.872  -42.523 0.8000000119
42056  -24.786  -34.444  -40.194 0.8000000119
115944  -17.708  -35.440  -42.809 0.8000000119
42927  -24.218  -33.287  -40.853 0.8000000119
42085  -17.732  -34.252  -42.910 0.8000000119
42084  -17.257  -34.969  -43.003 0.8000000119
108063  -20.217  -34.057  -42.522 0.8000000119
42957  -22.456  -33.713  -42.148 0.8000000119
121887  -23.013  -32.632  -41.728 0.8000000119
42100  -17.543  -34.120  -43.049 0.8000000119
42953  -17.599  -33.102  -43.162 0.8000000119
109483  -21.213  -32.787  -42.433 0.8000000119
43693  -24.017  -32.412  -40.932 0.8000000119
35787  -24.305  -41.036  -32.153 0.6000000238
36624  -25.062  -40.044  -32.335 0.6000000238
108200  -21.520  -39.191  -31.883 0.3000000119
37485  -25.328  -39.400  -32.400 0.6000000238
38385  -25.637  -38.682  -32.489 0.6999999881
37492  -27.126  -38.936  -33.774 0.6999999881
38384  -24.728  -38.655  -32.254 0.6000000238
38393  -26.414  -38.570  -32.757 0.6999999881
38394  -26.997  -38.409  -33.257 0.6999999881
38395  -27.365  -38.310  -33.962 0.6999999881
113768  -21.702  -37.535  -32.815 0.3000000119
39350  -22.912  -37.591  -32.621 0.3000000119
39368  -26.677  -37.736  -32.855 0.6999999881
39364  -21.250  -37.142  -33.204 0.3000000119
41113  -23.618  -35.603  -33.457 0.3000000119
39376  -27.515  -37.566  -34.312 0.6999999881
39386  -27.542  -37.583  -35.223 0.6999999881
41128  -21.573  -34.995  -34.464 0.3000000119
41975  -22.336  -35.122  -34.066 0.3000000119
117101  -23.078  -35.190  -33.741 0.3000000119
41976  -23.776  -34.860  -33.631 0.3000000119
117459  -21.440  -34.439  -34.719 0.3000000119
40305  -27.050  -36.125  -37.585 0.6999999881
41160  -26.817  -35.474  -38.231 0.6999999881
107894  -25.701  -33.895  -39.543 0.8000000119
42928  -24.641  -33.790  -40.461 0.8000000119
119469  -24.769  -33.253  -40.350 0.8000000119
42954  -18.162  -33.133  -42.780 0.8000000119
106805  -18.985  -33.913  -42.630 0.8000000119
42955  -19.931  -33.141  -42.562 0.8000000119
43718  -21.505  -32.046  -42.307 0.8000000119
43704  -22.555  -31.883  -41.841 0.8000000119
42971  -17.456  -33.086  -43.136 0.8000000119
43717  -20.209  -32.101  -42.499 0.8000000119
108192  -18.702  -33.120  -43.734 0.8000000119
43733  -19.478  -32.223  -43.824 0.6999999881
42972  -20.843  -33.159  -44.228 0.6000000238
39367  -25.888  -37.919  -32.541 0.6000000238
39369  -27.227  -37.611  -33.496 0.6999999881
40256  -24.204  -36.903  -32.711 0.4000000060
40269  -26.063  -37.029  -32.637 0.6000000238
40270  -26.912  -36.842  -33.085 0.6999999881
104984  -26.211  -36.010  -32.868 0.4000000060
40271  -27.483  -36.684  -33.824 0.6999999881
107153  -27.652  -36.873  -34.731 0.6999999881
40287  -27.618  -36.922  -35.588 0.6999999881
41995  -23.969  -34.040  -33.828 0.3000000119
121188  -25.977  -35.335  -33.084 0.4000000060
41116  -27.577  -35.830  -33.838 0.6000000238
41138  -28.078  -35.536  -35.078 0.6999999881
107837  -27.754  -36.159  -35.991 0.6999999881
100677  -27.654  -35.660  -36.824 0.6999999881
41142  -28.089  -35.219  -36.010 0.6999999881
41152  -27.451  -35.198  -37.595 0.6999999881
42035  -27.178  -34.679  -38.261 0.6999999881
43705  -23.566  -32.921  -41.357 0.8000000119
44433  -24.954  -32.099  -40.150 0.8000000119
107799  -22.275  -32.872  -42.202 0.8000000119
105618  -23.396  -32.111  -41.376 0.8000000119
43715  -17.521  -32.165  -42.947 0.8000000119
108852  -23.248  -33.250  -44.693 0.6000000238
43732  -17.847  -32.187  -43.306 0.8000000119
43747  -21.165  -32.099  -44.121 0.6000000238
115684  -19.939  -31.312  -43.740 0.6999999881
39352  -25.181  -38.089  -32.418 0.6000000238
39366  -25.164  -37.358  -32.509 0.6000000238
107801  -24.329  -35.322  -33.357 0.3000000119
41977  -24.738  -34.608  -33.415 0.3000000119
41978  -25.789  -34.744  -33.262 0.3000000119
107692  -26.561  -35.256  -33.255 0.5000000000
41998  -26.668  -34.480  -33.417 0.5000000000
41130  -28.139  -34.839  -34.662 0.6999999881
43631  -23.127  -32.889  -34.521 0.3000000119
42864  -24.136  -33.112  -34.181 0.3000000119
42868  -27.710  -33.795  -33.977 0.4000000060
41139  -28.333  -34.673  -35.281 0.6999999881
43647  -22.517  -32.221  -34.780 0.3000000119
41143  -28.329  -34.385  -36.084 0.6000000238
42895  -27.921  -33.468  -37.574 0.6000000238
42026  -28.238  -33.976  -36.874 0.6000000238
42905  -26.859  -33.327  -38.761 0.8000000119
42906  -27.387  -33.836  -38.251 0.6999999881
43665  -28.066  -32.504  -37.486 0.6000000238
42918  -26.259  -33.638  -39.238 0.8000000119
110198  -27.475  -32.984  -38.198 0.6999999881
43695  -25.164  -32.859  -40.029 0.8000000119
42917  -25.700  -33.199  -39.586 0.8000000119
43674  -26.379  -32.040  -39.135 0.6999999881
116761  -26.904  -32.550  -38.734 0.6999999881
112759  -27.460  -32.174  -38.215 0.6999999881
116313  -24.402  -32.018  -40.560 0.8000000119
43683  -25.652  -32.264  -39.607 0.8000000119
44425  -25.909  -31.380  -39.384 0.6999999881
44431  -23.873  -31.525  -40.859 0.8000000119
44432  -24.585  -31.409  -40.355 0.8000000119
43716  -18.561  -32.192  -42.657 0.8000000119
106433  -18.838  -31.238  -42.593 0.8000000119
120110  -21.687  -31.264  -42.074 0.8000000119
44443  -23.141  -31.272  -41.360 0.8000000119
44453  -17.624  -31.381  -42.889 0.8000000119
108860  -20.341  -31.018  -42.361 0.8000000119
110512  -22.305  -30.869  -41.666 0.8000000119
43731  -17.512  -32.141  -43.066 0.8000000119
111304  -17.461  -31.427  -43.024 0.8000000119
44467  -17.671  -30.856  -43.033 0.6999999881
43748  -22.324  -32.745  -44.395 0.6000000238
43749  -23.462  -32.408  -44.651 0.6000000238
44468  -18.347  -31.315  -43.387 0.8000000119
119806  -20.235  -30.744  -43.686 0.6999999881
41979  -27.370  -35.106  -33.635 0.5000000000
41129  -27.869  -35.344  -34.295 0.5000000000
41999  -27.837  -34.573  -34.109 0.5000000000
42865  -25.001  -32.829  -33.887 0.3000000119
42000  -28.241  -34.029  -34.683 0.5000000000
42008  -28.439  -33.975  -35.440 0.6000000238
43633  -24.671  -32.304  -34.258 0.3000000119
43634  -25.561  -32.293  -34.016 0.3000000119
42883  -28.413  -33.205  -35.310 0.6000000238
108087  -22.918  -31.485  -34.744 0.3000000119
114946  -24.390  -31.787  -34.442 0.3000000119
43635  -26.660  -32.538  -33.816 0.3000000119
44380  -23.757  -31.505  -34.592 0.3000000119
42896  -28.365  -33.150  -36.827 0.6000000238
45134  -22.647  -30.710  -34.839 0.3000000119
122006  -26.924  -31.884  -38.687 0.6999999881
112711  -23.516  -30.782  -40.958 0.8000000119
45183  -24.853  -30.699  -40.083 0.6999999881
45184  -25.512  -30.658  -39.603 0.6999999881
106566  -24.135  -30.711  -40.556 0.6999999881
45203  -22.913  -30.401  -41.277 0.8000000119
45189  -23.537  -30.058  -40.796 0.6999999881
44455  -21.144  -30.309  -42.046 0.6999999881
45975  -22.761  -29.507  -41.200 0.6000000238
44484  -24.210  -31.737  -44.438 0.6000000238
45210  -18.051  -30.472  -42.909 0.6999999881
45988  -18.489  -29.317  -42.964 0.6999999881
45211  -18.335  -29.751  -42.936 0.6999999881
44469  -21.221  -31.180  -43.911 0.6999999881
103715  -22.062  -30.814  -44.062 0.6999999881
106674  -18.875  -30.299  -43.320 0.6999999881
48437  -21.547  -26.247  -43.593 0.5000000000
106694  -22.042  -27.015  -43.725 0.5000000000
113671  -28.462  -32.936  -36.119 0.6000000238
43648  -28.382  -32.366  -35.789 0.6000000238
44407  -28.328  -31.645  -37.101 0.6000000238
44406  -27.860  -31.730  -37.730 0.6999999881
106150  -27.992  -30.999  -37.536 0.6999999881
117606  -26.577  -31.291  -38.898 0.6999999881
45913  -20.293  -29.166  -35.221 0.3000000119
45185  -26.206  -30.565  -39.150 0.6999999881
44415  -27.371  -31.286  -38.277 0.6999999881
45202  -21.955  -29.887  -41.594 0.6999999881
45190  -24.403  -29.853  -40.299 0.6999999881
106366  -25.107  -30.069  -39.804 0.6000000238
44454  -18.877  -30.367  -42.650 0.6999999881
45212  -19.495  -29.615  -42.574 0.6999999881
45201  -20.700  -29.254  -42.176 0.6999999881
45974  -21.697  -28.942  -41.642 0.6000000238
45990  -19.436  -28.662  -42.859 0.6999999881
44482  -22.526  -31.708  -44.319 0.6000000238
44483  -23.742  -31.652  -44.546 0.5000000000
108189  -19.391  -29.178  -43.270 0.6999999881
45998  -19.925  -28.487  -43.285 0.6999999881
109501  -20.686  -29.317  -43.551 0.6999999881
45999  -21.353  -28.881  -43.576 0.6000000238
43637  -28.208  -32.420  -34.955 0.5000000000
44382  -27.822  -31.064  -35.193 0.4000000060
44383  -28.176  -31.685  -35.490 0.5000000000
44393  -28.352  -31.610  -36.310 0.6000000238
45139  -28.167  -30.910  -35.952 0.5000000000
45153  -28.309  -30.856  -36.763 0.6000000238
45166  -28.067  -30.188  -37.258 0.6000000238
45914  -21.191  -29.335  -35.028 0.3000000119
45174  -26.911  -30.537  -38.605 0.6999999881
45959  -26.610  -29.788  -38.815 0.6000000238
45958  -25.787  -29.724  -39.392 0.6000000238
45957  -25.025  -29.307  -39.810 0.6000000238
46758  -22.632  -28.601  -41.228 0.6000000238
45964  -23.602  -29.110  -40.677 0.6000000238
45973  -20.580  -28.359  -42.419 0.6999999881
46757  -21.600  -28.073  -41.848 0.6000000238
45989  -19.244  -28.638  -43.021 0.6999999881
45223  -22.163  -29.975  -43.865 0.6999999881
44470  -23.141  -30.908  -44.273 0.6000000238
45225  -24.167  -30.427  -43.873 0.5000000000
45224  -23.471  -30.237  -44.054 0.6000000238
46001  -23.847  -29.552  -43.824 0.5000000000
46769  -19.752  -28.099  -43.059 0.6000000238
46000  -22.835  -29.162  -43.756 0.5000000000
46779  -20.516  -27.918  -43.339 0.5000000000
46780  -22.759  -28.038  -43.666 0.5000000000
109295  -23.604  -28.754  -43.733 0.5000000000
48438  -22.750  -26.087  -44.069 0.5000000000
45124  -27.422  -30.585  -34.894 0.4000000060
45138  -27.746  -30.344  -35.500 0.4000000060
45137  -25.315  -29.889  -34.507 0.4000000060
46698  -20.979  -28.538  -34.947 0.3000000119
107315  -21.550  -28.006  -34.820 0.3000000119
108841  -23.346  -28.796  -34.673 0.3000000119
115298  -27.255  -29.871  -38.324 0.6000000238
48344  -20.856  -26.541  -35.142 0.3000000119
109011  -26.416  -28.941  -38.999 0.6000000238
46742  -25.627  -28.694  -39.464 0.5000000000
46748  -23.414  -28.184  -40.762 0.6000000238
46749  -24.139  -28.479  -40.397 0.6000000238
46741  -24.833  -28.344  -39.902 0.6000000238
105326  -22.541  -27.682  -41.383 0.6000000238
47602  -20.080  -27.759  -43.046 0.6999999881
118779  -21.442  -27.603  -43.531 0.5000000000
45899  -26.336  -29.822  -34.600 0.4000000060
45900  -27.208  -29.944  -34.943 0.4000000060
45152  -28.033  -30.033  -36.358 0.5000000000
45919  -26.895  -29.042  -35.019 0.4000000060
45941  -27.946  -29.410  -37.014 0.4000000060
45950  -27.672  -29.641  -37.750 0.5000000000
115234  -22.029  -27.438  -34.845 0.3000000119
120093  -22.336  -27.009  -34.920 0.3000000119
122409  -22.963  -28.241  -34.702 0.4000000060
104504  -27.631  -28.999  -37.522 0.4000000060
48346  -22.612  -26.473  -35.081 0.3000000119
47526  -23.982  -27.190  -34.892 0.4000000060
45949  -27.218  -29.089  -38.291 0.6000000238
47575  -25.543  -27.806  -39.505 0.5000000000
47583  -24.204  -27.781  -40.349 0.6000000238
114323  -25.564  -26.978  -39.488 0.5000000000
47582  -23.461  -27.341  -40.793 0.6000000238
46756  -20.638  -27.498  -42.698 0.6000000238
117739  -22.056  -27.052  -41.871 0.6000000238
102503  -20.290  -27.530  -42.979 0.5000000000
47610  -20.805  -27.113  -43.283 0.5000000000
48427  -21.161  -26.511  -43.248 0.5000000000
49223  -21.562  -25.948  -43.455 0.5000000000
49230  -21.988  -25.323  -44.015 0.5000000000
49231  -23.063  -25.222  -44.385 0.5000000000
119426  -27.579  -29.540  -35.629 0.4000000060
45932  -27.719  -29.129  -36.314 0.4000000060
46703  -27.048  -28.207  -35.509 0.4000000060
46725  -27.721  -28.658  -36.912 0.4000000060
48345  -21.806  -26.655  -35.047 0.3000000119
118133  -26.656  -27.646  -38.750 0.4000000060
113873  -27.466  -28.253  -37.683 0.5000000000
115878  -21.374  -25.851  -35.249 0.3000000119
47576  -26.172  -27.358  -39.143 0.4000000060
47574  -24.879  -27.376  -39.858 0.5000000000
48399  -26.218  -26.611  -39.071 0.4000000060
48409  -24.242  -26.939  -40.349 0.6000000238
122197  -25.670  -26.286  -39.396 0.5000000000
47594  -22.772  -26.854  -41.404 0.6000000238
48408  -23.512  -26.496  -40.851 0.5000000000
48428  -21.303  -26.088  -43.015 0.5000000000
47604  -21.289  -26.846  -42.584 0.6000000238
48419  -22.835  -26.022  -41.562 0.6000000238
48418  -22.025  -26.389  -42.198 0.6000000238
104976  -22.213  -24.660  -44.030 0.5000000000
49237  -24.200  -24.756  -44.811 0.5000000000
50889  -20.422  -23.284  -35.827 0.3000000119
50891  -21.625  -23.622  -35.540 0.4000000060
51746  -22.102  -22.856  -35.574 0.4000000060
108260  -20.095  -21.877  -36.416 0.4000000060
49214  -22.940  -25.136  -41.734 0.5000000000
50071  -24.259  -24.116  -40.436 0.5000000000
50064  -24.855  -24.385  -39.807 0.5000000000
50079  -23.099  -24.164  -42.008 0.5000000000
49224  -21.872  -25.243  -43.511 0.5000000000
50078  -22.346  -24.684  -42.790 0.6000000238
50101  -24.666  -23.941  -44.927 0.5000000000
50968  -23.461  -23.331  -44.239 0.5000000000
50971  -23.797  -23.621  -44.734 0.6000000238
50969  -24.416  -23.046  -44.542 0.4000000060
51761  -21.427  -22.174  -35.803 0.4000000060
111244  -22.816  -23.217  -35.507 0.4000000060
107236  -23.105  -23.477  -42.817 0.5000000000
50946  -23.346  -23.316  -42.063 0.5000000000
50070  -23.637  -23.671  -41.219 0.5000000000
50085  -22.324  -24.386  -43.667 0.5000000000
50958  -22.827  -23.710  -43.661 0.5000000000
112828  -23.348  -23.135  -43.536 0.5000000000
51762  -22.307  -21.955  -35.665 0.4000000060
53436  -20.369  -21.066  -36.498 0.4000000060
50932  -24.771  -23.565  -39.912 0.4000000060
51808  -23.583  -22.661  -42.962 0.4000000060
51821  -24.280  -22.071  -43.691 0.4000000060
51820  -23.901  -22.603  -44.026 0.5000000000
51826  -24.778  -21.949  -44.345 0.3000000119
50939  -24.155  -23.094  -40.724 0.4000000060
51809  -24.214  -21.907  -42.813 0.4000000060
52652  -24.716  -21.292  -44.024 0.5000000000
52653  -25.582  -20.754  -44.079 0.4000000060
52643  -26.981  -21.197  -43.068 0.4000000060
52629  -24.722  -20.791  -41.804 0.4000000060
53503  -26.420  -20.199  -43.659 0.4000000060
52655  -27.008  -20.347  -43.342 0.4000000060
52644  -27.428  -20.828  -42.304 0.4000000060
52630  -25.358  -20.029  -42.019 0.4000000060
52642  -25.459  -20.262  -43.102 0.3000000119
53493  -26.183  -19.643  -42.989 0.4000000060
53471  -25.362  -20.105  -40.736 0.4000000060
54300  -26.744  -19.147  -42.597 0.3000000119
53494  -26.984  -19.705  -43.176 0.4000000060
53495  -27.425  -19.960  -42.650 0.4000000060
103084  -27.741  -20.502  -41.714 0.4000000060
54312  -27.354  -19.289  -42.489 0.5000000000
53482  -25.849  -19.295  -42.071 0.4000000060
32758  -25.566  -45.769  -42.023 0.6999999881
31123  -20.681  -47.508  -40.618 0.6000000238
117029  -25.751  -44.475  -40.672 0.8000000119
33488  -23.616  -44.747  -39.158 0.6000000238
33470  -24.561  -44.432  -38.396 0.6000000238
35082  -25.972  -42.251  -41.150 0.8000000119
34264  -17.586  -41.774  -40.586 0.4000000060
36754  -18.875  -41.140  -44.943 0.8000000119
110174  -24.303  -43.668  -37.265 0.6000000238
32716  -21.069  -44.819  -38.152 0.5000000000
102573  -26.675  -42.030  -38.146 0.8000000119
33406  -22.261  -44.104  -35.415 0.6000000238
34150  -21.684  -43.942  -34.146 0.6000000238
101347  -24.012  -37.780  -40.934 0.6999999881
119590  -25.123  -40.829  -32.546 0.6999999881
42940  -23.025  -33.341  -41.784 0.8000000119
37491  -26.755  -39.219  -33.222 0.6999999881
42034  -26.711  -34.138  -38.783 0.6999999881
41115  -27.129  -35.959  -33.351 0.6000000238
42014  -27.957  -34.807  -36.844 0.6999999881
42025  -27.738  -34.338  -37.591 0.6000000238
104148  -27.336  -34.311  -33.671 0.5000000000
44371  -27.769  -31.741  -34.745 0.4000000060
49236  -22.895  -24.595  -44.387 0.5000000000
46716  -27.472  -28.265  -36.208 0.4000000060
50947  -23.701  -22.690  -41.742 0.4000000060
31193  -19.842  -47.822  -48.409 0.5000000000
118519  -21.297  -48.425  -46.498 0.6999999881
32784  -21.607  -45.066  -47.540 0.5000000000
30282  -21.896  -48.831  -39.673 0.5000000000
112061  -25.449  -46.069  -43.372 0.6999999881
32762  -25.330  -45.310  -43.700 0.6999999881
112752  -22.233  -45.309  -45.578 0.6999999881
34299  -20.917  -43.144  -47.065 0.6999999881
118341  -23.175  -41.779  -46.895 0.5000000000
118565  -19.358  -42.393  -46.406 0.6999999881
34280  -25.472  -43.977  -43.205 0.6999999881
35916  -18.696  -41.992  -45.850 0.8000000119
35896  -25.436  -41.933  -42.439 0.8000000119
36775  -23.997  -40.479  -46.749 0.6000000238
37634  -23.740  -39.593  -46.517 0.6000000238
36766  -25.415  -40.525  -46.063 0.4000000060
34252  -18.000  -41.643  -40.208 0.3000000119
33499  -19.096  -42.227  -40.709 0.5000000000
109577  -25.708  -43.436  -37.293 0.8000000119
33468  -22.167  -42.777  -37.973 0.5000000000
119555  -18.844  -41.242  -39.915 0.4000000060
35065  -19.419  -41.313  -39.433 0.5000000000
34253  -19.890  -41.235  -39.280 0.5000000000
37586  -25.327  -39.858  -41.134 0.8000000119
38555  -23.040  -38.713  -46.090 0.6999999881
39496  -24.354  -37.532  -46.045 0.6000000238
38531  -25.157  -38.255  -45.128 0.4000000060
32730  -20.413  -45.330  -38.699 0.5000000000
33466  -20.803  -42.394  -38.366 0.5000000000
32672  -20.593  -45.612  -36.677 0.5000000000
32673  -21.328  -45.004  -36.519 0.6000000238
33452  -22.066  -44.036  -36.802 0.6000000238
33467  -21.570  -43.326  -37.743 0.5000000000
33431  -21.749  -44.512  -35.995 0.6000000238
33385  -20.863  -43.959  -34.042 0.5000000000
34981  -19.007  -42.034  -33.973 0.4000000060
34139  -20.531  -43.398  -33.528 0.5000000000
34994  -24.913  -42.682  -34.680 0.6999999881
118306  -22.417  -43.673  -34.014 0.6999999881
34974  -20.027  -41.931  -32.675 0.5000000000
37547  -26.273  -38.941  -37.896 0.6999999881
34140  -21.221  -43.551  -33.480 0.6000000238
36620  -20.394  -40.363  -32.160 0.3000000119
41219  -20.551  -35.511  -44.389 0.8000000119
41218  -18.773  -35.733  -43.897 0.8000000119
101057  -21.725  -35.283  -44.627 0.6000000238
40382  -23.613  -35.653  -45.450 0.6000000238
42112  -22.322  -34.573  -44.639 0.6000000238
111373  -22.133  -42.299  -32.222 0.6000000238
35784  -21.498  -41.956  -31.982 0.5000000000
36622  -21.960  -40.614  -31.567 0.4000000060
108312  -25.859  -36.813  -38.486 0.6999999881
42110  -19.418  -34.839  -44.059 0.8000000119
37483  -23.830  -39.728  -31.677 0.5000000000
37508  -27.372  -38.814  -35.269 0.6999999881
39409  -27.134  -37.803  -36.767 0.6999999881
39349  -20.968  -37.767  -32.760 0.3000000119
39424  -26.052  -37.374  -38.165 0.6999999881
109245  -27.048  -36.982  -37.228 0.6999999881
41177  -23.764  -35.274  -40.934 0.8000000119
42071  -23.552  -34.491  -41.309 0.8000000119
38382  -23.155  -38.333  -32.190 0.5000000000
116590  -23.964  -38.255  -32.223 0.5000000000
114000  -23.629  -37.612  -32.529 0.4000000060
40296  -27.419  -36.977  -36.422 0.6999999881
39365  -21.802  -36.876  -33.290 0.3000000119
102845  -24.335  -36.039  -33.110 0.3000000119
40268  -25.211  -36.447  -32.701 0.6000000238
41114  -25.209  -35.479  -33.068 0.4000000060
40278  -27.762  -36.083  -34.445 0.6999999881
118299  -27.797  -36.325  -35.147 0.6999999881
44424  -25.250  -31.426  -39.860 0.8000000119
116639  -25.344  -34.241  -33.403 0.3000000119
115125  -23.229  -32.067  -34.620 0.3000000119
42869  -28.038  -33.168  -34.486 0.5000000000
42887  -28.449  -33.606  -36.100 0.6000000238
43684  -26.325  -32.841  -39.228 0.8000000119
45222  -20.704  -30.218  -43.670 0.6999999881
42866  -25.809  -33.110  -33.625 0.3000000119
43632  -23.884  -32.307  -34.454 0.3000000119
44381  -24.055  -30.738  -34.619 0.3000000119
43666  -28.413  -32.361  -36.626 0.6000000238
45175  -27.615  -30.403  -38.008 0.6999999881
103552  -24.432  -29.005  -40.237 0.6000000238
46770  -19.771  -28.047  -43.063 0.6999999881
44471  -23.961  -31.059  -44.331 0.5000000000
44370  -27.272  -31.132  -34.602 0.4000000060
47593  -21.632  -27.440  -42.062 0.6000000238
46700  -24.204  -28.614  -34.643 0.4000000060
104256  -22.309  -28.109  -34.742 0.3000000119
107647  -21.264  -27.329  -34.939 0.3000000119
46732  -26.911  -28.252  -38.562 0.5000000000
47525  -22.921  -27.374  -34.837 0.4000000060
46743  -26.227  -28.113  -39.116 0.5000000000
114250  -27.567  -27.981  -36.874 0.4000000060
47566  -26.747  -27.012  -38.602 0.4000000060
48398  -24.919  -26.391  -39.831 0.5000000000
49213  -22.101  -25.545  -42.500 0.6000000238
50890  -20.956  -23.655  -35.605 0.3000000119
112687  -23.639  -24.665  -40.982 0.5000000000
52641  -24.700  -20.985  -43.031 0.4000000060
53484  -27.804  -19.767  -41.805 0.4000000060
53483  -25.621  -19.195  -41.134 0.4000000060
53485  -28.205  -19.743  -40.882 0.3000000119
28795  -23.083  -50.821  -44.584 0.5000000000
121750  -22.575  -50.780  -45.265 0.5000000000
28764  -23.780  -50.752  -42.259 0.4000000060
28779  -23.809  -50.611  -43.155 0.5000000000
103823  -23.570  -51.236  -43.049 0.5000000000
100715  -23.375  -51.176  -43.768 0.5000000000
29587  -23.853  -49.871  -44.313 0.6000000238
29598  -23.025  -50.044  -45.127 0.6000000238
28753  -23.784  -50.516  -41.216 0.5000000000
28765  -24.181  -50.083  -42.590 0.5000000000
28780  -24.328  -49.798  -43.410 0.5000000000
28754  -24.181  -49.804  -41.734 0.5000000000
29588  -24.588  -49.005  -44.099 0.6000000238
30369  -24.176  -48.492  -44.707 0.6000000238
30368  -23.859  -49.272  -44.709 0.6000000238
101857  -23.150  -48.952  -45.393 0.6000000238
105234  -23.571  -47.909  -45.235 0.6000000238
112497  -22.449  -48.010  -45.906 0.6000000238
29545  -23.846  -49.759  -40.879 0.5000000000
105304  -24.526  -49.048  -41.818 0.5000000000
29515  -22.937  -49.459  -39.781 0.5000000000
29529  -23.409  -49.611  -40.214 0.5000000000
29562  -24.550  -49.387  -42.477 0.5000000000
30356  -24.838  -48.913  -43.157 0.5000000000
29546  -24.196  -49.109  -41.217 0.5000000000
30343  -24.849  -48.623  -42.304 0.5000000000
30357  -24.985  -48.371  -43.615 0.6000000238
30284  -23.242  -48.833  -40.181 0.5000000000
29530  -23.751  -49.162  -40.661 0.5000000000
30370  -24.853  -48.088  -44.174 0.6000000238
112992  -22.607  -49.035  -39.744 0.5000000000
30379  -24.379  -47.582  -44.665 0.6000000238
31169  -22.991  -47.264  -45.543 0.6000000238
30327  -24.533  -48.326  -41.514 0.5000000000
31151  -25.066  -47.847  -42.123 0.5000000000
30344  -25.152  -48.152  -42.913 0.6000000238
31152  -25.330  -47.354  -42.756 0.6000000238
30308  -23.908  -48.495  -40.838 0.5000000000
31159  -25.210  -47.676  -43.554 0.6000000238
31954  -22.965  -46.534  -45.466 0.6000000238
31127  -24.120  -47.672  -40.991 0.5000000000
31141  -25.232  -47.051  -41.998 0.5000000000
31126  -23.335  -47.811  -40.509 0.5000000000
30283  -22.606  -48.339  -40.009 0.5000000000
31927  -24.329  -46.861  -40.993 0.6000000238
31140  -24.713  -47.412  -41.494 0.5000000000
31942  -25.474  -46.451  -42.597 0.6000000238
31125  -22.421  -47.454  -40.278 0.5000000000
31936  -24.904  -46.629  -41.409 0.5000000000
31937  -25.343  -46.375  -41.832 0.6000000238
113916  -23.833  -38.796  -46.421 0.5000000000
37484  -24.567  -39.495  -32.064 0.5000000000
42044  -26.039  -34.406  -39.241 0.6000000238
104623  -27.818  -18.852  -41.737 0.4000000060
54302  -28.218  -19.033  -40.801 0.3000000119
54293  -28.385  -18.815  -39.997 0.3000000119
54283  -28.509  -18.609  -38.970 0.3000000119
27177  -23.627  -52.174  -41.856 0.4000000060
28004  -23.356  -51.876  -43.487 0.5000000000
28809  -22.041  -50.606  -45.840 0.5000000000
27976  -23.638  -51.322  -41.584 0.4000000060
29597  -22.175  -49.812  -45.734 0.5000000000
30378  -21.932  -49.086  -46.128 0.5000000000
27953  -23.521  -51.115  -40.673 0.4000000060
28737  -23.485  -50.358  -40.372 0.5000000000
28714  -23.009  -50.143  -39.745 0.5000000000
29514  -22.277  -49.696  -39.569 0.3000000119
29513  -21.491  -49.524  -39.580 0.4000000060
29528  -20.214  -49.472  -40.139 0.4000000060
111132  -24.800  -39.953  -46.306 0.4000000060
37630  -25.172  -39.539  -45.708 0.4000000060
37635  -24.359  -39.245  -46.386 0.4000000060
39351  -24.460  -37.802  -32.426 0.5000000000
42984  -23.915  -33.710  -45.153 0.5000000000
101704  -24.126  -32.947  -45.017 0.5000000000
43750  -24.193  -32.308  -44.715 0.5000000000
101233  -28.549  -17.581  -37.811 0.3000000119
31101  -21.983  -48.040  -40.033 0.6000000238
42985  -24.372  -33.465  -44.979 0.5000000000
27991  -23.563  -51.622  -42.516 0.4000000060
119023  -23.716  -50.476  -43.861 0.6000000238
30390  -20.977  -49.250  -46.717 0.4000000060
113734  -23.101  -51.053  -39.870 0.4000000060
31909  -19.989  -46.159  -38.975 0.4000000060
32729  -19.722  -44.635  -39.264 0.3000000119
33484  -19.189  -42.426  -39.308 0.4000000060
108645  -20.048  -46.561  -37.686 0.4000000060
31889  -20.398  -46.135  -38.254 0.4000000060
31843  -18.051  -46.308  -36.944 0.4000000060
31844  -19.110  -46.511  -36.945 0.4000000060
31864  -19.430  -46.880  -37.547 0.4000000060
32696  -16.148  -45.761  -37.302 0.3000000119
32697  -17.050  -45.981  -37.131 0.3000000119
32668  -16.677  -45.103  -36.954 0.4000000060
32669  -17.624  -45.290  -36.656 0.5000000000
105334  -17.137  -44.491  -36.582 0.4000000060
42867  -26.823  -33.594  -33.574 0.3000000119
107495  -27.438  -33.094  -33.904 0.3000000119
43636  -27.592  -32.446  -34.297 0.3000000119
49206  -23.602  -25.628  -40.897 0.4000000060
116576  -26.503  -31.190  -34.381 0.3000000119
115341  -24.210  -26.160  -40.415 0.4000000060
49197  -24.538  -25.246  -40.162 0.4000000060
45917  -24.767  -29.220  -34.559 0.3000000119
110547  -23.655  -28.023  -34.710 0.3000000119
110411  -25.421  -25.626  -39.493 0.4000000060
121628  -25.265  -24.893  -39.526 0.3000000119
45918  -25.804  -29.073  -34.616 0.3000000119
46702  -26.207  -28.252  -34.936 0.3000000119
46701  -25.182  -28.411  -34.649 0.3000000119
110785  -25.545  -27.597  -34.909 0.3000000119
47529  -26.530  -27.367  -35.391 0.3000000119
47530  -27.156  -27.595  -35.865 0.3000000119
47527  -24.918  -27.008  -34.950 0.3000000119
47546  -27.342  -27.446  -36.435 0.3000000119
47557  -27.420  -27.406  -37.299 0.3000000119
47567  -27.194  -27.532  -38.165 0.3000000119
48347  -23.500  -26.393  -35.130 0.3000000119
49149  -22.972  -25.648  -35.281 0.3000000119
111149  -22.520  -24.913  -35.370 0.3000000119
49199  -26.176  -25.847  -39.000 0.3000000119
49198  -25.922  -25.070  -39.013 0.3000000119
51760  -20.608  -22.440  -36.029 0.3000000119
51745  -21.184  -22.998  -35.689 0.3000000119
52584  -20.843  -21.611  -36.183 0.3000000119
52583  -19.788  -21.333  -36.685 0.3000000119
51797  -24.235  -21.883  -41.429 0.3000000119
47528  -25.790  -26.781  -35.217 0.3000000119
48351  -26.984  -26.754  -35.933 0.3000000119
48391  -27.220  -26.774  -37.826 0.3000000119
116383  -24.341  -26.430  -35.139 0.3000000119
48348  -25.163  -26.190  -35.222 0.3000000119
48350  -26.419  -26.525  -35.542 0.3000000119
48366  -26.594  -25.900  -35.776 0.3000000119
48380  -27.268  -26.691  -36.810 0.3000000119
120783  -23.754  -25.601  -35.321 0.3000000119
111150  -24.312  -24.974  -35.397 0.3000000119
49151  -25.318  -25.237  -35.412 0.3000000119
48390  -26.773  -26.242  -38.401 0.3000000119
50015  -22.037  -24.257  -35.448 0.3000000119
111617  -23.392  -24.870  -35.388 0.3000000119
49194  -26.674  -25.344  -38.200 0.3000000119
50892  -22.302  -23.603  -35.496 0.3000000119
52586  -22.526  -21.137  -35.786 0.3000000119
52585  -21.658  -21.366  -35.944 0.3000000119
50058  -25.588  -24.113  -39.177 0.3000000119
108162  -24.692  -22.582  -40.181 0.3000000119
51798  -24.748  -21.557  -40.522 0.3000000119
48349  -25.975  -25.954  -35.446 0.3000000119
49171  -26.729  -25.187  -36.103 0.3000000119
49172  -27.011  -25.950  -36.404 0.3000000119
49152  -26.222  -25.166  -35.676 0.3000000119
48379  -27.114  -26.007  -37.439 0.3000000119
50016  -22.949  -24.019  -35.445 0.3000000119
50017  -23.984  -24.123  -35.426 0.3000000119
112363  -26.254  -23.908  -38.275 0.3000000119
50049  -26.648  -24.564  -37.669 0.3000000119
51747  -22.996  -22.471  -35.543 0.3000000119
51763  -23.066  -21.702  -35.603 0.3000000119
52587  -23.538  -20.941  -35.674 0.3000000119
50933  -25.299  -23.072  -39.408 0.3000000119
51791  -25.229  -22.146  -39.647 0.3000000119
50893  -24.661  -23.463  -35.468 0.3000000119
50894  -25.454  -23.628  -35.559 0.3000000119
50020  -26.385  -24.434  -35.881 0.3000000119
49186  -26.956  -25.241  -37.026 0.3000000119
115147  -23.707  -23.128  -35.496 0.3000000119
50895  -26.100  -23.690  -35.785 0.3000000119
50039  -26.702  -24.496  -36.636 0.3000000119
51748  -24.680  -22.607  -35.510 0.3000000119
52575  -23.925  -21.968  -35.545 0.3000000119
53439  -24.540  -20.279  -35.707 0.3000000119
50927  -26.277  -23.017  -37.968 0.3000000119
50926  -25.835  -23.343  -38.764 0.3000000119
53438  -22.738  -20.334  -35.953 0.3000000119
108214  -23.550  -20.085  -35.851 0.3000000119
51781  -25.755  -22.570  -38.879 0.3000000119
119476  -24.990  -20.700  -40.905 0.3000000119
111157  -25.241  -23.001  -35.547 0.3000000119
50906  -26.476  -23.747  -36.306 0.3000000119
111766  -26.563  -23.798  -37.283 0.3000000119
113065  -25.522  -22.352  -35.653 0.3000000119
51749  -25.841  -22.992  -35.738 0.3000000119
52576  -25.007  -21.735  -35.552 0.3000000119
103401  -22.986  -19.426  -36.149 0.3000000119
109794  -24.472  -21.163  -35.594 0.3000000119
52588  -25.295  -20.883  -35.684 0.3000000119
51782  -26.128  -22.069  -38.231 0.3000000119
52622  -25.648  -20.768  -39.434 0.3000000119
52621  -25.273  -21.206  -39.968 0.3000000119
111241  -26.476  -23.076  -36.847 0.3000000119
116606  -26.108  -22.349  -35.950 0.3000000119
51764  -26.371  -22.532  -36.479 0.3000000119
116613  -25.942  -21.507  -35.881 0.3000000119
108983  -26.353  -21.855  -36.567 0.3000000119
51770  -26.422  -22.346  -37.267 0.3000000119
54265  -24.066  -19.453  -35.926 0.3000000119
54266  -25.089  -19.406  -35.887 0.3000000119
53440  -25.573  -20.093  -35.891 0.3000000119
52589  -25.977  -20.678  -36.026 0.3000000119
52612  -26.053  -21.197  -38.484 0.3000000119
52611  -25.705  -21.700  -39.102 0.3000000119
54301  -26.269  -18.619  -41.935 0.3000000119
55057  -23.669  -18.813  -36.173 0.3000000119
52590  -26.309  -20.917  -36.703 0.3000000119
107898  -26.353  -21.512  -37.510 0.3000000119
55058  -24.577  -18.712  -36.098 0.3000000119
118085  -25.867  -19.387  -39.299 0.3000000119
53460  -25.985  -20.280  -38.808 0.3000000119
54292  -25.789  -18.603  -40.666 0.3000000119
53472  -25.641  -19.754  -39.955 0.3000000119
107664  -23.981  -18.087  -36.278 0.3000000119
102747  -25.028  -17.953  -36.318 0.3000000119
54267  -25.923  -19.378  -36.376 0.3000000119
54276  -26.273  -19.381  -37.080 0.3000000119
53442  -26.331  -20.142  -37.176 0.3000000119
52600  -26.281  -20.633  -37.781 0.3000000119
54275  -26.144  -18.600  -36.887 0.3000000119
53451  -26.178  -19.581  -38.100 0.3000000119
54282  -25.933  -18.512  -39.287 0.3000000119
55097  -26.728  -17.868  -41.676 0.3000000119
55086  -26.070  -17.576  -40.639 0.3000000119
55107  -27.217  -18.580  -42.183 0.3000000119
55802  -24.436  -17.297  -36.411 0.3000000119
55059  -25.516  -18.658  -36.316 0.3000000119
108995  -25.852  -17.912  -36.717 0.3000000119
55814  -26.107  -17.771  -37.345 0.3000000119
55068  -26.178  -18.414  -37.912 0.3000000119
55098  -27.598  -17.429  -41.535 0.3000000119
119462  -27.591  -18.111  -41.776 0.3000000119
33429  -17.638  -44.107  -36.291 0.4000000060
122408  -17.658  -44.627  -36.439 0.4000000060
110510  -24.574  -27.814  -34.735 0.3000000119
107214  -27.417  -28.829  -35.723 0.3000000119
111861  -21.086  -20.819  -36.290 0.3000000119
31863  -17.446  -46.908  -37.366 0.4000000060
109791  -18.538  -47.168  -37.466 0.4000000060
33451  -15.842  -44.916  -37.218 0.3000000119
50059  -26.261  -24.600  -38.504 0.3000000119
49150  -24.487  -25.739  -35.299 0.3000000119
53437  -21.889  -20.610  -36.112 0.3000000119
50018  -24.944  -24.295  -35.431 0.3000000119
50019  -25.804  -24.393  -35.596 0.3000000119
51750  -26.289  -23.048  -36.106 0.3000000119
103402  -22.154  -19.088  -36.363 0.3000000119
53441  -26.150  -20.107  -36.514 0.3000000119
106243  -26.093  -17.402  -38.306 0.3000000119
31862  -16.476  -46.646  -37.427 0.4000000060
101274  -25.015  -40.843  -46.874 0.4000000060
30324  -17.656  -48.551  -41.989 0.3000000119
29544  -18.272  -49.164  -41.464 0.3000000119
31137  -17.542  -47.362  -42.263 0.3000000119
33428  -16.359  -44.269  -36.823 0.3000000119
34189  -16.140  -43.480  -36.736 0.3000000119
31075  -19.077  -47.621  -38.674 0.3000000119
31052  -19.119  -47.415  -37.930 0.3000000119
31888  -19.718  -46.946  -38.277 0.3000000119
31050  -17.834  -47.738  -37.746 0.3000000119
30400  -19.354  -47.752  -48.001 0.5000000000
30401  -19.707  -48.377  -48.151 0.4000000060
31174  -19.357  -47.316  -47.496 0.6000000238
31192  -19.437  -47.434  -48.119 0.6000000238
35099  -18.708  -41.995  -45.819 0.8000000119
36753  -18.866  -41.648  -45.670 0.8000000119
40369  -17.246  -36.686  -43.157 0.8000000119
42929  -25.174  -33.706  -39.970 0.8000000119
43694  -24.588  -32.651  -40.476 0.8000000119
44369  -24.459  -31.205  -34.520 0.3000000119
44452  -17.403  -31.524  -43.002 0.8000000119
44466  -17.521  -31.075  -43.049 0.8000000119
47603  -20.774  -26.922  -43.103 0.5000000000
50086  -22.640  -24.037  -42.998 0.6000000238
50094  -22.860  -23.993  -44.309 0.6000000238
50100  -23.687  -24.106  -44.780 0.6000000238
52661  -25.250  -21.294  -44.359 0.3000000119
103010  -23.364  -30.923  -34.698 0.3000000119
104498  -24.327  -41.103  -43.735 0.8999999762
107530  -17.887  -30.650  -42.908 0.6999999881
107887  -23.120  -35.016  -41.513 0.8000000119
109090  -21.798  -28.338  -43.590 0.6000000238
114456  -18.635  -29.028  -42.963 0.6999999881
119486  -23.653  -42.759  -44.794 0.6999999881
121501  -23.997  -26.037  -35.250 0.3000000119
121584  -19.576  -47.513  -47.190 0.6999999881
