#!ascii label  , from subject sub-v2s9x29174_ses-1 vox2ras=TkReg
1293
24205  31.479  -59.259  -41.664 0.6000000238
25170  32.115  -59.316  -40.052 0.5000000000
27091  32.053  -57.077  -40.786 0.6999999881
27097  31.742  -56.874  -41.447 0.6000000238
27105  32.121  -56.091  -42.010 0.6000000238
28067  32.419  -55.468  -41.367 0.6000000238
25177  32.019  -58.418  -40.579 0.6999999881
26141  31.747  -57.626  -41.043 0.6000000238
26148  31.491  -57.585  -41.860 0.5000000000
27106  31.798  -56.873  -42.423 0.5000000000
28087  32.553  -55.365  -42.198 0.6000000238
25176  32.567  -58.417  -39.872 0.5000000000
110168  31.718  -59.027  -40.868 0.5000000000
25187  31.418  -58.393  -42.266 0.6000000238
29045  32.960  -54.815  -42.871 0.6000000238
22386  31.835  -61.194  -39.940 0.5000000000
23278  32.213  -60.793  -39.209 0.5000000000
29013  33.329  -54.536  -40.414 0.6000000238
29957  33.803  -53.725  -40.720 0.6999999881
103737  33.633  -56.981  -40.019 0.6000000238
27089  33.011  -56.359  -40.289 0.6999999881
28045  33.084  -55.479  -40.282 0.6000000238
29014  32.721  -54.894  -40.869 0.6000000238
29028  33.210  -54.201  -41.308 0.6000000238
26135  32.991  -57.740  -39.783 0.6000000238
27090  32.967  -57.147  -40.221 0.6999999881
29044  33.337  -54.205  -42.283 0.6000000238
26128  32.728  -58.233  -39.069 0.5000000000
26127  33.221  -57.492  -39.154 0.5000000000
24194  31.869  -60.360  -39.920 0.5000000000
29987  33.844  -53.666  -42.698 0.6000000238
24193  32.245  -60.006  -39.088 0.5000000000
30003  33.887  -53.803  -43.690 0.6000000238
30985  34.785  -52.679  -43.604 0.6999999881
30012  34.354  -53.212  -43.923 0.6000000238
30996  35.237  -52.151  -44.193 0.6999999881
30013  34.076  -53.486  -44.536 0.6000000238
30997  34.587  -52.740  -44.545 0.6000000238
31008  34.351  -52.359  -45.618 0.6000000238
32973  33.454  -50.015  -45.620 0.5000000000
32961  33.699  -50.548  -43.309 0.6999999881
116851  33.081  -50.573  -44.917 0.6000000238
31976  33.181  -50.932  -43.905 0.6999999881
29012  34.267  -54.314  -40.024 0.6000000238
29956  34.592  -53.513  -40.359 0.6999999881
27082  33.956  -56.528  -39.870 0.6999999881
102075  34.237  -55.711  -39.920 0.6000000238
29970  34.367  -53.202  -41.148 0.6999999881
27083  33.738  -56.951  -39.690 0.6000000238
27073  34.213  -56.459  -39.455 0.6000000238
30948  34.836  -52.784  -41.430 0.8000000119
27066  33.206  -56.601  -37.702 0.5000000000
27074  33.650  -56.917  -38.895 0.5000000000
106835  34.986  -52.595  -42.004 0.8000000119
29986  34.398  -53.077  -42.158 0.6000000238
117651  32.683  -57.945  -38.313 0.5000000000
30971  34.862  -52.634  -42.746 0.8000000119
30002  34.340  -53.175  -43.164 0.6000000238
23266  32.562  -60.376  -38.375 0.5000000000
30984  35.389  -52.167  -43.191 0.8000000119
31989  35.566  -51.521  -45.074 0.6999999881
32971  35.516  -50.570  -46.199 0.6999999881
31995  35.052  -51.266  -45.910 0.6999999881
31990  34.926  -52.005  -45.232 0.6999999881
32989  35.025  -49.748  -46.631 0.6000000238
33931  34.700  -49.355  -46.411 0.6999999881
32990  34.290  -50.066  -46.702 0.6999999881
32002  34.665  -50.481  -46.486 0.6000000238
32972  34.150  -49.631  -45.260 0.6999999881
32985  33.389  -50.060  -46.349 0.6000000238
107593  33.647  -50.305  -44.486 0.8000000119
32984  34.114  -49.521  -46.164 0.6000000238
32943  34.332  -50.181  -42.647 0.8999999762
31938  33.080  -51.120  -41.729 0.6999999881
32944  33.660  -50.660  -42.117 0.8000000119
31958  33.163  -51.091  -42.796 0.6999999881
29955  35.383  -53.524  -40.267 0.6000000238
30923  35.837  -52.683  -40.578 0.6999999881
28044  35.314  -55.472  -39.979 0.6000000238
30946  36.290  -52.099  -41.154 0.6000000238
28010  35.482  -55.758  -39.358 0.4000000060
28026  34.908  -55.962  -39.684 0.6000000238
30924  35.036  -52.870  -40.739 0.6999999881
28011  34.788  -56.048  -39.044 0.6000000238
30947  35.486  -52.380  -41.378 0.8000000119
28003  33.574  -55.838  -37.280 0.4000000060
28012  33.897  -56.194  -38.392 0.5000000000
115814  35.961  -51.961  -41.842 0.8000000119
31957  35.972  -51.780  -42.641 0.8000000119
101474  32.823  -57.225  -37.071 0.4000000060
31975  35.926  -51.585  -43.819 0.8000000119
25155  32.705  -58.703  -37.024 0.5000000000
31988  36.160  -51.072  -45.141 0.8000000119
100612  36.717  -49.587  -46.428 0.8000000119
32970  36.239  -50.266  -46.214 0.6999999881
118811  36.567  -51.249  -44.182 0.8000000119
33930  35.215  -49.190  -46.365 0.8000000119
33920  35.372  -48.860  -45.898 0.8999999762
32983  35.663  -49.485  -46.536 0.6999999881
33921  34.843  -49.022  -45.838 0.8999999762
33933  35.060  -49.391  -46.526 0.6999999881
32960  34.275  -49.979  -43.990 0.8999999762
31916  32.947  -50.998  -40.748 0.8000000119
31917  32.267  -51.347  -40.325 0.8000000119
32927  33.486  -50.687  -41.192 0.8000000119
31939  32.482  -51.554  -41.273 0.8000000119
32926  34.166  -50.176  -41.238 0.8000000119
29954  36.070  -53.540  -40.366 0.6999999881
30922  36.732  -52.735  -40.672 0.6000000238
29011  35.625  -54.852  -40.222 0.6000000238
29010  36.184  -55.069  -40.509 0.5000000000
30945  37.048  -51.945  -41.327 0.6999999881
28009  36.110  -55.631  -39.466 0.4000000060
28025  35.787  -55.813  -39.951 0.5000000000
28043  36.126  -55.653  -40.270 0.6000000238
28979  35.788  -55.074  -38.488 0.5000000000
31937  36.539  -51.761  -41.981 0.6999999881
28967  34.557  -54.692  -37.219 0.5000000000
28980  34.975  -55.172  -38.232 0.6000000238
28957  34.322  -54.452  -36.265 0.4000000060
28968  33.914  -55.106  -36.791 0.4000000060
32959  37.619  -50.674  -44.775 0.8000000119
31956  36.672  -51.471  -43.064 0.8000000119
28958  33.769  -54.970  -35.870 0.4000000060
31974  36.899  -50.651  -45.242 0.8000000119
31973  37.219  -51.131  -43.955 0.8000000119
106400  32.949  -57.157  -36.182 0.3000000119
104072  37.116  -48.982  -46.524 0.8000000119
32982  37.725  -49.549  -46.297 0.8000000119
115174  37.633  -48.476  -46.189 0.8000000119
33919  36.211  -48.597  -45.465 0.8999999762
33929  36.109  -48.947  -46.361 0.8999999762
33908  35.613  -49.062  -44.313 0.8999999762
33896  34.989  -49.631  -43.410 0.8999999762
115307  32.724  -50.706  -39.994 0.8000000119
31898  31.917  -50.851  -39.722 0.8000000119
32912  33.416  -50.368  -40.373 0.8000000119
102571  36.690  -54.426  -40.669 0.6000000238
29953  37.481  -53.792  -40.937 0.6000000238
29952  37.645  -52.477  -41.166 0.6000000238
121664  36.738  -55.817  -40.925 0.6000000238
28993  36.747  -55.579  -39.614 0.4000000060
28024  36.329  -55.793  -40.214 0.4000000060
31936  37.274  -51.621  -42.211 0.6999999881
28966  35.317  -54.432  -37.549 0.5000000000
31955  37.489  -51.398  -43.054 0.6999999881
29911  35.754  -53.764  -36.985 0.5000000000
32958  38.465  -50.328  -45.355 0.8000000119
31972  38.196  -51.157  -43.878 0.8000000119
33927  39.003  -49.218  -46.379 0.8000000119
34808  37.163  -48.206  -44.393 0.8999999762
34819  36.909  -48.441  -46.006 0.8999999762
33907  36.456  -48.632  -43.638 0.8999999762
33895  35.747  -49.126  -42.811 0.8999999762
33879  35.072  -49.585  -41.843 1.0000000000
33864  33.303  -49.833  -39.825 0.8000000119
121160  34.729  -49.492  -40.774 1.0000000000
33863  34.042  -49.676  -40.260 0.8000000119
30944  38.417  -52.272  -41.757 0.6000000238
29009  37.194  -55.667  -41.170 0.6000000238
30969  39.151  -52.135  -42.528 0.6999999881
28992  37.303  -55.621  -39.816 0.4000000060
28023  36.823  -55.977  -40.526 0.4000000060
28042  36.636  -55.862  -40.718 0.4000000060
28978  36.577  -54.923  -38.670 0.4000000060
31935  38.173  -51.680  -42.555 0.6999999881
29910  36.643  -53.587  -37.243 0.5000000000
28977  37.474  -54.789  -38.885 0.4000000060
31971  39.538  -51.032  -44.610 0.8000000119
111433  39.089  -48.377  -46.167 0.8000000119
32981  38.903  -49.681  -46.231 0.8000000119
104793  38.459  -47.783  -45.688 0.8000000119
119196  38.326  -48.674  -46.309 0.8000000119
34818  37.739  -47.815  -45.202 0.8999999762
34797  37.385  -47.874  -42.917 0.8999999762
114511  35.847  -48.897  -41.730 1.0000000000
33862  35.503  -48.909  -40.911 1.0000000000
33845  33.737  -49.115  -39.726 0.8000000119
119920  32.571  -50.115  -39.654 0.8000000119
29027  38.061  -55.289  -41.546 0.6000000238
29969  38.398  -53.292  -41.364 0.6000000238
121723  39.928  -52.079  -43.307 0.6999999881
28022  37.531  -56.013  -40.559 0.4000000060
28041  37.141  -56.106  -41.073 0.5000000000
31954  39.156  -51.600  -43.404 0.8000000119
112142  40.474  -51.765  -44.326 0.8000000119
29927  37.987  -53.848  -38.156 0.4000000060
28976  38.434  -54.341  -38.763 0.4000000060
32980  40.306  -49.767  -46.272 0.8000000119
32968  40.151  -50.378  -45.948 0.8000000119
118068  39.831  -48.967  -46.319 0.8000000119
35610  39.319  -47.465  -45.654 0.8000000119
106412  38.243  -47.137  -43.416 0.8000000119
33894  36.576  -48.392  -42.312 1.0000000000
33878  36.496  -48.021  -41.438 1.0000000000
34756  35.016  -47.768  -40.055 1.0000000000
33847  32.145  -49.497  -39.477 0.8000000119
34759  32.476  -48.753  -39.504 0.8999999762
34757  34.105  -48.324  -39.731 1.0000000000
34758  33.270  -48.617  -39.571 1.0000000000
35550  35.191  -46.867  -40.251 1.0000000000
36373  34.537  -46.566  -40.298 1.0000000000
114982  36.311  -44.623  -41.398 1.0000000000
36383  35.307  -45.616  -40.771 1.0000000000
30943  39.311  -52.834  -41.902 0.6999999881
30968  40.212  -52.596  -42.809 0.6999999881
103551  38.834  -55.665  -41.948 0.6000000238
29968  39.152  -54.116  -41.789 0.6000000238
28066  37.720  -56.114  -41.265 0.6000000238
28040  38.016  -56.230  -41.197 0.5000000000
28975  38.919  -54.736  -39.342 0.4000000060
31987  41.472  -51.391  -45.845 0.8000000119
32979  41.589  -50.030  -46.111 0.8000000119
33926  40.809  -48.906  -46.106 0.8000000119
35608  41.006  -46.603  -45.438 0.8000000119
34817  38.734  -46.931  -44.468 0.6999999881
35607  39.408  -46.721  -45.182 0.8000000119
35604  39.493  -45.676  -42.999 0.8000000119
34796  38.404  -45.978  -42.210 1.0000000000
34784  37.733  -46.604  -41.999 1.0000000000
35577  39.022  -45.111  -41.406 1.0000000000
34772  37.952  -45.882  -41.665 1.0000000000
36382  38.005  -45.174  -41.516 1.0000000000
35564  36.167  -46.632  -40.635 1.0000000000
35552  33.503  -47.849  -39.672 1.0000000000
104538  32.816  -48.120  -39.602 1.0000000000
100218  36.266  -45.766  -40.788 1.0000000000
35551  34.323  -47.503  -39.868 1.0000000000
36374  33.679  -46.858  -40.140 1.0000000000
118273  34.142  -45.312  -41.427 1.0000000000
37252  35.061  -43.697  -42.531 1.0000000000
30942  40.216  -53.459  -42.415 0.6999999881
29026  39.760  -55.346  -42.404 0.5000000000
121609  38.800  -56.171  -41.487 0.5000000000
28065  38.430  -56.047  -41.539 0.5000000000
32966  42.628  -50.848  -46.165 0.8000000119
32978  42.099  -49.823  -45.645 0.6999999881
33925  41.607  -48.718  -45.517 0.8000000119
35602  41.500  -46.048  -44.893 0.8000000119
34816  41.791  -47.111  -45.117 0.8000000119
36410  40.773  -45.676  -44.269 0.6999999881
35591  39.357  -45.014  -42.134 0.8999999762
35575  39.807  -44.960  -41.874 0.8000000119
34783  39.423  -46.101  -41.286 0.8000000119
34770  38.890  -47.109  -40.643 0.8000000119
35576  39.245  -44.887  -41.678 0.8999999762
35562  39.193  -45.266  -41.235 0.8000000119
35563  39.019  -45.424  -40.830 0.8999999762
34771  38.498  -47.333  -40.305 0.8000000119
101270  38.958  -44.747  -41.235 1.0000000000
101700  37.895  -44.070  -41.546 1.0000000000
37254  33.238  -44.394  -43.005 1.0000000000
37251  36.737  -43.025  -42.286 1.0000000000
37253  33.864  -43.731  -43.162 1.0000000000
37250  37.674  -42.560  -41.839 1.0000000000
38162  36.992  -41.950  -42.055 1.0000000000
38163  35.221  -42.791  -42.175 1.0000000000
29967  41.131  -53.983  -42.881 0.6999999881
30967  41.832  -53.112  -43.888 0.6999999881
31953  41.255  -52.453  -44.124 0.6999999881
31970  42.645  -52.259  -45.758 0.6999999881
28064  39.251  -56.096  -42.015 0.5000000000
31986  42.989  -51.583  -46.122 0.6999999881
28038  39.622  -56.150  -41.615 0.5000000000
32956  43.332  -51.404  -45.805 0.8000000119
33905  42.458  -50.099  -45.402 0.6999999881
33918  42.027  -48.615  -45.104 0.6999999881
34807  41.665  -46.981  -44.637 0.6999999881
35588  41.122  -45.789  -44.080 0.6999999881
35590  40.014  -44.903  -42.049 0.6999999881
35589  40.320  -45.364  -42.822 0.6999999881
33861  38.986  -48.474  -40.767 0.8000000119
33843  38.537  -48.719  -40.211 0.8000000119
35549  38.219  -46.941  -40.039 0.8000000119
106702  39.023  -45.099  -40.913 1.0000000000
37249  38.223  -43.970  -41.203 1.0000000000
38147  37.820  -42.840  -41.526 1.0000000000
38175  33.339  -43.385  -43.406 1.0000000000
115365  37.500  -41.989  -41.908 1.0000000000
38149  36.447  -42.467  -41.033 1.0000000000
39046  36.087  -42.061  -41.865 1.0000000000
37262  33.979  -43.289  -43.205 1.0000000000
38137  35.318  -42.891  -40.787 1.0000000000
29985  42.640  -53.246  -44.496 0.6999999881
30983  42.965  -52.512  -45.356 0.6000000238
31969  43.735  -51.865  -45.798 0.6000000238
117499  43.581  -51.521  -45.204 0.6000000238
32957  42.736  -50.411  -44.781 0.6999999881
33906  41.930  -48.958  -44.654 0.6999999881
34794  40.878  -47.985  -43.490 0.6999999881
110946  40.812  -46.396  -43.462 0.6999999881
33877  39.461  -48.501  -41.444 0.8000000119
34795  40.322  -46.347  -42.430 0.6999999881
34782  39.807  -46.883  -41.773 0.8000000119
33844  38.213  -48.969  -39.600 0.8000000119
34742  37.477  -48.512  -38.680 0.8000000119
106876  38.256  -45.887  -40.028 0.8000000119
35540  37.323  -47.395  -38.967 0.8000000119
36372  38.921  -44.663  -40.979 1.0000000000
36365  37.228  -46.337  -38.896 0.6999999881
36364  38.009  -45.025  -39.770 1.0000000000
37240  38.276  -43.951  -40.695 1.0000000000
37241  37.653  -43.300  -40.590 1.0000000000
38136  36.853  -43.289  -40.070 1.0000000000
36391  32.383  -44.019  -43.461 1.0000000000
116646  35.899  -43.397  -39.779 1.0000000000
38164  33.882  -42.849  -42.899 1.0000000000
38150  34.728  -42.490  -42.061 1.0000000000
32941  42.361  -50.867  -43.895 0.6000000238
33892  41.434  -49.596  -43.561 0.6999999881
33893  40.163  -48.700  -42.372 0.6999999881
117678  38.617  -49.528  -39.688 0.6999999881
33829  37.936  -49.261  -38.814 0.6999999881
34743  36.931  -48.284  -38.133 0.6999999881
35541  36.628  -47.535  -38.101 0.8000000119
115954  37.073  -45.408  -38.805 0.8999999762
37229  37.304  -44.276  -39.477 1.0000000000
36366  36.334  -45.245  -38.318 1.0000000000
38176  32.368  -43.732  -43.299 1.0000000000
38151  33.666  -42.917  -41.985 1.0000000000
38138  34.187  -43.438  -40.615 1.0000000000
30966  43.115  -52.380  -44.750 0.6000000238
31952  43.637  -52.020  -45.324 0.6000000238
32940  43.576  -51.931  -44.779 0.6000000238
32924  41.881  -51.254  -42.930 0.6000000238
32942  40.832  -50.265  -42.564 0.6000000238
32925  39.947  -49.825  -41.600 0.6000000238
32911  38.975  -49.626  -40.175 0.6999999881
33828  38.539  -49.746  -39.041 0.6999999881
33811  37.787  -49.412  -37.886 0.6999999881
34727  37.229  -48.948  -37.564 0.6999999881
38993  42.313  -43.949  -36.001 0.3000000119
34728  36.746  -48.412  -37.267 0.6999999881
39798  42.092  -43.098  -35.974 0.3000000119
35530  36.308  -47.614  -37.114 0.8000000119
101651  30.403  -45.033  -43.012 0.8999999762
37264  31.182  -44.338  -43.279 1.0000000000
37263  31.724  -43.968  -43.546 1.0000000000
37217  35.327  -45.295  -37.887 1.0000000000
38165  33.048  -42.997  -42.912 1.0000000000
103945  33.014  -44.502  -39.301 1.0000000000
31933  43.191  -51.979  -44.113 0.6000000238
30921  42.256  -52.146  -42.184 0.6000000238
31934  41.613  -51.686  -41.865 0.6000000238
31915  40.948  -51.277  -40.630 0.6999999881
118076  40.269  -50.784  -40.568 0.6999999881
32909  40.675  -50.797  -41.520 0.6000000238
118280  39.926  -50.364  -40.905 0.6999999881
33841  43.468  -49.659  -39.169 0.3000000119
33824  43.135  -49.287  -38.628 0.3000000119
32910  39.622  -50.444  -40.121 0.6999999881
32894  39.138  -50.164  -39.397 0.6999999881
33810  38.583  -49.901  -38.143 0.6999999881
38093  42.462  -44.723  -36.103 0.3000000119
38094  41.889  -44.509  -35.584 0.4000000060
38994  41.694  -43.652  -35.487 0.4000000060
36394  29.728  -46.064  -42.949 0.6999999881
101790  29.119  -45.797  -42.854 0.6999999881
41446  40.983  -40.158  -35.117 0.3000000119
39823  41.767  -42.213  -35.972 0.3000000119
39799  41.426  -42.742  -35.448 0.3000000119
36353  36.328  -46.488  -37.928 0.8000000119
113512  30.680  -44.314  -42.934 0.8999999762
111820  40.927  -41.000  -35.351 0.3000000119
39784  40.791  -42.405  -34.916 0.3000000119
36354  35.716  -46.034  -37.348 0.8000000119
38166  31.908  -43.706  -42.294 1.0000000000
37231  34.677  -44.364  -38.948 1.0000000000
38152  32.370  -44.013  -40.846 1.0000000000
38139  32.315  -44.670  -38.362 1.0000000000
31896  41.127  -51.160  -39.938 0.6999999881
32889  43.891  -50.069  -39.646 0.3000000119
104827  43.139  -50.305  -39.471 0.4000000060
31897  40.354  -50.910  -39.883 0.6999999881
32893  39.800  -50.574  -39.335 0.6999999881
109641  39.456  -50.393  -38.997 0.6999999881
32878  39.138  -50.200  -38.694 0.6999999881
34723  43.122  -48.124  -37.832 0.3000000119
33825  42.397  -49.557  -38.450 0.5000000000
33809  39.429  -49.815  -37.483 0.6999999881
33790  38.464  -49.606  -37.274 0.6999999881
34724  42.388  -48.424  -37.538 0.5000000000
115966  38.358  -49.372  -36.615 0.6999999881
113377  42.384  -46.619  -36.464 0.4000000060
35511  41.546  -47.571  -36.345 0.6000000238
36313  41.420  -46.438  -35.572 0.5000000000
33791  37.762  -49.367  -36.961 0.6999999881
37197  42.626  -45.445  -36.304 0.3000000119
34708  37.205  -48.997  -36.593 0.6999999881
39775  39.504  -42.398  -33.079 0.4000000060
37161  41.013  -45.931  -34.937 0.4000000060
34709  36.670  -48.407  -36.337 0.6999999881
37266  28.597  -45.206  -42.335 0.6999999881
103460  40.151  -41.029  -33.219 0.4000000060
108033  41.479  -45.146  -35.202 0.4000000060
38076  41.292  -44.277  -35.021 0.4000000060
41431  40.802  -39.848  -34.155 0.3000000119
41447  40.634  -40.704  -34.586 0.3000000119
40590  40.321  -41.266  -34.083 0.4000000060
38975  41.051  -43.326  -34.951 0.4000000060
100949  40.862  -44.998  -34.589 0.4000000060
35513  36.180  -47.722  -36.185 0.6999999881
34692  36.592  -48.223  -35.515 0.6999999881
37265  29.515  -45.288  -42.673 0.6999999881
39774  39.934  -42.692  -33.769 0.4000000060
38077  40.657  -44.016  -34.432 0.4000000060
38063  40.146  -44.789  -33.892 0.4000000060
35531  35.850  -46.956  -36.897 0.8000000119
40589  40.632  -41.533  -34.812 0.3000000119
38976  40.443  -43.023  -34.380 0.4000000060
104571  35.388  -46.466  -36.525 0.8000000119
38177  31.252  -43.898  -43.024 1.0000000000
36355  35.017  -45.826  -36.882 0.8999999762
37218  34.195  -45.400  -37.327 1.0000000000
37232  32.816  -44.924  -37.865 1.0000000000
113604  33.482  -45.081  -38.009 1.0000000000
100931  31.983  -44.526  -39.179 1.0000000000
112778  31.676  -44.387  -38.225 1.0000000000
31914  41.759  -51.695  -40.841 0.6000000238
31895  41.933  -51.218  -39.959 0.6000000238
32891  41.509  -50.722  -39.327 0.6000000238
32892  40.582  -50.684  -39.185 0.6999999881
32890  42.354  -50.558  -39.394 0.5000000000
32875  41.999  -50.206  -38.815 0.6000000238
33842  42.758  -49.947  -38.973 0.5000000000
32877  39.813  -50.424  -38.691 0.6999999881
32858  39.381  -50.176  -38.183 0.6999999881
33826  41.649  -49.775  -38.275 0.6000000238
32857  40.076  -50.190  -38.037 0.6999999881
33806  42.050  -49.135  -37.864 0.6000000238
34703  41.973  -47.992  -36.927 0.6000000238
33789  39.096  -49.429  -36.726 0.6999999881
34707  38.747  -49.150  -36.126 0.6999999881
35492  41.144  -47.189  -35.767 0.6000000238
34688  40.058  -48.268  -35.815 0.6000000238
33780  37.891  -49.147  -36.096 0.6000000238
111332  38.527  -43.577  -32.193 0.4000000060
103170  41.624  -45.786  -35.486 0.4000000060
36314  40.717  -46.792  -35.208 0.4000000060
35493  40.411  -47.548  -35.478 0.5000000000
35494  39.594  -47.920  -35.250 0.6000000238
39749  39.129  -42.137  -32.153 0.4000000060
34691  37.207  -48.742  -35.725 0.6999999881
40578  39.947  -41.838  -33.564 0.4000000060
106163  39.033  -42.981  -32.611 0.5000000000
37162  40.339  -45.701  -34.297 0.4000000060
38178  29.831  -44.662  -42.292 0.8999999762
101159  29.033  -44.655  -41.909 0.6999999881
39785  40.315  -42.098  -34.294 0.4000000060
35514  35.688  -47.139  -36.031 0.6999999881
35495  36.052  -47.642  -35.415 0.6999999881
38963  40.060  -43.652  -33.835 0.4000000060
38167  30.205  -44.466  -41.477 0.8999999762
103146  30.874  -44.411  -40.866 0.8999999762
38153  31.462  -44.416  -40.112 1.0000000000
37219  33.235  -45.216  -37.182 1.0000000000
117796  30.903  -44.305  -39.598 1.0000000000
37220  32.665  -44.895  -37.121 1.0000000000
39018  31.728  -43.320  -36.279 0.8999999762
38116  31.786  -43.982  -36.805 1.0000000000
38130  32.136  -44.528  -37.489 1.0000000000
39037  31.037  -43.900  -38.170 1.0000000000
38140  31.285  -44.308  -38.947 1.0000000000
38131  31.476  -44.015  -37.536 1.0000000000
120582  31.184  -43.589  -37.626 1.0000000000
39030  31.346  -43.260  -37.086 1.0000000000
39031  30.859  -43.113  -37.737 0.8999999762
32876  41.208  -50.362  -38.675 0.6999999881
117103  40.513  -50.371  -38.532 0.6999999881
33807  41.298  -49.379  -37.660 0.6999999881
33808  40.479  -49.609  -37.501 0.6999999881
34725  41.645  -48.696  -37.291 0.6000000238
34726  40.885  -48.983  -37.051 0.6000000238
33788  40.018  -49.268  -36.862 0.6999999881
34705  40.461  -48.598  -36.429 0.6999999881
34706  39.616  -48.902  -36.248 0.6000000238
34689  39.214  -48.608  -35.671 0.6000000238
39750  38.494  -42.175  -31.374 0.3000000119
34704  41.244  -48.299  -36.651 0.6000000238
35512  40.828  -47.907  -36.057 0.6000000238
34690  38.460  -48.835  -35.651 0.6000000238
38935  38.008  -43.350  -31.644 0.4000000060
38936  37.265  -43.475  -31.235 0.4000000060
35477  39.987  -47.211  -34.894 0.6000000238
110144  39.644  -46.877  -34.424 0.5000000000
113093  37.853  -48.653  -35.322 0.6000000238
36292  39.734  -46.282  -34.105 0.4000000060
34678  37.082  -48.322  -34.836 0.6000000238
38042  38.471  -44.492  -32.404 0.5000000000
36272  39.163  -46.093  -33.551 0.4000000060
118206  39.778  -45.627  -33.818 0.4000000060
38064  39.543  -44.204  -33.342 0.4000000060
35481  35.877  -47.358  -34.680 0.6000000238
38041  39.072  -44.589  -32.900 0.4000000060
37147  39.338  -45.190  -33.303 0.4000000060
36337  34.902  -46.187  -36.225 0.8999999762
36336  35.234  -46.640  -35.775 0.8000000119
38155  29.686  -44.172  -40.399 0.8999999762
38154  30.280  -44.208  -39.888 0.8999999762
39837  31.068  -42.174  -37.243 1.0000000000
40641  31.202  -41.245  -37.157 1.0000000000
40642  30.712  -41.318  -37.710 0.8999999762
33827  40.885  -49.999  -38.107 0.6999999881
40536  39.135  -41.013  -31.105 0.3000000119
40537  38.492  -41.502  -30.889 0.3000000119
112089  37.238  -42.752  -30.853 0.3000000119
34676  38.704  -48.346  -35.132 0.6000000238
38028  36.946  -44.468  -31.513 0.5000000000
38937  36.408  -43.773  -31.096 0.4000000060
102867  39.051  -47.565  -34.570 0.5000000000
36293  39.036  -46.853  -33.948 0.5000000000
35478  38.150  -47.420  -33.948 0.5000000000
35479  37.235  -47.757  -34.079 0.5000000000
38027  37.830  -44.068  -31.778 0.5000000000
35460  37.350  -47.162  -33.463 0.5000000000
37126  37.318  -45.607  -32.296 0.5000000000
35459  38.187  -46.616  -33.344 0.5000000000
34679  36.423  -47.896  -34.884 0.6000000238
37125  38.104  -45.364  -32.497 0.5000000000
37124  38.749  -45.120  -32.776 0.5000000000
35496  35.593  -47.152  -35.333 0.6999999881
37127  36.492  -45.686  -32.166 0.5000000000
36256  36.965  -46.286  -32.608 0.5000000000
36315  35.237  -46.756  -35.025 0.6000000238
37198  34.366  -45.779  -36.320 0.8999999762
37199  33.602  -45.432  -36.428 0.8999999762
37200  32.884  -45.073  -36.467 0.8999999762
39017  32.126  -43.963  -36.050 0.8999999762
38115  32.346  -44.512  -36.601 0.8999999762
38141  30.691  -44.039  -38.984 0.8999999762
39038  30.373  -43.300  -38.512 0.8999999762
39824  31.507  -42.515  -36.462 0.8000000119
40626  31.485  -41.613  -36.565 0.6999999881
39842  30.453  -42.258  -38.022 0.8999999762
39737  37.713  -42.089  -30.745 0.3000000119
40538  37.153  -41.552  -30.371 0.4000000060
40539  36.328  -41.768  -30.388 0.3000000119
38925  36.611  -43.041  -30.778 0.3000000119
39739  36.121  -42.583  -30.563 0.4000000060
34677  37.978  -48.126  -34.589 0.6000000238
37109  35.879  -45.223  -31.788 0.5000000000
37110  35.420  -44.601  -31.638 0.4000000060
37128  35.700  -45.825  -32.414 0.5000000000
102511  37.378  -46.637  -33.021 0.5000000000
35480  36.559  -47.660  -34.292 0.5000000000
36274  36.209  -46.800  -33.231 0.5000000000
35462  36.062  -47.138  -33.868 0.5000000000
36258  35.806  -46.406  -32.899 0.5000000000
36294  35.449  -46.728  -34.235 0.5000000000
37149  35.269  -46.086  -33.028 0.5000000000
36276  34.985  -46.184  -33.814 0.6000000238
36295  34.760  -46.267  -34.651 0.6000000238
37164  33.562  -45.121  -34.461 0.6999999881
37179  33.647  -45.401  -35.041 0.6999999881
115353  33.920  -45.633  -35.678 0.6999999881
38095  33.113  -44.873  -34.998 0.6999999881
37180  33.227  -45.224  -35.725 0.8000000119
39047  30.163  -43.755  -39.194 0.8999999762
38995  32.396  -43.900  -35.392 0.8999999762
38096  32.628  -44.576  -35.715 0.8999999762
39801  31.819  -42.722  -35.847 0.6999999881
39843  29.902  -42.346  -38.728 0.8999999762
41391  36.671  -40.831  -30.127 0.3000000119
40540  35.616  -42.017  -30.562 0.4000000060
101380  35.863  -41.134  -30.336 0.3000000119
38938  35.592  -43.766  -31.152 0.4000000060
39741  34.888  -42.284  -30.975 0.3000000119
39752  34.905  -43.198  -31.225 0.4000000060
114801  34.435  -42.737  -31.452 0.4000000060
102210  35.357  -45.201  -32.044 0.4000000060
38939  34.838  -43.978  -31.596 0.4000000060
38940  34.228  -43.346  -31.835 0.4000000060
38044  34.715  -44.681  -32.153 0.4000000060
38045  34.105  -44.341  -32.605 0.4000000060
38065  34.239  -44.943  -32.918 0.5000000000
37150  34.560  -45.605  -33.358 0.5000000000
38079  32.720  -44.202  -34.828 0.6000000238
38996  32.121  -43.299  -35.583 0.6999999881
40609  31.797  -41.979  -35.859 0.6999999881
112374  30.108  -41.298  -38.466 0.8999999762
41502  31.135  -40.463  -37.517 0.8999999762
41503  30.538  -40.635  -38.089 0.8000000119
42328  31.416  -39.552  -37.794 0.6999999881
43189  31.834  -38.775  -38.144 0.8000000119
41392  35.533  -40.335  -30.443 0.3000000119
106668  35.091  -41.231  -30.739 0.3000000119
40554  34.229  -42.089  -31.575 0.3000000119
40541  34.528  -41.557  -31.245 0.4000000060
39761  33.976  -42.626  -31.891 0.4000000060
40565  33.697  -41.963  -32.390 0.4000000060
117757  33.635  -42.908  -32.493 0.5000000000
38965  33.271  -43.347  -33.237 0.5000000000
39776  33.246  -42.405  -33.196 0.5000000000
38066  33.572  -44.277  -33.313 0.5000000000
38966  32.786  -42.906  -33.884 0.5000000000
38977  32.889  -43.787  -33.997 0.5000000000
40608  32.356  -41.405  -35.337 0.6999999881
41468  31.933  -41.104  -36.023 0.6999999881
41467  32.574  -40.567  -35.554 0.6999999881
41487  31.593  -40.765  -36.734 0.8000000119
42313  32.526  -39.489  -36.548 0.6999999881
41370  36.605  -39.918  -29.861 0.3000000119
42212  35.367  -39.373  -30.559 0.3000000119
116115  34.547  -40.051  -31.534 0.4000000060
41393  34.928  -40.222  -30.875 0.3000000119
40564  34.105  -41.290  -31.873 0.4000000060
41415  33.821  -40.922  -32.748 0.3000000119
107221  33.414  -41.463  -33.320 0.5000000000
40579  32.894  -41.981  -33.876 0.6000000238
41434  33.717  -40.562  -33.601 0.3000000119
40591  33.236  -41.106  -34.101 0.5000000000
38978  32.506  -43.306  -34.775 0.6999999881
39786  32.587  -42.454  -34.464 0.6999999881
40592  32.671  -41.663  -34.604 0.6000000238
39800  32.261  -42.410  -35.204 0.6999999881
42224  34.826  -39.376  -31.293 0.3000000119
41414  34.212  -40.405  -32.137 0.3000000119
41433  34.136  -40.021  -33.053 0.3000000119
42233  34.525  -39.429  -32.309 0.3000000119
42250  34.074  -39.731  -33.882 0.3000000119
42249  34.447  -39.149  -33.347 0.3000000119
41449  32.930  -40.828  -34.813 0.5000000000
41448  33.559  -40.282  -34.353 0.5000000000
42268  33.898  -39.476  -34.614 0.5000000000
41466  33.282  -40.035  -35.103 0.6000000238
42289  32.892  -39.765  -35.818 0.6000000238
43927  35.816  -37.991  -30.164 0.4000000060
43941  35.398  -37.852  -30.741 0.3000000119
43083  35.101  -38.589  -31.013 0.3000000119
43096  34.902  -38.582  -31.868 0.3000000119
43107  34.787  -38.480  -32.792 0.3000000119
43122  34.708  -38.294  -33.631 0.3000000119
42267  34.383  -38.919  -34.152 0.4000000060
43138  34.624  -38.094  -34.421 0.4000000060
42288  33.637  -39.236  -35.375 0.6000000238
43139  34.235  -38.679  -34.901 0.4000000060
43156  34.520  -37.868  -35.179 0.4000000060
43188  32.611  -38.428  -37.660 0.6999999881
42335  31.057  -39.010  -38.901 0.8000000119
102305  35.640  -37.013  -30.320 0.4000000060
111927  35.265  -37.114  -31.101 0.3000000119
115332  35.197  -37.208  -31.819 0.3000000119
43960  35.065  -37.766  -32.295 0.3000000119
43971  34.990  -37.613  -33.113 0.3000000119
43983  34.901  -37.465  -33.915 0.4000000060
43157  34.015  -38.403  -35.645 0.4000000060
42312  33.318  -38.966  -36.128 0.5000000000
44015  34.377  -37.618  -35.921 0.4000000060
43174  33.777  -38.105  -36.493 0.4000000060
43175  32.939  -38.702  -36.868 0.6999999881
43187  33.387  -38.013  -37.259 0.4000000060
44041  33.974  -37.328  -37.667 0.4000000060
44042  33.155  -37.735  -38.152 0.5000000000
43193  32.366  -38.067  -38.686 0.6000000238
44762  36.154  -36.463  -29.637 0.3000000119
44771  35.266  -36.270  -30.802 0.3000000119
44788  35.155  -36.487  -31.616 0.3000000119
110005  35.148  -36.822  -32.515 0.3000000119
44805  35.074  -36.780  -33.423 0.3000000119
43999  34.810  -37.291  -34.701 0.4000000060
44014  34.704  -37.139  -35.452 0.3000000119
44827  34.823  -36.516  -34.974 0.3000000119
44031  34.625  -37.042  -36.104 0.3000000119
44844  34.690  -36.514  -35.762 0.3000000119
120271  33.864  -37.675  -36.994 0.4000000060
44032  34.318  -37.278  -36.737 0.3000000119
44853  34.604  -36.579  -36.563 0.3000000119
44854  34.514  -36.663  -37.497 0.3000000119
44860  34.338  -36.687  -38.600 0.4000000060
44048  33.762  -37.194  -38.704 0.5000000000
44049  33.015  -37.332  -39.527 0.5000000000
44050  32.120  -37.739  -40.054 0.5000000000
110119  34.995  -35.884  -32.167 0.3000000119
106489  35.054  -36.021  -33.023 0.3000000119
106338  34.993  -36.130  -33.719 0.3000000119
45655  34.601  -35.732  -35.320 0.3000000119
45662  34.610  -36.032  -36.138 0.3000000119
45663  34.545  -35.906  -37.060 0.3000000119
113241  34.666  -36.140  -38.332 0.3000000119
44868  33.954  -36.745  -39.676 0.4000000060
44874  33.348  -36.803  -40.518 0.5000000000
44057  32.516  -37.154  -40.720 0.5000000000
45567  35.143  -35.396  -30.532 0.3000000119
45587  34.963  -35.661  -31.311 0.3000000119
120012  34.745  -35.198  -31.808 0.3000000119
45609  34.725  -35.160  -32.643 0.3000000119
45626  34.776  -35.435  -33.555 0.3000000119
45641  34.787  -35.776  -34.377 0.3000000119
45656  34.258  -35.307  -36.041 0.3000000119
105236  34.592  -36.190  -39.596 0.4000000060
44873  34.097  -36.145  -40.705 0.4000000060
45688  33.760  -35.775  -41.076 0.4000000060
46519  33.816  -34.890  -40.970 0.4000000060
111740  32.972  -36.489  -40.902 0.5000000000
110015  32.726  -35.618  -40.814 0.4000000060
45549  35.967  -35.068  -29.304 0.3000000119
45561  35.459  -35.200  -29.847 0.3000000119
46443  34.432  -34.643  -33.335 0.3000000119
46459  34.448  -34.908  -34.098 0.3000000119
46473  34.452  -35.121  -34.739 0.3000000119
108485  33.971  -34.354  -35.838 0.3000000119
45670  34.303  -35.346  -38.024 0.3000000119
46499  33.945  -34.587  -37.825 0.3000000119
117967  34.706  -35.591  -40.366 0.4000000060
45687  34.377  -35.472  -41.039 0.3000000119
46400  35.046  -34.579  -30.177 0.3000000119
46408  34.661  -34.740  -31.026 0.3000000119
47249  34.656  -33.860  -30.497 0.3000000119
115945  34.356  -34.394  -32.646 0.3000000119
46460  34.158  -34.112  -33.887 0.3000000119
119200  34.080  -34.333  -35.203 0.3000000119
47317  33.929  -33.577  -34.439 0.3000000119
46490  34.020  -34.901  -36.881 0.3000000119
47237  35.116  -33.786  -29.739 0.3000000119
47263  34.300  -33.861  -31.292 0.3000000119
47250  34.334  -33.100  -30.785 0.3000000119
46419  34.114  -33.795  -32.186 0.3000000119
115345  34.094  -33.880  -33.062 0.3000000119
47325  33.938  -33.845  -35.141 0.3000000119
121347  33.823  -33.450  -35.797 0.3000000119
47331  33.804  -33.860  -36.895 0.3000000119
106722  34.744  -33.073  -30.046 0.3000000119
48010  34.476  -32.350  -30.365 0.3000000119
47289  33.828  -33.002  -32.624 0.3000000119
48011  34.104  -32.343  -31.062 0.4000000060
47307  33.888  -33.315  -33.635 0.3000000119
48058  33.790  -33.063  -35.025 0.3000000119
48019  33.803  -32.285  -31.834 0.4000000060
48046  33.700  -32.499  -33.409 0.4000000060
48741  34.260  -31.660  -30.643 0.3000000119
48747  33.675  -31.585  -32.008 0.4000000060
107764  35.901  -47.824  -40.666 1.0000000000
34773  34.721  -48.793  -40.158 0.8999999762
42314  31.796  -39.953  -36.993 0.8000000119
42327  32.157  -39.177  -37.290 0.8000000119
27096  32.176  -56.281  -40.872 0.6000000238
29971  33.785  -53.628  -41.696 0.6000000238
25169  32.473  -59.114  -39.026 0.5000000000
25162  32.532  -58.760  -37.949 0.5000000000
33909  34.833  -49.320  -44.857 0.8999999762
27992  33.445  -55.663  -36.308 0.4000000060
28002  34.217  -55.422  -37.832 0.5000000000
27054  33.130  -56.453  -36.677 0.4000000060
28956  34.981  -54.039  -36.649 0.5000000000
27038  33.241  -56.349  -35.683 0.4000000060
32969  37.458  -50.117  -45.887 0.8000000119
29928  37.046  -54.045  -38.040 0.4000000060
33846  32.930  -49.344  -39.553 0.8000000119
28991  38.053  -55.229  -39.534 0.4000000060
32967  41.740  -50.725  -46.214 0.8000000119
28021  38.488  -55.664  -40.255 0.5000000000
35574  40.128  -45.074  -41.963 0.8000000119
34755  37.925  -48.423  -39.465 0.8000000119
36381  38.842  -44.588  -41.086 1.0000000000
33860  39.406  -49.682  -40.842 0.6999999881
37230  36.120  -44.245  -38.841 1.0000000000
36352  42.925  -46.813  -37.006 0.4000000060
37177  42.046  -45.294  -35.766 0.4000000060
35529  42.681  -47.653  -37.262 0.4000000060
36335  41.824  -46.856  -36.113 0.5000000000
35510  42.235  -47.250  -36.662 0.5000000000
38948  39.062  -43.839  -32.781 0.4000000060
38964  39.493  -43.255  -33.285 0.4000000060
36291  40.275  -46.480  -34.615 0.5000000000
108791  36.960  -45.186  -31.870 0.5000000000
36273  36.781  -46.801  -33.074 0.5000000000
37178  34.189  -45.827  -35.049 0.6999999881
37163  34.175  -45.646  -34.300 0.6000000238
38078  33.244  -44.563  -34.221 0.5000000000
41486  32.204  -40.289  -36.278 0.6999999881
31997  33.731  -51.696  -46.547 0.5000000000
32003  33.734  -50.589  -46.659 0.5000000000
121576  33.736  -50.007  -46.584 0.5000000000
30032  33.306  -53.224  -46.619 0.5000000000
31017  33.100  -52.136  -47.016 0.5000000000
30023  33.705  -53.663  -45.434 0.5000000000
31009  33.812  -52.739  -46.061 0.5000000000
110656  33.415  -54.434  -45.213 0.5000000000
28103  33.196  -54.975  -44.539 0.4000000060
28104  32.983  -55.137  -43.699 0.4000000060
111363  32.562  -55.659  -43.080 0.5000000000
29061  33.400  -54.550  -43.754 0.5000000000
34785  29.561  -48.508  -41.403 0.6999999881
34786  28.905  -48.562  -42.203 0.6999999881
105455  30.684  -47.933  -40.639 0.8000000119
34760  31.632  -48.820  -39.594 0.8000000119
34761  30.713  -48.874  -39.934 0.8000000119
35553  32.017  -47.881  -39.817 0.8999999762
35579  29.388  -47.689  -42.586 0.6999999881
35566  31.258  -48.194  -40.001 0.8999999762
35578  29.992  -46.890  -42.718 0.6000000238
35568  30.066  -47.749  -41.563 0.8000000119
116963  31.363  -47.347  -40.663 0.8999999762
35565  32.121  -46.750  -40.704 0.8999999762
102875  33.023  -46.117  -40.988 0.8999999762
111289  43.271  -52.325  -44.403 0.5000000000
105791  43.099  -52.569  -44.938 0.5000000000
121525  29.412  -46.899  -43.024 0.6000000238
35567  30.707  -46.882  -41.872 0.8999999762
36385  31.495  -46.201  -41.931 0.8999999762
36384  32.314  -45.432  -42.387 0.8999999762
30920  42.522  -52.190  -41.617 0.5000000000
30940  43.165  -52.591  -42.191 0.5000000000
30941  43.180  -52.039  -44.001 0.5000000000
119344  43.488  -52.720  -42.586 0.5000000000
116988  30.337  -46.059  -42.970 0.8999999762
31913  42.531  -51.614  -40.608 0.5000000000
30919  43.083  -52.080  -41.236 0.5000000000
113976  43.532  -52.529  -41.840 0.5000000000
36393  30.862  -45.461  -43.112 0.8999999762
36392  31.576  -44.705  -43.326 0.8999999762
31912  43.458  -51.276  -40.487 0.5000000000
31894  42.789  -50.949  -39.924 0.4000000060
38179  28.221  -44.375  -41.971 0.6000000238
38169  28.703  -43.987  -41.241 0.6999999881
39057  28.528  -43.274  -40.627 0.6999999881
104546  27.800  -42.708  -41.075 0.6999999881
39056  29.113  -43.757  -40.368 0.8000000119
38168  29.364  -44.372  -41.209 0.8000000119
39856  28.139  -41.987  -40.504 0.6999999881
120893  28.494  -42.632  -40.280 0.6999999881
39048  29.644  -43.726  -39.690 0.8000000119
39049  29.031  -43.065  -39.749 0.8000000119
39850  28.800  -42.050  -39.736 0.6999999881
39849  29.423  -42.454  -39.287 0.8000000119
40647  29.513  -41.653  -39.149 0.6999999881
41515  29.237  -40.377  -39.630 0.6000000238
39039  29.753  -43.148  -39.156 0.8000000119
41509  29.628  -40.755  -39.117 0.6000000238
42337  29.686  -39.974  -39.368 0.6000000238
42341  29.854  -39.246  -40.057 0.6000000238
41508  30.139  -40.324  -38.677 0.6000000238
42336  30.288  -39.540  -39.127 0.6000000238
43202  30.509  -38.747  -40.081 0.6000000238
43194  31.699  -38.348  -39.138 0.6999999881
43201  31.329  -38.103  -40.386 0.6000000238
42329  30.727  -39.903  -38.283 0.6999999881
113031  32.255  -56.361  -42.931 0.4000000060
106868  33.493  -54.214  -43.081 0.5000000000
30998  34.169  -53.060  -45.206 0.5000000000
36375  32.820  -47.313  -39.998 0.8999999762
112907  43.471  -50.613  -39.924 0.3000000119
29072  33.635  -54.188  -44.522 0.5000000000
34774  30.142  -48.461  -40.688 0.8000000119
40654  29.004  -41.073  -39.586 0.6999999881
28990  39.418  -55.229  -39.967 0.4000000060
28989  40.190  -54.765  -39.815 0.4000000060
29008  39.934  -55.610  -40.621 0.4000000060
28063  39.931  -56.144  -42.177 0.5000000000
29007  41.144  -55.788  -41.357 0.4000000060
28988  40.890  -54.935  -40.277 0.4000000060
29043  40.689  -55.571  -42.814 0.5000000000
100513  41.683  -54.337  -43.368 0.5000000000
28084  41.774  -56.169  -43.082 0.5000000000
28062  41.210  -56.191  -42.480 0.4000000060
28037  40.415  -56.258  -42.026 0.4000000060
29025  41.974  -55.834  -41.653 0.4000000060
117825  40.402  -55.875  -41.224 0.4000000060
29006  41.980  -54.703  -40.481 0.4000000060
29984  42.558  -53.559  -44.226 0.5000000000
28085  40.705  -56.063  -42.550 0.5000000000
28061  42.236  -56.334  -42.925 0.4000000060
29024  42.824  -55.710  -41.770 0.4000000060
102835  45.587  -54.676  -41.816 0.4000000060
29023  44.632  -54.676  -41.457 0.4000000060
105632  42.635  -54.952  -40.948 0.4000000060
116523  45.314  -54.067  -41.149 0.4000000060
29949  44.630  -53.803  -40.625 0.4000000060
29042  41.695  -55.513  -43.384 0.5000000000
32935  51.104  -50.632  -43.570 0.3000000119
28083  42.619  -56.180  -43.517 0.4000000060
32936  50.360  -51.085  -43.096 0.3000000119
28060  43.281  -56.211  -42.721 0.4000000060
32919  49.648  -50.594  -42.317 0.3000000119
30934  49.138  -52.944  -42.570 0.3000000119
29963  49.069  -53.579  -42.780 0.3000000119
29964  48.360  -54.065  -42.555 0.3000000119
29022  46.576  -54.674  -42.267 0.4000000060
29041  45.050  -55.282  -42.258 0.4000000060
28059  44.255  -55.679  -42.392 0.4000000060
30935  48.361  -53.142  -42.085 0.3000000119
30936  47.390  -53.297  -41.553 0.3000000119
29966  46.099  -54.008  -41.415 0.4000000060
29060  42.677  -54.332  -44.086 0.4000000060
29059  43.531  -54.177  -45.102 0.4000000060
28101  43.404  -55.820  -44.383 0.4000000060
28102  42.596  -55.733  -43.870 0.4000000060
31946  50.761  -51.067  -43.881 0.3000000119
31967  49.266  -52.070  -43.353 0.3000000119
31947  49.844  -51.683  -42.879 0.3000000119
29978  49.276  -53.340  -43.060 0.3000000119
29037  48.254  -54.373  -43.413 0.3000000119
28079  47.338  -55.338  -43.859 0.4000000060
29040  45.905  -55.424  -42.840 0.4000000060
28081  44.957  -56.012  -43.257 0.4000000060
30961  49.339  -53.280  -42.898 0.3000000119
29979  48.943  -53.894  -42.934 0.3000000119
29021  47.739  -54.792  -42.797 0.3000000119
30962  47.733  -52.555  -43.244 0.3000000119
29980  46.377  -53.762  -43.511 0.3000000119
29999  45.987  -54.350  -44.758 0.4000000060
29981  45.320  -53.824  -43.880 0.4000000060
29071  44.928  -54.185  -45.895 0.4000000060
30001  44.471  -53.443  -46.066 0.4000000060
31968  48.663  -52.371  -43.525 0.3000000119
30982  47.600  -53.631  -43.648 0.3000000119
29998  46.950  -54.436  -44.188 0.3000000119
29056  46.477  -54.874  -44.952 0.4000000060
28117  44.997  -55.399  -45.262 0.4000000060
29058  44.385  -54.906  -45.467 0.4000000060
30981  48.403  -53.257  -43.468 0.3000000119
29055  47.271  -54.963  -44.435 0.3000000119
28097  46.720  -55.353  -44.313 0.4000000060
28098  45.730  -55.485  -44.427 0.4000000060
28100  44.200  -56.071  -44.544 0.4000000060
29996  48.599  -53.602  -43.265 0.3000000119
29054  47.941  -54.932  -44.088 0.3000000119
101013  45.585  -56.027  -43.694 0.4000000060
28099  44.913  -56.275  -44.339 0.4000000060
30939  43.803  -53.031  -43.234 0.4000000060
30964  45.643  -53.092  -42.639 0.3000000119
30965  44.684  -53.286  -42.777 0.4000000060
29982  44.164  -53.114  -45.586 0.4000000060
29983  43.374  -52.963  -45.528 0.4000000060
101192  44.023  -53.124  -45.774 0.4000000060
40659  28.406  -41.232  -40.229 0.6000000238
111972  29.521  -39.028  -40.765 0.5000000000
43203  29.990  -38.493  -40.782 0.5000000000
102891  30.648  -38.078  -40.866 0.5000000000
44058  31.853  -37.538  -40.785 0.5000000000
48064  33.709  -32.271  -36.664 0.3000000119
101128  33.709  -31.854  -37.945 0.3000000119
48052  33.752  -32.764  -34.241 0.3000000119
114502  33.752  -32.626  -35.727 0.3000000119
48789  33.699  -31.736  -35.861 0.3000000119
48794  33.762  -31.350  -36.917 0.3000000119
102416  34.118  -30.966  -38.203 0.3000000119
119023  34.081  -30.554  -37.279 0.3000000119
101483  33.593  -31.801  -33.243 0.3000000119
101482  33.642  -31.953  -33.956 0.3000000119
101056  33.690  -32.094  -34.888 0.3000000119
100735  33.603  -31.078  -35.175 0.3000000119
49520  33.813  -30.646  -36.193 0.3000000119
50263  34.594  -29.613  -37.257 0.3000000119
101917  35.141  -28.546  -37.864 0.3000000119
48777  33.562  -31.212  -33.489 0.3000000119
100736  33.586  -31.207  -34.300 0.3000000119
49513  33.631  -30.357  -34.573 0.3000000119
102239  33.734  -30.281  -35.357 0.3000000119
50257  34.045  -29.811  -35.961 0.3000000119
49480  33.719  -30.811  -31.708 0.3000000119
116702  33.584  -30.445  -32.405 0.3000000119
49506  33.592  -30.460  -33.697 0.3000000119
50240  33.734  -29.608  -33.965 0.3000000119
103572  34.033  -28.911  -34.324 0.3000000119
51016  34.514  -28.513  -35.156 0.3000000119
50218  33.675  -29.925  -31.900 0.3000000119
50982  33.763  -29.244  -32.104 0.3000000119
50226  33.644  -29.729  -32.865 0.3000000119
51007  33.957  -28.775  -33.404 0.3000000119
51015  34.465  -28.174  -34.196 0.3000000119
50217  33.885  -29.304  -31.400 0.3000000119
115226  34.088  -28.411  -31.872 0.3000000119
50988  34.117  -28.351  -32.723 0.3000000119
114399  34.361  -27.785  -32.544 0.3000000119
50976  34.225  -28.690  -30.859 0.3000000119
51712  34.427  -27.799  -31.054 0.3000000119
51698  34.776  -27.263  -30.475 0.3000000119
29005  43.323  -54.661  -40.927 0.4000000060
29939  40.689  -54.026  -39.341 0.4000000060
29951  42.943  -54.163  -40.330 0.4000000060
29938  41.559  -53.908  -39.578 0.4000000060
29948  45.563  -53.497  -40.730 0.4000000060
29950  43.741  -53.881  -40.415 0.4000000060
33872  50.686  -48.956  -42.116 0.3000000119
33873  49.717  -49.545  -41.842 0.3000000119
119960  49.151  -51.184  -42.057 0.3000000119
31928  48.341  -52.191  -41.688 0.3000000119
29947  46.416  -53.349  -41.082 0.3000000119
33889  50.457  -50.160  -42.754 0.3000000119
32954  50.711  -51.038  -44.018 0.3000000119
31949  47.859  -51.592  -43.015 0.3000000119
32937  49.270  -50.760  -43.643 0.3000000119
31932  43.838  -51.887  -41.187 0.4000000060
30938  44.239  -52.600  -41.879 0.4000000060
30937  45.143  -52.409  -41.865 0.4000000060
31951  45.979  -52.110  -42.138 0.3000000119
30963  46.665  -52.819  -42.817 0.3000000119
118929  34.237  -30.220  -30.530 0.3000000119
50210  34.190  -29.527  -30.652 0.3000000119
50963  34.620  -28.112  -30.262 0.3000000119
51697  35.032  -27.503  -29.715 0.3000000119
32952  51.078  -50.166  -44.040 0.3000000119
28039  39.017  -56.132  -40.896 0.4000000060
28086  39.987  -55.997  -42.367 0.5000000000
28082  43.211  -56.277  -43.663 0.4000000060
31966  49.822  -51.551  -43.184 0.3000000119
48764  33.577  -31.212  -32.636 0.3000000119
50256  34.752  -28.841  -36.378 0.3000000119
51006  34.418  -27.898  -33.305 0.3000000119
121343  39.145  -54.022  -38.737 0.3000000119
29940  39.789  -54.182  -39.138 0.3000000119
30925  31.803  -51.964  -40.807 0.6999999881
28922  33.813  -55.058  -34.939 0.3000000119
28942  34.243  -54.386  -35.354 0.3000000119
101772  30.000  -51.152  -40.215 0.6999999881
29908  38.469  -53.254  -37.594 0.3000000119
31919  30.671  -51.635  -40.161 0.6999999881
30926  31.113  -52.262  -40.541 0.6999999881
29907  39.287  -53.103  -37.748 0.3000000119
29924  40.373  -53.439  -38.617 0.3000000119
30896  40.054  -52.944  -37.978 0.3000000119
30893  42.487  -52.473  -38.534 0.3000000119
30894  41.642  -52.659  -38.365 0.3000000119
29923  41.202  -53.316  -38.819 0.3000000119
30892  43.314  -52.278  -38.730 0.3000000119
30907  42.889  -52.924  -39.208 0.3000000119
29922  42.039  -53.135  -39.026 0.3000000119
29900  34.799  -53.821  -35.714 0.3000000119
29898  36.291  -53.247  -36.447 0.4000000060
31900  30.492  -50.807  -39.837 0.6999999881
30879  38.050  -52.874  -36.991 0.3000000119
29909  37.574  -53.420  -37.451 0.3000000119
31899  31.163  -51.137  -39.761 0.6999999881
31918  31.497  -51.592  -40.127 0.6999999881
30877  39.745  -52.543  -37.330 0.3000000119
30876  40.526  -52.422  -37.513 0.3000000119
30875  41.330  -52.248  -37.662 0.3000000119
29937  42.476  -53.675  -39.706 0.3000000119
104348  43.690  -51.613  -38.264 0.3000000119
29899  35.493  -53.463  -36.122 0.4000000060
32913  29.658  -50.267  -40.410 0.6999999881
30854  37.594  -52.348  -35.475 0.3000000119
30868  37.749  -52.608  -36.281 0.3000000119
30866  39.513  -52.206  -36.617 0.3000000119
113938  38.415  -52.532  -36.578 0.3000000119
32896  31.201  -50.461  -39.577 0.6999999881
31869  41.019  -51.867  -36.980 0.3000000119
32895  31.859  -50.153  -39.511 0.6999999881
29935  44.192  -53.197  -39.954 0.3000000119
29936  43.370  -53.406  -39.785 0.3000000119
30891  44.103  -52.026  -38.973 0.3000000119
30906  43.741  -52.704  -39.380 0.3000000119
33849  30.469  -49.886  -39.773 0.6999999881
31861  39.198  -51.967  -35.925 0.3000000119
33848  31.320  -49.629  -39.536 0.6999999881
31845  40.356  -51.546  -34.958 0.3000000119
118326  40.078  -51.737  -35.901 0.3000000119
30905  44.550  -52.503  -39.563 0.3000000119
31846  39.500  -51.699  -35.163 0.3000000119
30918  45.009  -52.984  -40.161 0.3000000119
31931  44.667  -51.697  -41.324 0.3000000119
31977  32.706  -51.543  -43.361 0.5000000000
30950  31.355  -52.606  -41.173 0.6999999881
30972  32.251  -52.237  -42.743 0.6000000238
109526  31.581  -52.947  -42.121 0.6000000238
31959  32.618  -51.607  -42.298 0.6000000238
31920  29.959  -51.718  -40.475 0.6999999881
29867  34.752  -53.812  -34.719 0.3000000119
30855  36.259  -52.711  -35.082 0.4000000060
33865  29.883  -49.216  -40.465 0.6999999881
103468  36.939  -52.442  -35.080 0.4000000060
30869  36.835  -52.739  -35.847 0.4000000060
31827  38.203  -51.999  -35.043 0.3000000119
30831  38.184  -52.121  -34.226 0.3000000119
107813  39.104  -52.514  -33.629 0.3000000119
29925  39.594  -53.510  -38.397 0.3000000119
30949  32.035  -52.172  -41.710 0.6000000238
31825  39.719  -51.855  -34.372 0.3000000119
30809  37.392  -52.434  -33.887 0.3000000119
32004  32.848  -51.095  -47.046 0.5000000000
32986  32.609  -50.475  -45.886 0.5000000000
31998  32.026  -50.854  -46.547 0.5000000000
27117  29.239  -56.513  -43.329 0.4000000060
26173  28.528  -57.722  -44.224 0.5000000000
32992  32.561  -50.573  -46.540 0.4000000060
32991  32.995  -50.467  -46.751 0.5000000000
109433  32.173  -51.084  -45.768 0.5000000000
26185  27.461  -58.068  -45.224 0.4000000060
26186  26.807  -57.760  -45.792 0.4000000060
26162  28.894  -57.193  -43.679 0.5000000000
31991  32.636  -51.253  -44.658 0.4000000060
26187  26.183  -57.167  -46.038 0.4000000060
26196  26.264  -57.844  -46.915 0.4000000060
110771  27.570  -57.008  -44.252 0.4000000060
27118  28.794  -56.537  -43.349 0.5000000000
26163  28.228  -57.079  -43.774 0.4000000060
28089  29.622  -55.847  -42.964 0.5000000000
29046  30.494  -54.541  -42.340 0.4000000060
30004  31.545  -53.477  -42.952 0.4000000060
29988  31.032  -53.892  -42.034 0.4000000060
108650  31.960  -52.770  -43.178 0.4000000060
27157  23.803  -55.950  -47.710 0.4000000060
27132  27.134  -56.383  -44.640 0.4000000060
29097  24.398  -53.789  -47.245 0.4000000060
27119  28.298  -56.356  -43.523 0.5000000000
27131  27.713  -56.409  -43.914 0.4000000060
29086  25.056  -53.573  -46.659 0.4000000060
28107  28.667  -55.841  -43.118 0.5000000000
30025  26.176  -53.268  -45.414 0.4000000060
30026  25.352  -53.030  -46.278 0.4000000060
27107  29.105  -55.932  -42.871 0.5000000000
120392  29.381  -54.830  -42.355 0.5000000000
31002  26.412  -52.098  -44.893 0.4000000060
119261  25.779  -51.618  -45.432 0.4000000060
106697  29.479  -55.322  -42.592 0.5000000000
29047  29.890  -54.727  -42.257 0.6000000238
27156  24.202  -56.342  -48.170 0.4000000060
28141  23.938  -54.877  -47.691 0.4000000060
28140  24.454  -54.663  -47.424 0.4000000060
28108  27.967  -55.683  -43.610 0.5000000000
28120  27.324  -55.611  -44.316 0.4000000060
112821  25.220  -54.275  -46.662 0.4000000060
29075  26.534  -54.069  -45.131 0.4000000060
29085  25.774  -53.831  -45.932 0.4000000060
29048  29.013  -55.303  -42.586 0.5000000000
29989  29.535  -54.195  -42.009 0.5000000000
29030  30.301  -53.919  -41.780 0.6000000238
29972  30.902  -53.263  -41.426 0.6000000238
27148  24.234  -55.589  -47.804 0.4000000060
28121  26.646  -55.610  -45.050 0.4000000060
28133  25.312  -55.222  -46.713 0.4000000060
29064  28.337  -54.824  -43.202 0.5000000000
30015  26.876  -53.497  -44.662 0.4000000060
108750  26.507  -52.798  -44.961 0.4000000060
103478  28.938  -54.476  -42.397 0.5000000000
30989  26.817  -51.858  -44.308 0.4000000060
110869  30.842  -52.767  -40.942 0.6000000238
30951  30.378  -53.097  -41.238 0.6000000238
29973  29.705  -53.438  -41.546 0.6000000238
26197  25.390  -56.997  -47.811 0.4000000060
27142  25.686  -56.276  -46.391 0.4000000060
105453  26.022  -55.680  -45.754 0.4000000060
28132  26.070  -54.767  -45.686 0.4000000060
104171  27.508  -54.839  -43.972 0.5000000000
29074  27.123  -54.206  -44.489 0.5000000000
29065  27.551  -53.839  -43.796 0.5000000000
29990  28.884  -53.493  -42.095 0.5000000000
30005  28.311  -53.751  -42.948 0.5000000000
31001  27.092  -52.738  -44.247 0.4000000060
30988  27.318  -52.061  -43.664 0.5000000000
30927  30.362  -52.404  -40.705 0.6000000238
30952  29.816  -52.799  -41.139 0.6000000238
116456  28.249  -52.959  -42.758 0.5000000000
30006  27.715  -52.939  -43.377 0.5000000000
30953  29.138  -52.739  -41.550 0.6000000238
30973  28.467  -52.490  -42.267 0.6000000238
106937  29.395  -52.029  -41.013 0.6000000238
33881  28.496  -49.371  -42.150 0.5000000000
32945  28.108  -50.130  -42.361 0.5000000000
32928  28.771  -50.336  -41.374 0.6000000238
103536  28.323  -50.998  -41.974 0.6000000238
111811  27.762  -50.749  -42.746 0.5000000000
31960  28.091  -51.626  -42.495 0.5000000000
30974  27.860  -52.238  -42.952 0.5000000000
31961  27.501  -51.386  -43.217 0.5000000000
31978  26.903  -51.236  -43.944 0.5000000000
33880  29.152  -49.357  -41.270 0.5000000000
31940  29.385  -51.127  -40.728 0.6000000238
115228  28.840  -51.275  -41.322 0.6000000238
30999  32.134  -51.931  -45.027 0.4000000060
30986  32.303  -52.145  -43.843 0.4000000060
32005  32.143  -50.958  -47.053 0.5000000000
31010  31.757  -51.464  -46.252 0.5000000000
26175  27.048  -57.251  -45.039 0.4000000060
27141  26.436  -56.421  -45.407 0.4000000060
30035  24.362  -53.049  -47.013 0.4000000060
31012  25.760  -52.378  -45.668 0.4000000060
110056  26.898  -54.825  -44.775 0.4000000060
27147  24.911  -55.932  -47.502 0.4000000060
31941  28.667  -51.907  -41.710 0.6000000238
29105  23.615  -54.522  -47.365 0.3000000119
31013  24.594  -52.310  -46.518 0.3000000119
30036  23.691  -53.382  -47.200 0.3000000119
31003  24.863  -51.587  -46.040 0.3000000119
31020  23.642  -52.603  -46.810 0.3000000119
31021  23.304  -52.226  -46.408 0.3000000119
24185  32.485  -59.645  -38.158 0.5000000000
25182  31.574  -58.374  -41.362 0.6000000238
26107  32.804  -57.916  -36.613 0.3000000119
26120  32.857  -57.304  -38.045 0.5000000000
26121  32.648  -57.984  -37.443 0.4000000060
26134  33.442  -57.303  -39.826 0.6000000238
26140  32.447  -57.760  -40.398 0.6999999881
27978  33.513  -55.565  -35.549 0.4000000060
28046  32.578  -55.610  -40.696 0.6000000238
28080  46.467  -55.670  -43.651 0.4000000060
28115  47.201  -55.129  -44.354 0.4000000060
28116  46.665  -55.043  -44.957 0.4000000060
28149  23.688  -55.131  -47.492 0.4000000060
28965  36.159  -54.246  -37.811 0.4000000060
29004  44.008  -54.410  -40.930 0.4000000060
29029  32.797  -54.799  -41.767 0.6000000238
29038  48.225  -54.693  -43.154 0.3000000119
29039  47.091  -55.273  -43.165 0.3000000119
29057  45.571  -54.580  -45.196 0.4000000060
29098  23.859  -54.157  -47.490 0.3000000119
29866  35.304  -53.360  -34.190 0.3000000119
29884  36.016  -53.023  -35.737 0.4000000060
29885  35.446  -53.213  -35.131 0.4000000060
29897  37.181  -53.067  -36.714 0.4000000060
29926  38.840  -53.633  -38.223 0.3000000119
29965  47.160  -54.076  -41.870 0.4000000060
29997  48.037  -54.450  -43.981 0.3000000119
30000  44.855  -53.846  -45.834 0.4000000060
30832  37.490  -52.253  -34.653 0.3000000119
30853  38.412  -52.223  -35.895 0.3000000119
30865  40.254  -52.048  -36.815 0.3000000119
30867  38.892  -52.320  -36.460 0.3000000119
30878  38.909  -52.658  -37.087 0.3000000119
30895  40.836  -52.806  -38.184 0.3000000119
30904  45.312  -52.285  -39.791 0.3000000119
30960  49.473  -52.686  -43.020 0.3000000119
30970  35.450  -52.235  -42.303 0.8000000119
30980  49.137  -52.945  -43.382 0.3000000119
31799  39.570  -52.254  -33.850 0.3000000119
31800  38.955  -52.116  -33.941 0.3000000119
31826  38.886  -51.875  -34.651 0.3000000119
31847  38.828  -51.903  -35.336 0.3000000119
31926  49.765  -51.678  -42.687 0.3000000119
31927  49.103  -52.025  -42.286 0.3000000119
31948  49.589  -52.585  -42.831 0.3000000119
31996  34.424  -51.438  -46.213 0.6000000238
32934  51.143  -50.300  -43.775 0.3000000119
32953  51.085  -50.774  -44.093 0.3000000119
32955  48.740  -51.427  -43.450 0.3000000119
33888  51.005  -49.729  -42.828 0.3000000119
33902  51.183  -49.455  -43.161 0.3000000119
33928  38.026  -49.198  -46.462 0.8000000119
33932  34.209  -49.633  -46.470 0.5000000000
33934  34.719  -49.522  -46.565 0.6999999881
34741  42.774  -48.864  -38.115 0.3000000119
34820  41.281  -47.479  -45.513 0.8000000119
34821  40.173  -47.831  -45.832 0.8000000119
35461  36.677  -47.273  -33.624 0.5000000000
35603  39.847  -46.129  -44.115 0.6999999881
35605  41.523  -46.370  -45.139 0.8000000119
35606  40.398  -45.977  -44.962 0.8000000119
35609  40.227  -46.587  -45.359 0.8000000119
36255  37.743  -46.101  -32.746 0.5000000000
36257  36.291  -46.362  -32.699 0.5000000000
36275  35.651  -46.590  -33.464 0.5000000000
36312  42.138  -46.093  -35.998 0.4000000060
36316  34.638  -46.173  -35.516 0.8999999762
36404  40.710  -45.698  -43.685 0.6999999881
36405  40.372  -45.355  -43.050 0.6999999881
36409  41.186  -45.731  -44.457 0.6999999881
36411  41.209  -45.852  -45.024 0.8000000119
37108  36.440  -45.057  -31.704 0.5000000000
37129  34.969  -45.443  -32.607 0.4000000060
37148  38.562  -45.778  -33.001 0.5000000000
37151  33.827  -45.073  -33.727 0.6999999881
38029  36.098  -44.526  -31.412 0.4000000060
38043  37.619  -44.901  -32.005 0.5000000000
38148  37.363  -42.392  -41.293 1.0000000000
38926  35.985  -43.243  -30.753 0.3000000119
38950  34.316  -44.035  -32.109 0.4000000060
38951  33.818  -43.723  -32.582 0.5000000000
39045  37.041  -41.876  -41.911 1.0000000000
39738  36.836  -42.321  -30.561 0.4000000060
39740  35.526  -42.889  -30.787 0.4000000060
39751  37.862  -42.778  -31.266 0.4000000060
40553  38.955  -41.625  -31.461 0.3000000119
41406  34.514  -40.805  -31.336 0.4000000060
43942  35.160  -37.851  -31.484 0.3000000119
46383  36.077  -34.426  -28.897 0.3000000119
46418  34.449  -34.533  -31.910 0.3000000119
46474  34.177  -34.377  -34.674 0.3000000119
47264  34.015  -33.073  -31.590 0.4000000060
48034  33.640  -32.071  -32.628 0.4000000060
49475  34.106  -30.899  -30.810 0.3000000119
49490  33.557  -30.604  -33.011 0.3000000119
50248  33.947  -29.478  -35.056 0.3000000119
50268  35.516  -28.846  -39.044 0.3000000119
50989  33.854  -28.896  -32.573 0.3000000119
101858  43.721  -55.248  -41.589 0.4000000060
104762  44.064  -56.336  -43.597 0.4000000060
105384  34.934  -54.161  -40.010 0.6000000238
106229  35.774  -54.100  -40.248 0.5000000000
107809  36.112  -40.399  -30.132 0.3000000119
108150  33.918  -31.592  -31.316 0.4000000060
109084  34.243  -34.857  -35.275 0.3000000119
109286  34.960  -36.658  -34.186 0.4000000060
110745  49.450  -51.272  -43.482 0.3000000119
111320  43.180  -53.076  -45.179 0.4000000060
112951  37.693  -51.941  -41.732 0.6999999881
113326  32.663  -59.323  -37.452 0.5000000000
114380  33.894  -30.104  -31.133 0.3000000119
116480  23.963  -55.509  -47.868 0.4000000060
119073  33.021  -50.272  -39.896 0.8000000119
119225  34.695  -35.723  -39.251 0.3000000119
119541  24.691  -55.291  -47.430 0.4000000060
121178  47.911  -55.138  -43.552 0.3000000119
