#!ascii label  , from subject sub-v2s9x29174_ses-1 vox2ras=TkReg
258
16360  32.647  -68.608  -27.238 0.0000000000
11249  40.087  -74.871  -27.914 0.0000000000
11969  32.992  -74.138  -24.204 0.0000000000
12833  38.836  -71.535  -24.881 0.0000000000
8356  38.834  -78.802  -25.025 0.0000000000
106050  35.550  -76.411  -24.914 0.0000000000
9084  35.397  -77.198  -26.760 0.0000000000
11995  41.774  -73.154  -25.642 0.0000000000
14702  38.935  -70.469  -26.330 0.0000000000
13790  32.618  -71.233  -25.617 0.0000000000
101227  36.103  -73.371  -26.780 0.0000000000
111682  40.041  -75.218  -25.408 0.0000000000
9067  41.070  -77.010  -25.420 0.0000000000
7715  39.704  -80.022  -28.242 0.0000000000
17990  30.897  -66.528  -26.222 0.0000000000
15494  31.099  -69.867  -25.405 0.0000000000
13760  30.456  -72.456  -23.816 0.0000000000
15501  36.935  -69.116  -24.868 0.0000000000
9814  34.214  -76.595  -25.744 0.0000000000
11247  42.169  -74.299  -27.454 0.0000000000
12853  41.447  -72.663  -27.491 0.0000000000
12823  33.119  -72.720  -24.991 0.0000000000
11999  34.590  -73.368  -25.828 0.0000000000
9802  37.145  -77.166  -25.285 0.0000000000
10505  37.598  -76.110  -25.623 0.0000000000
9790  39.181  -77.354  -24.781 0.0000000000
10493  41.458  -75.703  -24.819 0.0000000000
8347  41.007  -78.043  -24.592 0.0000000000
8395  38.720  -78.613  -28.478 0.0000000000
15484  29.711  -70.514  -24.049 0.0000000000
14676  30.471  -70.560  -24.516 0.0000000000
112027  29.221  -71.299  -23.840 0.0000000000
13787  37.393  -71.180  -25.826 0.0000000000
112357  37.517  -70.168  -25.019 0.0000000000
14723  38.765  -69.690  -28.140 0.0000000000
15506  38.024  -69.239  -26.737 0.0000000000
120929  32.700  -75.674  -23.936 0.0000000000
11220  34.136  -75.402  -24.314 0.0000000000
9791  34.134  -76.427  -24.443 0.0000000000
9061  35.550  -77.187  -25.142 0.0000000000
8367  36.413  -78.258  -26.019 0.0000000000
12820  40.172  -72.297  -24.854 0.0000000000
13785  38.847  -71.216  -24.907 0.0000000000
13783  40.525  -71.944  -26.297 0.0000000000
13802  40.621  -71.859  -27.824 0.0000000000
10548  38.256  -75.326  -28.182 0.0000000000
15503  32.993  -69.890  -26.880 0.0000000000
12855  35.399  -72.020  -27.025 0.0000000000
12835  37.158  -72.623  -26.683 0.0000000000
10521  35.711  -75.172  -25.547 0.0000000000
11232  37.515  -74.333  -26.439 0.0000000000
11996  38.853  -73.355  -25.833 0.0000000000
11216  41.608  -73.958  -24.790 0.0000000000
10515  42.604  -75.003  -25.701 0.0000000000
9822  40.546  -75.852  -26.999 0.0000000000
6955  39.532  -79.863  -25.919 0.0000000000
8365  40.076  -78.851  -26.096 0.0000000000
119970  39.047  -76.998  -27.073 0.0000000000
9838  38.216  -76.075  -27.877 0.0000000000
18844  32.135  -65.886  -27.212 0.0000000000
17177  31.767  -67.622  -26.945 0.0000000000
16335  30.529  -68.350  -25.532 0.0000000000
104087  31.692  -69.526  -26.093 0.0000000000
119871  31.606  -70.123  -25.634 0.0000000000
13775  32.056  -71.863  -24.757 0.0000000000
12808  31.291  -73.255  -23.742 0.0000000000
12825  29.947  -73.068  -24.333 0.0000000000
11971  30.958  -73.976  -23.797 0.0000000000
15500  37.639  -69.668  -25.154 0.0000000000
104411  33.036  -67.850  -27.531 0.0000000000
17186  33.627  -67.325  -27.506 0.0000000000
11248  41.413  -74.535  -28.001 0.0000000000
11267  41.804  -73.977  -28.563 0.0000000000
11984  33.369  -73.309  -24.735 0.0000000000
12822  33.869  -72.919  -25.481 0.0000000000
104024  33.913  -73.704  -24.879 0.0000000000
8350  38.428  -78.185  -24.924 0.0000000000
9058  38.229  -77.624  -24.999 0.0000000000
9051  38.963  -77.938  -24.685 0.0000000000
9050  39.869  -77.910  -24.522 0.0000000000
8349  39.309  -78.423  -24.715 0.0000000000
105034  38.861  -79.061  -30.322 0.0000000000
14686  36.887  -70.268  -25.546 0.0000000000
13786  38.215  -70.919  -25.035 0.0000000000
15525  38.698  -69.126  -29.062 0.0000000000
10495  33.096  -76.058  -23.992 0.0000000000
10508  33.186  -76.154  -24.563 0.0000000000
116920  34.845  -76.941  -26.112 0.0000000000
9813  34.875  -77.070  -25.343 0.0000000000
9071  35.600  -77.520  -25.796 0.0000000000
9070  36.114  -77.665  -25.561 0.0000000000
8368  35.961  -77.939  -26.121 0.0000000000
12819  41.014  -72.747  -24.905 0.0000000000
12832  40.355  -72.046  -24.998 0.0000000000
12831  41.222  -72.606  -25.999 0.0000000000
12875  41.676  -72.845  -28.942 0.0000000000
13818  40.067  -71.208  -28.480 0.0000000000
14689  33.118  -70.696  -26.437 0.0000000000
14707  33.726  -70.231  -27.164 0.0000000000
13789  33.360  -71.460  -26.132 0.0000000000
12854  36.307  -72.285  -27.006 0.0000000000
10507  34.703  -76.069  -24.468 0.0000000000
11219  35.005  -74.999  -24.936 0.0000000000
10520  36.299  -75.707  -25.609 0.0000000000
10504  38.778  -75.488  -25.667 0.0000000000
10518  37.868  -75.155  -26.069 0.0000000000
11231  38.465  -74.409  -26.167 0.0000000000
120180  38.137  -73.801  -26.375 0.0000000000
11218  39.542  -74.178  -25.625 0.0000000000
11981  40.041  -72.874  -24.832 0.0000000000
11217  40.691  -73.845  -24.915 0.0000000000
9798  41.567  -76.073  -25.252 0.0000000000
10491  42.222  -75.418  -25.002 0.0000000000
9811  41.828  -76.023  -25.946 0.0000000000
10517  41.610  -75.606  -26.610 0.0000000000
108674  41.017  -76.467  -26.239 0.0000000000
6375  37.018  -80.778  -31.882 0.0000000000
7003  39.149  -80.431  -28.816 0.0000000000
6336  38.653  -80.893  -28.991 0.0000000000
106398  39.004  -80.684  -28.252 0.0000000000
118768  39.770  -80.166  -27.195 0.0000000000
7684  40.082  -79.763  -26.378 0.0000000000
7703  40.009  -80.052  -27.236 0.0000000000
8381  38.871  -78.306  -27.506 0.0000000000
9095  38.148  -77.605  -28.095 0.0000000000
9824  38.622  -76.544  -27.509 0.0000000000
9083  37.986  -76.840  -27.950 0.0000000000
106352  31.422  -65.966  -26.764 0.0000000000
121366  31.353  -66.569  -26.685 0.0000000000
17989  31.799  -66.706  -27.087 0.0000000000
17178  31.271  -67.133  -26.554 0.0000000000
15495  30.302  -69.483  -25.015 0.0000000000
15504  31.114  -68.962  -25.863 0.0000000000
14663  30.485  -71.552  -24.065 0.0000000000
13776  31.273  -71.699  -24.328 0.0000000000
13759  31.278  -72.542  -23.934 0.0000000000
12841  30.048  -72.869  -25.097 0.0000000000
11972  30.398  -73.493  -24.105 0.0000000000
14683  39.181  -70.905  -25.588 0.0000000000
14684  38.129  -70.425  -25.107 0.0000000000
14703  38.481  -69.950  -26.521 0.0000000000
15507  37.691  -68.486  -26.915 0.0000000000
11230  42.584  -74.174  -26.433 0.0000000000
12852  42.127  -73.426  -27.043 0.0000000000
13774  32.842  -72.022  -25.335 0.0000000000
12838  33.639  -72.188  -25.832 0.0000000000
11982  35.354  -74.057  -26.101 0.0000000000
104397  35.830  -77.028  -25.027 0.0000000000
10506  36.539  -76.437  -25.402 0.0000000000
9801  38.377  -76.751  -25.246 0.0000000000
9800  39.551  -76.408  -25.099 0.0000000000
9799  40.722  -76.156  -24.818 0.0000000000
9789  40.311  -77.184  -24.566 0.0000000000
9049  40.873  -77.820  -24.419 0.0000000000
9057  41.047  -78.056  -24.833 0.0000000000
8394  39.546  -79.729  -28.645 0.0000000000
8406  39.115  -79.344  -29.381 0.0000000000
8407  38.427  -78.472  -29.542 0.0000000000
14664  29.766  -71.425  -23.883 0.0000000000
120620  37.184  -69.701  -24.737 0.0000000000
14685  37.038  -69.496  -24.741 0.0000000000
14722  39.218  -70.446  -27.668 0.0000000000
15518  38.208  -68.832  -28.087 0.0000000000
11206  32.570  -75.236  -23.876 0.0000000000
11968  33.601  -74.730  -24.244 0.0000000000
11205  33.190  -75.752  -23.945 0.0000000000
10494  33.694  -76.108  -24.208 0.0000000000
9803  34.845  -76.720  -24.753 0.0000000000
9060  36.405  -77.459  -25.371 0.0000000000
8358  36.828  -78.030  -25.475 0.0000000000
12821  39.385  -72.117  -24.832 0.0000000000
13773  39.502  -71.744  -24.853 0.0000000000
13784  39.688  -71.489  -25.287 0.0000000000
101269  39.875  -71.391  -26.476 0.0000000000
13803  39.578  -71.043  -27.159 0.0000000000
14741  39.580  -70.472  -28.970 0.0000000000
11250  39.098  -74.902  -28.018 0.0000000000
15511  33.016  -69.194  -27.251 0.0000000000
16359  33.484  -68.641  -27.471 0.0000000000
12834  38.108  -71.803  -25.399 0.0000000000
106908  36.062  -74.218  -26.438 0.0000000000
10519  37.070  -75.418  -26.027 0.0000000000
11233  36.546  -74.740  -26.284 0.0000000000
11998  36.861  -73.760  -26.671 0.0000000000
11997  37.890  -73.182  -26.404 0.0000000000
118023  38.667  -72.211  -25.223 0.0000000000
11980  40.933  -73.039  -24.780 0.0000000000
11979  41.828  -73.547  -24.984 0.0000000000
10503  41.180  -74.950  -24.909 0.0000000000
11215  42.250  -74.315  -24.931 0.0000000000
11978  42.465  -74.118  -25.387 0.0000000000
10531  42.474  -74.735  -26.482 0.0000000000
10533  41.558  -75.007  -27.339 0.0000000000
108526  40.775  -75.133  -27.578 0.0000000000
117579  36.736  -78.820  -26.658 0.0000000000
6359  37.887  -80.819  -30.367 0.0000000000
7685  38.604  -79.687  -26.218 0.0000000000
7674  39.184  -79.388  -25.459 0.0000000000
8355  40.007  -79.114  -24.996 0.0000000000
8364  40.208  -78.366  -25.379 0.0000000000
9068  40.191  -77.727  -25.734 0.0000000000
103479  39.664  -79.529  -27.848 0.0000000000
9069  39.325  -77.815  -26.712 0.0000000000
9812  39.861  -76.881  -26.518 0.0000000000
9823  39.455  -76.249  -27.207 0.0000000000
10535  39.020  -75.609  -27.654 0.0000000000
18825  32.594  -65.194  -27.088 0.0000000000
18826  31.844  -65.208  -26.890 0.0000000000
18003  32.537  -66.578  -27.387 0.0000000000
17187  32.381  -67.304  -27.337 0.0000000000
16361  32.307  -67.994  -27.236 0.0000000000
17165  29.990  -67.640  -25.229 0.0000000000
17164  30.691  -67.399  -25.891 0.0000000000
16351  31.189  -68.006  -26.269 0.0000000000
16350  31.846  -68.585  -26.681 0.0000000000
16349  32.384  -69.356  -26.707 0.0000000000
14690  32.225  -70.338  -25.930 0.0000000000
14675  31.310  -70.762  -25.039 0.0000000000
14674  31.897  -71.181  -25.205 0.0000000000
12807  32.170  -72.745  -24.284 0.0000000000
119084  31.589  -73.718  -23.745 0.0000000000
101576  30.605  -73.208  -23.780 0.0000000000
11970  31.769  -74.550  -23.805 0.0000000000
115046  37.288  -69.837  -24.816 0.0000000000
100915  37.277  -69.078  -25.049 0.0000000000
6335  38.878  -80.870  -29.521 0.0000000000
6971  40.072  -79.955  -26.574 0.0000000000
6987  39.571  -80.179  -27.900 0.0000000000
7667  39.809  -79.141  -24.896 0.0000000000
7672  40.058  -79.161  -25.509 0.0000000000
7673  39.971  -79.590  -25.650 0.0000000000
8348  40.140  -78.340  -24.692 0.0000000000
8354  40.244  -78.433  -24.886 0.0000000000
8366  37.177  -78.645  -25.859 0.0000000000
8380  39.776  -79.188  -27.050 0.0000000000
8383  35.759  -77.795  -26.629 0.0000000000
9048  41.063  -77.275  -24.693 0.0000000000
9059  37.455  -77.847  -25.237 0.0000000000
9082  38.560  -77.378  -27.471 0.0000000000
9787  41.393  -76.008  -24.879 0.0000000000
9788  41.009  -76.875  -24.543 0.0000000000
9792  33.628  -76.236  -24.401 0.0000000000
9797  42.293  -75.386  -25.510 0.0000000000
10492  42.024  -75.353  -24.860 0.0000000000
10501  42.487  -75.056  -25.227 0.0000000000
10502  41.959  -74.857  -24.793 0.0000000000
10516  42.299  -75.322  -26.200 0.0000000000
10532  42.133  -74.943  -26.876 0.0000000000
10534  39.950  -75.532  -27.445 0.0000000000
10549  37.502  -75.386  -28.733 0.0000000000
11204  42.376  -74.957  -24.959 0.0000000000
11207  32.085  -75.269  -23.936 0.0000000000
11214  42.545  -74.674  -25.238 0.0000000000
11229  42.632  -74.507  -25.839 0.0000000000
11994  42.335  -73.695  -26.025 0.0000000000
12806  32.540  -73.506  -24.187 0.0000000000
109778  42.468  -73.912  -27.121 0.0000000000
119312  40.580  -77.093  -25.996 0.0000000000
