#!ascii label  , from subject sub-v2s9x29171_ses-1 vox2ras=TkReg
1392
38924  -28.542  -28.700  24.079 0.0000000000
57245  -40.973  -6.696  7.340 0.0000000000
49111  -31.155  -15.661  16.364 0.0000000000
94783  -0.367  -33.772  25.990 0.0000000000
39831  -15.909  -25.350  27.014 0.0000000000
41670  -0.213  -25.677  25.178 0.0000000000
39775  -0.569  -27.698  33.501 0.0000000000
52477  -36.419  -12.225  11.711 0.0000000000
43419  2.134  -22.791  17.268 0.0000000000
31440  -0.077  -36.896  34.160 0.0000000000
42584  -26.784  -23.894  19.025 0.0000000000
38035  -23.568  -29.532  22.593 0.0000000000
38007  -22.154  -28.698  26.026 0.0000000000
58113  -43.565  -5.149  4.491 0.0000000000
49996  -34.051  -15.194  13.907 0.0000000000
39853  -10.660  -26.866  25.358 0.0000000000
46674  1.273  -19.749  22.303 0.0000000000
38003  -4.010  -29.445  25.515 0.0000000000
101083  -3.531  -28.445  21.215 0.0000000000
95921  -0.607  -33.196  22.510 0.0000000000
106344  -7.648  -32.468  35.237 0.0000000000
34727  -3.987  -33.447  37.372 0.0000000000
102284  -29.122  -15.613  20.010 0.0000000000
39804  -20.595  -26.683  29.473 0.0000000000
99044  -17.470  -26.603  24.351 0.0000000000
39810  0.798  -27.879  28.623 0.0000000000
37169  -3.594  -30.265  29.572 0.0000000000
54858  -38.516  -9.459  9.850 0.0000000000
37164  -8.051  -30.328  31.310 0.0000000000
37982  -8.970  -28.472  28.415 0.0000000000
43390  -0.642  -23.452  21.414 0.0000000000
103122  1.373  -27.989  18.244 0.0000000000
38816  -2.111  -28.320  36.612 0.0000000000
35564  -3.142  -32.774  34.527 0.0000000000
33942  0.364  -35.216  30.498 0.0000000000
41695  -30.107  -25.478  23.796 0.0000000000
38944  -26.814  -28.259  21.805 0.0000000000
41705  -28.513  -25.095  21.774 0.0000000000
37204  -26.495  -29.737  23.370 0.0000000000
37239  -25.429  -29.296  21.131 0.0000000000
37190  -25.958  -30.301  25.565 0.0000000000
57256  -42.406  -5.692  5.940 0.0000000000
55654  -38.482  -8.110  6.737 0.0000000000
56434  -40.257  -6.580  5.016 0.0000000000
57271  -41.136  -5.920  3.363 0.0000000000
49141  -32.696  -15.629  15.309 0.0000000000
49966  -28.551  -15.530  15.966 0.0000000000
49138  -29.863  -15.796  13.997 0.0000000000
95486  -30.606  -16.167  13.019 0.0000000000
106706  -2.480  -31.685  25.929 0.0000000000
36429  -2.629  -31.462  23.617 0.0000000000
35647  -0.741  -33.310  24.278 0.0000000000
34033  -0.363  -34.600  22.263 0.0000000000
33190  -0.425  -35.128  24.308 0.0000000000
33922  -5.777  -34.126  32.237 0.0000000000
33101  -5.660  -35.190  34.257 0.0000000000
49035  -28.061  -16.428  22.310 0.0000000000
45910  -27.945  -21.377  21.106 0.0000000000
45095  -26.406  -21.832  18.823 0.0000000000
47514  -26.846  -18.957  20.617 0.0000000000
48314  -26.358  -16.747  19.301 0.0000000000
39794  -22.468  -26.853  30.298 0.0000000000
38921  -20.708  -28.432  23.646 0.0000000000
97668  -19.378  -27.278  25.004 0.0000000000
100310  -43.281  -4.625  0.813 0.0000000000
60639  -43.742  -3.099  -0.636 0.0000000000
100294  0.327  -27.875  30.491 0.0000000000
38852  -2.493  -28.439  29.740 0.0000000000
38841  -2.650  -28.656  31.235 0.0000000000
54083  -37.641  -10.576  10.662 0.0000000000
51630  -33.391  -13.638  10.678 0.0000000000
52492  -35.176  -12.006  10.110 0.0000000000
54102  -35.768  -10.595  8.564 0.0000000000
37159  -9.037  -29.612  33.479 0.0000000000
104832  -9.850  -28.664  32.447 0.0000000000
42522  2.072  -23.654  25.441 0.0000000000
43367  1.843  -23.068  23.951 0.0000000000
42540  -0.429  -24.366  23.398 0.0000000000
99103  -1.318  -30.196  20.436 0.0000000000
38966  -1.805  -28.016  19.389 0.0000000000
38063  0.948  -29.879  18.415 0.0000000000
39750  -3.914  -27.692  37.053 0.0000000000
33087  -2.447  -35.393  36.378 0.0000000000
35554  -3.445  -32.763  36.220 0.0000000000
93705  -1.037  -34.658  34.467 0.0000000000
34754  -0.857  -34.228  31.938 0.0000000000
96578  0.399  -35.900  32.964 0.0000000000
99010  -28.528  -23.293  21.735 0.0000000000
38870  -23.546  -28.585  28.449 0.0000000000
108145  -24.817  -29.566  27.477 0.0000000000
38016  -22.714  -29.331  25.001 0.0000000000
58994  -44.814  -4.592  2.715 0.0000000000
97928  -42.124  -5.361  1.875 0.0000000000
51621  -35.492  -13.523  12.694 0.0000000000
50802  -32.673  -14.926  11.574 0.0000000000
93081  -14.674  -25.297  24.803 0.0000000000
39844  -13.417  -25.578  26.190 0.0000000000
45059  1.897  -21.022  20.675 0.0000000000
40811  -2.208  -26.835  25.665 0.0000000000
40828  -2.871  -26.420  23.943 0.0000000000
38916  -4.103  -28.444  23.635 0.0000000000
37219  -2.661  -30.546  21.909 0.0000000000
35703  0.256  -32.342  20.168 0.0000000000
101267  -8.076  -30.104  36.328 0.0000000000
36378  -5.791  -31.029  36.875 0.0000000000
34732  -6.453  -33.701  36.438 0.0000000000
32275  -4.708  -36.065  35.558 0.0000000000
49078  -30.720  -15.662  17.842 0.0000000000
49935  -26.723  -15.607  18.047 0.0000000000
39818  -18.139  -25.822  28.236 0.0000000000
37984  -21.600  -27.530  27.920 0.0000000000
92867  -18.681  -26.265  26.707 0.0000000000
106262  -16.623  -25.752  25.412 0.0000000000
41663  1.893  -25.122  26.980 0.0000000000
100344  1.901  -26.289  28.963 0.0000000000
39824  0.409  -27.193  27.143 0.0000000000
100035  -2.549  -27.612  27.467 0.0000000000
37981  -3.704  -29.601  27.510 0.0000000000
35611  -2.003  -32.348  27.928 0.0000000000
98166  -40.076  -7.533  8.080 0.0000000000
54867  -37.030  -9.429  7.911 0.0000000000
37150  -8.715  -30.271  35.508 0.0000000000
109128  -7.491  -31.489  32.997 0.0000000000
34765  -5.644  -33.071  30.632 0.0000000000
39828  -12.058  -26.200  27.260 0.0000000000
107996  -11.049  -26.920  29.638 0.0000000000
38849  -10.431  -27.675  30.698 0.0000000000
37970  -8.479  -29.292  29.719 0.0000000000
36406  -6.362  -31.737  28.555 0.0000000000
45873  1.903  -20.838  24.062 0.0000000000
45045  2.573  -21.283  22.491 0.0000000000
43412  -0.033  -22.741  19.846 0.0000000000
41704  -2.605  -25.518  21.734 0.0000000000
42577  -1.403  -24.780  19.628 0.0000000000
111410  1.260  -24.881  17.857 0.0000000000
38822  -0.988  -28.009  35.306 0.0000000000
95369  -3.577  -30.022  36.676 0.0000000000
37149  -3.076  -30.063  35.702 0.0000000000
37958  -2.397  -29.489  33.791 0.0000000000
101503  -3.514  -31.408  32.149 0.0000000000
34762  -1.545  -33.382  30.270 0.0000000000
33979  0.296  -34.754  27.819 0.0000000000
30603  0.386  -38.608  32.322 0.0000000000
30614  0.537  -38.342  30.542 0.0000000000
32360  -0.345  -36.235  26.103 0.0000000000
39898  -29.154  -26.873  23.574 0.0000000000
39871  -29.663  -27.255  25.320 0.0000000000
38935  -28.004  -28.232  23.271 0.0000000000
39897  -28.462  -27.363  22.919 0.0000000000
102558  -27.308  -29.536  23.696 0.0000000000
37214  -26.438  -28.976  22.585 0.0000000000
38915  -28.736  -28.863  24.869 0.0000000000
37198  -27.746  -30.120  24.991 0.0000000000
96333  -41.671  -6.155  6.378 0.0000000000
94060  -39.566  -7.400  6.428 0.0000000000
56426  -39.435  -7.227  5.684 0.0000000000
56427  -40.161  -6.828  5.749 0.0000000000
57254  -40.861  -6.396  5.310 0.0000000000
49129  -31.872  -15.660  15.545 0.0000000000
49131  -32.999  -15.616  15.874 0.0000000000
49113  -32.256  -15.672  16.778 0.0000000000
49979  -28.734  -15.537  15.011 0.0000000000
105841  -30.734  -15.650  15.598 0.0000000000
93581  -31.263  -15.738  14.732 0.0000000000
35622  -1.295  -32.513  26.274 0.0000000000
36419  -1.562  -32.085  25.018 0.0000000000
35633  -0.648  -33.385  25.245 0.0000000000
101920  -0.463  -34.404  24.064 0.0000000000
34012  -0.429  -34.647  25.023 0.0000000000
97212  -5.328  -34.277  31.338 0.0000000000
33932  -5.370  -34.862  32.070 0.0000000000
46691  -27.834  -19.776  21.998 0.0000000000
93482  -27.545  -20.735  20.611 0.0000000000
96084  -27.229  -19.021  21.425 0.0000000000
47515  -27.029  -18.056  21.262 0.0000000000
59009  -44.236  -4.372  1.150 0.0000000000
59846  -43.633  -3.739  -0.121 0.0000000000
60641  -45.151  -3.010  -0.189 0.0000000000
38837  -0.053  -27.750  31.405 0.0000000000
38839  -1.109  -28.225  31.599 0.0000000000
38834  -1.301  -28.258  32.557 0.0000000000
53286  -37.237  -11.112  11.016 0.0000000000
54069  -38.642  -10.562  11.755 0.0000000000
51632  -35.130  -12.838  11.313 0.0000000000
51643  -34.090  -12.831  10.251 0.0000000000
52483  -35.496  -12.252  10.769 0.0000000000
53295  -36.320  -11.182  10.007 0.0000000000
38832  -10.127  -27.684  33.726 0.0000000000
39780  -10.675  -27.277  33.339 0.0000000000
40784  -16.742  -25.302  28.152 0.0000000000
40793  -15.307  -25.201  27.359 0.0000000000
44231  1.567  -21.785  17.802 0.0000000000
42524  1.196  -24.898  25.321 0.0000000000
42531  0.693  -24.676  24.658 0.0000000000
41678  0.079  -25.199  24.748 0.0000000000
37246  0.556  -30.975  19.200 0.0000000000
38064  0.340  -29.748  19.099 0.0000000000
37245  0.702  -30.377  18.716 0.0000000000
40707  -4.448  -27.171  36.708 0.0000000000
38818  -5.681  -28.064  36.752 0.0000000000
32277  -1.152  -36.246  35.617 0.0000000000
33911  -1.637  -34.973  35.675 0.0000000000
33094  -0.230  -35.704  34.259 0.0000000000
33099  0.107  -35.599  33.725 0.0000000000
32286  0.182  -36.262  33.797 0.0000000000
42557  -29.605  -23.970  22.774 0.0000000000
42564  -28.526  -24.197  21.741 0.0000000000
44199  -29.180  -23.084  22.418 0.0000000000
45050  -29.032  -21.999  22.476 0.0000000000
38018  -24.195  -30.063  24.169 0.0000000000
37195  -24.142  -30.056  25.227 0.0000000000
38025  -23.473  -29.635  23.537 0.0000000000
38923  -22.098  -28.959  23.141 0.0000000000
58123  -44.351  -4.829  4.073 0.0000000000
57272  -41.986  -5.625  3.734 0.0000000000
57280  -41.764  -5.653  3.035 0.0000000000
58121  -42.556  -5.425  3.271 0.0000000000
58137  -43.866  -4.922  2.270 0.0000000000
50799  -35.089  -14.190  13.242 0.0000000000
51617  -36.680  -13.512  13.987 0.0000000000
93545  -35.600  -14.725  14.961 0.0000000000
49150  -32.048  -15.834  14.027 0.0000000000
49184  -31.285  -16.118  12.737 0.0000000000
50003  -33.269  -15.343  13.068 0.0000000000
50804  -34.083  -14.150  12.091 0.0000000000
46683  1.077  -19.641  21.396 0.0000000000
46693  1.668  -19.968  20.879 0.0000000000
46682  2.181  -19.890  21.902 0.0000000000
39852  -3.452  -27.715  25.499 0.0000000000
100807  -3.494  -27.585  24.887 0.0000000000
38905  -4.076  -28.764  24.414 0.0000000000
95835  -1.461  -32.154  23.206 0.0000000000
37199  -2.516  -31.130  22.611 0.0000000000
36441  -1.480  -31.832  22.446 0.0000000000
36468  -0.792  -31.372  20.925 0.0000000000
35690  -0.244  -32.683  20.973 0.0000000000
34853  -0.085  -33.602  21.007 0.0000000000
36385  -8.209  -31.379  36.232 0.0000000000
35556  -7.872  -31.889  36.473 0.0000000000
34735  -7.117  -33.095  35.590 0.0000000000
32288  -5.040  -36.176  34.118 0.0000000000
99238  -5.451  -35.431  35.128 0.0000000000
32280  -4.687  -36.452  34.871 0.0000000000
98845  -4.176  -36.750  35.321 0.0000000000
49925  -30.063  -15.759  19.411 0.0000000000
49066  -27.337  -15.821  19.917 0.0000000000
49065  -26.833  -16.030  19.338 0.0000000000
49923  -27.584  -15.579  19.221 0.0000000000
49937  -28.789  -15.582  18.228 0.0000000000
40774  -19.401  -26.082  29.867 0.0000000000
39802  -18.753  -25.909  29.168 0.0000000000
39819  -19.433  -26.252  28.842 0.0000000000
99309  -22.834  -28.479  27.243 0.0000000000
37975  -22.503  -28.071  27.837 0.0000000000
37985  -22.013  -27.983  27.157 0.0000000000
38910  -18.627  -26.893  24.854 0.0000000000
38900  -19.114  -26.834  25.485 0.0000000000
38899  -18.133  -26.378  25.399 0.0000000000
38889  -17.944  -26.042  26.224 0.0000000000
38908  -17.256  -26.142  24.897 0.0000000000
39867  -15.550  -25.493  24.120 0.0000000000
39796  1.073  -27.704  29.535 0.0000000000
40778  1.361  -27.239  28.417 0.0000000000
40790  1.373  -26.806  27.593 0.0000000000
107306  0.465  -27.630  27.884 0.0000000000
39838  -1.437  -27.264  27.111 0.0000000000
39811  -0.285  -27.765  28.447 0.0000000000
38853  -3.158  -28.826  29.494 0.0000000000
38863  -3.318  -28.846  28.637 0.0000000000
37172  -3.596  -30.380  28.761 0.0000000000
36408  -3.238  -31.132  27.573 0.0000000000
104798  -2.875  -31.667  28.283 0.0000000000
55645  -39.628  -8.072  8.917 0.0000000000
56405  -40.839  -7.266  9.598 0.0000000000
111443  -40.047  -8.315  10.229 0.0000000000
54857  -37.850  -9.760  9.503 0.0000000000
106841  -36.925  -9.867  8.553 0.0000000000
54869  -38.355  -9.183  9.027 0.0000000000
55648  -38.541  -8.443  7.659 0.0000000000
37953  -8.610  -28.950  35.248 0.0000000000
37161  -8.657  -30.212  32.944 0.0000000000
37158  -8.782  -30.313  33.969 0.0000000000
36396  -7.404  -31.316  32.380 0.0000000000
35576  -6.668  -31.974  31.667 0.0000000000
36400  -6.774  -31.479  30.733 0.0000000000
110162  -11.717  -26.263  25.200 0.0000000000
39843  -12.675  -25.889  26.738 0.0000000000
39842  -11.896  -26.257  26.594 0.0000000000
38876  -9.579  -27.899  27.789 0.0000000000
38865  -10.357  -27.336  27.998 0.0000000000
38864  -9.901  -27.791  28.880 0.0000000000
39800  -10.900  -27.112  30.441 0.0000000000
38854  -9.895  -28.073  30.000 0.0000000000
37971  -9.242  -28.695  30.287 0.0000000000
37973  -8.497  -29.010  28.908 0.0000000000
36409  -6.425  -31.639  27.734 0.0000000000
45031  1.060  -21.361  24.867 0.0000000000
43379  0.413  -23.047  22.766 0.0000000000
44181  2.108  -21.974  22.803 0.0000000000
44182  1.024  -22.427  22.348 0.0000000000
44189  0.811  -22.276  21.430 0.0000000000
43403  -0.054  -22.759  20.881 0.0000000000
40835  -3.605  -26.944  22.454 0.0000000000
41698  -2.526  -25.604  22.683 0.0000000000
40861  -3.305  -26.891  20.806 0.0000000000
39937  -0.058  -27.746  18.633 0.0000000000
96679  -1.539  -26.223  18.953 0.0000000000
41736  -0.500  -25.997  18.570 0.0000000000
41735  0.487  -25.359  18.245 0.0000000000
109956  1.856  -26.554  17.628 0.0000000000
101295  2.554  -26.441  16.943 0.0000000000
39761  -1.092  -28.020  35.909 0.0000000000
101652  -5.257  -31.899  37.222 0.0000000000
99921  -4.051  -30.640  36.921 0.0000000000
36376  -3.843  -31.588  36.976 0.0000000000
35562  -3.311  -32.552  35.365 0.0000000000
36384  -3.354  -31.088  35.870 0.0000000000
36387  -3.237  -30.598  35.413 0.0000000000
37152  -2.958  -29.735  35.106 0.0000000000
36390  -3.423  -30.917  33.760 0.0000000000
37160  -3.411  -30.541  32.805 0.0000000000
35568  -3.442  -32.254  32.710 0.0000000000
33930  -0.273  -34.507  31.292 0.0000000000
34753  -1.153  -33.741  31.068 0.0000000000
34761  -0.736  -34.039  30.370 0.0000000000
34782  -0.861  -33.476  29.013 0.0000000000
105540  0.409  -35.068  29.041 0.0000000000
29053  0.894  -40.412  31.250 0.0000000000
30611  0.634  -38.737  31.403 0.0000000000
42548  -30.153  -24.537  23.470 0.0000000000
38959  -26.579  -28.029  20.986 0.0000000000
39919  -27.085  -27.264  20.734 0.0000000000
39910  -28.065  -26.953  22.095 0.0000000000
40857  -28.906  -25.466  22.509 0.0000000000
37211  -25.210  -30.007  22.850 0.0000000000
37224  -25.664  -29.239  21.956 0.0000000000
98022  -25.974  -28.606  21.123 0.0000000000
37196  -25.939  -30.221  24.471 0.0000000000
58098  -42.793  -5.447  5.034 0.0000000000
56432  -38.343  -7.362  4.733 0.0000000000
56444  -39.248  -6.677  3.782 0.0000000000
57278  -39.486  -6.351  2.988 0.0000000000
57260  -40.750  -6.307  4.568 0.0000000000
57262  -42.039  -5.704  4.483 0.0000000000
93670  -33.526  -15.545  14.752 0.0000000000
50788  -35.313  -14.989  15.536 0.0000000000
98309  -33.932  -15.509  15.703 0.0000000000
49967  -34.779  -15.286  16.735 0.0000000000
49977  -26.600  -15.486  15.870 0.0000000000
94483  -27.077  -15.516  14.842 0.0000000000
108702  -28.164  -15.583  13.828 0.0000000000
49145  -28.407  -15.726  12.797 0.0000000000
49164  -29.484  -16.044  12.789 0.0000000000
49147  -29.996  -15.955  13.492 0.0000000000
49149  -31.638  -15.781  14.347 0.0000000000
37186  -3.781  -30.295  26.010 0.0000000000
37193  -3.734  -30.669  24.891 0.0000000000
36421  -3.016  -31.382  24.737 0.0000000000
108040  -1.513  -32.192  24.354 0.0000000000
35661  -0.711  -33.229  23.393 0.0000000000
34842  -0.380  -33.845  22.136 0.0000000000
34830  -0.419  -34.174  23.116 0.0000000000
33208  -0.493  -35.523  23.362 0.0000000000
34747  -6.556  -33.691  33.348 0.0000000000
34742  -6.485  -34.042  34.055 0.0000000000
33921  -5.752  -34.784  32.865 0.0000000000
49886  -28.137  -15.572  20.998 0.0000000000
44211  -27.763  -22.282  20.759 0.0000000000
44234  -26.775  -22.224  19.337 0.0000000000
107962  -27.267  -21.573  20.013 0.0000000000
46710  -27.030  -20.613  19.756 0.0000000000
45916  -26.483  -20.154  19.072 0.0000000000
47524  -26.417  -18.420  19.846 0.0000000000
48306  -27.198  -16.944  20.954 0.0000000000
97001  -21.048  -26.829  29.840 0.0000000000
38903  -21.454  -28.551  25.370 0.0000000000
38006  -21.591  -28.195  25.906 0.0000000000
38911  -19.944  -27.808  24.705 0.0000000000
39882  -18.652  -27.676  23.556 0.0000000000
105600  -42.470  -3.867  -0.253 0.0000000000
60638  -42.949  -2.964  -0.816 0.0000000000
60648  -43.274  -2.377  -1.164 0.0000000000
62156  -43.701  -1.532  -1.559 0.0000000000
39789  0.653  -28.015  29.881 0.0000000000
39799  -0.804  -27.976  29.284 0.0000000000
38850  -0.225  -28.084  30.129 0.0000000000
38846  -2.190  -28.442  30.543 0.0000000000
37966  -3.441  -29.456  30.069 0.0000000000
54094  -38.064  -10.035  10.275 0.0000000000
54829  -39.022  -10.026  11.407 0.0000000000
52490  -33.758  -12.578  9.584 0.0000000000
52504  -34.174  -12.005  9.165 0.0000000000
53315  -34.404  -11.148  8.161 0.0000000000
103718  -35.318  -11.176  9.035 0.0000000000
54092  -36.739  -10.621  9.631 0.0000000000
38827  -9.128  -28.016  34.640 0.0000000000
38831  -9.491  -28.147  34.059 0.0000000000
37963  -9.509  -29.108  32.946 0.0000000000
37965  -9.353  -29.220  32.018 0.0000000000
110551  -8.578  -28.560  25.859 0.0000000000
37176  -7.277  -30.013  27.431 0.0000000000
43346  2.330  -23.154  25.436 0.0000000000
44167  2.655  -22.408  24.606 0.0000000000
43358  2.067  -23.395  24.706 0.0000000000
43368  0.804  -23.410  23.516 0.0000000000
94229  -0.585  -24.012  22.789 0.0000000000
38050  -2.165  -29.489  20.474 0.0000000000
38950  -2.759  -28.077  19.958 0.0000000000
38949  -1.980  -28.804  19.898 0.0000000000
38964  0.288  -29.106  18.807 0.0000000000
38977  0.830  -28.676  18.487 0.0000000000
40725  -4.003  -26.622  35.220 0.0000000000
40706  -3.596  -26.946  36.631 0.0000000000
38811  -2.980  -28.038  37.041 0.0000000000
105949  -3.352  -34.704  36.800 0.0000000000
34731  -3.246  -33.707  36.568 0.0000000000
33908  -2.398  -34.572  36.071 0.0000000000
34733  -2.353  -34.230  35.656 0.0000000000
34741  -2.450  -33.487  34.208 0.0000000000
34745  -2.338  -33.519  33.316 0.0000000000
33916  -0.707  -34.606  33.590 0.0000000000
33919  0.162  -35.133  32.671 0.0000000000
33109  0.484  -35.515  31.566 0.0000000000
42578  -27.212  -24.216  19.741 0.0000000000
41716  -27.580  -25.390  20.496 0.0000000000
95558  -27.612  -24.494  20.479 0.0000000000
43405  -27.677  -22.920  20.622 0.0000000000
97177  -28.269  -22.135  21.442 0.0000000000
45897  -28.726  -21.663  22.199 0.0000000000
93350  -23.705  -29.124  27.115 0.0000000000
37183  -24.891  -29.882  26.839 0.0000000000
37188  -24.109  -29.894  26.230 0.0000000000
38008  -22.759  -29.163  25.938 0.0000000000
111388  -21.213  -28.728  24.029 0.0000000000
58125  -40.997  -5.639  2.056 0.0000000000
58998  -42.913  -4.965  1.202 0.0000000000
59000  -44.484  -4.546  1.866 0.0000000000
52471  -35.841  -12.840  12.071 0.0000000000
52473  -37.489  -12.265  12.930 0.0000000000
52461  -37.094  -12.873  13.438 0.0000000000
49182  -29.848  -16.307  12.391 0.0000000000
50815  -33.092  -14.196  11.063 0.0000000000
51625  -34.551  -13.494  11.644 0.0000000000
39857  -14.810  -25.294  25.545 0.0000000000
39829  -14.157  -25.416  26.607 0.0000000000
39856  -13.960  -25.366  25.484 0.0000000000
39864  -12.159  -25.983  24.739 0.0000000000
45071  1.865  -21.012  19.651 0.0000000000
44216  1.358  -21.603  18.941 0.0000000000
40810  -1.201  -26.446  25.688 0.0000000000
41671  -1.131  -25.879  24.982 0.0000000000
40820  -2.604  -26.596  24.799 0.0000000000
40829  -3.546  -27.010  23.382 0.0000000000
38925  -3.912  -28.571  22.141 0.0000000000
92997  -3.941  -30.362  23.933 0.0000000000
38030  -3.733  -29.485  22.309 0.0000000000
38042  -3.034  -29.369  21.061 0.0000000000
37231  -1.344  -30.700  20.974 0.0000000000
38814  -6.380  -28.557  36.712 0.0000000000
37147  -7.402  -30.052  36.624 0.0000000000
35553  -6.365  -31.950  36.851 0.0000000000
34728  -5.967  -33.935  37.009 0.0000000000
93726  -6.158  -34.591  35.378 0.0000000000
33090  -5.615  -35.030  36.070 0.0000000000
33085  -4.278  -34.989  36.943 0.0000000000
33088  -3.392  -35.415  36.607 0.0000000000
32278  -1.996  -36.634  36.043 0.0000000000
31441  -0.669  -37.480  34.751 0.0000000000
49096  -31.339  -15.675  17.317 0.0000000000
49098  -32.269  -15.714  17.633 0.0000000000
49079  -31.593  -15.721  18.216 0.0000000000
44242  -25.806  -22.933  18.034 0.0000000000
49949  -25.807  -15.565  16.772 0.0000000000
108726  -29.374  -15.615  16.601 0.0000000000
40785  -17.688  -25.589  28.577 0.0000000000
39832  -16.892  -25.583  27.190 0.0000000000
39806  -22.888  -27.646  29.551 0.0000000000
38868  -22.023  -27.608  28.523 0.0000000000
39821  -21.107  -27.095  28.725 0.0000000000
38891  -20.657  -27.327  26.281 0.0000000000
92791  -20.310  -26.853  26.799 0.0000000000
38866  -19.659  -26.414  28.084 0.0000000000
39834  -18.602  -26.084  27.627 0.0000000000
38888  -17.100  -25.725  26.517 0.0000000000
38887  -16.453  -25.630  26.115 0.0000000000
93164  -15.444  -25.380  24.937 0.0000000000
62165  -43.662  -0.549  -2.246 0.0000000000
62895  -44.002  0.344  -2.727 0.0000000000
62903  -44.365  1.110  -3.170 0.0000000000
110695  1.841  -24.847  26.407 0.0000000000
40807  0.960  -25.978  26.128 0.0000000000
41660  1.878  -25.813  27.643 0.0000000000
40796  1.217  -26.423  26.826 0.0000000000
40797  -0.274  -26.653  26.301 0.0000000000
40798  -1.316  -26.908  26.356 0.0000000000
39839  -2.315  -27.263  26.532 0.0000000000
38883  -3.670  -28.327  26.552 0.0000000000
39813  -2.270  -27.850  28.383 0.0000000000
100608  -3.540  -28.846  27.834 0.0000000000
110725  -3.808  -29.654  26.798 0.0000000000
36412  -3.079  -31.320  26.574 0.0000000000
36411  -2.116  -31.989  26.481 0.0000000000
35610  -0.908  -33.061  26.832 0.0000000000
56416  -40.422  -7.137  7.473 0.0000000000
54108  -35.476  -10.314  7.805 0.0000000000
94187  -35.862  -9.822  7.418 0.0000000000
54880  -36.495  -8.981  6.656 0.0000000000
55647  -37.922  -8.555  7.185 0.0000000000
55655  -39.149  -7.892  7.092 0.0000000000
37148  -8.453  -30.163  35.980 0.0000000000
36389  -8.678  -31.055  35.238 0.0000000000
37155  -8.927  -29.509  34.416 0.0000000000
36392  -8.541  -31.062  34.401 0.0000000000
105017  -7.574  -31.783  33.682 0.0000000000
109291  -5.627  -33.615  31.389 0.0000000000
40799  -13.414  -25.658  26.973 0.0000000000
109511  -13.394  -25.645  27.573 0.0000000000
99307  -12.555  -25.927  28.895 0.0000000000
39827  -11.169  -26.712  27.455 0.0000000000
39815  -11.770  -26.389  28.090 0.0000000000
40770  -12.002  -26.273  29.422 0.0000000000
40761  -11.865  -26.361  30.366 0.0000000000
39785  -11.155  -26.874  31.905 0.0000000000
39784  -10.693  -27.418  32.349 0.0000000000
38843  -10.362  -27.848  31.584 0.0000000000
37968  -9.301  -28.893  31.123 0.0000000000
37168  -8.060  -29.960  30.402 0.0000000000
104458  -7.418  -29.950  28.352 0.0000000000
37173  -7.297  -30.308  29.049 0.0000000000
99545  -6.875  -31.122  30.078 0.0000000000
35594  -5.841  -32.582  29.773 0.0000000000
45884  1.231  -20.225  23.327 0.0000000000
105048  3.058  -21.418  23.734 0.0000000000
45882  3.084  -20.857  23.206 0.0000000000
45892  2.812  -20.299  22.575 0.0000000000
45052  2.298  -20.972  21.759 0.0000000000
44201  1.440  -21.568  20.026 0.0000000000
43420  0.316  -22.836  18.928 0.0000000000
41689  -1.747  -25.195  23.216 0.0000000000
42551  -1.191  -24.526  22.803 0.0000000000
42563  -1.516  -24.465  21.880 0.0000000000
40875  -2.843  -26.565  20.142 0.0000000000
97141  -1.879  -25.158  20.043 0.0000000000
42562  -1.189  -23.908  20.751 0.0000000000
42570  -1.039  -24.055  19.729 0.0000000000
43421  0.167  -23.570  18.573 0.0000000000
43429  2.309  -23.821  17.240 0.0000000000
42589  2.643  -24.555  16.899 0.0000000000
37945  -4.613  -28.762  36.858 0.0000000000
37944  -3.699  -29.139  36.932 0.0000000000
101056  -2.600  -28.704  36.655 0.0000000000
36380  -3.471  -31.093  36.216 0.0000000000
37948  -2.867  -29.719  35.908 0.0000000000
96898  -2.310  -28.912  36.025 0.0000000000
37950  -1.891  -28.591  35.122 0.0000000000
37954  -1.653  -28.712  34.513 0.0000000000
108901  -1.355  -28.456  33.402 0.0000000000
98170  -2.495  -29.278  33.026 0.0000000000
99828  -3.497  -30.406  31.687 0.0000000000
36399  -3.397  -31.365  30.425 0.0000000000
35573  -2.830  -33.145  32.370 0.0000000000
35583  -3.158  -32.054  30.790 0.0000000000
36398  -3.024  -31.898  29.966 0.0000000000
35600  -1.432  -32.876  28.489 0.0000000000
34792  -0.698  -33.495  28.148 0.0000000000
34790  0.115  -34.459  27.145 0.0000000000
30592  -0.363  -37.759  34.092 0.0000000000
29823  0.213  -39.204  32.676 0.0000000000
30596  0.148  -37.872  32.875 0.0000000000
31451  0.495  -36.998  32.353 0.0000000000
98727  0.630  -36.947  31.601 0.0000000000
32304  0.617  -36.370  30.760 0.0000000000
31472  0.374  -37.450  29.763 0.0000000000
33131  0.499  -35.785  29.167 0.0000000000
33143  0.362  -35.623  28.304 0.0000000000
33165  0.091  -35.416  26.981 0.0000000000
33177  -0.060  -34.994  26.316 0.0000000000
102780  -0.406  -36.289  25.462 0.0000000000
31545  -0.616  -36.927  23.984 0.0000000000
39884  -28.831  -27.828  23.835 0.0000000000
39885  -29.513  -27.395  24.614 0.0000000000
108224  -29.006  -28.229  24.516 0.0000000000
38934  -27.688  -29.111  23.692 0.0000000000
38020  -28.287  -29.407  24.519 0.0000000000
39870  -29.071  -28.151  25.082 0.0000000000
57251  -41.134  -6.516  6.700 0.0000000000
96919  -42.392  -5.783  6.896 0.0000000000
57246  -41.668  -6.268  7.164 0.0000000000
56420  -40.440  -6.936  6.696 0.0000000000
99154  -40.959  -6.474  6.064 0.0000000000
49112  -31.790  -15.667  16.217 0.0000000000
93577  -32.216  -15.646  16.108 0.0000000000
49128  -31.265  -15.672  15.535 0.0000000000
35621  -0.661  -33.158  26.078 0.0000000000
35634  -1.072  -32.601  25.513 0.0000000000
34810  -0.372  -34.134  25.523 0.0000000000
33133  -4.683  -34.880  30.356 0.0000000000
39779  -0.429  -27.642  32.518 0.0000000000
38838  -0.690  -27.930  32.057 0.0000000000
38833  -0.983  -27.996  33.239 0.0000000000
53271  -36.829  -11.646  11.372 0.0000000000
53272  -37.531  -11.377  11.717 0.0000000000
52478  -37.110  -11.916  12.117 0.0000000000
52476  -35.817  -12.419  11.354 0.0000000000
52484  -36.183  -11.958  11.024 0.0000000000
39777  -11.065  -26.767  33.857 0.0000000000
39816  -16.309  -25.307  27.536 0.0000000000
44240  2.081  -22.125  16.928 0.0000000000
41669  0.622  -25.436  25.374 0.0000000000
39755  -5.998  -27.702  36.622 0.0000000000
31435  -0.578  -36.571  34.884 0.0000000000
32276  -0.681  -35.903  34.902 0.0000000000
32282  -0.138  -36.162  34.298 0.0000000000
111316  0.131  -35.903  33.915 0.0000000000
43388  -29.899  -23.281  22.927 0.0000000000
44187  -30.057  -22.855  23.196 0.0000000000
94979  -29.574  -22.385  22.853 0.0000000000
38026  -24.303  -29.971  23.186 0.0000000000
58112  -42.698  -5.415  4.086 0.0000000000
58122  -43.407  -5.194  3.613 0.0000000000
50792  -34.695  -14.761  13.809 0.0000000000
50793  -35.348  -14.496  14.148 0.0000000000
49990  -34.618  -15.151  14.791 0.0000000000
98925  -33.298  -15.514  13.832 0.0000000000
50002  -32.599  -15.708  13.372 0.0000000000
50004  -33.719  -15.107  13.265 0.0000000000
45893  0.082  -19.917  22.836 0.0000000000
38895  -3.811  -28.486  25.727 0.0000000000
97369  -3.758  -28.229  24.987 0.0000000000
94066  -3.993  -28.917  25.069 0.0000000000
100910  -0.993  -32.603  22.880 0.0000000000
35676  -0.781  -32.500  21.905 0.0000000000
95217  -0.432  -33.195  21.703 0.0000000000
35560  -7.815  -32.170  36.174 0.0000000000
32283  -4.679  -36.660  34.229 0.0000000000
49904  -30.190  -15.794  20.560 0.0000000000
49924  -28.766  -15.560  19.142 0.0000000000
111519  -20.546  -26.597  29.940 0.0000000000
39803  -19.733  -26.313  29.438 0.0000000000
37998  -22.994  -28.844  26.712 0.0000000000
37997  -22.236  -28.365  26.559 0.0000000000
39869  -18.113  -27.062  24.143 0.0000000000
38909  -17.915  -26.602  24.729 0.0000000000
39868  -16.881  -26.297  24.197 0.0000000000
39880  -16.698  -26.430  23.611 0.0000000000
39797  0.946  -27.960  29.388 0.0000000000
39808  1.324  -27.396  29.151 0.0000000000
39809  1.121  -27.707  28.853 0.0000000000
39823  1.035  -27.468  27.932 0.0000000000
37969  -3.503  -29.538  29.138 0.0000000000
110939  -3.552  -30.740  29.228 0.0000000000
36405  -3.408  -31.147  28.899 0.0000000000
55634  -39.013  -8.819  9.396 0.0000000000
55635  -39.627  -8.468  9.874 0.0000000000
54868  -37.625  -9.463  8.615 0.0000000000
55644  -38.856  -8.585  8.533 0.0000000000
37165  -8.702  -29.974  32.041 0.0000000000
36397  -8.036  -30.617  32.224 0.0000000000
37163  -7.356  -31.037  31.475 0.0000000000
39854  -11.763  -26.301  25.815 0.0000000000
37995  -8.766  -28.540  27.450 0.0000000000
37974  -9.147  -28.524  29.380 0.0000000000
45015  1.602  -21.917  25.433 0.0000000000
43380  -0.307  -23.492  22.375 0.0000000000
43389  0.128  -22.862  21.888 0.0000000000
39886  -3.809  -27.666  21.862 0.0000000000
40847  -3.483  -26.872  21.552 0.0000000000
39902  -3.510  -27.527  21.031 0.0000000000
40891  -0.907  -26.913  18.732 0.0000000000
40890  0.468  -27.024  18.438 0.0000000000
93271  1.024  -26.331  18.061 0.0000000000
40889  1.795  -27.192  17.859 0.0000000000
39936  2.112  -27.967  17.810 0.0000000000
106690  -2.205  -27.231  36.695 0.0000000000
39752  -1.567  -27.708  36.559 0.0000000000
102442  -4.189  -32.482  37.406 0.0000000000
35563  -3.394  -31.982  34.825 0.0000000000
35558  -3.378  -31.572  35.427 0.0000000000
36388  -3.345  -31.104  34.718 0.0000000000
35565  -3.470  -31.936  33.844 0.0000000000
33929  0.282  -34.985  31.165 0.0000000000
33943  -0.056  -34.688  30.396 0.0000000000
33953  0.195  -34.808  29.479 0.0000000000
33952  0.423  -35.414  29.638 0.0000000000
102071  1.080  -41.004  30.752 0.0000000000
93517  0.719  -40.317  30.435 0.0000000000
39909  -27.294  -27.539  21.546 0.0000000000
40842  -29.470  -25.948  23.228 0.0000000000
40841  -28.760  -26.422  22.670 0.0000000000
41699  -29.562  -24.975  22.991 0.0000000000
37203  -25.930  -30.074  23.499 0.0000000000
37212  -25.904  -29.732  22.659 0.0000000000
102931  -26.445  -28.654  22.044 0.0000000000
38059  -26.335  -28.325  21.157 0.0000000000
95801  -27.177  -29.896  24.093 0.0000000000
97513  -26.566  -30.052  24.098 0.0000000000
94563  -43.265  -5.315  5.836 0.0000000000
55653  -37.706  -8.388  6.562 0.0000000000
55661  -37.455  -8.141  5.811 0.0000000000
55662  -38.142  -7.986  6.103 0.0000000000
56433  -39.625  -6.902  5.082 0.0000000000
94621  -38.936  -7.327  5.224 0.0000000000
98393  -39.086  -7.015  4.496 0.0000000000
57259  -39.913  -6.562  4.346 0.0000000000
57255  -41.558  -6.111  5.613 0.0000000000
57261  -41.440  -6.059  4.864 0.0000000000
105379  -42.032  -5.804  5.179 0.0000000000
97828  -32.918  -15.660  14.992 0.0000000000
49988  -33.350  -15.593  15.447 0.0000000000
49114  -33.222  -15.607  16.590 0.0000000000
49115  -33.941  -15.521  16.675 0.0000000000
49965  -27.422  -15.489  16.482 0.0000000000
49978  -27.757  -15.501  15.426 0.0000000000
49126  -29.573  -15.633  14.642 0.0000000000
49987  -28.754  -15.612  14.179 0.0000000000
49136  -28.626  -15.667  13.480 0.0000000000
49137  -29.231  -15.712  13.866 0.0000000000
49146  -29.214  -15.818  13.234 0.0000000000
49140  -32.069  -15.678  15.060 0.0000000000
49151  -32.346  -15.695  14.740 0.0000000000
36416  -3.175  -31.254  25.571 0.0000000000
36415  -2.322  -31.707  25.250 0.0000000000
35648  -1.062  -32.682  24.714 0.0000000000
35662  -1.147  -32.614  23.804 0.0000000000
110482  -0.498  -33.679  23.009 0.0000000000
104417  -0.533  -33.816  23.779 0.0000000000
94495  -0.499  -35.965  24.086 0.0000000000
34746  -6.320  -33.612  32.722 0.0000000000
92719  -6.214  -34.203  33.113 0.0000000000
49043  -28.047  -15.825  21.544 0.0000000000
45066  -27.771  -21.760  20.807 0.0000000000
45081  -27.302  -21.975  20.034 0.0000000000
107983  -27.148  -19.985  20.301 0.0000000000
46709  -26.684  -19.569  19.764 0.0000000000
48297  -27.461  -17.295  21.815 0.0000000000
39793  -21.467  -26.663  30.368 0.0000000000
39805  -21.883  -27.203  29.681 0.0000000000
38912  -20.809  -28.407  24.561 0.0000000000
99927  -20.137  -28.181  24.007 0.0000000000
59007  -42.439  -4.794  0.674 0.0000000000
59015  -42.246  -4.326  0.072 0.0000000000
59016  -43.014  -4.206  0.167 0.0000000000
59845  -43.035  -3.542  -0.397 0.0000000000
60649  -44.168  -2.373  -1.024 0.0000000000
60640  -44.525  -2.899  -0.560 0.0000000000
97836  -1.813  -28.399  31.198 0.0000000000
38847  -3.042  -28.777  30.405 0.0000000000
54848  -38.718  -9.744  10.641 0.0000000000
54084  -38.323  -10.311  11.000 0.0000000000
51642  -33.362  -13.194  10.094 0.0000000000
52491  -34.479  -12.303  9.831 0.0000000000
53306  -34.620  -11.439  8.784 0.0000000000
53293  -34.887  -11.745  9.447 0.0000000000
54082  -36.976  -10.861  10.339 0.0000000000
54093  -37.408  -10.329  9.946 0.0000000000
38828  -9.845  -27.490  34.482 0.0000000000
102732  -9.912  -28.361  33.206 0.0000000000
99316  -8.051  -29.135  26.119 0.0000000000
43357  2.521  -23.019  24.921 0.0000000000
42539  0.347  -24.169  23.832 0.0000000000
42538  1.200  -23.831  24.284 0.0000000000
43369  -0.022  -23.708  23.134 0.0000000000
38049  -1.075  -29.606  19.821 0.0000000000
38963  1.154  -29.315  18.339 0.0000000000
38074  1.575  -29.501  18.131 0.0000000000
40713  -4.172  -26.804  36.187 0.0000000000
39754  -3.976  -27.318  36.914 0.0000000000
39753  -3.084  -27.324  36.855 0.0000000000
33909  -2.691  -34.791  36.430 0.0000000000
95884  -2.878  -34.241  36.304 0.0000000000
33086  -1.940  -35.137  36.095 0.0000000000
33095  -0.884  -35.279  34.900 0.0000000000
105412  -1.476  -34.742  35.184 0.0000000000
34736  -1.855  -34.103  34.842 0.0000000000
34740  -1.609  -34.015  33.878 0.0000000000
33104  0.266  -35.541  33.163 0.0000000000
33915  -0.014  -35.158  33.371 0.0000000000
33103  0.390  -35.512  32.477 0.0000000000
40898  -26.955  -25.755  18.919 0.0000000000
41729  -27.268  -25.118  19.706 0.0000000000
39920  -27.698  -26.632  21.344 0.0000000000
40871  -27.439  -26.350  20.573 0.0000000000
40872  -27.952  -25.680  21.203 0.0000000000
41717  -28.065  -24.777  21.141 0.0000000000
42573  -28.119  -23.916  21.123 0.0000000000
42572  -27.623  -23.667  20.515 0.0000000000
111786  -28.079  -23.246  21.108 0.0000000000
43406  -28.204  -22.671  21.308 0.0000000000
108922  -28.609  -21.853  21.998 0.0000000000
38056  -25.076  -29.410  20.487 0.0000000000
37987  -24.315  -29.235  27.655 0.0000000000
37191  -26.916  -30.185  26.416 0.0000000000
37189  -24.960  -30.170  25.904 0.0000000000
38017  -23.421  -29.678  24.569 0.0000000000
38009  -23.401  -29.624  25.616 0.0000000000
38015  -22.039  -29.034  25.322 0.0000000000
99548  -22.103  -29.134  24.565 0.0000000000
38922  -21.397  -28.640  23.305 0.0000000000
99754  -40.420  -6.154  3.106 0.0000000000
58126  -41.631  -5.549  2.266 0.0000000000
58135  -41.476  -5.425  1.536 0.0000000000
58145  -42.264  -5.198  1.311 0.0000000000
52472  -36.698  -12.545  12.521 0.0000000000
51622  -36.286  -13.201  13.008 0.0000000000
51612  -37.075  -13.761  15.075 0.0000000000
51618  -37.541  -13.154  14.483 0.0000000000
49980  -35.088  -15.174  15.904 0.0000000000
49165  -30.120  -16.115  13.106 0.0000000000
50010  -32.131  -15.718  12.307 0.0000000000
50022  -31.941  -15.325  11.229 0.0000000000
51620  -34.774  -13.857  12.424 0.0000000000
93087  -35.154  -13.304  12.003 0.0000000000
39866  -13.769  -25.428  24.788 0.0000000000
39865  -12.954  -25.712  24.792 0.0000000000
46694  0.890  -19.401  20.549 0.0000000000
45905  2.057  -20.497  20.271 0.0000000000
40819  -1.832  -26.343  25.119 0.0000000000
39862  -3.820  -27.942  24.332 0.0000000000
99187  -3.827  -27.661  23.704 0.0000000000
39872  -4.027  -27.883  22.848 0.0000000000
96279  -4.160  -28.955  22.933 0.0000000000
36430  -3.388  -31.113  24.075 0.0000000000
37208  -3.314  -30.353  22.430 0.0000000000
106016  -3.177  -29.900  21.705 0.0000000000
37232  -2.252  -30.184  21.180 0.0000000000
36467  -0.123  -31.904  20.460 0.0000000000
103552  -0.104  -34.436  21.308 0.0000000000
109812  -0.137  -35.077  21.464 0.0000000000
35559  -7.164  -32.752  36.379 0.0000000000
35555  -7.377  -32.002  36.636 0.0000000000
34729  -6.747  -33.017  36.949 0.0000000000
35552  -5.649  -32.866  37.268 0.0000000000
34738  -6.617  -34.036  35.091 0.0000000000
33914  -6.101  -34.683  34.609 0.0000000000
32281  -5.135  -35.848  35.040 0.0000000000
33093  -5.703  -35.080  35.469 0.0000000000
33092  -5.243  -35.508  35.704 0.0000000000
94962  -5.066  -35.267  36.409 0.0000000000
33089  -4.500  -35.645  36.346 0.0000000000
31438  -3.589  -37.453  34.930 0.0000000000
32279  -3.189  -36.837  35.832 0.0000000000
31437  -2.461  -37.495  35.406 0.0000000000
31436  -1.250  -37.134  35.487 0.0000000000
44233  -26.315  -22.563  18.673 0.0000000000
45112  -25.944  -22.070  18.219 0.0000000000
49922  -26.915  -15.706  18.750 0.0000000000
49077  -26.262  -16.172  18.576 0.0000000000
49094  -25.901  -15.817  17.717 0.0000000000
98806  -26.599  -15.497  17.224 0.0000000000
49938  -29.868  -15.673  18.448 0.0000000000
49951  -28.569  -15.590  17.465 0.0000000000
49952  -29.668  -15.638  17.554 0.0000000000
49095  -30.480  -15.660  16.927 0.0000000000
39817  -17.245  -25.566  27.876 0.0000000000
39833  -17.713  -25.757  27.603 0.0000000000
38902  -20.860  -27.987  25.307 0.0000000000
38892  -21.031  -27.727  25.825 0.0000000000
38901  -20.115  -27.396  25.528 0.0000000000
38890  -19.621  -26.776  26.236 0.0000000000
96245  -20.298  -26.742  27.432 0.0000000000
38879  -19.548  -26.474  27.141 0.0000000000
38898  -17.263  -25.898  25.758 0.0000000000
93118  -15.758  -25.469  25.643 0.0000000000
39878  -15.157  -25.626  23.464 0.0000000000
62157  -44.574  -1.024  -1.665 0.0000000000
62896  -44.842  0.564  -2.584 0.0000000000
95019  1.989  -24.371  27.192 0.0000000000
41664  1.551  -25.530  26.427 0.0000000000
41652  2.028  -25.643  28.373 0.0000000000
40791  1.020  -27.004  27.189 0.0000000000
94518  0.676  -26.621  26.570 0.0000000000
39837  -0.552  -27.084  26.876 0.0000000000
39840  -3.163  -27.662  26.692 0.0000000000
38875  -3.424  -28.165  27.318 0.0000000000
38861  -1.912  -28.030  29.164 0.0000000000
39812  -1.379  -27.794  28.644 0.0000000000
38862  -2.755  -28.348  28.913 0.0000000000
37972  -3.592  -29.583  28.301 0.0000000000
107507  -3.810  -28.913  27.072 0.0000000000
37181  -3.569  -30.397  27.070 0.0000000000
95031  -2.515  -31.829  27.322 0.0000000000
35623  -1.660  -32.430  27.071 0.0000000000
57241  -40.748  -6.941  8.144 0.0000000000
56412  -40.434  -7.367  8.910 0.0000000000
49081  -32.648  -15.737  18.478 0.0000000000
53316  -35.018  -10.861  8.318 0.0000000000
54109  -36.294  -9.994  8.049 0.0000000000
54872  -36.444  -9.427  7.329 0.0000000000
54871  -35.868  -9.452  6.848 0.0000000000
54881  -37.175  -8.875  7.138 0.0000000000
55649  -39.364  -8.031  7.912 0.0000000000
56415  -39.837  -7.494  7.272 0.0000000000
37952  -8.544  -29.457  35.700 0.0000000000
36386  -8.500  -30.856  35.866 0.0000000000
107658  -9.006  -28.668  34.394 0.0000000000
37956  -8.762  -28.834  34.827 0.0000000000
36394  -8.108  -30.968  33.236 0.0000000000
35569  -6.807  -32.889  33.263 0.0000000000
95390  -6.998  -32.020  32.714 0.0000000000
35584  -6.171  -32.300  30.686 0.0000000000
92929  -6.013  -32.883  31.455 0.0000000000
34764  -5.325  -33.737  30.585 0.0000000000
34775  -5.433  -33.269  29.981 0.0000000000
110129  -12.654  -25.934  27.582 0.0000000000
40780  -12.959  -25.778  28.197 0.0000000000
39841  -10.965  -26.774  26.429 0.0000000000
38877  -10.238  -27.327  27.131 0.0000000000
39814  -10.893  -26.978  28.715 0.0000000000
39801  -11.547  -26.537  29.080 0.0000000000
104584  -11.408  -26.667  30.012 0.0000000000
39790  -10.797  -27.284  31.346 0.0000000000
37967  -8.732  -29.271  30.548 0.0000000000
36410  -6.715  -30.954  27.222 0.0000000000
36407  -6.813  -30.793  28.236 0.0000000000
36403  -6.700  -31.169  29.276 0.0000000000
36402  -6.385  -31.771  29.957 0.0000000000
104390  -6.217  -31.978  29.248 0.0000000000
45874  0.540  -20.718  24.327 0.0000000000
45885  -0.177  -20.331  23.730 0.0000000000
43366  2.567  -22.603  24.377 0.0000000000
45029  3.011  -21.854  24.225 0.0000000000
45037  3.083  -21.944  24.036 0.0000000000
45044  2.952  -21.411  23.291 0.0000000000
45051  2.888  -20.756  22.614 0.0000000000
45898  2.605  -20.356  22.112 0.0000000000
44202  0.711  -22.206  20.429 0.0000000000
44217  0.766  -22.194  19.400 0.0000000000
41680  -2.039  -26.045  24.441 0.0000000000
99701  -1.453  -25.516  24.083 0.0000000000
41690  -2.314  -25.793  23.586 0.0000000000
41697  -1.992  -24.979  22.317 0.0000000000
41703  -2.080  -24.919  21.418 0.0000000000
39925  -2.629  -27.396  19.740 0.0000000000
41721  -1.497  -25.447  19.184 0.0000000000
41722  -2.156  -25.937  19.642 0.0000000000
42571  -1.535  -24.514  20.368 0.0000000000
42582  0.195  -24.420  18.371 0.0000000000
42581  1.254  -24.071  17.853 0.0000000000
41749  2.331  -24.794  17.280 0.0000000000
39769  -0.719  -27.812  34.782 0.0000000000
37145  -6.349  -30.071  36.800 0.0000000000
95092  -5.609  -29.235  36.780 0.0000000000
37143  -4.368  -29.658  36.889 0.0000000000
99811  -3.170  -28.714  36.927 0.0000000000
37943  -2.972  -29.384  36.461 0.0000000000
98079  -3.494  -32.756  36.532 0.0000000000
36379  -3.503  -31.738  36.170 0.0000000000
37146  -3.341  -30.687  36.140 0.0000000000
37951  -2.530  -29.116  35.474 0.0000000000
37947  -1.975  -28.622  35.555 0.0000000000
37156  -2.585  -29.577  34.450 0.0000000000
37955  -2.293  -29.018  34.861 0.0000000000
98834  -1.981  -29.124  34.305 0.0000000000
38830  -1.266  -28.474  34.030 0.0000000000
37957  -1.682  -28.950  33.780 0.0000000000
38835  -1.855  -28.697  32.860 0.0000000000
37962  -3.193  -29.698  32.297 0.0000000000
36395  -3.463  -31.331  31.193 0.0000000000
34744  -1.512  -33.955  32.781 0.0000000000
34755  -1.874  -33.525  31.681 0.0000000000
34763  -1.922  -33.183  30.891 0.0000000000
35582  -2.407  -32.652  30.285 0.0000000000
35593  -2.482  -32.309  29.524 0.0000000000
35592  -1.713  -32.915  29.433 0.0000000000
34781  -0.171  -34.132  28.735 0.0000000000
34791  -0.065  -34.142  27.753 0.0000000000
111070  -0.599  -33.487  27.397 0.0000000000
104429  -0.484  -38.659  33.636 0.0000000000
96290  0.550  -39.793  32.154 0.0000000000
31444  0.348  -36.940  32.889 0.0000000000
102074  0.361  -37.636  32.476 0.0000000000
31462  0.641  -37.813  31.286 0.0000000000
32297  0.615  -36.133  31.587 0.0000000000
99935  0.600  -37.200  30.653 0.0000000000
32314  0.492  -36.497  29.762 0.0000000000
32327  0.381  -36.221  28.779 0.0000000000
31494  -0.048  -36.779  28.384 0.0000000000
32347  -0.001  -35.933  27.352 0.0000000000
32348  -0.196  -36.093  26.769 0.0000000000
33166  -0.217  -35.608  26.245 0.0000000000
106570  -0.348  -35.795  25.706 0.0000000000
40833  -29.922  -26.414  24.194 0.0000000000
41686  -30.595  -25.892  24.844 0.0000000000
40826  -30.267  -26.645  25.202 0.0000000000
103112  -27.186  -28.609  22.714 0.0000000000
38945  -27.585  -27.828  22.408 0.0000000000
37205  -26.787  -29.424  23.224 0.0000000000
38037  -26.940  -29.076  23.010 0.0000000000
38010  -28.180  -29.947  25.782 0.0000000000
38019  -28.181  -29.900  24.950 0.0000000000
38027  -27.800  -29.830  24.266 0.0000000000
38904  -28.565  -28.953  25.556 0.0000000000
109844  -39.015  -7.745  6.564 0.0000000000
56419  -38.825  -7.610  6.027 0.0000000000
49130  -32.440  -15.625  15.689 0.0000000000
106831  -32.651  -15.629  16.375 0.0000000000
95413  -32.800  -15.680  17.376 0.0000000000
49109  -29.496  -15.580  15.570 0.0000000000
49127  -30.171  -15.626  15.310 0.0000000000
105535  -30.519  -15.693  14.822 0.0000000000
102805  -1.747  -32.058  25.746 0.0000000000
34819  -0.499  -33.962  24.668 0.0000000000
111770  -0.408  -35.139  25.026 0.0000000000
33122  -4.918  -34.997  31.195 0.0000000000
45903  -28.031  -20.805  21.383 0.0000000000
46701  -27.444  -19.908  21.030 0.0000000000
47506  -27.432  -18.454  22.080 0.0000000000
39795  -23.349  -26.934  30.160 0.0000000000
38929  -19.943  -28.211  23.132 0.0000000000
109503  -43.756  -4.527  0.964 0.0000000000
59008  -43.859  -4.150  0.511 0.0000000000
59847  -44.414  -3.513  -0.059 0.0000000000
60634  -45.877  -2.955  0.464 0.0000000000
38844  -0.329  -28.086  31.057 0.0000000000
38840  -1.898  -28.482  31.946 0.0000000000
54068  -37.910  -10.824  11.369 0.0000000000
53273  -38.254  -11.101  12.108 0.0000000000
51631  -34.358  -13.116  10.919 0.0000000000
99688  -33.810  -13.296  10.623 0.0000000000
52482  -34.782  -12.557  10.518 0.0000000000
53284  -35.885  -11.705  10.391 0.0000000000
53285  -36.580  -11.420  10.682 0.0000000000
39776  -10.518  -27.114  34.220 0.0000000000
38836  -10.417  -27.782  33.000 0.0000000000
105016  -10.247  -28.073  32.385 0.0000000000
96951  1.611  -21.010  18.486 0.0000000000
45918  1.616  -20.355  17.850 0.0000000000
45086  1.725  -21.222  17.368 0.0000000000
96014  1.539  -24.203  25.045 0.0000000000
42532  -0.130  -24.808  24.119 0.0000000000
37230  -0.221  -30.446  19.688 0.0000000000
101432  0.665  -30.346  19.007 0.0000000000
40708  -5.178  -27.364  36.636 0.0000000000
38817  -4.832  -27.606  36.831 0.0000000000
32272  -1.826  -35.801  36.135 0.0000000000
33091  -1.299  -35.557  35.584 0.0000000000
33913  -0.307  -35.189  34.086 0.0000000000
33098  0.277  -35.889  33.515 0.0000000000
41706  -28.951  -24.536  22.392 0.0000000000
42565  -28.902  -23.762  22.274 0.0000000000
98062  -28.634  -22.547  21.941 0.0000000000
45058  -29.083  -22.430  22.430 0.0000000000
38057  -25.503  -28.914  20.464 0.0000000000
95481  -25.014  -30.206  24.848 0.0000000000
38024  -22.632  -29.287  23.914 0.0000000000
58129  -44.137  -4.943  3.149 0.0000000000
107694  -41.568  -5.757  3.537 0.0000000000
58127  -42.357  -5.399  2.499 0.0000000000
58136  -42.902  -5.135  1.886 0.0000000000
58128  -43.198  -5.198  2.760 0.0000000000
51616  -35.830  -13.813  13.592 0.0000000000
50794  -36.182  -14.157  14.551 0.0000000000
49167  -31.847  -15.943  13.254 0.0000000000
50011  -32.974  -15.224  12.410 0.0000000000
50803  -33.392  -14.499  11.802 0.0000000000
50797  -33.630  -14.803  12.579 0.0000000000
50798  -34.305  -14.585  13.010 0.0000000000
39877  -13.553  -25.560  24.141 0.0000000000
99098  2.065  -20.516  21.286 0.0000000000
95853  -2.965  -27.376  25.960 0.0000000000
39851  -3.077  -27.123  25.218 0.0000000000
36442  -1.973  -31.702  23.123 0.0000000000
37218  -1.725  -31.079  21.690 0.0000000000
36454  -1.064  -31.779  21.646 0.0000000000
36453  -0.626  -32.076  21.185 0.0000000000
36383  -8.296  -30.710  36.193 0.0000000000
36382  -7.917  -31.038  36.485 0.0000000000
100339  -5.400  -35.613  33.935 0.0000000000
33097  -5.734  -35.124  34.917 0.0000000000
33096  -5.351  -35.638  34.590 0.0000000000
32284  -5.007  -36.125  34.561 0.0000000000
49939  -30.997  -15.731  18.808 0.0000000000
101993  -26.085  -21.393  18.372 0.0000000000
49054  -26.908  -16.597  20.067 0.0000000000
49936  -27.704  -15.537  18.275 0.0000000000
109683  -28.168  -15.504  18.708 0.0000000000
111716  -18.895  -26.080  28.431 0.0000000000
37976  -23.272  -28.579  27.880 0.0000000000
95303  -18.701  -26.449  25.987 0.0000000000
39858  -16.296  -25.761  24.678 0.0000000000
93568  -16.329  -25.989  23.960 0.0000000000
59852  -41.512  -2.965  -1.009 0.0000000000
104781  1.590  -26.940  28.824 0.0000000000
99660  1.730  -26.505  28.173 0.0000000000
39825  -0.407  -27.423  27.536 0.0000000000
39826  -1.415  -27.561  27.931 0.0000000000
37175  -3.586  -30.347  27.916 0.0000000000
99761  -3.419  -30.968  28.284 0.0000000000
55636  -40.251  -7.866  9.770 0.0000000000
54103  -36.502  -10.356  8.894 0.0000000000
54874  -38.218  -8.909  8.335 0.0000000000
54873  -37.740  -8.930  7.814 0.0000000000
37151  -8.819  -29.657  35.170 0.0000000000
93837  -12.562  -25.895  26.009 0.0000000000
38885  -9.380  -27.947  26.871 0.0000000000
38855  -10.527  -27.422  29.756 0.0000000000
38848  -9.910  -28.283  30.910 0.0000000000
100047  -6.150  -32.196  28.096 0.0000000000
100041  -5.919  -32.511  28.775 0.0000000000
43378  1.390  -22.677  23.176 0.0000000000
44174  2.581  -22.279  23.664 0.0000000000
98479  1.680  -21.727  21.984 0.0000000000
43404  -0.641  -23.337  20.346 0.0000000000
40834  -3.106  -26.253  23.030 0.0000000000
40846  -3.159  -26.180  22.097 0.0000000000
102367  -3.058  -26.224  21.138 0.0000000000
39938  -1.161  -27.586  18.942 0.0000000000
40874  -2.000  -26.933  19.260 0.0000000000
41720  -0.761  -24.827  18.849 0.0000000000
41734  1.884  -25.769  17.557 0.0000000000
41733  2.424  -26.667  17.189 0.0000000000
37144  -5.093  -30.285  36.897 0.0000000000
36377  -4.570  -31.314  37.101 0.0000000000
37142  -3.628  -30.926  36.535 0.0000000000
94574  -3.225  -33.245  35.836 0.0000000000
35557  -3.452  -32.131  35.789 0.0000000000
109803  -3.198  -30.336  34.795 0.0000000000
37153  -3.127  -30.277  34.495 0.0000000000
37157  -3.026  -30.100  33.759 0.0000000000
37959  -2.995  -29.828  33.126 0.0000000000
36393  -3.546  -31.440  33.015 0.0000000000
34773  -1.078  -33.615  29.720 0.0000000000
34772  -0.418  -34.160  29.602 0.0000000000
33964  0.272  -34.713  28.544 0.0000000000
94535  0.703  -39.724  31.617 0.0000000000
31456  0.547  -37.955  31.938 0.0000000000
29836  0.668  -39.523  30.907 0.0000000000
38971  -26.442  -27.801  20.171 0.0000000000
40856  -28.394  -26.036  21.867 0.0000000000
110147  -30.169  -23.833  23.286 0.0000000000
38036  -24.489  -29.731  22.265 0.0000000000
37223  -25.333  -29.644  21.967 0.0000000000
37213  -26.219  -29.255  22.610 0.0000000000
37225  -25.989  -28.822  21.899 0.0000000000
37240  -25.676  -28.880  21.098 0.0000000000
38958  -26.055  -28.366  20.468 0.0000000000
37197  -26.937  -30.247  25.075 0.0000000000
37202  -25.059  -30.163  23.817 0.0000000000
58114  -44.494  -4.729  4.965 0.0000000000
58099  -43.764  -5.042  5.349 0.0000000000
56425  -38.216  -7.668  5.470 0.0000000000
99772  -37.770  -7.389  4.366 0.0000000000
56443  -38.402  -7.067  3.941 0.0000000000
57270  -39.929  -6.404  3.603 0.0000000000
107690  -40.592  -6.229  3.831 0.0000000000
102949  -41.360  -5.929  4.052 0.0000000000
49989  -33.944  -15.490  15.316 0.0000000000
94513  -34.512  -15.341  15.596 0.0000000000
94782  -34.451  -15.400  16.105 0.0000000000
49132  -33.623  -15.572  16.029 0.0000000000
97953  -28.023  -15.529  14.506 0.0000000000
49994  -27.815  -15.584  13.205 0.0000000000
49139  -30.503  -15.804  14.133 0.0000000000
49166  -31.322  -15.955  13.586 0.0000000000
49995  -32.750  -15.694  14.382 0.0000000000
105436  -4.010  -30.068  25.281 0.0000000000
110709  -2.843  -31.451  24.214 0.0000000000
36420  -2.198  -31.752  24.436 0.0000000000
36428  -1.782  -31.942  23.763 0.0000000000
34024  -0.439  -34.825  23.259 0.0000000000
33227  -0.412  -35.512  22.219 0.0000000000
34743  -6.819  -33.331  33.896 0.0000000000
34739  -7.017  -33.304  34.698 0.0000000000
33917  -5.961  -34.705  33.718 0.0000000000
33100  -5.553  -35.314  33.484 0.0000000000
32293  -5.112  -36.074  33.390 0.0000000000
49903  -28.861  -15.561  20.842 0.0000000000
49888  -29.671  -15.630  21.629 0.0000000000
44225  -27.227  -22.580  19.975 0.0000000000
43423  -26.729  -22.994  19.202 0.0000000000
45096  -26.847  -21.657  19.427 0.0000000000
45909  -27.448  -21.265  20.299 0.0000000000
45917  -26.968  -21.226  19.547 0.0000000000
45926  -26.525  -21.281  18.944 0.0000000000
107424  -26.659  -20.855  19.121 0.0000000000
46716  -25.964  -19.767  18.451 0.0000000000
96053  -26.166  -19.104  19.138 0.0000000000
106653  -26.449  -17.433  19.786 0.0000000000
48305  -26.709  -17.712  20.457 0.0000000000
49055  -27.573  -15.908  20.740 0.0000000000
38920  -19.445  -27.933  23.835 0.0000000000
38919  -19.041  -27.395  24.360 0.0000000000
93345  -17.319  -26.821  23.808 0.0000000000
59844  -41.672  -3.844  -0.380 0.0000000000
59853  -42.330  -3.281  -0.671 0.0000000000
60647  -42.290  -2.482  -1.231 0.0000000000
61403  -42.701  -1.705  -1.652 0.0000000000
61404  -44.566  -1.751  -1.224 0.0000000000
61399  -45.048  -2.310  -0.716 0.0000000000
39798  0.333  -28.019  29.316 0.0000000000
38851  -1.438  -28.246  29.947 0.0000000000
38845  -1.110  -28.306  30.746 0.0000000000
54859  -39.164  -9.129  10.255 0.0000000000
52489  -33.021  -12.853  9.380 0.0000000000
53305  -33.932  -11.622  8.472 0.0000000000
53307  -36.043  -10.904  9.316 0.0000000000
53294  -35.602  -11.461  9.720 0.0000000000
37960  -9.252  -28.877  33.773 0.0000000000
37162  -9.067  -29.643  32.681 0.0000000000
38907  -9.452  -27.679  24.520 0.0000000000
38897  -9.621  -27.607  25.500 0.0000000000
38896  -9.164  -28.011  26.060 0.0000000000
38884  -8.652  -28.560  26.561 0.0000000000
37177  -8.111  -29.246  28.068 0.0000000000
37994  -8.046  -29.218  27.010 0.0000000000
37182  -6.990  -30.467  26.682 0.0000000000
107765  1.734  -22.464  25.876 0.0000000000
44154  2.449  -22.441  25.099 0.0000000000
38051  -2.898  -28.732  20.460 0.0000000000
38951  -3.278  -28.043  20.527 0.0000000000
38965  -0.833  -28.942  19.351 0.0000000000
39924  -0.520  -28.356  18.915 0.0000000000
40712  -3.292  -26.539  35.950 0.0000000000
40705  -2.530  -26.741  36.457 0.0000000000
110493  -2.350  -27.657  36.854 0.0000000000
33907  -3.561  -34.073  37.102 0.0000000000
34726  -3.547  -33.098  37.077 0.0000000000
34730  -3.100  -33.750  36.181 0.0000000000
34737  -2.751  -33.456  35.153 0.0000000000
35567  -3.059  -32.916  33.465 0.0000000000
33920  -0.399  -34.645  32.762 0.0000000000
33931  -0.115  -34.754  32.131 0.0000000000
33918  0.260  -35.069  31.924 0.0000000000
41743  -26.866  -24.819  18.958 0.0000000000
39932  -26.978  -26.992  19.843 0.0000000000
43414  -27.178  -23.354  19.856 0.0000000000
45067  -28.316  -21.791  21.549 0.0000000000
45057  -28.645  -22.089  22.009 0.0000000000
45904  -28.417  -21.493  21.707 0.0000000000
46692  -28.568  -20.927  22.186 0.0000000000
37977  -24.004  -28.927  28.026 0.0000000000
37986  -23.585  -28.871  27.430 0.0000000000
37178  -24.184  -29.499  27.024 0.0000000000
37999  -23.501  -29.343  26.496 0.0000000000
38913  -21.495  -28.881  24.664 0.0000000000
38914  -21.787  -28.983  23.931 0.0000000000
57279  -41.042  -5.810  2.676 0.0000000000
58134  -40.579  -5.552  1.545 0.0000000000
58999  -43.634  -4.772  1.431 0.0000000000
59010  -45.021  -4.086  1.492 0.0000000000
50789  -36.442  -14.467  15.609 0.0000000000
51624  -33.811  -13.749  11.248 0.0000000000
39845  -14.910  -25.311  26.226 0.0000000000
39830  -15.004  -25.318  26.832 0.0000000000
108051  -14.206  -25.358  26.044 0.0000000000
39855  -13.154  -25.637  25.441 0.0000000000
94675  -12.413  -25.941  25.341 0.0000000000
97573  -11.284  -26.444  24.640 0.0000000000
39863  -10.407  -26.951  24.432 0.0000000000
102788  1.780  -19.776  19.956 0.0000000000
44232  1.177  -22.337  18.388 0.0000000000
40809  -0.499  -26.152  25.608 0.0000000000
40821  -3.372  -27.127  24.339 0.0000000000
38012  -4.103  -29.693  24.693 0.0000000000
94303  -4.156  -29.379  23.761 0.0000000000
37200  -3.401  -30.800  23.254 0.0000000000
38021  -3.909  -29.922  23.078 0.0000000000
95317  -3.539  -29.173  21.655 0.0000000000
107346  -0.730  -30.793  20.416 0.0000000000
103401  -0.099  -31.237  19.996 0.0000000000
37946  -6.818  -29.237  36.744 0.0000000000
36381  -6.959  -30.981  36.658 0.0000000000
98963  -4.948  -33.546  37.299 0.0000000000
34734  -6.616  -33.788  35.813 0.0000000000
101491  -6.268  -34.303  35.917 0.0000000000
33912  -5.956  -34.718  35.789 0.0000000000
98025  -5.962  -34.442  36.309 0.0000000000
111287  -5.303  -34.211  37.091 0.0000000000
105780  -4.582  -34.244  37.210 0.0000000000
32274  -3.863  -36.215  36.203 0.0000000000
32273  -2.747  -36.048  36.367 0.0000000000
49097  -31.818  -15.703  16.994 0.0000000000
101782  -31.891  -15.720  17.710 0.0000000000
49080  -32.178  -15.745  18.463 0.0000000000
49067  -31.981  -15.832  19.297 0.0000000000
43422  -26.281  -23.464  18.480 0.0000000000
111833  -26.569  -15.467  16.624 0.0000000000
99461  -28.301  -15.574  16.794 0.0000000000
111583  -18.501  -25.676  29.586 0.0000000000
40773  -17.982  -25.543  29.256 0.0000000000
41657  -17.127  -25.233  28.823 0.0000000000
38869  -22.832  -28.151  28.393 0.0000000000
38857  -22.361  -27.677  28.984 0.0000000000
38856  -21.497  -27.184  29.214 0.0000000000
39820  -20.208  -26.574  28.825 0.0000000000
37996  -21.536  -27.837  26.396 0.0000000000
37983  -21.054  -27.337  27.126 0.0000000000
38867  -20.664  -26.959  28.063 0.0000000000
38878  -17.799  -25.868  26.991 0.0000000000
39847  -16.382  -25.514  26.693 0.0000000000
39846  -15.711  -25.402  26.457 0.0000000000
61412  -42.984  -1.088  -2.048 0.0000000000
62894  -43.045  0.191  -2.900 0.0000000000
42513  2.035  -24.108  26.276 0.0000000000
42523  1.734  -24.664  25.835 0.0000000000
41668  1.250  -25.344  25.794 0.0000000000
40808  0.255  -26.118  25.852 0.0000000000
106892  1.651  -26.338  27.620 0.0000000000
40789  1.631  -26.064  27.156 0.0000000000
100219  -3.455  -27.850  26.111 0.0000000000
37992  -3.925  -29.169  26.292 0.0000000000
38874  -3.080  -28.185  28.109 0.0000000000
57242  -41.558  -6.426  8.049 0.0000000000
53256  -37.863  -11.657  12.499 0.0000000000
54107  -34.617  -10.585  7.524 0.0000000000
54117  -35.275  -9.948  7.105 0.0000000000
54879  -35.249  -9.451  6.452 0.0000000000
54891  -35.909  -8.987  6.219 0.0000000000
35561  -8.289  -31.652  35.675 0.0000000000
36391  -8.160  -31.834  34.790 0.0000000000
37154  -8.909  -30.382  34.872 0.0000000000
35566  -7.315  -32.593  34.260 0.0000000000
35575  -6.441  -32.848  32.310 0.0000000000
34756  -5.983  -33.446  32.046 0.0000000000
40792  -14.227  -25.393  27.293 0.0000000000
40781  -13.755  -25.467  28.055 0.0000000000
94131  -13.176  -25.617  28.840 0.0000000000
40779  -12.247  -26.137  28.521 0.0000000000
40771  -12.520  -25.945  29.646 0.0000000000
40762  -12.483  -25.906  30.696 0.0000000000
39791  -11.264  -26.795  30.940 0.0000000000
40757  -11.621  -26.447  32.432 0.0000000000
38842  -9.882  -28.484  31.740 0.0000000000
37964  -8.686  -29.588  31.228 0.0000000000
37174  -7.888  -29.592  28.954 0.0000000000
37171  -7.774  -29.914  29.600 0.0000000000
37167  -7.394  -30.735  30.626 0.0000000000
34784  -5.496  -33.141  29.286 0.0000000000
45030  2.316  -21.616  24.591 0.0000000000
45872  2.966  -21.152  23.802 0.0000000000
45883  2.641  -20.478  23.227 0.0000000000
46663  2.229  -19.999  22.597 0.0000000000
44188  1.492  -21.583  21.050 0.0000000000
41679  -0.624  -25.332  24.478 0.0000000000
41688  -0.928  -24.949  23.697 0.0000000000
42550  -0.893  -24.014  22.126 0.0000000000
108542  -1.187  -24.043  21.453 0.0000000000
39914  -3.168  -27.401  20.316 0.0000000000
41711  -2.452  -25.549  20.665 0.0000000000
41710  -1.946  -24.883  20.740 0.0000000000
104356  -1.622  -24.419  21.105 0.0000000000
43413  -0.403  -23.390  19.380 0.0000000000
108851  -0.507  -24.007  18.942 0.0000000000
102213  1.154  -23.137  18.011 0.0000000000
41747  2.602  -25.006  16.803 0.0000000000
41748  2.645  -25.582  16.920 0.0000000000
94367  -5.428  -28.483  36.747 0.0000000000
38813  -4.723  -28.095  36.910 0.0000000000
38812  -3.846  -28.339  37.062 0.0000000000
35551  -3.740  -32.364  37.070 0.0000000000
36375  -3.611  -31.758  36.525 0.0000000000
37141  -3.268  -30.312  36.209 0.0000000000
38815  -1.656  -28.402  35.974 0.0000000000
38823  -1.477  -28.346  35.416 0.0000000000
38826  -1.311  -28.277  34.759 0.0000000000
37961  -2.686  -28.978  32.099 0.0000000000
110543  -3.314  -29.343  31.204 0.0000000000
37166  -3.576  -30.419  30.553 0.0000000000
35574  -3.309  -32.214  31.720 0.0000000000
95857  -2.661  -32.788  31.266 0.0000000000
36401  -3.461  -31.116  29.684 0.0000000000
36404  -2.960  -31.759  29.188 0.0000000000
35601  -2.243  -32.309  28.803 0.0000000000
106094  -1.209  -32.935  27.630 0.0000000000
34800  -0.289  -33.789  26.755 0.0000000000
29041  0.368  -40.127  32.532 0.0000000000
29818  -0.184  -39.224  33.125 0.0000000000
29817  -0.028  -38.511  33.118 0.0000000000
30597  -0.056  -37.684  33.534 0.0000000000
31445  0.191  -36.891  33.451 0.0000000000
32285  0.329  -36.304  33.274 0.0000000000
32291  0.442  -36.363  32.716 0.0000000000
106824  0.552  -36.431  32.185 0.0000000000
33120  0.546  -35.756  30.700 0.0000000000
30621  0.168  -38.424  29.525 0.0000000000
106500  0.535  -35.936  30.012 0.0000000000
33963  0.418  -35.212  28.585 0.0000000000
93914  0.121  -36.085  27.982 0.0000000000
33154  0.213  -35.594  27.650 0.0000000000
33978  0.337  -35.146  27.657 0.0000000000
33989  0.192  -34.844  26.957 0.0000000000
33990  -0.125  -34.372  26.351 0.0000000000
34002  -0.267  -34.657  25.776 0.0000000000
33178  -0.307  -35.200  25.605 0.0000000000
30607  0.566  -39.008  31.902 0.0000000000
33910  -5.327  -34.695  36.749 0.0000000000
54104  -37.182  -10.078  9.202 0.0000000000
96643  0.536  -35.949  32.312 0.0000000000
105771  -29.581  -22.761  22.721 0.0000000000
107277  0.264  -34.802  27.380 0.0000000000
108362  -3.045  -34.262  36.590 0.0000000000
111301  -37.069  -8.577  6.435 0.0000000000
