#!ascii label  , from subject sub-v2s9x29171_ses-1 vox2ras=TkReg
1124
25633  29.564  -40.670  -37.095 0.8999999762
111400  29.646  -41.304  -37.475 0.8000000119
25632  30.177  -40.792  -37.607 0.8000000119
24069  30.076  -42.274  -38.282 0.6999999881
24821  30.691  -41.717  -38.637 0.8000000119
24799  28.838  -40.596  -36.692 0.8999999762
109464  30.622  -40.170  -37.724 1.0000000000
25644  30.769  -40.806  -38.267 0.8999999762
101554  30.677  -42.499  -38.916 0.8000000119
23262  30.585  -43.250  -39.106 0.8000000119
24099  31.013  -42.702  -39.748 0.6999999881
23290  30.880  -43.530  -40.097 0.6999999881
25624  28.063  -40.559  -36.421 0.8000000119
26433  28.657  -39.735  -36.246 0.8999999762
26435  26.881  -39.829  -36.397 0.8999999762
26443  30.173  -40.016  -37.192 0.8999999762
26442  30.824  -39.383  -37.429 1.0000000000
25643  31.291  -40.208  -38.786 0.8999999762
26441  31.397  -39.276  -38.529 1.0000000000
25663  31.195  -41.116  -39.085 0.8999999762
24840  31.122  -41.936  -39.421 0.8000000119
24116  31.163  -42.801  -40.687 0.6999999881
27248  29.507  -38.921  -36.173 0.8999999762
27249  28.453  -38.917  -35.813 0.8999999762
26434  27.760  -39.697  -36.060 0.8999999762
106676  27.150  -39.210  -36.107 0.8999999762
101460  29.511  -39.872  -36.665 0.8999999762
26432  30.274  -39.244  -36.769 0.8999999762
112027  31.249  -39.101  -37.933 1.0000000000
25662  31.459  -40.430  -39.597 0.8000000119
24839  31.396  -41.290  -39.930 0.8000000119
24870  31.371  -41.063  -41.285 0.8000000119
25692  31.329  -41.019  -42.136 0.8000000119
24880  31.307  -41.940  -42.269 0.8000000119
27240  28.126  -38.107  -35.627 0.8999999762
97196  26.914  -38.514  -36.186 0.8999999762
27251  26.287  -38.341  -36.867 0.8999999762
28045  29.993  -38.047  -35.949 0.8999999762
107706  27.194  -37.260  -35.966 0.8999999762
28047  26.710  -37.606  -36.498 0.8000000119
27252  25.869  -39.013  -37.093 0.8000000119
27247  30.472  -38.487  -36.468 0.8999999762
28934  26.380  -36.931  -37.019 0.6999999881
28054  26.038  -37.533  -37.288 0.6999999881
27275  25.143  -38.265  -38.202 0.6999999881
27246  31.178  -38.171  -36.862 0.8999999762
28055  25.256  -37.435  -37.934 0.6999999881
28071  24.673  -37.794  -38.578 0.6999999881
28053  31.621  -37.801  -37.652 1.0000000000
28951  24.431  -37.059  -38.293 0.6000000238
27256  31.256  -38.614  -37.479 1.0000000000
27274  31.506  -38.495  -38.199 1.0000000000
26471  31.536  -39.519  -39.276 1.0000000000
27290  31.624  -38.614  -38.961 1.0000000000
27303  31.693  -38.791  -39.737 0.8999999762
26483  31.607  -39.715  -40.102 0.8000000119
25679  31.461  -40.609  -40.573 0.8000000119
25691  31.423  -40.366  -41.488 0.8000000119
25702  31.364  -40.129  -42.231 0.8000000119
26506  31.239  -39.457  -42.640 0.8000000119
25703  31.179  -40.331  -43.074 0.8000000119
27239  29.037  -38.155  -35.717 0.8999999762
27250  27.634  -38.765  -35.810 0.8999999762
28033  29.492  -37.401  -35.700 0.8999999762
28034  28.572  -37.391  -35.590 0.8999999762
28046  27.343  -37.944  -35.826 0.8999999762
28044  30.773  -37.750  -36.335 0.8999999762
28043  31.422  -37.425  -36.831 0.8999999762
28935  25.711  -36.731  -37.421 0.6000000238
28936  24.857  -36.519  -37.742 0.6000000238
99446  31.796  -37.120  -37.432 1.0000000000
28937  24.009  -36.326  -37.931 0.5000000000
28950  31.995  -37.129  -38.103 1.0000000000
29846  23.630  -35.587  -37.547 0.5000000000
107866  32.124  -37.046  -38.808 1.0000000000
28070  31.817  -37.745  -38.678 1.0000000000
28080  32.062  -37.332  -39.569 1.0000000000
28081  31.773  -38.055  -39.412 1.0000000000
28092  31.810  -38.067  -40.171 0.8999999762
26496  31.524  -39.815  -40.878 0.8000000119
27313  31.653  -38.966  -40.594 0.8999999762
96904  31.653  -38.219  -41.212 0.8000000119
26505  31.461  -39.383  -41.633 0.8000000119
28103  31.708  -37.385  -41.559 0.8999999762
102570  31.434  -37.964  -41.983 0.8000000119
104263  31.473  -36.782  -42.055 0.8999999762
27321  31.091  -38.113  -42.684 0.8000000119
109940  30.661  -38.197  -43.313 0.8000000119
27327  30.121  -37.901  -44.006 0.8000000119
28910  29.993  -36.624  -35.830 0.8999999762
28925  26.847  -36.735  -36.431 0.6999999881
28926  26.226  -36.110  -36.851 0.8000000119
28923  30.940  -36.913  -36.283 0.8999999762
111044  30.606  -36.239  -36.174 0.8999999762
29829  25.330  -35.889  -37.255 0.6999999881
29830  24.894  -35.124  -36.932 0.6999999881
29845  24.457  -35.739  -37.429 0.6000000238
30791  23.291  -34.815  -37.301 0.5000000000
29847  22.852  -35.405  -37.666 0.5000000000
28949  32.269  -36.535  -38.409 1.0000000000
103557  32.469  -36.233  -39.920 1.0000000000
28976  32.099  -37.237  -40.626 0.8999999762
29871  32.515  -35.819  -39.476 1.0000000000
28975  32.331  -36.740  -40.003 0.8999999762
28986  32.359  -36.273  -40.627 0.8999999762
107071  32.051  -36.630  -41.334 0.8999999762
111671  32.176  -35.948  -41.276 0.8999999762
28993  31.666  -36.037  -41.845 0.8999999762
28109  31.240  -37.463  -42.356 0.8999999762
104219  30.896  -36.954  -42.674 0.8999999762
29000  30.255  -36.769  -43.319 0.8999999762
28994  30.798  -36.173  -42.625 0.8999999762
28911  28.975  -36.654  -35.593 0.8999999762
28912  28.125  -36.644  -35.620 0.8999999762
28924  27.421  -36.619  -35.874 0.8999999762
103515  28.476  -36.036  -35.648 0.8999999762
29827  26.962  -35.924  -36.307 1.0000000000
29811  29.239  -35.784  -35.719 0.8999999762
28922  31.641  -36.681  -36.920 0.8999999762
101648  31.233  -36.114  -36.540 0.8999999762
102704  25.730  -35.254  -36.706 0.6999999881
30790  24.047  -35.003  -37.064 0.5000000000
28933  32.060  -36.560  -37.654 1.0000000000
30771  23.674  -34.249  -36.869 0.5000000000
30792  22.519  -34.552  -37.510 0.5000000000
29843  32.387  -35.932  -37.935 1.0000000000
29860  32.470  -35.923  -38.726 1.0000000000
30813  32.628  -34.528  -39.005 1.0000000000
103091  32.564  -35.342  -39.030 1.0000000000
29885  32.488  -35.589  -40.220 1.0000000000
30828  32.549  -35.056  -39.685 1.0000000000
29896  31.892  -35.303  -41.599 0.8999999762
29926  27.882  -36.259  -46.151 0.6999999881
29009  27.728  -36.190  -46.047 0.8000000119
29927  27.278  -35.826  -45.960 0.8000000119
29826  30.080  -35.871  -35.962 0.8999999762
30767  29.781  -35.050  -35.978 1.0000000000
29812  28.407  -35.297  -35.715 1.0000000000
30751  27.734  -34.794  -35.795 1.0000000000
29813  27.037  -35.092  -36.149 0.6999999881
29828  26.434  -35.378  -36.467 0.6999999881
29844  31.907  -35.849  -37.166 0.8999999762
29825  30.638  -35.561  -36.256 0.8999999762
30769  25.335  -34.511  -36.466 0.6999999881
100102  32.291  -35.298  -37.585 1.0000000000
29824  31.357  -35.270  -36.622 0.8999999762
31684  22.605  -33.665  -37.344 0.4000000060
30802  32.532  -35.155  -38.282 1.0000000000
112971  32.569  -34.307  -39.800 1.0000000000
30838  32.437  -34.617  -40.511 1.0000000000
31718  32.508  -33.602  -40.323 1.0000000000
29910  27.953  -35.425  -44.821 0.8999999762
30870  30.185  -35.078  -45.551 0.6000000238
107940  28.750  -35.499  -45.949 0.6000000238
30871  27.708  -35.363  -46.113 0.8000000119
112604  27.266  -36.011  -46.000 0.8999999762
30766  30.626  -34.696  -36.245 0.8999999762
94284  27.048  -34.278  -35.869 0.8000000119
30768  26.242  -34.586  -36.256 0.6999999881
30752  25.699  -33.952  -36.091 0.6999999881
31668  24.123  -33.525  -36.452 0.6000000238
31683  23.269  -33.500  -36.921 0.4000000060
30788  32.358  -34.499  -37.596 1.0000000000
30789  31.981  -34.932  -37.069 0.8999999762
107476  32.574  -34.341  -38.255 1.0000000000
31703  32.647  -33.629  -39.446 1.0000000000
32671  32.437  -32.825  -40.813 1.0000000000
29903  29.223  -35.259  -43.842 0.8999999762
30853  28.718  -34.477  -44.013 0.8999999762
30860  27.195  -34.617  -45.666 0.8999999762
30854  27.510  -34.680  -44.875 0.8999999762
107681  31.318  -34.720  -45.221 0.6000000238
94272  29.154  -34.660  -45.793 0.6000000238
29917  27.269  -35.525  -45.896 0.8999999762
30749  29.160  -34.307  -35.733 0.8999999762
30750  28.433  -34.509  -35.677 0.8999999762
31647  27.836  -33.901  -35.588 0.6999999881
100554  28.633  -33.858  -35.588 0.8999999762
30765  31.453  -34.271  -36.557 1.0000000000
31649  25.562  -33.152  -35.750 0.6000000238
31667  24.985  -33.785  -36.211 0.6000000238
32606  24.293  -32.783  -36.233 0.5000000000
30764  32.068  -34.195  -37.009 1.0000000000
31664  32.248  -33.617  -37.257 1.0000000000
31682  32.531  -33.683  -37.873 1.0000000000
31692  32.652  -33.660  -38.617 1.0000000000
32660  32.662  -32.784  -39.981 1.0000000000
103953  32.629  -32.123  -40.512 1.0000000000
32672  31.969  -32.871  -41.481 1.0000000000
99750  31.258  -32.964  -42.074 1.0000000000
32678  30.388  -33.061  -42.656 1.0000000000
31733  30.959  -33.723  -42.302 0.8999999762
30848  29.790  -34.436  -43.219 0.8999999762
109581  32.540  -33.332  -45.456 0.6000000238
30869  31.790  -34.006  -45.128 0.6000000238
94556  30.573  -34.219  -45.430 0.6000000238
31757  28.110  -34.426  -45.971 0.8000000119
30872  27.250  -35.058  -45.985 0.8000000119
31645  29.432  -33.369  -35.564 0.8999999762
31646  28.459  -33.217  -35.409 0.6999999881
31648  26.366  -33.733  -35.812 0.6000000238
32585  26.619  -32.845  -35.479 0.6000000238
31666  31.316  -33.414  -36.281 0.8999999762
31650  24.758  -33.132  -36.045 0.5000000000
31665  31.835  -33.467  -36.701 1.0000000000
104269  32.421  -32.952  -37.518 1.0000000000
32603  32.116  -32.678  -36.885 0.8999999762
103356  32.653  -32.836  -38.167 1.0000000000
32643  32.770  -32.785  -39.049 1.0000000000
99030  32.811  -31.944  -39.604 1.0000000000
110738  32.605  -31.756  -40.865 1.0000000000
33593  32.349  -32.110  -41.244 1.0000000000
33594  31.732  -32.134  -41.968 1.0000000000
103973  30.979  -32.408  -42.449 1.0000000000
32685  28.778  -32.422  -43.436 0.8999999762
31740  28.842  -33.076  -43.519 0.8999999762
31741  28.131  -33.696  -44.130 0.8999999762
32693  26.588  -32.952  -45.013 0.8999999762
96709  31.813  -33.135  -45.316 0.6000000238
31755  30.927  -33.342  -45.434 0.6000000238
32705  30.089  -32.691  -45.650 0.6000000238
31756  29.558  -33.691  -45.656 0.6999999881
32706  28.482  -33.098  -45.767 0.6999999881
31758  27.460  -34.203  -45.797 0.6999999881
31759  27.053  -33.722  -45.424 0.8000000119
31748  26.760  -33.267  -45.147 0.8999999762
32707  27.421  -33.039  -45.652 0.6999999881
32708  26.872  -32.856  -45.334 0.8999999762
105256  27.084  -33.564  -35.613 0.6999999881
107693  26.604  -31.998  -35.349 0.6000000238
31644  30.373  -32.734  -35.645 0.8999999762
110227  28.934  -32.800  -35.328 0.6999999881
32604  31.535  -32.804  -36.321 0.8999999762
103995  31.040  -32.985  -35.930 0.8000000119
32619  32.491  -32.126  -37.554 1.0000000000
104567  32.155  -31.882  -36.852 0.8000000119
32627  32.768  -32.046  -38.538 1.0000000000
110405  33.020  -30.954  -40.153 1.0000000000
33584  32.803  -31.428  -40.404 1.0000000000
106938  32.547  -31.361  -41.239 1.0000000000
33600  31.164  -31.586  -42.648 1.0000000000
98438  30.330  -32.261  -42.847 1.0000000000
110581  29.668  -32.142  -43.173 0.8999999762
99745  28.074  -32.983  -43.791 0.8999999762
32687  26.851  -32.391  -44.417 0.8999999762
109326  32.438  -31.648  -45.874 0.6000000238
32703  32.336  -32.402  -45.551 0.6000000238
33624  28.378  -32.052  -45.812 0.6999999881
32584  27.608  -33.022  -35.388 0.6999999881
32581  30.445  -31.865  -35.530 0.8000000119
32582  29.481  -32.273  -35.297 0.8000000119
32583  28.392  -32.351  -35.162 0.6999999881
100355  27.382  -32.174  -35.223 0.6999999881
32605  31.080  -32.334  -35.874 0.6999999881
33525  32.376  -31.321  -37.208 0.6999999881
34462  33.023  -30.737  -38.498 0.8000000119
33549  33.189  -30.811  -39.185 0.8000000119
33550  33.007  -31.376  -38.911 0.8000000119
33569  33.028  -31.179  -39.690 0.8999999762
34501  32.604  -30.558  -41.554 1.0000000000
33599  32.130  -31.214  -42.090 1.0000000000
33606  30.204  -31.556  -43.092 1.0000000000
34508  31.771  -30.526  -42.755 1.0000000000
33607  29.284  -31.616  -43.304 1.0000000000
33608  28.193  -31.764  -43.459 0.8999999762
32686  27.602  -32.451  -43.802 0.8999999762
33609  27.127  -31.793  -43.806 0.8999999762
33621  31.625  -31.755  -45.805 0.6000000238
32704  31.283  -32.500  -45.542 0.6000000238
33623  29.457  -31.962  -45.873 0.6999999881
32688  26.578  -32.255  -44.803 0.8999999762
32694  26.615  -32.582  -45.036 0.8999999762
33636  28.312  -31.257  -46.062 0.6999999881
33625  27.496  -32.027  -45.592 0.6999999881
33626  26.794  -31.909  -45.230 0.8999999762
33614  26.424  -31.555  -44.829 0.8999999762
33513  29.806  -31.283  -35.240 0.6999999881
33514  28.930  -31.484  -34.996 0.6000000238
33515  27.995  -31.460  -34.935 0.6000000238
33527  31.189  -31.566  -35.886 0.6999999881
33526  31.825  -31.258  -36.459 0.6999999881
34441  32.253  -30.615  -36.852 0.6999999881
34452  32.648  -30.663  -37.656 0.6999999881
34461  33.354  -30.173  -39.012 0.8000000119
34479  33.234  -30.480  -39.817 0.8000000119
34492  33.240  -29.804  -40.444 0.8000000119
111597  32.888  -29.977  -41.127 0.8000000119
34507  32.346  -30.376  -42.223 1.0000000000
35311  32.679  -29.795  -41.835 0.8000000119
34514  31.275  -30.100  -43.208 1.0000000000
102647  30.817  -30.795  -43.116 1.0000000000
105074  29.846  -30.828  -43.313 1.0000000000
34515  30.462  -29.954  -43.424 1.0000000000
34516  29.359  -30.129  -43.487 1.0000000000
34517  28.271  -30.306  -43.520 1.0000000000
34518  27.677  -31.112  -43.537 1.0000000000
33622  30.585  -31.840  -45.881 0.6000000238
33610  26.602  -31.642  -44.337 0.8999999762
33632  31.942  -31.108  -46.306 0.6000000238
33633  31.008  -31.148  -46.329 0.6000000238
33634  30.057  -31.225  -46.289 0.6999999881
34524  26.277  -30.747  -44.367 0.8999999762
33635  29.164  -31.273  -46.214 0.6999999881
34529  27.462  -31.049  -45.737 0.6999999881
34530  26.565  -30.957  -45.248 0.8999999762
34430  27.664  -30.629  -35.006 0.5000000000
33512  30.609  -31.002  -35.555 0.6000000238
103086  29.292  -30.765  -35.057 0.5000000000
34442  31.684  -30.403  -36.220 0.6999999881
109911  31.272  -30.879  -35.910 0.6999999881
98832  32.517  -29.952  -37.251 0.6999999881
35272  32.985  -29.917  -38.185 0.6999999881
35271  33.499  -29.391  -38.854 0.6999999881
35289  33.486  -29.600  -39.610 0.8000000119
36124  33.544  -28.957  -40.270 0.8000000119
35310  33.164  -29.160  -41.231 0.8000000119
36135  32.766  -29.051  -42.187 0.8000000119
35322  32.301  -29.010  -42.910 0.8999999762
109641  31.833  -29.658  -43.085 1.0000000000
35323  31.645  -28.955  -43.313 0.8999999762
112488  31.232  -29.532  -43.343 1.0000000000
35327  27.547  -29.687  -43.646 1.0000000000
101522  27.264  -30.540  -43.638 0.8999999762
34519  26.723  -31.083  -43.831 0.8999999762
35328  26.452  -30.224  -43.925 0.8999999762
109620  26.032  -30.041  -44.399 0.8999999762
35358  28.652  -30.032  -46.352 0.6999999881
108114  27.028  -30.413  -45.648 0.8000000119
34531  26.080  -30.595  -44.874 0.8999999762
34539  31.508  -30.374  -46.429 0.6000000238
34543  27.797  -30.206  -46.082 0.6999999881
35345  26.227  -30.067  -45.283 0.8000000119
35334  25.665  -29.491  -44.813 0.8999999762
35344  27.189  -29.743  -45.803 0.6999999881
95770  25.777  -29.954  -44.974 0.8999999762
34428  29.948  -30.316  -35.342 0.5000000000
34429  29.088  -30.042  -35.107 0.5000000000
34427  30.895  -30.137  -35.703 0.6999999881
35236  29.579  -29.424  -35.432 0.5000000000
100178  32.129  -29.950  -36.544 0.6999999881
35258  32.780  -29.223  -37.596 0.6999999881
35257  33.230  -29.141  -38.271 0.6999999881
36116  33.698  -28.790  -39.411 0.6999999881
98173  33.590  -28.261  -40.912 0.8000000119
36139  33.206  -28.291  -41.798 0.8000000119
36147  32.082  -28.250  -43.191 0.8000000119
36148  31.245  -28.189  -43.437 0.8999999762
35324  30.711  -28.956  -43.509 1.0000000000
35325  29.734  -29.317  -43.542 1.0000000000
35326  28.746  -29.529  -43.565 1.0000000000
36140  32.688  -28.282  -42.585 0.8000000119
36149  29.866  -28.502  -43.566 0.8999999762
95625  29.056  -28.784  -43.593 1.0000000000
95891  28.243  -28.989  -43.630 1.0000000000
107912  29.223  -28.119  -43.595 0.8999999762
36151  27.294  -28.733  -43.723 1.0000000000
36152  26.177  -28.778  -44.056 1.0000000000
109463  25.373  -28.699  -44.673 0.8999999762
109498  29.662  -30.729  -46.418 0.6999999881
34540  30.422  -30.545  -46.448 0.6000000238
35357  29.630  -30.022  -46.447 0.6000000238
97322  25.197  -28.745  -44.976 0.8999999762
35343  28.119  -29.492  -46.137 0.6999999881
36172  27.479  -29.007  -45.889 0.6999999881
101346  26.433  -29.264  -45.555 0.6999999881
35346  25.525  -29.249  -45.101 0.8000000119
112881  26.839  -28.606  -45.685 0.6999999881
36174  25.008  -28.333  -45.080 0.8000000119
36159  24.887  -28.129  -44.970 0.8999999762
36173  25.855  -28.598  -45.462 0.6999999881
35235  30.261  -29.600  -35.544 0.5000000000
35244  32.299  -29.268  -36.736 0.6999999881
35245  31.564  -29.468  -36.099 0.5000000000
36091  33.170  -28.510  -37.895 0.6999999881
36104  33.579  -28.615  -38.659 0.6999999881
37008  32.974  -27.719  -37.428 0.6999999881
96331  33.873  -27.993  -39.171 0.6999999881
37033  34.100  -27.179  -39.750 0.6999999881
37034  33.833  -28.134  -40.017 0.6999999881
37044  33.869  -27.578  -40.587 0.8000000119
37056  33.622  -27.401  -41.460 0.8000000119
37063  33.074  -27.528  -42.281 0.8000000119
37064  32.424  -27.473  -42.949 0.8000000119
37918  33.347  -26.727  -42.118 0.8000000119
37927  32.032  -26.519  -43.153 0.8000000119
101926  30.720  -27.449  -43.476 0.8000000119
37070  29.850  -27.608  -43.561 0.8999999762
37071  28.878  -27.406  -43.576 0.8999999762
36150  28.317  -28.180  -43.616 1.0000000000
102778  30.907  -26.533  -43.423 0.8000000119
101749  26.717  -28.155  -43.806 1.0000000000
98185  27.442  -27.952  -43.658 1.0000000000
35356  30.678  -29.768  -46.331 0.6000000238
37074  25.836  -27.881  -44.127 1.0000000000
35342  29.033  -29.360  -46.149 0.6999999881
36171  28.438  -28.759  -45.873 0.6999999881
106253  27.722  -28.222  -45.685 0.6999999881
100981  26.703  -27.807  -45.604 0.8000000119
112257  24.871  -27.791  -45.183 0.8000000119
37007  33.590  -27.770  -38.315 0.6999999881
37866  33.387  -27.025  -37.813 0.6999999881
108653  33.960  -27.372  -38.905 0.6999999881
37900  34.046  -26.873  -40.758 0.6999999881
37910  33.828  -26.445  -41.464 0.8000000119
108924  32.791  -26.158  -42.587 0.8000000119
38821  32.217  -25.600  -43.018 0.8000000119
37928  30.190  -26.914  -43.513 0.8999999762
37929  29.443  -26.782  -43.534 0.8999999762
101568  29.966  -26.231  -43.492 0.8000000119
110184  29.216  -26.108  -43.480 0.8999999762
37072  27.843  -27.301  -43.555 0.8999999762
35341  29.978  -29.197  -45.998 0.6000000238
38825  28.611  -25.618  -43.412 0.8999999762
37930  28.417  -26.481  -43.483 0.8999999762
37073  26.850  -27.443  -43.685 1.0000000000
36169  30.273  -28.356  -45.622 0.6000000238
102249  26.108  -27.017  -43.837 0.8999999762
101375  27.915  -27.307  -45.547 0.6999999881
37932  25.684  -26.333  -43.752 0.8999999762
37094  25.422  -27.847  -45.418 0.8000000119
36160  24.698  -27.649  -45.035 0.8999999762
37080  24.596  -27.279  -44.916 0.8000000119
111023  33.779  -27.067  -38.434 0.6999999881
106823  34.113  -26.758  -38.895 0.6999999881
37891  34.360  -26.284  -39.445 0.6999999881
37909  34.200  -26.192  -40.907 0.6999999881
38805  34.496  -25.584  -40.638 0.6999999881
38822  31.370  -25.683  -43.328 0.8000000119
38823  30.426  -25.614  -43.436 0.8000000119
97848  29.918  -24.857  -43.433 0.8000000119
37931  26.980  -26.428  -43.458 0.8999999762
36170  29.380  -28.580  -45.743 0.6000000238
38824  29.517  -25.527  -43.447 0.8000000119
93864  28.889  -24.871  -43.390 0.8999999762
38826  27.014  -25.573  -43.309 0.8999999762
103195  29.729  -27.862  -45.528 0.6000000238
37093  28.831  -27.803  -45.573 0.6999999881
38827  26.125  -25.655  -43.371 0.8999999762
37957  27.158  -26.880  -45.532 0.6999999881
37940  24.627  -26.170  -44.570 0.8000000119
101808  25.238  -26.307  -45.474 0.6999999881
37941  24.376  -26.558  -45.038 0.8000000119
37883  34.235  -26.140  -38.793 0.6999999881
38796  34.628  -25.627  -39.895 0.6999999881
99742  30.855  -24.916  -43.395 0.8000000119
96778  27.757  -25.807  -43.368 0.8999999762
95525  26.466  -25.011  -43.307 0.8999999762
96543  28.804  -26.822  -45.453 0.6999999881
37956  28.008  -26.415  -45.450 0.6999999881
100885  25.494  -25.074  -43.570 0.8999999762
38852  25.682  -25.540  -45.477 0.6999999881
38853  24.505  -25.564  -45.323 0.8000000119
38828  24.865  -25.291  -44.228 0.8000000119
100803  25.257  -24.883  -45.449 0.6999999881
38838  24.057  -25.055  -45.099 0.8000000119
38837  24.101  -25.177  -44.894 0.8000000119
96848  24.224  -24.791  -45.258 0.8000000119
38789  34.526  -25.605  -39.115 0.6999999881
107884  34.806  -25.072  -39.532 0.6000000238
37092  29.704  -27.023  -45.432 0.6000000238
39706  28.206  -24.250  -43.420 0.8000000119
39707  26.969  -24.318  -43.404 0.8999999762
39708  25.694  -24.329  -43.611 0.8999999762
38851  26.846  -25.954  -45.464 0.8000000119
39718  23.924  -24.180  -45.078 0.8000000119
102203  26.508  -24.966  -45.452 0.6999999881
39719  23.814  -24.080  -45.056 0.8000000119
40579  24.037  -23.537  -44.858 0.8000000119
38850  28.195  -25.533  -45.418 0.5000000000
103487  27.532  -25.017  -45.436 0.6000000238
40578  24.799  -23.495  -44.267 0.8000000119
39728  27.230  -24.117  -45.548 0.6000000238
39729  25.988  -24.283  -45.454 0.6000000238
40602  24.157  -23.036  -45.114 0.6999999881
40603  24.145  -22.699  -45.087 0.8000000119
39709  24.620  -24.421  -44.319 0.8000000119
40601  25.844  -23.343  -45.528 0.6000000238
40576  27.486  -23.621  -43.638 0.8000000119
40587  26.652  -22.910  -44.130 0.8000000119
40577  26.094  -23.578  -43.766 0.8999999762
39727  28.510  -24.500  -45.564 0.6000000238
40589  24.129  -22.750  -44.922 0.8000000119
40588  25.104  -22.746  -44.384 0.8000000119
41433  24.219  -22.162  -45.137 0.6000000238
41405  27.972  -22.981  -44.082 0.8000000119
102246  25.776  -22.086  -44.637 0.8000000119
40600  27.309  -23.120  -45.916 0.6000000238
41418  24.514  -21.988  -44.898 0.8000000119
41431  26.349  -22.411  -45.988 0.6000000238
42210  24.715  -21.617  -45.384 0.6999999881
41452  25.411  -21.573  -46.042 0.6000000238
42247  24.788  -20.969  -45.918 0.6000000238
42991  24.826  -20.708  -45.822 0.6999999881
40616  27.420  -22.463  -46.390 0.6000000238
41451  26.796  -21.806  -46.490 0.6000000238
42207  28.874  -21.540  -44.815 0.8000000119
41417  27.245  -22.239  -44.527 0.8000000119
40599  28.280  -23.596  -45.913 0.6000000238
41416  28.455  -22.276  -44.477 0.8000000119
40614  28.998  -23.194  -46.553 0.5000000000
109213  26.279  -21.418  -45.035 0.8000000119
40615  28.234  -22.843  -46.487 0.6000000238
42229  25.229  -20.472  -45.509 0.6000000238
41449  28.969  -22.541  -46.803 0.5000000000
41450  27.968  -22.135  -46.731 0.6000000238
43029  25.363  -20.138  -46.440 0.6000000238
42246  25.997  -21.018  -46.497 0.6000000238
43028  26.413  -20.248  -46.849 0.6000000238
42227  28.168  -20.810  -45.264 0.8000000119
42208  27.731  -21.558  -44.936 0.8000000119
42990  29.127  -20.851  -45.097 0.8000000119
43005  28.594  -19.930  -45.376 0.6999999881
42244  28.542  -21.732  -46.853 0.6000000238
43008  24.976  -19.552  -45.918 0.6000000238
43763  25.803  -18.684  -45.849 0.6000000238
43007  25.643  -19.727  -45.620 0.6999999881
43765  25.107  -19.561  -46.325 0.6000000238
102082  28.203  -21.024  -46.949 0.5000000000
43042  26.900  -19.609  -47.189 0.6000000238
104510  29.006  -21.184  -46.866 0.5000000000
43004  29.511  -19.622  -45.256 0.6999999881
43762  27.242  -18.747  -45.687 0.6000000238
43006  27.053  -19.789  -45.542 0.6000000238
44528  26.329  -17.857  -46.123 0.6000000238
43026  28.299  -20.219  -47.082 0.5000000000
43792  26.357  -18.424  -47.226 0.6000000238
43780  25.773  -19.128  -46.721 0.6000000238
44529  25.958  -17.916  -46.287 0.6000000238
44527  27.408  -17.783  -45.960 0.6000000238
43779  29.005  -19.417  -47.114 0.6000000238
43791  27.663  -19.001  -47.377 0.6000000238
43025  29.561  -20.435  -46.759 0.5000000000
43778  30.280  -19.625  -46.678 0.4000000060
44546  29.488  -18.612  -47.250 0.5000000000
43761  28.634  -18.842  -45.520 0.6000000238
44564  26.036  -17.376  -47.121 0.6000000238
44548  26.091  -17.350  -46.603 0.6000000238
44563  26.980  -17.789  -47.498 0.6000000238
100736  27.476  -17.236  -47.670 0.6000000238
43790  28.256  -18.282  -47.527 0.6000000238
109330  29.756  -17.924  -47.422 0.5000000000
44545  30.684  -18.685  -46.769 0.4000000060
45368  30.569  -17.730  -47.283 0.4000000060
45369  26.346  -16.880  -46.921 0.6000000238
45361  27.208  -16.805  -46.627 0.5000000000
44526  28.663  -17.783  -45.792 0.5000000000
43747  29.743  -18.877  -45.324 0.5000000000
45378  26.560  -16.802  -47.191 0.6000000238
46208  27.019  -16.625  -47.236 0.5000000000
44562  28.505  -17.380  -47.813 0.6000000238
44525  29.891  -17.935  -45.480 0.4000000060
45377  27.487  -16.600  -47.602 0.6000000238
101416  28.009  -16.192  -47.668 0.5000000000
45376  29.272  -17.018  -47.991 0.4000000060
102074  28.260  -16.279  -48.192 0.6000000238
46199  28.295  -15.717  -47.689 0.4000000060
46206  29.025  -16.086  -48.495 0.4000000060
46207  28.501  -15.536  -48.246 0.4000000060
45375  30.309  -16.828  -47.783 0.4000000060
46211  29.177  -15.348  -48.595 0.4000000060
45358  31.068  -17.106  -45.476 0.4000000060
109513  29.137  -15.682  -47.162 0.4000000060
47064  28.614  -15.281  -47.988 0.4000000060
46205  30.273  -15.976  -48.395 0.4000000060
46212  28.883  -15.176  -48.369 0.4000000060
46197  30.395  -15.779  -46.504 0.4000000060
46198  29.508  -15.198  -47.458 0.4000000060
47077  30.104  -15.004  -49.029 0.3000000119
47072  29.225  -14.946  -48.611 0.4000000060
47062  30.687  -15.151  -46.809 0.4000000060
29008  28.309  -36.754  -45.660 0.8999999762
29909  28.604  -36.090  -44.667 0.8999999762
28116  29.248  -37.496  -44.864 0.8999999762
29001  29.393  -36.728  -44.332 0.8999999762
29895  32.344  -35.405  -40.952 0.8999999762
30839  32.117  -34.563  -41.301 1.0000000000
31727  32.264  -33.674  -41.053 1.0000000000
30846  31.439  -34.493  -41.970 0.8999999762
31728  31.675  -33.694  -41.676 1.0000000000
29908  29.782  -36.032  -43.558 0.8999999762
29901  31.176  -35.296  -42.280 0.8999999762
30847  30.649  -34.484  -42.565 0.8999999762
31734  30.253  -33.816  -42.790 0.8999999762
103055  28.743  -16.959  -46.303 0.4000000060
45360  27.793  -16.282  -47.190 0.4000000060
45359  29.997  -17.074  -45.793 0.4000000060
26457  31.067  -39.838  -38.100 1.0000000000
24859  31.301  -42.064  -40.407 0.8000000119
27257  30.874  -38.790  -36.943 1.0000000000
102171  30.291  -37.377  -35.961 0.8999999762
27320  31.338  -38.665  -42.217 0.8000000119
102754  30.986  -38.762  -43.043 0.8000000119
28110  30.605  -37.530  -43.139 0.8000000119
28115  29.964  -37.267  -43.908 0.8000000119
29902  30.254  -35.266  -42.972 0.8999999762
96372  27.727  -35.766  -35.811 1.0000000000
30770  24.491  -34.378  -36.628 0.6000000238
28126  28.253  -36.898  -46.119 0.6999999881
29918  27.217  -35.207  -45.974 0.8000000119
30748  29.895  -34.196  -35.901 0.8999999762
29925  29.520  -36.007  -45.826 0.6000000238
32607  23.601  -32.741  -36.581 0.4000000060
31746  27.113  -33.965  -44.881 0.8999999762
31747  26.972  -33.783  -45.319 0.8999999762
96145  30.601  -33.660  -35.989 0.8999999762
111105  32.199  -31.709  -41.648 1.0000000000
32679  29.623  -32.743  -43.178 0.8999999762
31735  29.435  -33.578  -43.333 0.8999999762
31742  27.187  -33.195  -44.523 0.8999999762
32586  25.856  -32.214  -35.523 0.5000000000
104329  31.668  -32.066  -36.370 0.6999999881
33539  32.778  -31.382  -38.014 0.8000000119
103944  28.813  -30.931  -43.407 1.0000000000
34525  25.968  -30.154  -44.691 0.8999999762
98266  28.551  -30.714  -34.910 0.6000000238
33516  27.083  -31.366  -35.199 0.5000000000
94724  28.260  -29.903  -35.027 0.5000000000
94434  25.948  -29.505  -44.312 0.8999999762
35246  30.782  -29.324  -35.719 0.6000000238
36081  30.144  -28.796  -35.667 0.5000000000
99684  30.497  -28.129  -43.531 0.8999999762
37919  32.757  -26.870  -42.648 0.8000000119
37069  31.603  -27.395  -43.324 0.8000000119
103301  25.175  -27.105  -44.329 0.8999999762
36080  31.019  -28.653  -35.943 0.5000000000
36079  31.859  -28.556  -36.435 0.6999999881
37958  26.001  -27.016  -45.561 0.8000000119
106137  24.832  -27.197  -45.295 0.8000000119
37899  34.323  -26.305  -40.243 0.6999999881
109411  25.364  -25.673  -43.787 0.8999999762
94555  27.712  -25.048  -43.280 0.8999999762
38781  34.097  -25.590  -38.414 0.6000000238
39730  24.718  -24.098  -45.361 0.6999999881
96640  24.606  -21.825  -45.402 0.6999999881
41432  25.030  -22.286  -45.512 0.6000000238
41453  24.773  -21.869  -45.465 0.6000000238
42209  25.249  -21.176  -45.128 0.8000000119
43009  24.845  -20.180  -46.194 0.6000000238
42228  26.779  -20.716  -45.365 0.6999999881
42245  27.395  -21.232  -46.838 0.6000000238
44565  25.835  -17.393  -47.002 0.6000000238
43027  27.466  -20.501  -47.055 0.6000000238
44547  26.556  -17.240  -46.470 0.6000000238
46191  28.951  -16.278  -46.732 0.4000000060
47055  31.336  -15.745  -46.075 0.4000000060
107589  29.285  -14.959  -48.719 0.4000000060
97709  28.110  -49.119  -37.519 0.4000000060
107264  27.230  -47.896  -37.444 0.4000000060
20061  26.500  -47.789  -37.554 0.4000000060
105354  28.564  -47.478  -37.660 0.4000000060
95491  27.076  -47.175  -37.480 0.4000000060
20892  28.943  -47.053  -37.871 0.3000000119
20060  27.917  -47.520  -37.430 0.4000000060
20903  29.254  -46.610  -38.426 0.4000000060
20914  29.706  -46.291  -39.178 0.4000000060
21713  30.238  -45.714  -39.666 0.4000000060
98270  30.536  -45.062  -40.058 0.4000000060
20895  26.776  -46.303  -37.542 0.5000000000
98091  26.160  -46.982  -37.669 0.4000000060
95490  28.206  -45.894  -37.533 0.4000000060
20894  27.680  -46.560  -37.463 0.4000000060
21694  28.891  -46.018  -37.837 0.5000000000
21705  29.497  -45.555  -38.769 0.4000000060
22486  30.182  -44.886  -39.365 0.4000000060
22485  30.652  -44.395  -40.023 0.5000000000
97420  30.892  -44.022  -40.769 0.5000000000
23302  31.090  -43.402  -41.147 0.6000000238
102372  31.017  -44.010  -41.617 0.5000000000
23310  31.202  -43.566  -42.385 0.6000000238
20896  25.695  -46.080  -37.691 0.5000000000
20897  24.835  -46.211  -37.890 0.5000000000
95455  27.403  -45.655  -37.506 0.6000000238
21695  28.529  -45.140  -37.702 0.5000000000
22462  28.735  -44.340  -37.792 0.6000000238
96558  29.062  -44.967  -38.090 0.5000000000
22472  29.675  -44.533  -38.677 0.5000000000
22471  30.382  -44.059  -39.219 0.4000000060
24125  31.244  -42.642  -41.593 0.6000000238
95828  31.274  -41.292  -43.014 0.6000000238
110891  31.155  -43.288  -41.871 0.6000000238
24134  31.286  -42.742  -42.495 0.6000000238
24887  31.326  -42.021  -42.974 0.6000000238
24141  31.337  -42.456  -43.375 0.6000000238
21696  26.476  -45.418  -37.551 0.5000000000
21697  25.634  -45.258  -37.607 0.5000000000
21698  24.879  -45.488  -37.760 0.5000000000
21706  24.285  -45.826  -38.164 0.5000000000
22463  28.074  -44.437  -37.544 0.6000000238
99204  27.176  -44.671  -37.518 0.6000000238
110292  29.243  -44.204  -38.163 0.6000000238
23248  28.380  -43.664  -37.591 0.6000000238
23263  29.834  -43.633  -38.502 0.5000000000
23247  29.074  -43.588  -37.912 0.6000000238
24871  31.334  -41.809  -41.390 0.6000000238
25709  30.999  -40.814  -43.715 0.6999999881
22464  26.093  -44.623  -37.529 0.6000000238
22465  25.124  -44.672  -37.624 0.5000000000
22466  24.202  -44.748  -38.003 0.5000000000
23249  27.532  -43.653  -37.460 0.6000000238
111841  24.161  -43.800  -37.987 0.5000000000
22467  23.777  -43.886  -38.431 0.5000000000
106471  28.079  -43.081  -37.404 0.6000000238
26514  30.791  -39.441  -43.513 0.6999999881
104019  26.562  -43.864  -37.483 0.6000000238
103276  25.597  -43.912  -37.522 0.6000000238
100763  24.716  -43.932  -37.686 0.6000000238
101229  26.070  -43.198  -37.425 0.6000000238
102029  25.209  -43.204  -37.543 0.6000000238
23251  24.453  -43.175  -37.803 0.6000000238
109514  23.920  -43.122  -38.221 0.6000000238
24071  27.459  -42.693  -37.284 0.6000000238
23264  23.556  -42.991  -38.865 0.5000000000
103433  28.734  -42.867  -37.604 0.6000000238
24100  23.770  -41.981  -39.527 0.6000000238
102357  30.624  -40.091  -44.056 0.6999999881
24072  26.546  -42.549  -37.293 0.6000000238
24074  24.874  -42.495  -37.584 0.6000000238
24060  27.869  -41.938  -37.033 0.6000000238
24073  25.692  -42.520  -37.400 0.6000000238
24075  24.179  -42.432  -37.963 0.6000000238
24089  23.759  -42.297  -38.549 0.6000000238
24070  28.230  -42.491  -37.278 0.6000000238
24811  24.019  -41.787  -38.233 0.6000000238
106335  28.707  -42.345  -37.395 0.6000000238
24806  30.123  -41.527  -37.968 0.6000000238
27326  30.373  -38.661  -43.847 0.6999999881
27335  29.502  -38.388  -44.997 0.6999999881
24808  26.130  -41.777  -37.190 0.6999999881
97218  25.325  -41.939  -37.409 0.6999999881
24807  28.578  -41.931  -37.153 0.6000000238
24802  26.802  -41.177  -36.921 0.6999999881
24800  28.308  -41.289  -36.819 0.6999999881
24801  27.581  -41.251  -36.772 0.6999999881
24803  26.123  -41.030  -37.067 0.6999999881
24809  25.367  -41.167  -37.351 0.6999999881
24810  24.580  -41.681  -37.722 0.6000000238
99731  24.666  -40.875  -37.729 0.6999999881
25634  25.035  -40.282  -37.496 0.6000000238
24822  24.240  -41.025  -38.355 0.5000000000
28125  28.716  -37.551  -45.854 0.8000000119
25627  25.769  -40.400  -37.125 0.6999999881
25645  24.420  -40.243  -39.519 0.5000000000
26444  25.466  -39.644  -37.312 0.6999999881
26445  24.886  -39.489  -37.913 0.6000000238
27260  24.942  -38.833  -38.323 0.6000000238
38814  33.539  -25.773  -42.048 0.6999999881
38815  32.895  -25.467  -42.574 0.6999999881
104320  31.736  -24.907  -43.241 0.6999999881
38806  34.139  -25.642  -41.335 0.6000000238
39682  34.026  -24.917  -41.773 0.6000000238
39703  31.305  -24.218  -43.408 0.6999999881
39704  30.421  -24.185  -43.493 0.6999999881
39705  29.385  -24.082  -43.511 0.6999999881
95664  28.622  -23.565  -43.676 0.6999999881
39681  34.624  -24.856  -41.093 0.6000000238
105082  32.535  -24.868  -42.865 0.6999999881
39702  32.214  -24.094  -43.225 0.6999999881
100747  34.943  -24.814  -40.291 0.6000000238
40574  30.122  -23.500  -43.696 0.6999999881
40575  29.418  -23.406  -43.756 0.6999999881
39691  34.538  -24.105  -41.604 0.6000000238
40560  33.502  -23.486  -42.727 0.6000000238
109405  32.819  -23.572  -43.097 0.6999999881
107773  31.694  -23.597  -43.479 0.6999999881
94920  30.690  -22.845  -43.908 0.6999999881
41403  29.857  -22.867  -44.047 0.6999999881
41415  29.436  -22.198  -44.409 0.6999999881
40550  35.176  -23.986  -40.883 0.6000000238
40559  34.306  -23.399  -42.198 0.5000000000
41401  32.284  -22.530  -43.618 0.5000000000
42205  30.740  -21.323  -44.423 0.6999999881
42206  29.837  -21.311  -44.651 0.6999999881
46203  32.905  -16.107  -47.296 0.3000000119
19263  27.675  -48.443  -37.441 0.4000000060
18559  26.384  -49.287  -37.530 0.3000000119
18560  25.664  -49.158  -37.813 0.4000000060
19278  28.704  -48.972  -37.849 0.3000000119
19264  26.031  -48.486  -37.650 0.4000000060
20075  29.330  -47.622  -38.436 0.4000000060
20062  25.653  -47.687  -37.838 0.4000000060
20087  29.680  -47.022  -39.177 0.4000000060
20913  30.193  -46.548  -39.743 0.4000000060
21723  30.633  -45.535  -40.555 0.4000000060
22499  30.832  -44.740  -40.882 0.5000000000
22518  31.168  -44.359  -42.396 0.4000000060
20905  24.468  -46.686  -38.266 0.4000000060
23318  31.315  -43.182  -43.071 0.5000000000
20906  23.863  -46.312  -38.673 0.5000000000
99176  31.197  -41.569  -43.808 0.6000000238
21707  23.863  -45.434  -38.468 0.5000000000
22473  23.647  -44.686  -38.690 0.5000000000
95710  23.446  -43.770  -39.224 0.5000000000
96401  23.595  -42.724  -39.986 0.4000000060
27334  30.112  -39.267  -44.473 0.6999999881
24823  23.909  -41.379  -38.940 0.5000000000
26472  24.331  -39.451  -40.231 0.5000000000
103985  24.624  -39.305  -39.031 0.6000000238
36092  32.583  -28.487  -37.075 0.6000000238
41387  34.758  -22.568  -42.191 0.5000000000
41388  33.954  -22.717  -42.752 0.5000000000
99625  32.799  -22.107  -43.514 0.5000000000
42193  32.129  -21.795  -43.903 0.5000000000
42204  31.547  -21.169  -44.247 0.5000000000
97053  30.378  -19.824  -44.854 0.5000000000
47061  33.817  -15.832  -46.878 0.3000000119
111413  31.041  -15.560  -48.477 0.3000000119
95588  29.314  -42.078  -37.581 0.6000000238
24088  29.505  -42.881  -38.066 0.6000000238
108436  30.178  -42.921  -38.556 0.6000000238
100447  26.523  -39.123  -36.556 0.8000000119
100197  33.344  -24.912  -42.385 0.6999999881
42989  29.712  -20.392  -44.996 0.6000000238
46204  31.717  -16.148  -47.719 0.3000000119
27342  28.962  -38.353  -46.103 0.6999999881
20893  28.429  -46.768  -37.588 0.4000000060
107252  28.909  -47.763  -37.893 0.3000000119
20904  25.231  -46.877  -37.897 0.5000000000
21733  30.922  -45.406  -41.368 0.3000000119
96730  31.263  -43.802  -42.933 0.4000000060
20077  24.094  -47.310  -38.700 0.5000000000
25635  24.552  -40.162  -38.217 0.6000000238
40573  30.957  -23.536  -43.596 0.6999999881
41404  28.996  -22.927  -44.064 0.6999999881
39692  33.815  -24.176  -42.246 0.6000000238
39693  33.030  -24.188  -42.758 0.6999999881
40572  32.291  -23.252  -43.420 0.6999999881
41400  33.041  -22.822  -43.222 0.6000000238
98888  31.564  -22.875  -43.715 0.6999999881
41414  30.329  -22.125  -44.300 0.6999999881
40553  35.021  -23.267  -41.566 0.5000000000
112839  31.803  -22.317  -43.863 0.5000000000
41402  31.269  -22.081  -44.119 0.5000000000
42988  31.017  -20.502  -44.495 0.5000000000
101363  30.366  -20.674  -44.660 0.6999999881
40549  35.406  -23.042  -40.919 0.5000000000
97896  33.550  -22.042  -43.221 0.5000000000
42192  32.978  -21.329  -43.588 0.5000000000
42987  31.857  -20.248  -44.296 0.5000000000
26523  29.467  -39.100  -45.553 0.6000000238
28143  29.194  -37.940  -46.573 0.5000000000
100045  29.143  -38.989  -46.457 0.6000000238
28134  28.744  -37.566  -46.229 0.6000000238
29023  31.091  -37.071  -46.269 0.5000000000
29024  29.626  -37.367  -46.411 0.5000000000
29025  28.742  -37.408  -46.260 0.6000000238
98907  24.100  -37.511  -38.734 0.5000000000
29015  28.239  -36.889  -46.120 0.6000000238
29013  30.403  -36.544  -45.931 0.5000000000
29012  31.750  -36.235  -45.669 0.5000000000
28952  23.525  -36.928  -38.493 0.4000000060
28938  23.157  -36.145  -37.997 0.4000000060
29924  31.213  -35.548  -45.411 0.5000000000
29923  32.122  -35.506  -45.380 0.5000000000
108435  22.486  -35.902  -38.051 0.4000000060
30868  32.678  -34.204  -45.483 0.5000000000
103372  32.048  -34.848  -45.101 0.5000000000
29848  22.109  -35.306  -37.875 0.4000000060
32587  24.906  -32.365  -35.816 0.4000000060
100962  24.112  -32.113  -36.301 0.4000000060
35237  28.785  -29.252  -35.339 0.4000000060
33517  26.199  -31.398  -35.429 0.4000000060
33518  25.380  -31.536  -35.668 0.4000000060
36073  28.455  -28.518  -35.607 0.4000000060
34431  26.674  -30.500  -35.386 0.4000000060
35240  25.980  -29.960  -35.815 0.4000000060
34432  25.724  -30.763  -35.660 0.4000000060
33528  24.636  -31.521  -36.056 0.4000000060
33529  23.931  -31.351  -36.487 0.4000000060
35238  27.441  -29.816  -35.259 0.4000000060
36072  29.255  -28.615  -35.599 0.4000000060
98970  28.000  -29.161  -35.330 0.4000000060
99809  27.340  -29.169  -35.532 0.4000000060
35239  26.732  -29.569  -35.628 0.4000000060
35248  25.585  -29.518  -36.284 0.4000000060
34433  25.068  -30.962  -35.924 0.4000000060
97254  25.604  -28.821  -36.504 0.4000000060
97778  24.395  -30.003  -36.692 0.4000000060
34444  24.488  -30.774  -36.346 0.4000000060
36082  28.893  -27.868  -35.826 0.4000000060
36074  27.671  -28.551  -35.694 0.4000000060
100750  30.433  -28.096  -35.947 0.4000000060
96108  29.697  -27.975  -35.824 0.4000000060
36083  28.067  -27.851  -35.902 0.4000000060
36084  27.185  -28.028  -36.056 0.4000000060
36075  26.894  -28.792  -35.857 0.4000000060
35247  26.206  -29.183  -36.120 0.4000000060
36085  26.342  -28.376  -36.273 0.4000000060
35249  24.983  -29.381  -36.626 0.4000000060
36996  32.190  -27.705  -36.755 0.5000000000
36997  31.172  -27.753  -36.333 0.5000000000
36998  30.173  -27.423  -36.179 0.4000000060
36999  29.341  -27.281  -36.154 0.4000000060
37854  31.629  -26.958  -36.675 0.5000000000
37857  29.012  -26.622  -36.446 0.4000000060
37000  28.526  -27.206  -36.179 0.4000000060
38741  30.397  -26.061  -36.709 0.4000000060
37856  29.822  -26.707  -36.440 0.4000000060
38762  31.144  -25.848  -36.878 0.4000000060
95185  30.781  -25.323  -37.058 0.4000000060
38763  29.971  -25.339  -36.973 0.4000000060
38764  29.186  -25.261  -36.927 0.4000000060
109277  33.220  -26.379  -37.653 0.5000000000
37867  32.608  -25.898  -37.370 0.5000000000
38761  31.759  -25.305  -37.194 0.4000000060
39644  30.405  -24.792  -37.276 0.4000000060
39645  29.709  -24.524  -37.333 0.4000000060
105386  28.931  -24.590  -37.218 0.3000000119
37884  33.801  -26.389  -38.227 0.5000000000
37868  31.811  -26.182  -36.901 0.5000000000
38740  31.105  -26.377  -36.699 0.4000000060
38742  29.498  -25.995  -36.674 0.4000000060
38743  28.702  -25.922  -36.672 0.4000000060
38782  33.434  -25.693  -37.810 0.5000000000
39643  31.125  -24.621  -37.391 0.4000000060
38760  32.759  -25.011  -37.596 0.5000000000
39642  32.021  -24.386  -37.529 0.4000000060
40519  31.301  -23.820  -37.671 0.4000000060
40520  30.506  -24.106  -37.545 0.4000000060
106143  29.919  -23.692  -37.636 0.3000000119
40521  29.093  -23.749  -37.541 0.3000000119
39658  33.700  -24.835  -38.007 0.5000000000
39657  34.527  -24.807  -38.776 0.4000000060
39668  35.025  -24.417  -39.537 0.5000000000
40518  32.074  -23.644  -37.757 0.3000000119
41351  28.785  -22.891  -37.864 0.3000000119
40522  28.216  -23.460  -37.541 0.3000000119
39659  32.984  -23.984  -37.779 0.3000000119
99666  34.026  -24.017  -38.349 0.4000000060
110991  34.738  -24.017  -38.930 0.4000000060
40545  35.176  -23.531  -39.531 0.4000000060
39674  35.303  -24.104  -40.177 0.4000000060
40538  30.566  -23.218  -37.890 0.3000000119
41368  29.681  -22.947  -37.958 0.3000000119
41352  27.988  -22.720  -37.808 0.3000000119
40523  27.323  -23.273  -37.433 0.3000000119
41353  27.215  -22.423  -37.751 0.3000000119
40534  34.473  -23.291  -38.736 0.3000000119
39667  35.392  -23.522  -40.371 0.4000000060
41383  35.247  -22.402  -41.542 0.4000000060
42184  34.365  -21.925  -42.737 0.4000000060
41365  32.976  -22.400  -38.378 0.3000000119
40536  32.498  -23.077  -38.039 0.3000000119
40535  33.502  -23.201  -38.258 0.3000000119
41377  34.861  -22.495  -39.226 0.3000000119
40544  35.419  -22.795  -40.112 0.3000000119
41380  35.423  -22.075  -40.736 0.4000000060
42961  35.238  -21.185  -40.970 0.3000000119
42179  35.291  -21.713  -41.459 0.4000000060
42183  35.017  -21.685  -42.128 0.4000000060
42191  33.914  -21.273  -43.164 0.4000000060
42977  33.503  -20.630  -43.451 0.4000000060
42978  32.741  -20.406  -43.835 0.4000000060
42203  32.244  -20.995  -44.015 0.4000000060
97527  35.176  -21.153  -41.687 0.3000000119
42966  34.911  -20.766  -42.247 0.3000000119
42976  34.320  -20.396  -42.987 0.4000000060
101776  32.319  -18.851  -44.380 0.4000000060
43746  31.729  -19.291  -44.488 0.4000000060
44507  30.824  -18.893  -44.925 0.4000000060
103272  35.042  -20.322  -41.400 0.3000000119
43725  34.821  -19.869  -42.276 0.3000000119
43734  33.509  -19.695  -43.551 0.4000000060
44491  33.047  -18.820  -43.985 0.4000000060
43735  32.533  -19.560  -44.137 0.4000000060
44524  30.936  -17.921  -45.231 0.3000000119
43713  34.911  -19.310  -41.521 0.3000000119
108521  34.754  -19.109  -42.249 0.3000000119
43733  34.402  -19.381  -42.924 0.3000000119
44490  33.927  -18.701  -43.394 0.3000000119
44504  33.488  -17.996  -43.888 0.3000000119
45348  33.133  -17.343  -44.376 0.3000000119
44505  32.565  -18.087  -44.442 0.3000000119
44506  31.685  -18.458  -44.687 0.3000000119
45349  31.779  -17.680  -44.937 0.3000000119
44489  34.536  -18.509  -42.637 0.3000000119
96881  34.255  -17.790  -43.163 0.3000000119
108258  32.417  -17.364  -44.726 0.3000000119
45357  31.944  -16.941  -45.229 0.3000000119
46189  31.221  -16.360  -45.737 0.3000000119
37853  32.584  -26.833  -37.165 0.5000000000
26527  29.526  -39.667  -46.019 0.5000000000
102011  29.277  -39.056  -46.988 0.5000000000
26535  29.400  -39.486  -46.703 0.5000000000
28142  31.734  -37.591  -46.868 0.5000000000
28149  30.864  -38.348  -47.210 0.5000000000
27352  29.642  -38.595  -47.066 0.5000000000
27259  25.335  -38.908  -37.717 0.6000000238
27277  24.224  -38.081  -39.200 0.5000000000
28072  23.577  -37.693  -39.073 0.5000000000
28082  22.864  -37.854  -39.360 0.5000000000
94885  22.895  -37.280  -38.894 0.4000000060
28953  22.504  -36.601  -38.508 0.4000000060
29861  21.829  -36.000  -38.333 0.4000000060
31685  21.989  -33.255  -37.643 0.3000000119
32620  22.713  -32.608  -37.242 0.3000000119
104425  23.396  -31.925  -36.754 0.4000000060
37001  27.586  -27.178  -36.252 0.4000000060
36087  24.882  -28.535  -36.867 0.4000000060
105432  26.591  -27.542  -36.313 0.4000000060
37858  28.230  -26.558  -36.463 0.4000000060
103110  26.053  -27.062  -36.453 0.4000000060
38765  28.342  -25.121  -36.895 0.4000000060
39646  28.332  -24.250  -37.272 0.3000000119
29022  32.266  -36.712  -46.286 0.5000000000
105215  22.041  -33.980  -37.620 0.4000000060
35259  24.290  -29.203  -37.078 0.4000000060
106340  27.535  -26.450  -36.482 0.4000000060
37859  26.794  -26.721  -36.425 0.4000000060
29014  28.831  -36.894  -46.225 0.5000000000
100818  31.166  -19.749  -44.579 0.4000000060
93696  29.100  -38.431  -46.589 0.6000000238
27351  30.293  -37.862  -46.815 0.5000000000
34443  25.180  -30.206  -36.210 0.4000000060
36086  25.637  -27.854  -36.586 0.4000000060
37855  30.685  -26.873  -36.490 0.4000000060
42190  34.549  -21.214  -42.665 0.4000000060
41364  33.953  -22.484  -38.622 0.3000000119
44484  34.789  -18.468  -41.757 0.3000000119
46188  32.172  -16.064  -45.433 0.3000000119
24842  24.342  -40.910  -40.312 0.4000000060
24860  24.219  -40.659  -41.271 0.4000000060
24841  24.364  -40.049  -40.801 0.3000000119
26484  24.183  -39.557  -40.896 0.3000000119
24147  31.277  -42.233  -44.318 0.5000000000
26473  24.082  -39.022  -40.498 0.3000000119
25718  30.664  -40.716  -44.613 0.5000000000
24892  30.995  -41.450  -44.777 0.5000000000
27276  24.661  -38.485  -38.864 0.5000000000
27291  24.308  -38.781  -39.686 0.4000000060
102245  30.558  -40.963  -45.390 0.5000000000
26522  30.066  -39.858  -45.042 0.5000000000
25725  30.090  -40.359  -45.652 0.4000000060
99914  30.248  -40.812  -46.299 0.3000000119
25732  30.020  -40.633  -47.080 0.3000000119
25726  29.741  -40.134  -46.571 0.3000000119
26544  30.378  -39.539  -47.436 0.3000000119
25733  29.733  -39.772  -47.159 0.3000000119
28073  22.034  -37.330  -39.106 0.3000000119
26545  29.755  -39.179  -47.230 0.4000000060
28954  21.661  -36.631  -38.752 0.3000000119
30793  21.748  -34.619  -37.883 0.3000000119
33540  23.394  -31.191  -36.958 0.3000000119
34445  23.804  -30.609  -36.782 0.3000000119
34453  23.121  -30.541  -37.403 0.3000000119
35250  23.737  -29.861  -37.167 0.3000000119
99739  23.230  -29.729  -37.613 0.3000000119
35260  23.615  -29.129  -37.543 0.3000000119
37002  24.732  -27.640  -36.960 0.3000000119
37860  25.305  -26.963  -36.616 0.3000000119
37023  23.419  -27.782  -37.785 0.3000000119
102970  27.920  -25.882  -36.649 0.3000000119
102267  25.982  -26.243  -36.496 0.3000000119
38744  27.581  -25.278  -36.761 0.3000000119
38745  26.287  -25.468  -36.571 0.3000000119
38746  25.502  -25.459  -36.525 0.3000000119
39624  26.853  -24.897  -36.762 0.3000000119
39647  27.662  -24.595  -37.014 0.3000000119
40499  26.206  -24.127  -36.746 0.3000000119
27360  30.332  -38.929  -47.365 0.4000000060
37009  23.979  -27.393  -37.323 0.3000000119
100129  27.005  -25.845  -36.563 0.3000000119
27292  23.712  -38.455  -39.727 0.3000000119
98316  22.127  -38.031  -39.457 0.3000000119
20088  23.949  -47.934  -39.053 0.4000000060
20089  23.787  -47.083  -39.175 0.4000000060
20108  24.085  -47.146  -41.507 0.4000000060
20934  23.645  -46.339  -41.319 0.3000000119
20915  23.611  -46.210  -39.476 0.4000000060
20922  23.523  -46.064  -40.404 0.4000000060
21724  23.439  -45.381  -40.006 0.4000000060
22509  31.025  -44.726  -41.693 0.3000000119
21714  23.566  -45.468  -39.029 0.4000000060
22500  23.375  -44.408  -40.907 0.3000000119
23291  23.589  -43.192  -41.607 0.3000000119
22487  23.421  -44.575  -39.618 0.4000000060
24126  23.765  -42.118  -42.179 0.3000000119
97282  23.995  -41.376  -41.730 0.3000000119
23276  23.443  -43.530  -40.396 0.4000000060
102294  23.785  -42.391  -41.196 0.3000000119
24117  24.143  -41.586  -40.822 0.3000000119
20098  24.108  -47.674  -39.947 0.4000000060
20099  23.786  -46.883  -40.303 0.4000000060
20076  24.826  -47.538  -38.274 0.3000000119
24872  23.523  -41.395  -42.366 0.3000000119
18558  27.301  -49.270  -37.434 0.4000000060
19262  28.449  -48.254  -37.638 0.4000000060
20921  30.476  -46.148  -40.321 0.4000000060
23250  26.841  -43.191  -37.384 0.6000000238
24061  27.070  -41.908  -37.097 0.6000000238
24858  31.381  -41.388  -40.722 0.8000000119
25625  27.299  -40.516  -36.518 0.6999999881
25626  26.502  -40.460  -36.790 0.6999999881
26436  26.135  -39.754  -36.830 0.8000000119
27258  25.688  -38.241  -37.556 0.6000000238
28035  27.756  -37.334  -35.666 0.8999999762
28962  32.346  -36.537  -39.274 1.0000000000
29916  27.563  -36.055  -45.831 0.8999999762
30861  27.226  -34.558  -45.694 0.8000000119
34493  32.923  -30.663  -40.674 0.8000000119
34541  28.969  -30.639  -46.373 0.6999999881
34542  28.263  -30.621  -46.206 0.6999999881
35316  32.329  -29.737  -42.561 0.8999999762
37075  24.995  -27.883  -44.694 0.8999999762
37081  24.499  -27.022  -45.057 0.8999999762
37959  24.393  -26.334  -45.148 0.8000000119
40590  23.989  -23.298  -45.025 0.8000000119
41419  24.136  -22.146  -45.156 0.6999999881
43764  25.729  -18.555  -46.358 0.6000000238
43793  25.790  -17.906  -46.903 0.6000000238
44549  25.894  -17.565  -46.858 0.6000000238
45374  31.290  -16.688  -47.563 0.3000000119
45379  26.004  -17.136  -46.965 0.6000000238
46190  30.192  -16.414  -46.192 0.4000000060
95881  26.033  -24.899  -36.601 0.3000000119
97557  26.856  -48.532  -37.470 0.3000000119
98061  29.044  -41.335  -37.085 0.6000000238
98478  28.979  -34.968  -35.746 1.0000000000
99214  23.065  -34.141  -37.196 0.4000000060
103292  24.248  -25.824  -45.087 0.8000000119
110368  31.284  -42.350  -41.060 0.6999999881
110475  26.587  -29.416  -43.891 1.0000000000
111466  23.460  -44.671  -41.600 0.3000000119
111485  27.912  -45.161  -37.523 0.6000000238
112039  24.261  -25.701  -45.115 0.8000000119
