#!ascii label  , from subject sub-v2s9x29171_ses-1 vox2ras=TkReg
737
9641  40.411  -61.258  -43.168 0.3000000119
15046  37.563  -54.239  -49.633 0.6000000238
18658  37.300  -49.807  -50.855 0.6999999881
18650  36.974  -49.214  -50.203 0.6999999881
9655  39.663  -62.040  -43.499 0.4000000060
12071  37.906  -59.149  -47.090 0.4000000060
10466  40.602  -60.712  -43.450 0.5000000000
10450  40.856  -60.563  -42.613 0.5000000000
15796  38.903  -54.105  -50.441 0.6999999881
15797  37.162  -53.398  -49.992 0.6999999881
16517  38.281  -53.148  -50.644 0.5000000000
17974  37.932  -50.350  -51.183 0.6000000238
19390  38.281  -48.664  -51.213 0.6999999881
19381  37.555  -48.484  -50.487 0.6999999881
9682  40.025  -61.554  -44.982 0.5000000000
95071  38.998  -58.973  -47.692 0.4000000060
9669  40.206  -61.534  -44.012 0.6000000238
12825  38.259  -57.777  -48.499 0.4000000060
12831  38.396  -56.929  -49.372 0.5000000000
11281  40.429  -59.920  -45.091 0.6000000238
14296  38.173  -56.019  -49.554 0.6000000238
15040  37.933  -55.043  -49.444 0.6000000238
10473  40.434  -60.769  -44.510 0.6000000238
15045  39.208  -54.999  -50.290 0.6000000238
16524  38.507  -52.378  -51.045 0.6000000238
17973  38.957  -50.919  -51.474 0.6000000238
19389  39.342  -48.915  -51.760 0.6999999881
18657  38.286  -49.463  -51.268 0.6999999881
20165  39.181  -48.216  -51.783 0.6999999881
20159  37.549  -47.646  -50.052 0.6999999881
21001  39.705  -46.965  -51.841 0.6999999881
21002  38.414  -47.019  -50.678 0.6999999881
10489  39.758  -61.131  -45.742 0.5000000000
10509  39.256  -60.503  -46.427 0.5000000000
12070  38.986  -59.658  -47.069 0.5000000000
10488  40.299  -60.590  -45.501 0.5000000000
13574  39.454  -56.901  -49.881 0.5000000000
14303  39.405  -55.690  -50.296 0.6000000238
12047  40.262  -59.218  -45.234 0.6000000238
12062  40.479  -59.263  -45.889 0.5000000000
12069  40.363  -58.599  -46.657 0.5000000000
15803  39.730  -53.457  -51.122 0.6999999881
17272  39.377  -51.869  -51.414 0.6000000238
17977  39.896  -50.443  -51.657 0.6000000238
100282  40.391  -49.205  -52.016 0.6000000238
18661  39.535  -49.625  -51.680 0.6000000238
20168  41.215  -47.886  -52.302 0.6000000238
20169  40.121  -47.732  -52.215 0.6999999881
21802  38.096  -46.213  -50.072 0.6999999881
21004  41.114  -47.174  -52.413 0.6000000238
21801  39.135  -46.147  -50.856 0.6999999881
103904  38.327  -45.291  -50.027 0.6999999881
21000  40.786  -46.158  -52.053 0.6999999881
12824  39.171  -58.360  -48.476 0.4000000060
10508  40.177  -60.300  -46.311 0.5000000000
99012  39.636  -59.281  -47.439 0.4000000060
12830  39.388  -57.598  -49.272 0.5000000000
14295  39.290  -56.374  -50.146 0.6000000238
11316  39.853  -59.809  -46.918 0.4000000060
11314  40.436  -59.269  -46.438 0.4000000060
111902  40.271  -58.700  -47.750 0.4000000060
11326  40.360  -58.975  -47.074 0.4000000060
12823  40.541  -57.628  -47.997 0.4000000060
15802  40.223  -53.835  -51.022 0.6999999881
16523  39.978  -52.859  -51.318 0.6000000238
16526  40.475  -52.094  -51.409 0.6000000238
19391  41.089  -49.223  -52.011 0.6000000238
17976  40.882  -50.813  -51.718 0.6000000238
98116  41.495  -48.385  -52.021 0.6000000238
22573  38.968  -44.360  -50.274 0.6999999881
22576  41.303  -45.174  -51.798 0.6000000238
21800  39.738  -45.253  -50.999 0.6000000238
12081  39.862  -58.744  -48.095 0.4000000060
12829  40.168  -57.552  -49.098 0.4000000060
112313  39.892  -55.394  -50.427 0.6999999881
12828  40.442  -57.430  -48.673 0.4000000060
15795  40.208  -54.007  -50.982 0.8000000119
12815  40.394  -57.815  -47.221 0.5000000000
109958  40.307  -53.471  -51.078 0.6999999881
16521  40.804  -51.931  -51.305 0.6000000238
19387  41.170  -49.142  -51.835 0.5000000000
111100  40.925  -50.736  -51.633 0.6000000238
103125  37.350  -44.862  -49.482 0.6999999881
21799  42.570  -45.739  -52.081 0.6000000238
21003  42.134  -46.584  -52.320 0.6000000238
22564  37.861  -44.237  -49.681 0.8000000119
22575  42.491  -45.256  -51.981 0.6000000238
14294  40.298  -56.028  -50.011 0.5000000000
14302  39.980  -55.972  -50.361 0.6000000238
14286  40.388  -56.095  -49.130 0.5000000000
14287  39.686  -55.749  -47.963 0.6999999881
13565  40.364  -56.557  -48.325 0.4000000060
15794  40.372  -53.446  -51.019 0.6999999881
17271  40.925  -52.004  -51.166 0.6999999881
18656  41.088  -49.867  -51.621 0.6000000238
17972  41.047  -50.649  -51.470 0.6000000238
20164  41.693  -48.138  -51.949 0.6000000238
22565  36.894  -44.116  -49.471 0.6000000238
20998  42.484  -46.552  -52.055 0.6000000238
23358  38.338  -43.445  -49.997 0.6999999881
23364  42.397  -44.164  -51.488 0.6999999881
22571  41.776  -44.222  -51.582 0.6999999881
23366  39.504  -43.479  -50.465 0.6999999881
15031  40.140  -55.423  -49.399 0.5000000000
15039  40.161  -54.884  -50.156 0.6000000238
15038  40.060  -55.501  -50.439 0.6000000238
98551  39.309  -55.006  -48.016 0.6999999881
15032  39.423  -54.552  -48.646 0.6000000238
15033  38.505  -54.438  -47.352 0.6999999881
15022  38.649  -55.154  -47.043 0.6999999881
16516  40.283  -53.181  -50.502 0.6999999881
99055  40.785  -51.711  -50.758 0.6999999881
18648  40.835  -49.967  -50.836 0.5000000000
17963  40.771  -50.808  -50.734 0.6000000238
24186  36.280  -42.675  -49.618 0.5000000000
20156  41.614  -47.384  -51.214 0.6000000238
20157  40.910  -48.309  -50.686 0.6000000238
97562  37.041  -42.496  -49.801 0.6000000238
21793  42.140  -45.641  -51.310 0.6000000238
20999  42.510  -46.580  -51.896 0.6000000238
24191  38.885  -42.557  -50.223 0.6000000238
109212  37.278  -41.734  -49.895 0.5000000000
24925  37.087  -41.164  -49.810 0.5000000000
21792  42.335  -44.760  -51.396 0.6999999881
22574  42.301  -44.809  -51.780 0.6999999881
100590  42.029  -43.328  -51.256 0.6999999881
105318  40.059  -42.798  -50.539 0.6999999881
24930  38.987  -41.798  -50.076 0.5000000000
23363  42.428  -43.360  -51.125 0.6999999881
24929  40.106  -41.608  -50.054 0.6000000238
98364  40.156  -54.366  -50.451 0.6000000238
15791  39.592  -54.069  -49.250 0.6000000238
15789  38.446  -53.652  -47.768 0.6999999881
17964  39.883  -50.942  -49.812 0.6999999881
17265  40.024  -52.042  -50.024 0.6999999881
19379  40.202  -49.076  -50.031 0.6000000238
108642  35.932  -41.795  -49.487 0.4000000060
24926  36.344  -41.127  -49.599 0.4000000060
98060  41.654  -44.830  -50.395 0.6000000238
20990  41.388  -46.336  -50.622 0.6000000238
24924  38.019  -41.367  -49.873 0.5000000000
95317  37.580  -40.791  -49.682 0.5000000000
24923  39.378  -41.309  -49.718 0.5000000000
25754  38.622  -40.855  -49.480 0.4000000060
23355  42.240  -42.884  -50.478 0.6000000238
24184  42.060  -41.940  -50.045 0.6999999881
24928  41.320  -41.786  -50.254 0.6000000238
24922  40.753  -41.297  -49.688 0.5000000000
15792  38.905  -53.245  -48.466 0.6000000238
16514  38.588  -52.459  -48.431 0.6999999881
16513  39.837  -53.546  -49.722 0.6999999881
17258  37.522  -51.783  -47.697 0.6999999881
17262  39.347  -52.315  -49.257 0.6000000238
103471  40.336  -47.595  -49.938 0.6000000238
20158  39.708  -48.160  -49.496 0.5000000000
20991  40.238  -46.770  -49.776 0.6000000238
106699  41.029  -45.510  -50.189 0.6000000238
25755  36.809  -40.265  -49.576 0.4000000060
23356  41.979  -43.186  -49.716 0.6000000238
26550  37.246  -39.554  -49.294 0.4000000060
24173  42.152  -42.087  -49.988 0.6000000238
25752  41.253  -41.114  -49.171 0.5000000000
17263  38.240  -51.465  -48.355 0.6999999881
17958  38.992  -51.184  -49.051 0.6000000238
17954  37.394  -50.828  -47.751 0.6999999881
17959  38.068  -50.483  -48.337 0.6000000238
17259  36.750  -51.235  -47.210 0.6999999881
18642  38.854  -50.064  -48.974 0.5000000000
20983  39.099  -46.245  -48.918 0.6000000238
20149  39.131  -47.267  -49.039 0.6000000238
21786  40.083  -45.838  -49.528 0.6000000238
103574  40.260  -44.934  -49.385 0.5000000000
23357  41.262  -43.465  -49.055 0.6000000238
24174  41.831  -41.949  -49.244 0.6000000238
24916  41.565  -41.462  -49.239 0.5000000000
18640  37.389  -49.879  -47.764 0.6999999881
18643  37.991  -49.683  -48.311 0.6999999881
97186  38.721  -48.139  -48.713 0.6000000238
95767  38.528  -44.997  -48.429 0.6000000238
23351  39.274  -43.735  -48.279 0.6000000238
23350  40.634  -43.216  -48.533 0.6000000238
25743  41.245  -40.971  -48.510 0.5000000000
12800  38.764  -57.887  -45.129 0.5000000000
13552  38.993  -56.609  -46.310 0.5000000000
12810  38.267  -56.784  -45.435 0.5000000000
14278  38.852  -55.874  -46.727 0.6999999881
15015  37.437  -54.857  -45.558 0.6999999881
14269  38.365  -56.038  -45.956 0.5000000000
14270  37.723  -55.753  -45.398 0.5000000000
15023  37.916  -54.581  -46.380 0.6999999881
108032  37.708  -53.859  -46.721 0.6999999881
102111  40.215  -61.239  -42.571 0.3000000119
104341  37.601  -49.113  -50.838 0.6999999881
17273  38.058  -51.311  -51.209 0.6000000238
20166  38.281  -47.923  -50.954 0.6999999881
98558  37.238  -45.738  -49.455 0.6999999881
13559  39.684  -56.492  -47.266 0.6000000238
22572  40.309  -44.333  -51.000 0.6999999881
23359  37.362  -43.385  -49.705 0.6000000238
24192  37.932  -42.014  -50.052 0.6000000238
24189  41.191  -42.582  -50.718 0.6999999881
101727  36.527  -41.909  -49.735 0.5000000000
25753  40.097  -40.886  -49.212 0.5000000000
101249  39.274  -49.355  -49.234 0.5000000000
19380  39.224  -48.724  -49.131 0.5000000000
99620  40.290  -44.050  -48.819 0.6000000238
23349  41.652  -42.755  -49.042 0.6000000238
19372  38.445  -49.032  -48.580 0.6000000238
21787  39.148  -45.378  -48.797 0.6000000238
19373  37.863  -48.276  -48.138 0.5000000000
15016  36.707  -54.379  -45.116 0.6000000238
16486  35.486  -52.873  -42.580 0.6000000238
99264  35.467  -52.087  -42.298 0.4000000060
15766  35.897  -53.421  -44.010 0.5000000000
15773  36.455  -53.580  -45.344 0.6000000238
14288  36.161  -55.713  -47.816 0.5000000000
17225  35.340  -51.597  -41.652 0.4000000060
15041  36.582  -54.677  -48.889 0.5000000000
15758  35.660  -53.575  -43.233 0.5000000000
103495  35.218  -51.012  -41.249 0.4000000060
16518  36.421  -52.772  -50.657 0.5000000000
16491  35.648  -52.835  -43.507 0.6000000238
16498  35.955  -53.153  -44.797 0.5000000000
15782  37.194  -53.976  -45.880 0.6000000238
17896  34.486  -50.244  -40.068 0.4000000060
18581  34.147  -49.641  -39.577 0.4000000060
17235  35.470  -51.292  -42.613 0.4000000060
94211  35.075  -52.970  -50.981 0.5000000000
16499  35.617  -52.141  -43.954 0.5000000000
15798  35.525  -53.280  -50.680 0.5000000000
16505  36.160  -52.787  -45.564 0.6000000238
98849  36.753  -53.235  -46.064 0.6000000238
102453  37.286  -51.641  -51.016 0.5000000000
98374  35.603  -51.561  -50.681 0.5000000000
93572  34.953  -52.222  -50.768 0.4000000060
16506  35.699  -52.249  -44.900 0.5000000000
101478  35.750  -52.785  -44.236 0.5000000000
17252  35.912  -51.935  -45.822 0.6000000238
17255  36.278  -51.601  -46.565 0.6000000238
16508  36.485  -52.458  -46.379 0.6000000238
16511  36.869  -52.142  -47.145 0.6000000238
17919  35.321  -50.773  -41.899 0.4000000060
96874  34.823  -50.072  -40.707 0.4000000060
95603  35.996  -50.193  -49.809 0.5000000000
17966  35.457  -50.788  -49.836 0.5000000000
17960  34.762  -50.515  -49.294 0.4000000060
18659  36.613  -50.080  -50.407 0.6000000238
94114  34.878  -51.377  -49.879 0.4000000060
17247  35.529  -51.387  -44.435 0.6000000238
17948  35.592  -50.650  -45.496 0.6000000238
17256  35.767  -51.073  -46.008 0.6000000238
17951  36.201  -50.684  -46.601 0.6000000238
19289  34.075  -48.836  -39.640 0.4000000060
18644  35.766  -49.559  -49.277 0.5000000000
18645  34.843  -49.620  -48.846 0.4000000060
18646  33.913  -49.356  -48.788 0.4000000060
108670  35.453  -50.750  -43.264 0.6000000238
98761  35.363  -50.414  -42.678 0.4000000060
18634  35.369  -49.807  -44.388 0.6000000238
17240  35.516  -51.382  -43.564 0.6000000238
17945  35.483  -50.629  -44.826 0.5000000000
99953  35.670  -49.442  -45.740 0.6000000238
105371  35.513  -50.013  -45.268 0.5000000000
17955  36.733  -50.241  -47.198 0.6000000238
18607  34.834  -49.471  -41.335 0.4000000060
19383  36.290  -48.938  -49.428 0.6000000238
19375  35.474  -48.820  -48.861 0.5000000000
99751  33.219  -49.937  -49.101 0.5000000000
18627  35.207  -49.657  -42.845 0.4000000060
17932  35.172  -49.979  -42.042 0.4000000060
19342  35.199  -49.292  -43.612 0.5000000000
19355  35.248  -48.739  -44.408 0.5000000000
19362  35.508  -48.665  -45.345 0.5000000000
19367  35.979  -48.690  -46.232 0.6000000238
18638  36.157  -49.733  -46.498 0.6000000238
20095  33.993  -47.818  -40.595 0.4000000060
18591  34.477  -49.350  -40.334 0.4000000060
104740  34.193  -48.524  -40.218 0.4000000060
20085  33.939  -47.928  -39.625 0.4000000060
20992  37.461  -46.739  -49.681 0.6000000238
20104  34.179  -48.091  -41.399 0.4000000060
19302  34.403  -48.651  -40.930 0.4000000060
20152  35.173  -48.029  -48.627 0.6000000238
20153  34.325  -47.848  -48.615 0.5000000000
19377  33.666  -48.483  -48.819 0.4000000060
19327  34.709  -48.513  -42.684 0.4000000060
103938  35.617  -48.035  -45.694 0.5000000000
19368  35.961  -47.722  -46.266 0.6000000238
18641  36.741  -49.141  -47.177 0.6000000238
19369  37.142  -48.315  -47.531 0.6000000238
20912  33.689  -46.238  -40.100 0.4000000060
20993  36.658  -46.395  -49.306 0.6000000238
100159  35.587  -47.329  -48.759 0.6000000238
99882  34.857  -47.368  -48.559 0.5000000000
20160  32.388  -47.368  -49.462 0.5000000000
94787  34.214  -47.848  -42.241 0.4000000060
99234  34.579  -47.842  -43.159 0.4000000060
19343  34.982  -48.525  -43.482 0.5000000000
20135  35.249  -47.788  -44.965 0.5000000000
19370  36.484  -48.136  -46.910 0.5000000000
20920  33.827  -47.078  -39.905 0.4000000060
21794  36.170  -45.696  -49.118 0.6000000238
20986  35.031  -46.699  -48.611 0.5000000000
20994  33.516  -46.085  -49.158 0.5000000000
19356  34.974  -47.841  -43.993 0.5000000000
20971  35.155  -46.833  -45.131 0.4000000060
20978  35.855  -46.885  -46.313 0.4000000060
20147  36.839  -47.632  -47.317 0.4000000060
20981  36.988  -46.859  -47.423 0.6000000238
20150  38.133  -47.470  -48.330 0.4000000060
21712  33.767  -45.552  -39.472 0.4000000060
20096  33.664  -46.895  -40.760 0.4000000060
101667  36.486  -44.882  -49.296 0.6000000238
20932  33.576  -46.645  -41.614 0.4000000060
21789  35.262  -45.875  -48.844 0.5000000000
21790  34.410  -45.398  -49.049 0.5000000000
98298  33.386  -45.222  -49.365 0.4000000060
21795  35.398  -44.893  -49.168 0.4000000060
106669  34.902  -47.078  -44.388 0.5000000000
112158  34.845  -46.397  -44.644 0.5000000000
21769  35.030  -45.904  -45.262 0.6000000238
20977  36.358  -46.422  -46.827 0.4000000060
20980  37.585  -46.230  -47.839 0.4000000060
21779  35.645  -45.259  -46.275 0.5000000000
22566  35.982  -44.076  -49.382 0.5000000000
98000  35.663  -43.340  -49.396 0.4000000060
22554  36.846  -44.830  -47.286 0.5000000000
20984  38.246  -46.626  -48.411 0.5000000000
22548  35.477  -44.437  -46.090 0.5000000000
108680  35.360  -45.764  -45.918 0.5000000000
21778  36.285  -45.526  -46.765 0.5000000000
21784  36.894  -45.877  -47.348 0.5000000000
94317  33.447  -46.034  -40.961 0.4000000060
24176  39.994  -42.818  -48.048 0.5000000000
22559  38.031  -44.953  -48.100 0.4000000060
21783  37.529  -45.347  -47.756 0.5000000000
22547  36.119  -44.639  -46.628 0.5000000000
23339  35.941  -43.787  -46.397 0.5000000000
24187  35.838  -42.495  -49.454 0.4000000060
24165  39.535  -42.313  -47.570 0.4000000060
23343  38.795  -43.128  -47.794 0.4000000060
22552  38.347  -43.833  -47.942 0.5000000000
23345  37.189  -43.963  -47.398 0.5000000000
22553  37.709  -44.415  -47.760 0.5000000000
23338  36.577  -43.930  -46.953 0.5000000000
24167  37.176  -43.057  -47.125 0.5000000000
17975  36.978  -50.764  -50.951 0.5000000000
18651  36.375  -49.620  -49.778 0.6000000238
16525  37.050  -52.263  -50.802 0.6000000238
19382  36.864  -48.293  -49.696 0.6000000238
13575  37.061  -56.210  -48.347 0.5000000000
23360  36.470  -43.301  -49.583 0.5000000000
101102  37.563  -49.047  -47.912 0.6000000238
20146  37.449  -47.603  -47.740 0.4000000060
16519  35.801  -52.381  -50.987 0.5000000000
17266  36.379  -51.557  -50.949 0.5000000000
111269  35.363  -50.144  -49.319 0.4000000060
17961  33.991  -50.202  -48.999 0.4000000060
17939  35.431  -50.666  -44.012 0.6000000238
19376  34.602  -48.692  -48.641 0.4000000060
19315  34.532  -48.636  -41.828 0.4000000060
20151  36.591  -47.295  -49.324 0.6000000238
19374  36.025  -48.117  -49.032 0.6000000238
18652  32.762  -49.182  -49.220 0.5000000000
98780  32.180  -50.043  -49.352 0.5000000000
19384  32.652  -48.228  -49.306 0.5000000000
20985  35.896  -46.508  -48.914 0.5000000000
20154  33.463  -47.626  -48.935 0.5000000000
20987  34.169  -46.960  -48.665 0.5000000000
20140  35.494  -47.300  -45.713 0.5000000000
20988  33.223  -46.904  -49.151 0.5000000000
20128  34.556  -47.147  -43.603 0.5000000000
24166  38.254  -42.597  -47.350 0.4000000060
7245  38.295  -65.409  -38.051 0.3000000119
7956  37.495  -63.956  -36.969 0.3000000119
7225  37.967  -64.623  -37.413 0.3000000119
8774  38.163  -63.559  -36.609 0.3000000119
109630  37.561  -63.617  -36.646 0.3000000119
7954  38.654  -63.877  -36.618 0.3000000119
8773  37.945  -62.633  -36.198 0.3000000119
9588  38.751  -62.460  -36.318 0.3000000119
7952  39.913  -63.251  -36.031 0.3000000119
7953  39.207  -63.405  -36.288 0.3000000119
8772  39.380  -63.094  -36.416 0.3000000119
8743  41.844  -61.821  -35.674 0.3000000119
8770  40.758  -62.675  -36.010 0.3000000119
9586  41.075  -62.293  -36.268 0.4000000060
107474  40.501  -62.356  -36.441 0.4000000060
97864  40.587  -60.335  -36.490 0.4000000060
94742  39.191  -60.241  -36.272 0.3000000119
9566  42.758  -61.041  -35.831 0.3000000119
9585  42.101  -61.538  -36.129 0.4000000060
10375  42.046  -60.809  -36.461 0.4000000060
100532  40.019  -61.483  -36.495 0.4000000060
97283  42.340  -61.140  -35.339 0.3000000119
94394  40.433  -59.126  -36.550 0.4000000060
11948  41.511  -58.829  -34.590 0.4000000060
97851  43.028  -60.337  -35.622 0.4000000060
11173  39.492  -59.315  -36.472 0.4000000060
11969  39.941  -58.725  -36.755 0.3000000119
112252  43.544  -59.934  -35.930 0.4000000060
10374  42.940  -60.672  -36.118 0.3000000119
11171  42.882  -60.028  -36.361 0.4000000060
11947  42.952  -58.716  -35.309 0.4000000060
11968  41.508  -58.581  -36.795 0.5000000000
11172  41.730  -59.548  -36.575 0.4000000060
11268  40.559  -60.106  -43.930 0.5000000000
12692  42.219  -57.973  -35.096 0.4000000060
10431  41.125  -60.401  -42.097 0.3000000119
11250  41.501  -59.827  -42.045 0.4000000060
11985  39.820  -58.634  -39.137 0.3000000119
13567  36.205  -56.462  -47.544 0.4000000060
95061  40.082  -57.913  -46.483 0.4000000060
12809  39.306  -57.445  -45.961 0.4000000060
12063  39.983  -58.416  -45.733 0.4000000060
11956  43.855  -58.575  -35.961 0.4000000060
11170  43.494  -59.703  -36.143 0.3000000119
11967  43.140  -59.008  -36.498 0.5000000000
11282  40.208  -59.473  -44.419 0.4000000060
11957  43.366  -58.007  -35.693 0.4000000060
108972  41.342  -59.994  -42.246 0.4000000060
11977  40.970  -58.146  -37.349 0.4000000060
104040  41.119  -59.521  -42.423 0.5000000000
12005  41.567  -59.395  -41.877 0.4000000060
10414  41.300  -60.080  -41.700 0.4000000060
104619  40.226  -58.284  -38.268 0.3000000119
15034  35.922  -55.181  -48.050 0.4000000060
12816  39.847  -57.227  -46.801 0.4000000060
12703  43.562  -57.827  -36.101 0.4000000060
11966  43.647  -58.418  -36.229 0.4000000060
12048  39.460  -58.714  -44.795 0.4000000060
12031  39.212  -58.970  -43.984 0.5000000000
12714  43.176  -57.521  -36.483 0.4000000060
97398  43.097  -58.070  -36.691 0.4000000060
11269  40.448  -59.565  -43.503 0.5000000000
13453  42.400  -56.356  -37.006 0.4000000060
13462  42.412  -56.535  -37.717 0.4000000060
12727  42.636  -56.975  -37.857 0.4000000060
12728  42.300  -57.538  -38.183 0.5000000000
11258  39.356  -58.961  -43.224 0.5000000000
14179  41.827  -55.936  -37.458 0.4000000060
12729  41.780  -58.076  -38.779 0.5000000000
11984  41.679  -58.532  -39.718 0.4000000060
11996  42.214  -58.859  -41.143 0.4000000060
11236  41.803  -59.426  -41.398 0.4000000060
12049  38.328  -58.334  -44.282 0.4000000060
12801  37.801  -57.430  -44.557 0.3000000119
13476  42.411  -56.777  -38.497 0.4000000060
12733  42.508  -57.192  -39.021 0.4000000060
12032  38.120  -58.545  -43.514 0.4000000060
17968  32.840  -50.797  -49.252 0.4000000060
13463  40.096  -55.890  -37.848 0.4000000060
14201  41.373  -55.959  -37.983 0.4000000060
11982  42.410  -57.683  -39.837 0.5000000000
11989  42.439  -58.207  -40.505 0.5000000000
12018  38.065  -58.617  -42.865 0.5000000000
97652  39.653  -58.877  -42.639 0.4000000060
13478  41.096  -56.233  -38.814 0.4000000060
11990  42.395  -58.584  -40.713 0.4000000060
12006  41.213  -58.942  -42.127 0.4000000060
94220  41.817  -58.921  -41.566 0.4000000060
11997  40.742  -58.483  -41.747 0.4000000060
13545  37.383  -56.385  -44.705 0.4000000060
12789  37.425  -58.005  -43.765 0.3000000119
13477  41.986  -56.493  -38.717 0.4000000060
13489  42.065  -56.956  -39.541 0.4000000060
12033  37.335  -58.325  -43.106 0.3000000119
13479  39.916  -56.320  -38.831 0.4000000060
13490  41.086  -56.794  -39.708 0.4000000060
12739  42.198  -57.644  -40.309 0.4000000060
11995  42.284  -58.345  -40.848 0.5000000000
13491  39.858  -56.808  -39.693 0.4000000060
12752  41.544  -58.264  -41.204 0.4000000060
104867  39.685  -58.675  -42.117 0.4000000060
12740  41.199  -57.501  -40.459 0.4000000060
11198  35.316  -59.528  -37.223 0.3000000119
102990  40.099  -63.328  -35.349 0.3000000119
9556  41.761  -61.789  -35.282 0.3000000119
11151  41.374  -59.950  -34.575 0.4000000060
12705  41.186  -57.307  -35.310 0.4000000060
13442  42.028  -56.615  -36.235 0.4000000060
13443  40.611  -56.466  -36.013 0.4000000060
14180  40.789  -55.639  -37.250 0.4000000060
12802  37.031  -57.058  -43.971 0.3000000119
13464  38.936  -56.246  -37.999 0.4000000060
13546  36.767  -56.183  -44.147 0.4000000060
12790  36.672  -57.743  -43.103 0.4000000060
12019  37.107  -58.349  -42.508 0.4000000060
13480  38.796  -56.618  -38.888 0.4000000060
13492  38.851  -56.979  -39.647 0.4000000060
12741  39.862  -57.394  -40.399 0.4000000060
12753  39.406  -57.908  -40.960 0.4000000060
12007  38.064  -58.586  -42.250 0.3000000119
14261  36.860  -55.323  -44.676 0.4000000060
7955  38.205  -64.185  -36.964 0.3000000119
11197  36.284  -59.377  -37.278 0.3000000119
100663  38.767  -63.338  -36.487 0.3000000119
7933  40.498  -62.956  -35.551 0.3000000119
8771  40.097  -62.907  -36.313 0.4000000060
9567  42.284  -61.505  -35.895 0.3000000119
102873  41.172  -61.698  -36.487 0.4000000060
10346  41.408  -61.137  -34.759 0.3000000119
12716  42.445  -57.775  -37.233 0.4000000060
11991  41.626  -59.202  -40.563 0.3000000119
13454  41.408  -55.872  -36.779 0.4000000060
14990  35.623  -54.391  -42.959 0.4000000060
14253  35.935  -55.063  -43.418 0.4000000060
111682  35.252  -53.813  -41.942 0.4000000060
15740  35.274  -53.265  -41.869 0.3000000119
14999  36.055  -54.236  -43.807 0.4000000060
15008  36.429  -54.549  -44.460 0.4000000060
14935  33.489  -54.506  -35.922 0.3000000119
14938  33.223  -54.714  -36.760 0.3000000119
17191  32.709  -51.849  -38.143 0.3000000119
16455  33.539  -52.540  -39.473 0.3000000119
17201  34.249  -51.131  -39.887 0.3000000119
17909  34.881  -50.859  -40.640 0.3000000119
14939  32.756  -54.142  -37.191 0.3000000119
15698  32.686  -53.398  -37.710 0.3000000119
17183  32.439  -51.572  -37.438 0.3000000119
15686  32.987  -53.533  -34.984 0.3000000119
15687  32.551  -53.259  -35.842 0.3000000119
108580  33.735  -50.982  -39.230 0.3000000119
17897  33.997  -50.374  -39.415 0.3000000119
15695  32.478  -53.348  -36.821 0.3000000119
17190  33.261  -51.332  -38.706 0.3000000119
17173  32.383  -51.438  -35.312 0.3000000119
96072  32.248  -51.568  -36.202 0.3000000119
18550  32.381  -49.892  -36.432 0.3000000119
17875  32.223  -50.597  -35.762 0.3000000119
107537  32.472  -49.169  -35.965 0.3000000119
111033  32.511  -52.062  -34.929 0.3000000119
17878  33.155  -49.954  -37.888 0.3000000119
18569  33.590  -49.565  -38.469 0.3000000119
19276  33.825  -48.406  -38.979 0.3000000119
17873  32.230  -50.064  -34.884 0.3000000119
17879  32.618  -50.237  -37.251 0.3000000119
109385  33.534  -48.514  -37.785 0.3000000119
18547  32.283  -49.623  -35.481 0.3000000119
19252  32.769  -48.522  -36.180 0.3000000119
19259  33.174  -48.660  -37.057 0.3000000119
20049  33.223  -47.872  -36.554 0.3000000119
94288  33.798  -47.113  -39.107 0.3000000119
20074  33.700  -47.980  -38.210 0.3000000119
106434  33.760  -47.142  -38.341 0.3000000119
21711  33.955  -45.664  -38.712 0.3000000119
21722  33.585  -45.380  -40.287 0.3000000119
22483  34.026  -44.875  -38.860 0.3000000119
22484  33.771  -44.699  -39.627 0.3000000119
23275  33.850  -43.814  -39.766 0.3000000119
16478  34.932  -52.919  -41.233 0.3000000119
15751  35.428  -53.725  -42.448 0.4000000060
18568  33.860  -49.184  -39.020 0.3000000119
103144  35.267  -54.514  -42.065 0.5000000000
14936  32.770  -54.074  -36.358 0.3000000119
17886  32.741  -50.900  -37.875 0.3000000119
16441  33.159  -52.174  -38.854 0.3000000119
16454  34.068  -52.081  -40.025 0.3000000119
16464  34.522  -52.520  -40.614 0.3000000119
17181  32.231  -51.777  -36.897 0.3000000119
16424  32.417  -52.275  -35.638 0.3000000119
17885  33.507  -50.419  -38.655 0.3000000119
94118  32.251  -50.933  -36.865 0.3000000119
19245  32.424  -48.644  -35.292 0.3000000119
20039  32.814  -47.755  -35.683 0.3000000119
18555  33.389  -49.167  -37.799 0.3000000119
18542  32.255  -49.312  -34.667 0.3000000119
19251  33.531  -47.945  -37.372 0.3000000119
12008  36.978  -58.288  -41.816 0.4000000060
12754  35.975  -57.648  -40.477 0.4000000060
13526  35.995  -57.004  -42.661 0.3000000119
13517  34.935  -56.714  -40.778 0.4000000060
13505  35.150  -57.214  -40.086 0.3000000119
12776  36.335  -57.847  -42.213 0.4000000060
13516  35.208  -56.567  -41.423 0.4000000060
13506  34.541  -56.345  -40.301 0.3000000119
12777  35.729  -57.295  -41.722 0.4000000060
14240  34.733  -55.955  -41.073 0.4000000060
13536  35.875  -56.004  -43.078 0.3000000119
13527  35.516  -56.334  -42.242 0.4000000060
98587  34.739  -54.961  -41.309 0.4000000060
13535  36.404  -56.598  -43.475 0.3000000119
14252  36.359  -55.644  -43.819 0.3000000119
14998  36.337  -54.932  -44.046 0.3000000119
14239  35.161  -55.604  -41.802 0.4000000060
12763  36.260  -57.857  -41.547 0.4000000060
10347  40.278  -60.255  -34.361 0.3000000119
102218  37.611  -57.783  -40.689 0.3000000119
95566  38.075  -61.423  -33.860 0.3000000119
9558  38.972  -61.382  -34.252 0.3000000119
10348  39.284  -60.389  -34.100 0.3000000119
11999  36.680  -57.925  -41.095 0.3000000119
12742  38.329  -57.359  -40.126 0.3000000119
11135  37.790  -59.899  -33.295 0.3000000119
11133  39.546  -59.684  -34.064 0.3000000119
10330  38.333  -60.545  -33.687 0.3000000119
11152  40.323  -59.357  -34.272 0.3000000119
108875  41.001  -58.048  -34.665 0.3000000119
112343  36.682  -57.739  -40.540 0.3000000119
11121  36.699  -59.412  -32.472 0.3000000119
10327  37.145  -59.929  -32.894 0.3000000119
11949  39.409  -59.087  -34.001 0.3000000119
11134  38.711  -59.647  -33.680 0.3000000119
99945  40.199  -58.560  -34.351 0.3000000119
11136  37.275  -59.176  -33.111 0.3000000119
109387  38.017  -59.253  -33.476 0.3000000119
97800  39.195  -58.397  -34.285 0.3000000119
11939  38.570  -58.889  -33.793 0.3000000119
12706  39.766  -57.088  -35.344 0.3000000119
13455  40.121  -55.836  -36.648 0.3000000119
14189  39.012  -55.870  -37.348 0.3000000119
12693  40.014  -57.811  -34.668 0.3000000119
13444  39.425  -56.394  -35.946 0.3000000119
12743  36.866  -57.512  -39.937 0.3000000119
11941  36.822  -58.496  -33.537 0.3000000119
96010  36.457  -58.750  -32.794 0.3000000119
11940  37.713  -58.709  -33.673 0.3000000119
11950  38.198  -58.260  -34.255 0.3000000119
108217  38.889  -56.868  -35.431 0.3000000119
14182  38.496  -55.821  -36.867 0.3000000119
104147  37.905  -56.577  -38.155 0.3000000119
12735  37.690  -57.073  -39.115 0.3000000119
12744  35.884  -57.472  -39.707 0.3000000119
11998  38.295  -58.316  -41.527 0.3000000119
11951  37.194  -58.124  -34.219 0.3000000119
12694  38.831  -57.583  -34.825 0.3000000119
13456  38.978  -55.965  -36.494 0.3000000119
14190  37.993  -56.083  -37.331 0.3000000119
8769  41.630  -62.075  -35.952 0.3000000119
9555  42.217  -61.473  -35.631 0.3000000119
9584  42.788  -61.057  -35.972 0.3000000119
9587  39.696  -62.457  -36.470 0.4000000060
10345  42.245  -60.497  -34.978 0.4000000060
10354  43.295  -60.327  -35.979 0.4000000060
11149  43.512  -59.461  -35.738 0.4000000060
11150  42.558  -59.635  -35.032 0.4000000060
11155  43.706  -59.449  -35.994 0.4000000060
11257  40.891  -60.026  -42.876 0.4000000060
11300  40.505  -59.830  -46.032 0.5000000000
11315  40.322  -59.604  -46.701 0.4000000060
11327  40.090  -59.207  -47.358 0.4000000060
11983  42.522  -58.201  -40.040 0.5000000000
12079  40.410  -58.290  -47.527 0.4000000060
12080  40.353  -58.130  -48.376 0.4000000060
12086  39.872  -58.112  -48.744 0.4000000060
12704  42.811  -57.377  -35.790 0.4000000060
12715  42.994  -57.466  -36.828 0.4000000060
12726  42.843  -56.949  -37.099 0.4000000060
12734  42.484  -57.685  -39.393 0.5000000000
12764  35.915  -57.684  -41.131 0.4000000060
12835  39.981  -57.049  -49.667 0.5000000000
13441  42.964  -57.101  -36.508 0.4000000060
13488  42.426  -57.025  -39.212 0.4000000060
13558  40.416  -57.156  -47.692 0.4000000060
13564  40.529  -57.118  -48.414 0.4000000060
13573  40.371  -56.798  -49.317 0.5000000000
13579  40.025  -56.452  -50.072 0.6000000238
14181  39.573  -55.663  -37.077 0.3000000119
14247  35.522  -55.320  -42.623 0.4000000060
14279  38.151  -55.338  -46.113 0.5000000000
14297  36.838  -55.398  -48.569 0.5000000000
14927  33.016  -53.994  -35.599 0.3000000119
15044  40.007  -54.749  -50.521 0.6999999881
15765  36.253  -53.893  -44.587 0.4000000060
15781  37.273  -53.047  -46.854 0.6000000238
16433  32.328  -52.458  -36.470 0.3000000119
16435  32.450  -52.449  -37.415 0.3000000119
16442  32.794  -52.708  -38.313 0.3000000119
16477  35.307  -52.479  -41.742 0.3000000119
16510  37.828  -52.671  -47.670 0.6999999881
16522  40.568  -52.707  -51.109 0.6999999881
17202  33.665  -51.696  -39.387 0.3000000119
17214  34.690  -51.699  -40.512 0.3000000119
17226  35.116  -51.458  -40.975 0.4000000060
17253  35.608  -51.317  -45.278 0.6000000238
17264  40.668  -52.621  -50.899 0.6999999881
17274  40.774  -51.494  -51.485 0.6000000238
17275  40.195  -51.299  -51.614 0.6000000238
17920  35.108  -50.363  -41.289 0.4000000060
17952  35.721  -50.269  -45.974 0.6000000238
17965  36.138  -50.838  -50.553 0.5000000000
17971  40.882  -51.300  -51.447 0.6000000238
18556  32.864  -49.489  -37.177 0.3000000119
18582  33.852  -49.844  -39.015 0.3000000119
18618  34.926  -49.215  -42.291 0.4000000060
18628  35.035  -49.023  -42.991 0.4000000060
18649  39.983  -49.991  -49.865 0.6999999881
18655  40.989  -50.073  -51.680 0.5000000000
18660  40.741  -49.851  -51.892 0.6000000238
19260  32.706  -49.141  -36.548 0.3000000119
19277  33.660  -48.805  -38.395 0.3000000119
19388  41.134  -49.167  -51.393 0.6000000238
19392  40.532  -48.534  -52.189 0.6000000238
20073  33.779  -47.719  -38.872 0.3000000119
20105  33.838  -47.426  -41.463 0.4000000060
20144  36.389  -47.275  -46.844 0.4000000060
20163  42.302  -47.130  -51.992 0.6000000238
20167  42.060  -47.417  -52.093 0.6000000238
20911  33.788  -46.357  -39.297 0.3000000119
20965  34.547  -46.436  -43.984 0.5000000000
20970  35.404  -46.470  -45.809 0.5000000000
21788  38.235  -45.672  -48.345 0.4000000060
21803  42.538  -46.056  -52.199 0.6000000238
21804  42.110  -45.867  -52.287 0.6000000238
22498  33.585  -44.502  -40.443 0.3000000119
22557  39.215  -44.600  -48.599 0.6000000238
22558  38.440  -44.405  -48.198 0.5000000000
22562  42.276  -43.883  -50.516 0.6999999881
22563  41.416  -44.065  -49.579 0.6000000238
22570  42.452  -43.945  -51.242 0.6999999881
23344  37.866  -43.501  -47.588 0.4000000060
23348  42.068  -42.484  -49.700 0.6000000238
23365  40.842  -43.416  -50.988 0.6999999881
24175  41.173  -42.337  -48.475 0.6000000238
24185  37.836  -42.743  -49.946 0.6000000238
24190  40.094  -42.099  -50.337 0.6999999881
24915  41.902  -41.744  -49.710 0.6000000238
24921  41.639  -41.541  -49.700 0.6999999881
25744  40.873  -40.620  -48.551 0.5000000000
95160  35.433  -57.270  -40.910 0.4000000060
95394  39.079  -47.569  -51.571 0.6999999881
96523  35.448  -49.324  -45.042 0.5000000000
98340  35.548  -52.120  -43.072 0.4000000060
98874  37.673  -46.960  -47.921 0.4000000060
99927  35.784  -46.065  -46.330 0.5000000000
102566  35.344  -50.084  -43.475 0.6000000238
106675  42.074  -56.271  -38.077 0.4000000060
107238  42.090  -42.635  -50.497 0.6999999881
107439  38.812  -50.116  -51.430 0.6000000238
108320  33.804  -47.150  -42.136 0.4000000060
109500  39.968  -54.009  -51.093 0.6999999881
110141  41.011  -51.359  -51.209 0.6000000238
110302  34.518  -46.220  -48.752 0.5000000000
110325  37.214  -53.525  -46.343 0.6000000238
110707  33.540  -47.357  -36.903 0.3000000119
111514  35.552  -52.854  -50.928 0.5000000000
111645  42.193  -42.315  -50.208 0.6999999881
