#!ascii label  , from subject sub-v2s9x29171_ses-1 vox2ras=TkReg
211
60004  28.997  -0.531  -50.364 0.0000000000
94403  27.545  -8.352  -45.449 0.0000000000
64050  27.083  4.330  -49.583 0.0000000000
70414  22.756  11.983  -51.165 0.0000000000
52183  26.056  -9.699  -44.930 0.0000000000
65678  28.531  6.553  -51.879 0.0000000000
68139  28.065  9.017  -51.729 0.0000000000
58287  26.795  -2.428  -49.464 0.0000000000
55628  28.117  -5.196  -48.923 0.0000000000
58284  29.723  -2.733  -50.039 0.0000000000
61653  29.821  1.274  -51.776 0.0000000000
59147  30.784  -1.151  -50.801 0.0000000000
100717  27.616  1.723  -49.610 0.0000000000
64059  29.079  3.916  -52.498 0.0000000000
68979  24.205  10.445  -49.975 0.0000000000
111438  27.520  11.442  -52.136 0.0000000000
54736  29.038  -6.300  -46.063 0.0000000000
66506  27.846  7.507  -50.145 0.0000000000
67341  27.481  9.084  -50.191 0.0000000000
103913  27.617  -1.227  -49.577 0.0000000000
58285  28.736  -3.123  -49.787 0.0000000000
108963  29.222  -1.976  -50.187 0.0000000000
52974  26.588  -9.106  -45.237 0.0000000000
100615  27.116  2.960  -49.568 0.0000000000
63255  29.173  2.714  -51.169 0.0000000000
97651  28.589  4.107  -50.431 0.0000000000
66527  28.443  7.400  -53.519 0.0000000000
110480  28.723  5.844  -53.755 0.0000000000
70415  22.045  11.929  -50.685 0.0000000000
68980  22.471  10.028  -49.846 0.0000000000
69749  23.665  11.581  -50.916 0.0000000000
71761  25.286  15.083  -53.813 0.0000000000
71106  27.065  13.877  -53.497 0.0000000000
70438  27.164  12.459  -51.818 0.0000000000
70454  27.424  13.001  -53.953 0.0000000000
103951  27.499  11.237  -53.870 0.0000000000
56439  28.816  -4.930  -48.511 0.0000000000
55614  28.350  -5.597  -48.104 0.0000000000
51318  25.174  -10.675  -44.030 0.0000000000
64882  28.665  5.597  -51.488 0.0000000000
65667  27.979  6.701  -50.135 0.0000000000
66515  28.398  7.473  -51.727 0.0000000000
67358  28.287  8.227  -53.553 0.0000000000
56452  27.499  -4.730  -49.218 0.0000000000
56467  27.790  -4.088  -49.429 0.0000000000
57340  29.022  -4.013  -49.609 0.0000000000
57339  29.603  -3.700  -49.293 0.0000000000
61640  29.388  0.814  -51.014 0.0000000000
60003  29.740  -0.800  -50.751 0.0000000000
60841  30.156  0.354  -51.568 0.0000000000
60816  27.370  -0.177  -49.588 0.0000000000
60831  27.049  0.685  -49.556 0.0000000000
61642  28.059  0.952  -49.721 0.0000000000
62439  29.191  1.757  -50.915 0.0000000000
63269  29.357  3.032  -52.380 0.0000000000
63279  30.200  3.617  -54.271 0.0000000000
64065  28.919  4.824  -52.658 0.0000000000
64889  29.130  5.057  -54.086 0.0000000000
68116  24.533  9.539  -49.589 0.0000000000
70441  24.122  12.866  -51.411 0.0000000000
70428  25.681  12.197  -50.892 0.0000000000
69747  26.112  11.475  -50.492 0.0000000000
68132  27.156  10.040  -50.240 0.0000000000
68140  27.862  9.826  -51.882 0.0000000000
104124  27.680  9.943  -53.767 0.0000000000
53890  27.200  -7.531  -46.685 0.0000000000
55615  27.659  -5.991  -48.512 0.0000000000
59129  30.385  -1.781  -50.478 0.0000000000
58270  30.759  -2.769  -49.269 0.0000000000
108154  26.975  8.506  -49.680 0.0000000000
67326  26.059  8.654  -49.464 0.0000000000
59131  28.737  -1.331  -49.964 0.0000000000
96409  28.438  -2.181  -49.720 0.0000000000
50504  25.240  -11.214  -43.440 0.0000000000
109364  26.981  -8.632  -45.519 0.0000000000
63257  27.787  3.629  -49.693 0.0000000000
64049  27.939  4.482  -49.820 0.0000000000
66533  28.417  7.181  -54.946 0.0000000000
69734  21.858  11.250  -50.176 0.0000000000
69733  22.703  11.164  -50.811 0.0000000000
56438  29.503  -4.540  -47.898 0.0000000000
55602  29.054  -5.141  -47.399 0.0000000000
98139  26.327  -8.715  -45.950 0.0000000000
95056  27.270  6.103  -49.611 0.0000000000
68130  28.062  8.714  -50.870 0.0000000000
67339  28.254  7.924  -50.866 0.0000000000
67347  28.249  8.277  -51.667 0.0000000000
97353  28.385  7.851  -52.572 0.0000000000
100897  28.233  8.532  -52.424 0.0000000000
100669  21.683  12.793  -50.397 0.0000000000
56468  26.895  -4.079  -49.319 0.0000000000
57355  27.154  -3.339  -49.435 0.0000000000
57352  29.301  -3.331  -49.812 0.0000000000
57353  28.854  -3.698  -49.712 0.0000000000
51333  25.581  -10.279  -44.514 0.0000000000
97827  25.910  -10.597  -43.746 0.0000000000
59986  26.429  -0.750  -49.535 0.0000000000
62441  26.901  2.208  -49.507 0.0000000000
111185  27.350  1.208  -49.584 0.0000000000
61641  28.850  1.145  -50.367 0.0000000000
100240  28.465  1.788  -49.915 0.0000000000
63256  28.996  3.594  -51.359 0.0000000000
62463  29.943  2.964  -53.460 0.0000000000
95757  29.487  3.519  -53.260 0.0000000000
64890  28.726  5.709  -52.764 0.0000000000
64073  30.079  4.426  -54.787 0.0000000000
104830  23.072  10.537  -50.245 0.0000000000
98204  23.428  9.883  -49.839 0.0000000000
99963  23.678  9.233  -49.635 0.0000000000
95065  25.219  10.094  -49.679 0.0000000000
71743  26.217  14.280  -53.164 0.0000000000
71744  25.143  14.513  -53.058 0.0000000000
71077  25.705  13.355  -51.873 0.0000000000
70439  26.329  12.702  -51.474 0.0000000000
69762  27.434  12.072  -52.255 0.0000000000
70427  26.771  11.992  -51.066 0.0000000000
69746  27.067  11.226  -50.694 0.0000000000
68993  26.554  10.742  -50.230 0.0000000000
112009  27.168  10.667  -50.508 0.0000000000
68992  27.544  10.563  -51.028 0.0000000000
69002  27.629  10.745  -52.174 0.0000000000
103376  27.444  10.933  -55.200 0.0000000000
69009  27.616  10.598  -53.254 0.0000000000
69014  27.542  10.413  -54.255 0.0000000000
68153  27.627  9.653  -54.663 0.0000000000
53891  26.533  -7.977  -47.099 0.0000000000
55629  27.246  -5.471  -48.919 0.0000000000
55603  28.539  -5.746  -46.908 0.0000000000
54750  27.854  -6.223  -47.596 0.0000000000
54737  28.153  -6.487  -46.612 0.0000000000
109887  27.807  -7.082  -46.367 0.0000000000
60829  30.390  -0.547  -51.183 0.0000000000
59148  30.118  -1.367  -50.723 0.0000000000
65668  27.033  7.067  -49.548 0.0000000000
110439  27.222  7.840  -49.715 0.0000000000
67340  27.705  8.276  -50.194 0.0000000000
59132  27.461  -2.032  -49.508 0.0000000000
58286  27.829  -2.792  -49.536 0.0000000000
100850  29.276  -2.629  -50.037 0.0000000000
52168  26.441  -10.078  -44.172 0.0000000000
102795  26.935  -9.509  -44.515 0.0000000000
52182  27.686  -9.388  -44.117 0.0000000000
62452  30.337  1.810  -52.566 0.0000000000
61652  30.902  0.818  -52.448 0.0000000000
62440  27.966  2.593  -49.698 0.0000000000
106220  28.794  2.431  -50.320 0.0000000000
97853  28.704  3.216  -50.301 0.0000000000
66521  28.510  7.053  -52.741 0.0000000000
65685  28.634  6.370  -52.980 0.0000000000
104720  28.562  6.528  -54.026 0.0000000000
65700  28.828  6.378  -55.305 0.0000000000
69731  24.333  11.105  -50.347 0.0000000000
108752  26.776  13.637  -52.730 0.0000000000
70448  26.756  13.201  -52.115 0.0000000000
70447  27.271  12.974  -52.689 0.0000000000
69767  27.535  11.374  -52.774 0.0000000000
100978  27.485  12.141  -53.278 0.0000000000
69771  27.469  11.985  -54.644 0.0000000000
52999  26.964  -8.197  -46.175 0.0000000000
64865  27.470  5.188  -49.701 0.0000000000
64048  28.454  5.017  -50.476 0.0000000000
106496  28.222  5.856  -50.297 0.0000000000
66516  28.400  7.132  -50.887 0.0000000000
67365  28.123  8.120  -55.126 0.0000000000
70401  21.417  12.141  -49.839 0.0000000000
111197  22.178  12.520  -51.009 0.0000000000
71064  22.642  12.889  -51.318 0.0000000000
111386  28.153  -4.534  -49.314 0.0000000000
57354  28.221  -3.571  -49.570 0.0000000000
56466  28.519  -4.089  -49.521 0.0000000000
56451  28.655  -4.518  -49.206 0.0000000000
56450  29.228  -4.327  -48.952 0.0000000000
57328  29.897  -3.955  -48.377 0.0000000000
60830  29.579  -0.050  -50.905 0.0000000000
60828  31.059  -0.046  -51.964 0.0000000000
60002  31.334  -0.551  -51.379 0.0000000000
59985  28.229  -0.619  -49.743 0.0000000000
110482  27.720  0.414  -49.632 0.0000000000
60815  28.233  0.091  -49.774 0.0000000000
94086  28.901  0.416  -50.366 0.0000000000
62453  29.548  2.173  -51.930 0.0000000000
111915  29.887  2.483  -52.744 0.0000000000
64060  28.839  4.537  -51.481 0.0000000000
64064  29.359  4.186  -53.620 0.0000000000
104890  25.194  8.859  -49.418 0.0000000000
70442  23.360  13.009  -51.449 0.0000000000
71079  23.675  13.489  -51.760 0.0000000000
70430  23.489  12.362  -51.274 0.0000000000
70429  24.516  12.257  -51.005 0.0000000000
69748  24.958  11.607  -50.548 0.0000000000
68978  25.361  10.830  -50.035 0.0000000000
68977  26.156  10.114  -49.760 0.0000000000
68114  26.630  9.307  -49.703 0.0000000000
68131  27.796  9.561  -50.936 0.0000000000
68146  27.818  9.900  -52.925 0.0000000000
68145  28.088  9.133  -52.717 0.0000000000
68152  27.927  9.123  -53.973 0.0000000000
68159  27.729  8.843  -55.490 0.0000000000
54751  27.227  -6.686  -48.083 0.0000000000
54738  27.444  -6.828  -47.091 0.0000000000
59149  29.470  -1.385  -50.449 0.0000000000
59130  29.802  -2.094  -50.367 0.0000000000
59128  31.138  -1.636  -50.092 0.0000000000
58283  30.380  -2.398  -50.017 0.0000000000
58271  30.018  -3.098  -49.649 0.0000000000
57338  30.426  -3.348  -48.732 0.0000000000
65679  28.483  6.411  -50.910 0.0000000000
67342  26.437  7.864  -49.499 0.0000000000
68115  25.657  9.425  -49.524 0.0000000000
69732  23.535  10.946  -50.552 0.0000000000
69756  27.371  11.539  -51.514 0.0000000000
