#!ascii label  , from subject sub-v2s9x29176_ses-1 vox2ras=TkReg
333
61180  -27.183  -13.894  -49.916 0.0000000000
109378  -22.632  -17.174  -47.752 0.0000000000
58679  -29.019  -17.193  -47.417 0.0000000000
54121  -24.941  -21.345  -46.317 0.0000000000
69703  -29.000  -4.073  -54.804 0.0000000000
113406  -30.724  -6.215  -50.538 0.0000000000
63620  -25.740  -10.704  -52.301 0.0000000000
51248  -24.020  -24.477  -44.732 0.0000000000
56091  -24.198  -19.427  -47.530 0.0000000000
55105  -22.440  -20.678  -46.478 0.0000000000
68832  -30.255  -4.747  -52.251 0.0000000000
66314  -28.551  -6.900  -52.890 0.0000000000
113375  -23.603  -13.827  -49.674 0.0000000000
62735  -22.390  -10.944  -49.834 0.0000000000
61965  -25.085  -12.482  -51.363 0.0000000000
104428  -28.714  -10.036  -50.608 0.0000000000
61945  -28.923  -12.144  -49.172 0.0000000000
61169  -29.836  -13.450  -47.971 0.0000000000
59542  -22.091  -15.473  -47.845 0.0000000000
59552  -24.284  -15.931  -49.319 0.0000000000
59554  -27.406  -15.504  -48.678 0.0000000000
57840  -25.622  -17.929  -48.383 0.0000000000
56958  -27.094  -19.197  -47.233 0.0000000000
54123  -28.698  -22.425  -47.824 0.0000000000
65482  -25.409  -8.381  -52.802 0.0000000000
65475  -28.201  -8.837  -51.813 0.0000000000
112388  -31.964  -7.884  -49.067 0.0000000000
107105  -22.161  -22.430  -45.329 0.0000000000
52180  -24.337  -23.119  -45.409 0.0000000000
118508  -21.769  -20.283  -46.379 0.0000000000
55097  -21.600  -20.972  -45.947 0.0000000000
67150  -26.933  -5.971  -53.645 0.0000000000
66323  -26.119  -7.050  -53.312 0.0000000000
60375  -24.952  -14.213  -50.389 0.0000000000
61955  -24.662  -12.982  -50.927 0.0000000000
61190  -26.102  -13.305  -50.838 0.0000000000
104622  -27.603  -12.005  -50.774 0.0000000000
61944  -28.265  -12.787  -49.596 0.0000000000
61932  -29.537  -12.548  -48.446 0.0000000000
61168  -28.263  -13.363  -49.212 0.0000000000
58676  -22.269  -16.452  -47.668 0.0000000000
59551  -22.790  -15.300  -48.402 0.0000000000
58688  -23.697  -16.348  -48.741 0.0000000000
116453  -25.384  -16.791  -49.153 0.0000000000
57823  -23.985  -17.961  -48.233 0.0000000000
56079  -24.341  -20.096  -47.141 0.0000000000
56092  -25.677  -19.325  -47.445 0.0000000000
55108  -26.377  -20.415  -46.629 0.0000000000
55109  -27.382  -20.607  -46.626 0.0000000000
101774  -26.692  -21.212  -46.369 0.0000000000
69702  -28.009  -3.875  -53.973 0.0000000000
69691  -27.023  -3.112  -52.998 0.0000000000
70534  -28.370  -3.473  -54.130 0.0000000000
70547  -29.279  -3.179  -55.795 0.0000000000
69693  -30.509  -3.995  -53.949 0.0000000000
67974  -30.181  -5.387  -51.740 0.0000000000
109212  -23.657  -10.893  -50.926 0.0000000000
64560  -22.744  -9.113  -50.629 0.0000000000
64584  -25.366  -9.283  -52.549 0.0000000000
65483  -26.460  -8.610  -53.160 0.0000000000
64586  -26.915  -9.919  -52.676 0.0000000000
112552  -30.282  -9.750  -49.122 0.0000000000
64548  -29.827  -8.907  -49.576 0.0000000000
65450  -32.307  -8.469  -48.812 0.0000000000
58678  -27.869  -16.605  -47.896 0.0000000000
59556  -29.246  -15.561  -47.684 0.0000000000
51246  -22.377  -24.204  -44.353 0.0000000000
52171  -22.629  -23.540  -44.718 0.0000000000
116630  -23.500  -22.822  -45.402 0.0000000000
51257  -24.710  -24.054  -45.171 0.0000000000
56965  -22.368  -18.499  -47.237 0.0000000000
56966  -23.209  -18.409  -47.697 0.0000000000
56077  -22.807  -19.151  -47.273 0.0000000000
55106  -23.042  -20.409  -46.831 0.0000000000
54120  -24.083  -21.191  -46.442 0.0000000000
68854  -27.667  -4.422  -53.947 0.0000000000
68846  -29.845  -4.723  -53.538 0.0000000000
67982  -29.028  -5.577  -53.282 0.0000000000
67973  -29.570  -5.831  -52.108 0.0000000000
67132  -29.581  -6.719  -51.476 0.0000000000
61165  -21.446  -13.301  -48.180 0.0000000000
118185  -22.570  -12.681  -49.319 0.0000000000
62745  -23.651  -11.709  -50.637 0.0000000000
62759  -25.811  -11.540  -51.996 0.0000000000
63621  -26.610  -11.153  -52.265 0.0000000000
62748  -27.661  -11.396  -51.249 0.0000000000
63614  -28.808  -10.751  -49.930 0.0000000000
63604  -30.683  -10.380  -48.600 0.0000000000
104162  -31.111  -11.891  -47.921 0.0000000000
50341  -24.749  -26.163  -44.822 0.0000000000
51249  -24.968  -25.226  -45.114 0.0000000000
60351  -22.190  -14.122  -48.442 0.0000000000
60365  -23.707  -14.605  -49.457 0.0000000000
60367  -25.301  -14.857  -50.069 0.0000000000
60369  -27.129  -14.567  -49.604 0.0000000000
58704  -25.917  -16.146  -49.459 0.0000000000
58691  -26.366  -16.727  -48.868 0.0000000000
57826  -27.105  -17.742  -47.873 0.0000000000
56979  -24.812  -18.322  -48.232 0.0000000000
57825  -26.398  -18.193  -47.948 0.0000000000
107517  -27.792  -18.010  -47.462 0.0000000000
56960  -28.616  -19.355  -47.278 0.0000000000
110818  -28.903  -20.659  -47.624 0.0000000000
107802  -31.215  -3.823  -52.487 0.0000000000
65492  -26.766  -7.879  -53.400 0.0000000000
66304  -28.029  -8.223  -52.647 0.0000000000
66293  -29.953  -7.172  -50.500 0.0000000000
64561  -28.518  -9.444  -51.180 0.0000000000
109400  -29.733  -7.784  -50.292 0.0000000000
66278  -30.932  -6.804  -49.881 0.0000000000
60354  -28.270  -14.404  -48.540 0.0000000000
60355  -30.456  -14.541  -47.622 0.0000000000
120610  -21.105  -21.442  -45.370 0.0000000000
53102  -21.923  -21.808  -45.633 0.0000000000
54111  -23.526  -21.688  -46.111 0.0000000000
54113  -25.160  -21.998  -46.048 0.0000000000
51258  -25.699  -24.677  -45.627 0.0000000000
52182  -26.396  -23.399  -46.248 0.0000000000
53106  -26.450  -22.661  -46.334 0.0000000000
67148  -25.436  -6.324  -52.890 0.0000000000
61179  -25.841  -14.153  -50.402 0.0000000000
61189  -25.309  -13.556  -50.780 0.0000000000
106576  -26.623  -13.687  -50.397 0.0000000000
61191  -26.832  -13.010  -50.698 0.0000000000
121396  -27.192  -13.333  -50.257 0.0000000000
57820  -22.041  -17.211  -47.304 0.0000000000
58677  -23.101  -16.780  -48.170 0.0000000000
57838  -23.874  -17.161  -48.537 0.0000000000
57822  -23.217  -17.557  -48.013 0.0000000000
105259  -24.630  -20.696  -46.703 0.0000000000
117540  -25.041  -20.261  -46.973 0.0000000000
55107  -25.592  -20.770  -46.540 0.0000000000
69704  -29.629  -3.743  -54.807 0.0000000000
69705  -30.397  -3.497  -54.689 0.0000000000
69692  -29.815  -4.376  -54.274 0.0000000000
67963  -30.927  -5.622  -50.894 0.0000000000
68820  -31.497  -5.053  -50.985 0.0000000000
67964  -31.740  -5.482  -50.380 0.0000000000
67951  -32.334  -5.788  -49.940 0.0000000000
63618  -24.041  -10.230  -51.428 0.0000000000
63611  -23.259  -10.111  -50.808 0.0000000000
64570  -23.376  -9.154  -51.150 0.0000000000
64572  -24.901  -9.877  -52.134 0.0000000000
63629  -25.732  -9.952  -52.511 0.0000000000
63630  -26.446  -10.335  -52.531 0.0000000000
122070  -31.097  -9.717  -48.637 0.0000000000
64533  -31.847  -9.245  -48.531 0.0000000000
59544  -28.679  -16.194  -47.697 0.0000000000
116702  -23.470  -24.777  -44.466 0.0000000000
121301  -22.887  -24.689  -44.310 0.0000000000
51247  -23.162  -24.188  -44.571 0.0000000000
52172  -23.604  -23.556  -44.979 0.0000000000
56957  -21.786  -18.496  -46.810 0.0000000000
114811  -22.027  -19.104  -46.864 0.0000000000
109854  -22.412  -19.887  -46.836 0.0000000000
110418  -23.789  -20.546  -46.832 0.0000000000
54119  -23.241  -21.008  -46.511 0.0000000000
67989  -26.916  -4.986  -53.708 0.0000000000
68844  -28.647  -4.974  -54.056 0.0000000000
67990  -28.114  -5.354  -53.937 0.0000000000
67140  -27.948  -6.621  -53.574 0.0000000000
67141  -28.502  -6.134  -53.394 0.0000000000
67131  -29.038  -6.380  -52.522 0.0000000000
61166  -22.375  -13.312  -48.894 0.0000000000
61177  -23.141  -13.234  -49.514 0.0000000000
61954  -23.961  -12.537  -50.605 0.0000000000
62746  -24.431  -12.178  -51.093 0.0000000000
62757  -24.269  -11.333  -51.270 0.0000000000
62758  -25.039  -11.838  -51.576 0.0000000000
62760  -26.601  -11.881  -51.874 0.0000000000
62747  -27.131  -11.998  -51.519 0.0000000000
61958  -28.193  -12.111  -50.045 0.0000000000
62749  -28.189  -11.438  -50.479 0.0000000000
62736  -29.362  -11.304  -49.199 0.0000000000
113314  -29.765  -10.516  -49.188 0.0000000000
62737  -30.194  -11.096  -48.571 0.0000000000
62725  -31.172  -11.106  -48.159 0.0000000000
114199  -30.531  -11.642  -48.180 0.0000000000
61933  -30.432  -12.421  -47.919 0.0000000000
61170  -31.111  -13.969  -47.645 0.0000000000
49458  -24.693  -27.001  -44.631 0.0000000000
105373  -25.477  -27.001  -44.978 0.0000000000
60345  -21.697  -14.632  -47.827 0.0000000000
60350  -21.483  -13.975  -47.875 0.0000000000
103812  -22.355  -14.855  -48.254 0.0000000000
118072  -23.510  -15.469  -48.942 0.0000000000
119831  -24.168  -15.269  -49.503 0.0000000000
60366  -24.531  -14.750  -49.886 0.0000000000
59568  -24.818  -15.445  -49.724 0.0000000000
59569  -25.581  -15.517  -49.761 0.0000000000
58703  -25.067  -16.142  -49.521 0.0000000000
58690  -25.712  -17.303  -48.745 0.0000000000
57842  -27.110  -17.036  -48.271 0.0000000000
57841  -26.392  -17.491  -48.382 0.0000000000
56090  -23.531  -19.103  -47.539 0.0000000000
56967  -24.086  -18.723  -47.888 0.0000000000
57824  -25.632  -18.624  -47.904 0.0000000000
56969  -26.420  -18.905  -47.498 0.0000000000
56970  -27.238  -18.506  -47.449 0.0000000000
56971  -28.260  -18.659  -47.225 0.0000000000
56959  -27.834  -19.193  -47.163 0.0000000000
102121  -28.195  -21.307  -47.137 0.0000000000
106010  -28.222  -20.573  -47.167 0.0000000000
55116  -28.939  -21.472  -47.836 0.0000000000
54130  -29.607  -22.306  -48.292 0.0000000000
69681  -30.426  -4.256  -52.928 0.0000000000
62718  -21.234  -11.767  -48.605 0.0000000000
65473  -23.910  -7.659  -51.784 0.0000000000
65481  -24.498  -7.469  -52.361 0.0000000000
66312  -25.047  -7.276  -52.747 0.0000000000
65474  -27.617  -9.081  -52.498 0.0000000000
65484  -27.337  -8.578  -53.126 0.0000000000
104636  -28.632  -8.030  -51.903 0.0000000000
66292  -29.264  -7.695  -51.112 0.0000000000
63612  -27.707  -10.674  -51.596 0.0000000000
63613  -28.230  -10.154  -51.234 0.0000000000
65448  -30.623  -8.330  -49.419 0.0000000000
65465  -29.946  -8.181  -49.802 0.0000000000
103605  -31.212  -7.722  -49.424 0.0000000000
66294  -30.351  -7.628  -49.797 0.0000000000
66279  -31.903  -7.169  -49.356 0.0000000000
67110  -32.662  -6.652  -49.591 0.0000000000
59571  -26.977  -15.233  -49.386 0.0000000000
60353  -27.571  -14.763  -48.870 0.0000000000
59555  -28.257  -15.135  -48.211 0.0000000000
102823  -30.087  -15.204  -47.581 0.0000000000
103271  -21.958  -22.916  -44.883 0.0000000000
53095  -21.295  -22.159  -45.002 0.0000000000
106599  -23.920  -22.370  -45.716 0.0000000000
54112  -24.414  -21.837  -46.039 0.0000000000
53104  -24.845  -22.527  -45.747 0.0000000000
55104  -21.527  -19.631  -46.423 0.0000000000
67151  -27.715  -5.817  -53.787 0.0000000000
67149  -26.121  -6.178  -53.300 0.0000000000
66324  -27.118  -7.051  -53.563 0.0000000000
61178  -24.211  -14.053  -50.046 0.0000000000
61187  -23.898  -13.259  -50.226 0.0000000000
61188  -24.593  -13.626  -50.519 0.0000000000
61956  -25.578  -12.900  -51.227 0.0000000000
61957  -26.476  -12.568  -51.323 0.0000000000
113201  -27.556  -12.712  -50.330 0.0000000000
61931  -28.886  -12.988  -48.797 0.0000000000
108473  -28.688  -13.766  -48.605 0.0000000000
113822  -21.585  -15.886  -47.249 0.0000000000
116356  -22.936  -15.969  -48.267 0.0000000000
58689  -24.507  -16.680  -49.069 0.0000000000
57839  -24.818  -17.481  -48.700 0.0000000000
111756  -24.970  -19.709  -47.354 0.0000000000
56080  -25.686  -20.020  -47.011 0.0000000000
56081  -26.556  -19.710  -47.052 0.0000000000
56082  -27.558  -19.812  -47.014 0.0000000000
54122  -27.689  -21.749  -46.850 0.0000000000
69701  -26.683  -3.622  -53.270 0.0000000000
70535  -29.302  -3.360  -54.923 0.0000000000
68833  -31.115  -4.414  -51.731 0.0000000000
68819  -30.765  -5.010  -51.461 0.0000000000
64559  -22.028  -9.034  -50.084 0.0000000000
118912  -22.975  -8.285  -50.841 0.0000000000
64571  -24.070  -8.935  -51.650 0.0000000000
64583  -24.654  -8.613  -52.281 0.0000000000
106720  -27.057  -9.309  -52.940 0.0000000000
63603  -29.311  -9.813  -49.707 0.0000000000
108630  -30.881  -9.060  -48.998 0.0000000000
65449  -31.507  -8.443  -48.981 0.0000000000
59543  -27.935  -15.854  -48.104 0.0000000000
121835  -28.496  -15.645  -47.894 0.0000000000
52170  -21.764  -23.559  -44.457 0.0000000000
53096  -22.808  -22.897  -45.168 0.0000000000
57810  -21.895  -17.905  -47.042 0.0000000000
57821  -22.546  -17.817  -47.541 0.0000000000
56078  -23.426  -19.823  -47.205 0.0000000000
68843  -25.727  -3.646  -52.828 0.0000000000
68853  -26.508  -4.137  -53.402 0.0000000000
68855  -28.743  -4.488  -54.462 0.0000000000
116409  -29.393  -4.536  -54.351 0.0000000000
68845  -29.304  -4.968  -53.928 0.0000000000
68831  -29.669  -5.175  -52.723 0.0000000000
67962  -30.204  -6.102  -51.256 0.0000000000
61942  -22.259  -11.866  -49.407 0.0000000000
61943  -23.246  -12.399  -49.937 0.0000000000
120892  -22.970  -11.568  -50.032 0.0000000000
62744  -23.091  -10.919  -50.436 0.0000000000
63619  -24.953  -10.959  -51.797 0.0000000000
62761  -27.236  -11.394  -51.974 0.0000000000
113333  -28.235  -10.758  -50.901 0.0000000000
63590  -31.618  -10.219  -48.364 0.0000000000
104002  -32.257  -10.977  -48.233 0.0000000000
57827  -28.727  -18.057  -47.250 0.0000000000
109405  -24.060  -25.319  -44.549 0.0000000000
60364  -23.010  -13.970  -49.119 0.0000000000
60352  -22.958  -14.717  -48.748 0.0000000000
102482  -26.601  -14.391  -50.079 0.0000000000
119676  -26.639  -14.946  -49.788 0.0000000000
59570  -26.336  -15.471  -49.643 0.0000000000
59553  -26.714  -15.921  -49.177 0.0000000000
58692  -27.214  -16.271  -48.523 0.0000000000
118972  -27.857  -17.374  -47.647 0.0000000000
56968  -24.884  -19.030  -47.766 0.0000000000
56972  -29.386  -19.174  -47.530 0.0000000000
66322  -25.441  -6.979  -52.986 0.0000000000
110175  -27.584  -7.900  -53.281 0.0000000000
66313  -28.081  -7.435  -53.155 0.0000000000
66305  -28.894  -7.205  -52.061 0.0000000000
67121  -30.242  -6.597  -50.720 0.0000000000
63622  -27.209  -10.508  -52.304 0.0000000000
64574  -27.776  -9.747  -51.811 0.0000000000
105022  -28.999  -9.156  -50.357 0.0000000000
65464  -29.360  -8.353  -50.332 0.0000000000
65463  -28.827  -8.583  -51.118 0.0000000000
67122  -31.446  -5.982  -50.046 0.0000000000
61167  -27.782  -13.984  -49.182 0.0000000000
106521  -29.220  -14.539  -48.030 0.0000000000
54109  -20.624  -20.736  -45.320 0.0000000000
54110  -22.598  -21.432  -46.133 0.0000000000
53103  -22.907  -22.230  -45.699 0.0000000000
52181  -25.472  -23.483  -45.661 0.0000000000
110810  -26.424  -24.321  -46.139 0.0000000000
53105  -25.706  -22.616  -46.022 0.0000000000
54114  -25.922  -21.804  -46.234 0.0000000000
53111  -27.013  -22.265  -46.577 0.0000000000
56083  -28.381  -19.920  -47.261 0.0000000000
60368  -26.067  -14.928  -50.017 0.0000000000
61181  -27.704  -13.339  -49.772 0.0000000000
61946  -29.796  -11.817  -48.499 0.0000000000
61966  -25.788  -12.250  -51.622 0.0000000000
62750  -28.671  -11.551  -49.772 0.0000000000
64573  -27.296  -9.733  -52.476 0.0000000000
64585  -26.207  -9.437  -52.807 0.0000000000
65491  -25.862  -7.742  -53.176 0.0000000000
67109  -31.875  -6.419  -49.644 0.0000000000
104343  -32.914  -8.478  -48.930 0.0000000000
118488  -28.456  -7.568  -52.543 0.0000000000
121510  -27.101  -12.453  -50.974 0.0000000000
