#!ascii label  , from subject sub-v2s9x29176_ses-1 vox2ras=TkReg
835
53102  -21.923  -21.808  -45.633 0.5555555820
54110  -22.598  -21.432  -46.133 0.6666666865
110418  -23.789  -20.546  -46.832 0.7777777910
105259  -24.630  -20.696  -46.703 0.7777777910
56091  -24.198  -19.427  -47.530 0.8888888955
56092  -25.677  -19.325  -47.445 0.8888888955
53095  -21.295  -22.159  -45.002 0.5555555820
55097  -21.600  -20.972  -45.947 0.5555555820
55105  -22.440  -20.678  -46.478 0.6666666865
109854  -22.412  -19.887  -46.836 0.8888888955
56079  -24.341  -20.096  -47.141 0.8888888955
57824  -25.632  -18.624  -47.904 1.0000000000
56969  -26.420  -18.905  -47.498 0.8888888955
57826  -27.105  -17.742  -47.873 1.0000000000
55104  -21.527  -19.631  -46.423 0.7777777910
56965  -22.368  -18.499  -47.237 1.0000000000
57821  -22.546  -17.817  -47.541 1.0000000000
56966  -23.209  -18.409  -47.697 1.0000000000
57823  -23.985  -17.961  -48.233 1.0000000000
57822  -23.217  -17.557  -48.013 1.0000000000
57839  -24.818  -17.481  -48.700 1.0000000000
57838  -23.874  -17.161  -48.537 1.0000000000
58690  -25.712  -17.303  -48.745 1.0000000000
57842  -27.110  -17.036  -48.271 1.0000000000
116453  -25.384  -16.791  -49.153 1.0000000000
58692  -27.214  -16.271  -48.523 1.0000000000
59553  -26.714  -15.921  -49.177 1.0000000000
59554  -27.406  -15.504  -48.678 0.7777777910
57820  -22.041  -17.211  -47.304 0.8888888955
109378  -22.632  -17.174  -47.752 1.0000000000
58689  -24.507  -16.680  -49.069 1.0000000000
58677  -23.101  -16.780  -48.170 1.0000000000
58688  -23.697  -16.348  -48.741 1.0000000000
58703  -25.067  -16.142  -49.521 1.0000000000
58704  -25.917  -16.146  -49.459 1.0000000000
59570  -26.336  -15.471  -49.643 1.0000000000
59571  -26.977  -15.233  -49.386 1.0000000000
59555  -28.257  -15.135  -48.211 0.8888888955
60353  -27.571  -14.763  -48.870 1.0000000000
60354  -28.270  -14.404  -48.540 0.7777777910
106521  -29.220  -14.539  -48.030 0.7777777910
59542  -22.091  -15.473  -47.845 0.5555555820
60364  -23.010  -13.970  -49.119 0.7777777910
103812  -22.355  -14.855  -48.254 0.8888888955
119831  -24.168  -15.269  -49.503 1.0000000000
59552  -24.284  -15.931  -49.319 1.0000000000
60365  -23.707  -14.605  -49.457 0.8888888955
60366  -24.531  -14.750  -49.886 1.0000000000
60367  -25.301  -14.857  -50.069 1.0000000000
60369  -27.129  -14.567  -49.604 1.0000000000
61167  -27.782  -13.984  -49.182 0.8888888955
61180  -27.183  -13.894  -49.916 1.0000000000
61168  -28.263  -13.363  -49.212 0.8888888955
61169  -29.836  -13.450  -47.971 0.7777777910
61170  -31.111  -13.969  -47.645 0.6666666865
121277  -30.945  -13.195  -47.698 0.6666666865
61165  -21.446  -13.301  -48.180 0.4444444478
60351  -22.190  -14.122  -48.442 0.7777777910
61929  -21.796  -12.577  -48.762 0.6666666865
61187  -23.898  -13.259  -50.226 0.7777777910
61178  -24.211  -14.053  -50.046 0.8888888955
60375  -24.952  -14.213  -50.389 0.8888888955
102482  -26.601  -14.391  -50.079 1.0000000000
61189  -25.309  -13.556  -50.780 1.0000000000
106576  -26.623  -13.687  -50.397 1.0000000000
121396  -27.192  -13.333  -50.257 1.0000000000
61944  -28.265  -12.787  -49.596 0.8888888955
61932  -29.537  -12.548  -48.446 0.7777777910
61171  -31.814  -13.604  -47.820 0.5555555820
61933  -30.432  -12.421  -47.919 0.7777777910
104162  -31.111  -11.891  -47.921 0.6666666865
61942  -22.259  -11.866  -49.407 0.6666666865
61943  -23.246  -12.399  -49.937 0.7777777910
61955  -24.662  -12.982  -50.927 0.8888888955
61956  -25.578  -12.900  -51.227 1.0000000000
61191  -26.832  -13.010  -50.698 1.0000000000
61958  -28.193  -12.111  -50.045 0.8888888955
61945  -28.923  -12.144  -49.172 0.8888888955
62749  -28.189  -11.438  -50.479 0.8888888955
62736  -29.362  -11.304  -49.199 0.7777777910
62737  -30.194  -11.096  -48.571 0.7777777910
62726  -31.957  -11.818  -47.979 0.6666666865
62735  -22.390  -10.944  -49.834 0.6666666865
62718  -21.234  -11.767  -48.605 0.5555555820
120892  -22.970  -11.568  -50.032 0.7777777910
62745  -23.651  -11.709  -50.637 0.8888888955
62746  -24.431  -12.178  -51.093 0.8888888955
62758  -25.039  -11.838  -51.576 1.0000000000
61965  -25.085  -12.482  -51.363 1.0000000000
62747  -27.131  -11.998  -51.519 1.0000000000
104622  -27.603  -12.005  -50.774 0.8888888955
113314  -29.765  -10.516  -49.188 0.7777777910
63604  -30.683  -10.380  -48.600 0.7777777910
104002  -32.257  -10.977  -48.233 0.6666666865
112845  -33.067  -10.990  -48.676 0.5555555820
63610  -22.548  -10.085  -50.282 0.6666666865
62744  -23.091  -10.919  -50.436 0.8888888955
62759  -25.811  -11.540  -51.996 1.0000000000
62760  -26.601  -11.881  -51.874 1.0000000000
113333  -28.235  -10.758  -50.901 0.8888888955
104428  -28.714  -10.036  -50.608 0.8888888955
63614  -28.808  -10.751  -49.930 0.8888888955
112552  -30.282  -9.750  -49.122 0.7777777910
64533  -31.847  -9.245  -48.531 0.7777777910
122070  -31.097  -9.717  -48.637 0.7777777910
63591  -32.563  -10.053  -48.521 0.5555555820
64548  -29.827  -8.907  -49.576 0.7777777910
65433  -32.704  -9.121  -48.696 0.5555555820
64549  -33.518  -9.947  -49.291 0.5555555820
65450  -32.307  -8.469  -48.812 0.6666666865
64558  -21.639  -8.046  -49.749 0.4444444478
64559  -22.028  -9.034  -50.084 0.5555555820
63618  -24.041  -10.230  -51.428 0.7777777910
63619  -24.953  -10.959  -51.797 1.0000000000
63620  -25.740  -10.704  -52.301 1.0000000000
63621  -26.610  -11.153  -52.265 0.8888888955
63613  -28.230  -10.154  -51.234 0.8888888955
63612  -27.707  -10.674  -51.596 0.8888888955
63603  -29.311  -9.813  -49.707 0.8888888955
65449  -31.507  -8.443  -48.981 0.6666666865
104343  -32.914  -8.478  -48.930 0.5555555820
65482  -25.409  -8.381  -52.802 0.6666666865
64571  -24.070  -8.935  -51.650 0.6666666865
64584  -25.366  -9.283  -52.549 0.7777777910
64586  -26.915  -9.919  -52.676 0.8888888955
106720  -27.057  -9.309  -52.940 0.7777777910
65474  -27.617  -9.081  -52.498 0.7777777910
64574  -27.776  -9.747  -51.811 0.8888888955
65475  -28.201  -8.837  -51.813 0.7777777910
64561  -28.518  -9.444  -51.180 0.8888888955
65463  -28.827  -8.583  -51.118 0.7777777910
65464  -29.360  -8.353  -50.332 0.7777777910
65465  -29.946  -8.181  -49.802 0.6666666865
66293  -29.953  -7.172  -50.500 0.6666666865
66294  -30.351  -7.628  -49.797 0.6666666865
103605  -31.212  -7.722  -49.424 0.6666666865
65448  -30.623  -8.330  -49.419 0.5555555820
67122  -31.446  -5.982  -50.046 0.6666666865
66278  -30.932  -6.804  -49.881 0.5555555820
67110  -32.662  -6.652  -49.591 0.5555555820
104100  -33.370  -8.175  -49.357 0.4444444478
67129  -24.337  -6.112  -52.238 0.3333333433
66321  -24.850  -6.460  -52.582 0.3333333433
66312  -25.047  -7.276  -52.747 0.5555555820
66323  -26.119  -7.050  -53.312 0.5555555820
65483  -26.460  -8.610  -53.160 0.7777777910
65484  -27.337  -8.578  -53.126 0.7777777910
66313  -28.081  -7.435  -53.155 0.6666666865
66304  -28.029  -8.223  -52.647 0.6666666865
104636  -28.632  -8.030  -51.903 0.6666666865
67132  -29.581  -6.719  -51.476 0.6666666865
67962  -30.204  -6.102  -51.256 0.6666666865
113406  -30.724  -6.215  -50.538 0.6666666865
67951  -32.334  -5.788  -49.940 0.5555555820
67965  -32.963  -5.328  -50.404 0.5555555820
67139  -24.614  -5.598  -52.467 0.4444444478
67148  -25.436  -6.324  -52.890 0.4444444478
67987  -25.406  -5.590  -52.806 0.5555555820
66324  -27.118  -7.051  -53.563 0.6666666865
110175  -27.584  -7.900  -53.281 0.6666666865
66314  -28.551  -6.900  -52.890 0.6666666865
66305  -28.894  -7.205  -52.061 0.6666666865
68820  -31.497  -5.053  -50.985 0.6666666865
104096  -32.279  -5.159  -50.560 0.5555555820
67988  -25.986  -5.240  -53.242 0.4444444478
67150  -26.933  -5.971  -53.645 0.6666666865
67140  -27.948  -6.621  -53.574 0.6666666865
67141  -28.502  -6.134  -53.394 0.6666666865
67131  -29.038  -6.380  -52.522 0.6666666865
67974  -30.181  -5.387  -51.740 0.6666666865
56078  -23.426  -19.823  -47.205 0.8888888955
56077  -22.807  -19.151  -47.273 1.0000000000
56967  -24.086  -18.723  -47.888 1.0000000000
57840  -25.622  -17.929  -48.383 1.0000000000
113201  -27.556  -12.712  -50.330 0.8888888955
63598  -21.757  -10.048  -49.635 0.5555555820
65458  -22.337  -7.744  -50.363 0.5555555820
109212  -23.657  -10.893  -50.926 0.7777777910
65441  -21.731  -7.126  -49.697 0.2222222239
112388  -31.964  -7.884  -49.067 0.6666666865
66280  -32.661  -7.716  -49.198 0.4444444478
67149  -26.121  -6.178  -53.300 0.6666666865
67151  -27.715  -5.817  -53.787 0.6666666865
62734  -21.495  -10.978  -49.146 0.4444444478
68822  -33.617  -4.884  -50.905 0.5555555820
67966  -33.479  -5.542  -50.461 0.5555555820
67130  -24.582  -5.792  -52.412 0.2222222239
53096  -22.808  -22.897  -45.168 0.5555555820
116630  -23.500  -22.822  -45.402 0.5555555820
54111  -23.526  -21.688  -46.111 0.5555555820
54112  -24.414  -21.837  -46.039 0.5555555820
55108  -26.377  -20.415  -46.629 0.7777777910
56081  -26.556  -19.710  -47.052 0.8888888955
103271  -21.958  -22.916  -44.883 0.5555555820
54121  -24.941  -21.345  -46.317 0.6666666865
117540  -25.041  -20.261  -46.973 0.8888888955
56958  -27.094  -19.197  -47.233 0.7777777910
56970  -27.238  -18.506  -47.449 0.7777777910
53094  -20.598  -22.182  -44.401 0.4444444478
54109  -20.624  -20.736  -45.320 0.5555555820
56069  -20.765  -19.327  -45.781 0.2222222239
56076  -21.308  -18.840  -46.377 0.6666666865
58678  -27.869  -16.605  -47.896 0.8888888955
121835  -28.496  -15.645  -47.894 0.6666666865
102823  -30.087  -15.204  -47.581 0.6666666865
57809  -21.436  -17.280  -46.628 0.5555555820
60355  -30.456  -14.541  -47.622 0.6666666865
59532  -21.006  -15.820  -46.622 0.4444444478
114858  -32.446  -13.338  -48.077 0.5555555820
60343  -20.587  -14.270  -46.643 0.2222222239
61935  -32.597  -12.667  -48.255 0.5555555820
61928  -20.869  -12.432  -48.033 0.4444444478
62727  -32.826  -11.833  -48.475 0.5555555820
63569  -19.872  -10.448  -47.670 0.3333333433
62728  -33.524  -11.959  -49.238 0.5555555820
64543  -21.218  -8.941  -49.418 0.4444444478
113643  -33.973  -10.369  -50.198 0.4444444478
66270  -20.588  -7.265  -48.866 0.3333333433
64562  -34.200  -9.663  -50.572 0.5555555820
66281  -33.895  -7.967  -50.061 0.4444444478
66303  -23.837  -6.552  -52.012 0.3333333433
66295  -33.971  -6.985  -50.275 0.4444444478
67123  -33.683  -6.088  -50.285 0.4444444478
67975  -34.843  -5.324  -51.430 0.2222222239
67980  -24.944  -5.539  -52.560 0.3333333433
67973  -29.570  -5.831  -52.108 0.6666666865
68831  -29.669  -5.175  -52.723 0.6666666865
68832  -30.255  -4.747  -52.251 0.6666666865
68833  -31.115  -4.414  -51.731 0.6666666865
68819  -30.765  -5.010  -51.461 0.6666666865
117222  -32.006  -4.675  -51.120 0.6666666865
68821  -32.776  -4.692  -50.911 0.4444444478
68836  -34.423  -4.737  -51.359 0.3333333433
67989  -26.916  -4.986  -53.708 0.5555555820
53103  -22.907  -22.230  -45.699 0.6666666865
54119  -23.241  -21.008  -46.511 0.7777777910
54120  -24.083  -21.191  -46.442 0.7777777910
55106  -23.042  -20.409  -46.831 0.7777777910
56090  -23.531  -19.103  -47.539 1.0000000000
56080  -25.686  -20.020  -47.011 0.8888888955
107105  -22.161  -22.430  -45.329 0.5555555820
54103  -20.394  -21.410  -44.651 0.4444444478
120610  -21.105  -21.442  -45.370 0.5555555820
118508  -21.769  -20.283  -46.379 0.8888888955
111756  -24.970  -19.709  -47.354 0.8888888955
56968  -24.884  -19.030  -47.766 1.0000000000
57825  -26.398  -18.193  -47.948 1.0000000000
56979  -24.812  -18.322  -48.232 1.0000000000
57841  -26.392  -17.491  -48.382 1.0000000000
55096  -21.004  -20.182  -45.929 0.5555555820
56957  -21.786  -18.496  -46.810 0.8888888955
114811  -22.027  -19.104  -46.864 1.0000000000
57810  -21.895  -17.905  -47.042 0.8888888955
58691  -26.366  -16.727  -48.868 1.0000000000
59543  -27.935  -15.854  -48.104 0.8888888955
58676  -22.269  -16.452  -47.668 1.0000000000
113822  -21.585  -15.886  -47.249 0.5555555820
58669  -21.533  -16.547  -46.957 0.5555555820
116356  -22.936  -15.969  -48.267 1.0000000000
118072  -23.510  -15.469  -48.942 1.0000000000
59568  -24.818  -15.445  -49.724 1.0000000000
59569  -25.581  -15.517  -49.761 1.0000000000
119676  -26.639  -14.946  -49.788 1.0000000000
108473  -28.688  -13.766  -48.605 0.8888888955
59541  -21.169  -15.056  -47.101 0.5555555820
60345  -21.697  -14.632  -47.827 0.6666666865
61166  -22.375  -13.312  -48.894 0.6666666865
113375  -23.603  -13.827  -49.674 0.8888888955
60352  -22.958  -14.717  -48.748 0.8888888955
59551  -22.790  -15.300  -48.402 0.8888888955
61931  -28.886  -12.988  -48.797 0.8888888955
61934  -31.604  -12.677  -47.814 0.6666666865
61164  -20.589  -13.001  -47.451 0.3333333433
61154  -20.961  -13.598  -47.547 0.3333333433
60350  -21.483  -13.975  -47.875 0.4444444478
118185  -22.570  -12.681  -49.319 0.6666666865
61177  -23.141  -13.234  -49.514 0.7777777910
61188  -24.593  -13.626  -50.519 0.8888888955
61179  -25.841  -14.153  -50.402 1.0000000000
61190  -26.102  -13.305  -50.838 1.0000000000
114199  -30.531  -11.642  -48.180 0.7777777910
61954  -23.961  -12.537  -50.605 0.8888888955
61957  -26.476  -12.568  -51.323 1.0000000000
62725  -31.172  -11.106  -48.159 0.7777777910
63582  -20.583  -10.965  -48.325 0.4444444478
62757  -24.269  -11.333  -51.270 0.8888888955
62748  -27.661  -11.396  -51.249 0.8888888955
63590  -31.618  -10.219  -48.364 0.6666666865
63592  -33.217  -10.304  -48.880 0.5555555820
63605  -33.672  -11.009  -49.530 0.5555555820
63611  -23.259  -10.111  -50.808 0.6666666865
62761  -27.236  -11.394  -51.974 1.0000000000
108630  -30.881  -9.060  -48.998 0.8888888955
64534  -33.118  -9.665  -48.826 0.6666666865
105022  -28.999  -9.156  -50.357 0.8888888955
65451  -33.382  -9.052  -49.096 0.5555555820
64560  -22.744  -9.113  -50.629 0.5555555820
64572  -24.901  -9.877  -52.134 0.7777777910
64570  -23.376  -9.154  -51.150 0.7777777910
63622  -27.209  -10.508  -52.304 0.8888888955
63630  -26.446  -10.335  -52.531 0.7777777910
65452  -33.822  -8.831  -49.874 0.5555555820
65473  -23.910  -7.659  -51.784 0.5555555820
65481  -24.498  -7.469  -52.361 0.4444444478
64583  -24.654  -8.613  -52.281 0.6666666865
118912  -22.975  -8.285  -50.841 0.7777777910
65459  -23.379  -8.036  -51.276 0.6666666865
63629  -25.732  -9.952  -52.511 0.7777777910
66292  -29.264  -7.695  -51.112 0.6666666865
109400  -29.733  -7.784  -50.292 0.6666666865
67121  -30.242  -6.597  -50.720 0.6666666865
66279  -31.903  -7.169  -49.356 0.5555555820
67111  -33.335  -6.534  -49.876 0.4444444478
67952  -33.074  -5.928  -49.989 0.5555555820
117249  -24.448  -6.670  -52.360 0.4444444478
66322  -25.441  -6.979  -52.986 0.5555555820
65492  -26.766  -7.879  -53.400 0.6666666865
67963  -30.927  -5.622  -50.894 0.6666666865
67964  -31.740  -5.482  -50.380 0.6666666865
63597  -20.731  -9.989  -48.806 0.4444444478
121147  -22.270  -6.922  -50.153 0.3333333433
62717  -20.422  -11.618  -47.820 0.4444444478
63581  -19.977  -10.266  -47.985 0.4444444478
122631  -34.033  -4.263  -51.384 0.3333333433
55109  -27.382  -20.607  -46.626 0.6666666865
53085  -21.120  -22.854  -44.483 0.4444444478
118972  -27.857  -17.374  -47.647 0.7777777910
59556  -29.246  -15.561  -47.684 0.6666666865
60344  -21.001  -14.192  -47.306 0.3333333433
61153  -20.480  -13.560  -46.976 0.1111111119
103235  -20.038  -10.912  -47.648 0.4444444478
104752  -19.974  -9.569  -48.269 0.3333333433
64542  -20.447  -8.838  -48.736 0.3333333433
66302  -23.134  -6.731  -51.331 0.3333333433
68834  -32.171  -4.042  -51.559 0.4444444478
110810  -26.424  -24.321  -46.139 0.4444444478
51261  -28.059  -25.064  -46.509 0.2222222239
52172  -23.604  -23.556  -44.979 0.4444444478
51257  -24.710  -24.054  -45.171 0.4444444478
52180  -24.337  -23.119  -45.409 0.4444444478
52182  -26.396  -23.399  -46.248 0.4444444478
52190  -27.178  -23.267  -46.762 0.4444444478
52191  -27.937  -24.042  -47.346 0.2222222239
54113  -25.160  -21.998  -46.048 0.4444444478
53106  -26.450  -22.661  -46.334 0.4444444478
52193  -29.185  -23.520  -47.564 0.1111111119
119001  -29.672  -23.048  -47.910 0.1111111119
53111  -27.013  -22.265  -46.577 0.4444444478
53112  -28.040  -23.009  -47.390 0.3333333433
54114  -25.922  -21.804  -46.234 0.4444444478
54123  -28.698  -22.425  -47.824 0.3333333433
53113  -29.283  -23.040  -48.105 0.2222222239
101774  -26.692  -21.212  -46.369 0.4444444478
54122  -27.689  -21.749  -46.850 0.3333333433
110818  -28.903  -20.659  -47.624 0.2222222239
55110  -29.816  -21.361  -48.391 0.1111111119
55117  -30.777  -21.216  -48.790 0.1111111119
106010  -28.222  -20.573  -47.167 0.3333333433
56959  -27.834  -19.193  -47.163 0.4444444478
56971  -28.260  -18.659  -47.225 0.5555555820
56973  -30.606  -19.621  -48.509 0.4444444478
57827  -28.727  -18.057  -47.250 0.6666666865
118042  -31.128  -18.055  -48.409 0.3333333433
58679  -29.019  -17.193  -47.417 0.6666666865
107327  -30.304  -17.635  -47.725 0.5555555820
58680  -29.823  -16.605  -47.511 0.5555555820
114656  -30.924  -17.142  -47.917 0.5555555820
58694  -31.762  -16.721  -48.377 0.3333333433
59544  -28.679  -16.194  -47.697 0.5555555820
59558  -32.165  -15.812  -48.301 0.4444444478
60356  -31.599  -14.857  -47.772 0.5555555820
59557  -31.145  -15.516  -47.671 0.4444444478
108483  -32.000  -14.341  -47.878 0.4444444478
67982  -29.028  -5.577  -53.282 0.5555555820
68846  -29.845  -4.723  -53.538 0.5555555820
69681  -30.426  -4.256  -52.928 0.5555555820
107802  -31.215  -3.823  -52.487 0.5555555820
51258  -25.699  -24.677  -45.627 0.4444444478
51266  -27.786  -24.784  -46.905 0.2222222239
106599  -23.920  -22.370  -45.716 0.4444444478
120651  -28.739  -23.102  -47.914 0.2222222239
54130  -29.607  -22.306  -48.292 0.2222222239
54131  -30.285  -21.950  -48.436 0.1111111119
56084  -29.214  -20.103  -47.659 0.4444444478
56093  -30.267  -20.501  -48.508 0.3333333433
56960  -28.616  -19.355  -47.278 0.4444444478
57828  -29.859  -18.353  -47.621 0.4444444478
103901  -32.567  -15.126  -48.400 0.4444444478
61936  -33.393  -12.822  -48.998 0.4444444478
68845  -29.304  -4.968  -53.928 0.5555555820
68855  -28.743  -4.488  -54.462 0.5555555820
56974  -31.590  -19.846  -49.410 0.2222222239
109405  -24.060  -25.319  -44.549 0.4444444478
51249  -24.968  -25.226  -45.114 0.4444444478
50350  -25.981  -25.796  -45.721 0.4444444478
50343  -27.533  -25.571  -45.792 0.2222222239
51250  -28.227  -24.993  -45.445 0.1111111119
52171  -22.629  -23.540  -44.718 0.4444444478
51248  -24.020  -24.477  -44.732 0.4444444478
52192  -28.526  -24.306  -47.145 0.1111111119
52185  -29.270  -23.949  -46.691 0.1111111119
53107  -29.774  -23.285  -47.074 0.1111111119
53114  -29.916  -22.602  -48.213 0.1111111119
54124  -30.486  -22.188  -48.109 0.1111111119
55118  -31.414  -20.740  -48.966 0.1111111119
58681  -31.856  -18.009  -49.135 0.1111111119
57830  -31.782  -19.027  -49.449 0.2222222239
102977  -32.844  -16.810  -49.239 0.2222222239
120850  -32.992  -15.998  -49.060 0.3333333433
61172  -32.814  -14.292  -48.463 0.4444444478
61173  -33.191  -13.589  -48.797 0.3333333433
61182  -33.983  -13.746  -49.564 0.3333333433
61947  -34.076  -13.023  -49.976 0.3333333433
65472  -22.861  -7.376  -50.893 0.4444444478
106749  -34.720  -7.064  -51.091 0.3333333433
68854  -27.667  -4.422  -53.947 0.5555555820
69692  -29.815  -4.376  -54.274 0.5555555820
69693  -30.509  -3.995  -53.949 0.5555555820
55107  -25.592  -20.770  -46.540 0.5555555820
56082  -27.558  -19.812  -47.014 0.6666666865
107517  -27.792  -18.010  -47.462 0.6666666865
58693  -30.550  -16.108  -47.604 0.5555555820
67124  -34.265  -6.319  -50.652 0.3333333433
122133  -27.134  -24.896  -46.543 0.4444444478
51260  -27.385  -25.354  -46.336 0.3333333433
52183  -27.184  -24.187  -46.708 0.4444444478
51259  -26.600  -25.279  -46.134 0.4444444478
51247  -23.162  -24.188  -44.571 0.4444444478
53104  -24.845  -22.527  -45.747 0.4444444478
52181  -25.472  -23.483  -45.661 0.4444444478
53105  -25.706  -22.616  -46.022 0.4444444478
103611  -28.677  -23.520  -47.656 0.1111111119
55116  -28.939  -21.472  -47.836 0.3333333433
102121  -28.195  -21.307  -47.137 0.3333333433
55111  -30.868  -21.508  -48.535 0.1111111119
56972  -29.386  -19.174  -47.530 0.4444444478
57829  -30.894  -18.758  -48.463 0.3333333433
68844  -28.647  -4.974  -54.056 0.5555555820
69702  -28.009  -3.875  -53.973 0.5555555820
56094  -31.284  -20.520  -49.143 0.2222222239
116494  -25.529  -26.233  -45.291 0.4444444478
122603  -26.806  -26.015  -45.841 0.4444444478
49461  -27.135  -26.117  -45.174 0.2222222239
51246  -22.377  -24.204  -44.353 0.4444444478
52184  -28.749  -24.538  -46.222 0.1111111119
53115  -30.167  -22.752  -47.611 0.1111111119
45725  -25.045  -30.790  -40.370 0.1111111119
47633  -22.724  -28.424  -42.453 0.3333333433
46718  -24.215  -29.424  -41.370 0.2222222239
122451  -24.368  -30.229  -40.797 0.2222222239
103344  -25.738  -30.196  -40.346 0.1111111119
49440  -21.133  -26.576  -42.688 0.3333333433
48526  -21.492  -27.376  -42.456 0.3333333433
47632  -21.844  -28.137  -42.198 0.3333333433
48528  -23.272  -28.176  -43.142 0.3333333433
47641  -23.972  -28.342  -43.516 0.3333333433
46726  -24.001  -28.899  -42.377 0.2222222239
47635  -24.489  -28.398  -43.151 0.2222222239
46719  -24.881  -29.014  -41.122 0.2222222239
46698  -25.667  -29.064  -40.669 0.1111111119
47624  -25.337  -28.483  -41.504 0.2222222239
107502  -20.026  -24.976  -42.836 0.2222222239
50323  -20.752  -25.690  -42.926 0.2222222239
49441  -21.971  -26.960  -43.001 0.3333333433
48527  -22.349  -27.745  -42.782 0.3333333433
47636  -25.088  -28.333  -42.405 0.1111111119
51235  -20.897  -24.205  -43.616 0.2222222239
50333  -21.497  -25.386  -43.442 0.3333333433
115886  -21.428  -24.745  -43.661 0.3333333433
51236  -22.268  -25.016  -43.894 0.3333333433
50334  -22.881  -25.927  -43.811 0.3333333433
49449  -22.436  -26.518  -43.461 0.3333333433
49451  -24.174  -27.352  -44.212 0.3333333433
49457  -23.857  -26.253  -44.278 0.3333333433
48547  -24.988  -27.636  -44.471 0.3333333433
112284  -25.119  -27.960  -43.901 0.3333333433
48530  -25.916  -27.510  -43.334 0.1111111119
52160  -20.976  -23.533  -44.029 0.2222222239
121301  -22.887  -24.689  -44.310 0.3333333433
50340  -23.229  -25.308  -44.212 0.3333333433
49458  -24.693  -27.001  -44.631 0.3333333433
50341  -24.749  -26.163  -44.822 0.3333333433
48539  -25.627  -27.398  -44.401 0.3333333433
48540  -26.370  -27.025  -44.111 0.1111111119
53084  -20.409  -22.658  -43.769 0.3333333433
116702  -23.470  -24.777  -44.466 0.3333333433
117658  -26.569  -26.451  -45.282 0.3333333433
60357  -33.524  -15.487  -49.165 0.2222222239
107097  -33.788  -14.514  -49.227 0.2222222239
113914  -34.307  -11.457  -50.768 0.3333333433
62738  -34.111  -12.219  -50.355 0.2222222239
105330  -23.354  -28.790  -42.260 0.3333333433
46697  -24.934  -29.770  -40.701 0.2222222239
50332  -20.792  -24.888  -43.304 0.3333333433
49448  -21.640  -26.163  -43.203 0.3333333433
48537  -23.683  -27.815  -43.742 0.3333333433
49459  -26.162  -26.925  -44.938 0.3333333433
45724  -24.273  -30.652  -40.554 0.1111111119
44852  -25.554  -31.459  -39.939 0.1111111119
108376  -21.377  -28.538  -41.642 0.3333333433
47621  -22.221  -28.829  -41.781 0.3333333433
47622  -22.905  -29.196  -41.680 0.3333333433
46717  -23.584  -29.333  -41.621 0.3333333433
117267  -26.113  -31.758  -39.776 0.1111111119
48525  -20.626  -27.033  -42.191 0.3333333433
46699  -26.475  -29.580  -40.274 0.1111111119
47603  -26.464  -28.755  -40.530 0.1111111119
51234  -20.255  -24.252  -43.065 0.2222222239
48517  -25.780  -27.786  -42.064 0.1111111119
49428  -26.574  -27.159  -42.189 0.1111111119
52159  -20.402  -23.491  -43.319 0.2222222239
49442  -26.754  -26.768  -43.051 0.1111111119
54092  -20.001  -21.893  -43.196 0.1111111119
63615  -34.635  -10.750  -51.383 0.2222222239
62751  -34.931  -11.836  -51.806 0.2222222239
52170  -21.764  -23.559  -44.457 0.4444444478
61948  -34.670  -13.194  -51.017 0.2222222239
105644  -25.910  -31.206  -40.071 0.1111111119
119460  -22.803  -28.793  -42.027 0.3333333433
49439  -20.246  -26.248  -42.435 0.2222222239
48516  -21.006  -27.806  -41.913 0.3333333433
119857  -23.330  -28.514  -42.740 0.3333333433
47634  -23.794  -28.606  -42.986 0.3333333433
48536  -22.814  -27.371  -43.357 0.3333333433
47623  -24.580  -28.701  -42.009 0.2222222239
48529  -25.256  -28.046  -43.059 0.2222222239
47625  -26.112  -28.234  -41.032 0.1111111119
51245  -21.612  -24.227  -44.035 0.3333333433
108824  -22.131  -25.798  -43.563 0.3333333433
49450  -23.288  -26.882  -43.821 0.3333333433
48538  -24.480  -28.056  -43.933 0.3333333433
105373  -25.477  -27.001  -44.978 0.3333333433
49460  -26.756  -26.569  -44.644 0.1111111119
44851  -24.852  -31.161  -40.136 0.1111111119
45743  -23.833  -30.104  -41.100 0.2222222239
47620  -20.595  -28.296  -41.435 0.2222222239
46716  -21.584  -29.160  -41.263 0.3333333433
46696  -22.353  -29.549  -41.259 0.3333333433
45742  -23.130  -29.886  -41.220 0.3333333433
49427  -19.853  -26.664  -42.003 0.2222222239
61174  -34.409  -14.414  -49.595 0.1111111119
60358  -34.028  -15.133  -49.295 0.1111111119
60371  -35.625  -14.415  -49.939 0.1111111119
61184  -35.360  -13.967  -50.699 0.1111111119
61185  -36.081  -13.905  -50.472 0.1111111119
61193  -35.690  -13.504  -51.166 0.1111111119
61959  -35.316  -13.151  -51.544 0.1111111119
65466  -34.359  -8.834  -50.753 0.2222222239
62739  -34.772  -12.514  -51.400 0.1111111119
61967  -35.455  -12.541  -51.978 0.1111111119
66306  -35.049  -8.015  -51.932 0.1111111119
66296  -34.519  -7.941  -50.898 0.2222222239
67134  -35.244  -6.936  -52.021 0.1111111119
65477  -35.256  -8.995  -52.857 0.1111111119
66307  -35.324  -8.111  -53.186 0.1111111119
67990  -28.114  -5.354  -53.937 0.4444444478
67133  -34.773  -6.152  -51.221 0.1111111119
68843  -25.727  -3.646  -52.828 0.4444444478
107491  -35.197  -5.927  -51.751 0.1111111119
116409  -29.393  -4.536  -54.351 0.4444444478
69683  -32.837  -3.419  -51.769 0.3333333433
68835  -33.258  -4.156  -51.309 0.2222222239
67976  -35.338  -5.272  -52.092 0.1111111119
106768  -35.442  -4.602  -52.654 0.1111111119
69703  -29.000  -4.073  -54.804 0.4444444478
69704  -29.629  -3.743  -54.807 0.4444444478
69705  -30.397  -3.497  -54.689 0.4444444478
69694  -31.286  -3.345  -53.234 0.4444444478
70514  -32.288  -2.851  -52.627 0.4444444478
122911  -33.020  -2.409  -52.607 0.2222222239
70515  -33.396  -2.913  -52.083 0.2222222239
70524  -33.873  -2.442  -52.496 0.2222222239
70516  -34.375  -3.129  -52.183 0.2222222239
72060  -32.703  -0.304  -56.154 0.1111111119
72036  -33.655  -0.927  -54.130 0.1111111119
70525  -34.846  -2.576  -52.734 0.1111111119
69690  -25.882  -3.021  -52.507 0.4444444478
69691  -27.023  -3.112  -52.998 0.4444444478
70534  -28.370  -3.473  -54.130 0.3333333433
70536  -29.663  -3.385  -55.969 0.4444444478
70538  -31.280  -2.985  -54.202 0.4444444478
70548  -29.697  -2.859  -56.608 0.3333333433
71323  -31.171  -2.659  -55.525 0.3333333433
71324  -32.423  -1.892  -54.329 0.1111111119
116052  -32.287  -2.375  -53.552 0.1111111119
71325  -33.412  -1.495  -53.704 0.1111111119
71313  -33.187  -1.952  -53.082 0.1111111119
121053  -29.128  -3.128  -54.997 0.3333333433
70537  -30.375  -3.298  -55.693 0.4444444478
71335  -30.555  -2.377  -56.877 0.2222222239
115277  -30.056  -2.937  -56.607 0.2222222239
72035  -32.705  -1.221  -54.738 0.1111111119
71346  -30.249  -2.091  -57.095 0.1111111119
71347  -30.991  -1.746  -57.088 0.1111111119
72045  -32.040  -1.167  -56.336 0.1111111119
70522  -28.087  -2.867  -53.207 0.3333333433
70513  -28.619  -2.273  -52.457 0.3333333433
70523  -28.659  -2.879  -54.179 0.3333333433
70547  -29.279  -3.179  -55.795 0.3333333433
119214  -30.032  -2.474  -57.040 0.2222222239
72057  -30.099  -1.969  -57.142 0.1111111119
72059  -31.462  -0.835  -57.146 0.1111111119
72755  -31.787  0.925  -58.263 0.1111111119
71285  -28.896  -1.670  -50.816 0.1111111119
71294  -29.411  -1.658  -51.487 0.1111111119
71302  -29.300  -1.980  -53.004 0.2222222239
71311  -29.709  -1.532  -53.607 0.2222222239
71310  -29.152  -2.514  -54.591 0.3333333433
72033  -30.215  -0.959  -54.206 0.2222222239
72043  -29.781  -1.576  -56.403 0.1111111119
72034  -30.492  -0.604  -55.361 0.1111111119
72044  -30.285  -1.305  -56.896 0.1111111119
72058  -30.714  -1.201  -57.046 0.1111111119
72069  -31.469  0.106  -57.534 0.1111111119
118379  -32.918  0.904  -57.249 0.1111111119
72742  -33.581  0.458  -56.080 0.1111111119
71295  -30.423  -1.178  -51.098 0.1111111119
72031  -31.100  -0.372  -52.624 0.1111111119
113401  -30.882  -0.192  -53.800 0.1111111119
72728  -31.135  0.297  -54.487 0.1111111119
72731  -31.408  0.880  -55.067 0.1111111119
72730  -30.741  -0.190  -56.708 0.1111111119
122131  -31.250  -0.748  -50.870 0.1111111119
72022  -30.812  -1.063  -50.160 0.1111111119
72027  -31.525  -0.286  -51.476 0.1111111119
72720  -31.700  0.282  -52.000 0.1111111119
72724  -31.479  0.345  -53.061 0.1111111119
72714  -32.102  0.133  -50.324 0.1111111119
72023  -32.096  0.198  -51.175 0.1111111119
60359  -35.061  -14.730  -49.464 0.1111111119
61183  -34.691  -13.785  -50.432 0.1111111119
60370  -35.014  -14.244  -50.101 0.1111111119
63623  -35.166  -11.353  -52.255 0.1111111119
62762  -35.543  -11.864  -52.353 0.1111111119
113850  -35.134  -10.717  -52.454 0.1111111119
118394  -35.344  -7.119  -53.195 0.1111111119
68853  -26.508  -4.137  -53.402 0.4444444478
69682  -31.967  -3.441  -52.236 0.4444444478
69684  -33.839  -3.607  -51.658 0.2222222239
69685  -34.701  -3.887  -51.899 0.1111111119
67983  -35.529  -5.337  -53.281 0.1111111119
71326  -34.458  -1.376  -53.625 0.1111111119
71312  -30.485  -0.970  -52.766 0.2222222239
72721  -32.185  0.850  -51.643 0.1111111119
119270  -36.593  -14.211  -49.171 0.1111111119
60372  -36.240  -14.429  -49.625 0.1111111119
65476  -34.904  -8.923  -51.780 0.2222222239
106095  -35.359  -6.183  -52.649 0.1111111119
70535  -29.302  -3.360  -54.923 0.4444444478
119021  -31.047  -0.945  -49.397 0.1111111119
108993  -31.521  -0.516  -49.992 0.1111111119
60360  -35.812  -15.024  -49.107 0.1111111119
102546  -34.488  -15.244  -49.186 0.1111111119
60361  -36.480  -14.915  -49.006 0.1111111119
61937  -36.442  -12.685  -49.133 0.1111111119
61194  -36.113  -13.349  -51.005 0.1111111119
61961  -36.335  -12.739  -50.998 0.1111111119
61968  -36.005  -12.156  -52.216 0.1111111119
63631  -35.992  -11.059  -53.369 0.1111111119
62771  -36.008  -11.470  -53.058 0.1111111119
64587  -35.773  -10.367  -53.433 0.1111111119
65493  -35.935  -8.970  -54.704 0.1111111119
67142  -35.503  -7.792  -54.202 0.1111111119
112902  -35.679  -7.734  -55.487 0.1111111119
104880  -35.534  -6.556  -54.141 0.1111111119
109840  -35.511  -3.728  -52.867 0.1111111119
67991  -35.864  -5.240  -54.855 0.1111111119
69701  -26.683  -3.622  -53.270 0.4444444478
69706  -35.836  -2.873  -53.816 0.1111111119
71315  -35.324  -2.026  -53.580 0.1111111119
69680  -26.184  -2.496  -51.986 0.2222222239
70512  -27.590  -2.386  -52.142 0.2222222239
116638  -34.578  -0.867  -54.032 0.1111111119
70505  -28.223  -1.931  -51.285 0.1111111119
72733  -34.460  0.143  -54.932 0.1111111119
72743  -34.824  0.552  -55.697 0.1111111119
109594  -28.038  -1.905  -50.905 0.1111111119
70496  -28.450  -2.027  -49.289 0.1111111119
120710  -30.545  -1.203  -49.359 0.1111111119
73396  -33.969  1.228  -56.880 0.1111111119
72016  -30.944  -1.064  -48.656 0.1111111119
73391  -31.334  1.290  -56.386 0.1111111119
73401  -31.218  1.829  -58.601 0.1111111119
73402  -31.620  1.966  -59.033 0.1111111119
72017  -31.437  -0.489  -48.984 0.1111111119
72706  -31.981  0.064  -49.419 0.1111111119
72725  -31.877  0.848  -52.450 0.1111111119
74064  -31.900  2.359  -53.147 0.1111111119
72715  -32.400  0.841  -50.815 0.1111111119
64575  -34.761  -9.804  -51.610 0.1111111119
68837  -35.093  -4.551  -51.885 0.1111111119
61192  -35.139  -13.593  -51.134 0.1111111119
61949  -36.400  -13.210  -50.266 0.1111111119
61960  -35.981  -12.875  -51.644 0.1111111119
64576  -35.220  -9.970  -52.820 0.1111111119
65485  -35.620  -9.055  -53.781 0.1111111119
102504  -35.877  -4.276  -53.943 0.1111111119
69695  -35.159  -3.125  -52.626 0.1111111119
72732  -33.661  -0.010  -55.060 0.1111111119
72741  -32.100  0.025  -57.439 0.1111111119
72046  -33.166  -0.519  -54.923 0.1111111119
72047  -34.067  -0.348  -54.449 0.1111111119
70526  -35.436  -2.613  -53.306 0.1111111119
71314  -34.213  -1.897  -53.054 0.2222222239
71336  -31.584  -1.882  -56.020 0.2222222239
71322  -29.238  -2.281  -55.762 0.2222222239
71334  -29.803  -2.352  -56.899 0.1111111119
72765  -31.623  1.401  -58.520 0.1111111119
71303  -30.119  -1.359  -52.192 0.1111111119
72754  -31.544  1.055  -58.188 0.1111111119
72740  -31.296  0.320  -57.521 0.1111111119
109796  -29.995  -1.390  -50.467 0.1111111119
71304  -30.857  -0.793  -51.780 0.1111111119
118308  -31.839  1.261  -53.606 0.1111111119
121844  -31.796  -0.290  -50.779 0.1111111119
109509  -35.128  -15.369  -48.998 0.1111111119
61175  -36.504  -13.697  -49.626 0.1111111119
72037  -35.498  -1.320  -54.098 0.1111111119
116688  -31.706  1.641  -54.820 0.1111111119
104077  -32.304  1.554  -51.350 0.1111111119
112924  -35.560  -9.681  -53.417 0.1111111119
66315  -35.617  -8.555  -54.242 0.1111111119
72048  -35.258  -0.494  -54.420 0.1111111119
70495  -27.661  -2.485  -49.478 0.1111111119
121676  -29.296  -1.652  -49.482 0.1111111119
112622  -31.175  1.886  -57.865 0.1111111119
73383  -32.032  1.499  -52.303 0.1111111119
46695  -21.720  -29.753  -40.752 0.2222222239
57808  -20.842  -17.403  -45.942 0.2222222239
55095  -20.289  -19.862  -45.152 0.3333333433
56956  -21.312  -18.041  -46.408 0.3333333433
58668  -20.936  -16.591  -46.269 0.3333333433
68852  -25.779  -4.364  -53.088 0.3333333433
67981  -25.303  -4.824  -52.695 0.2222222239
68830  -25.784  -3.442  -52.263 0.1111111119
69679  -25.839  -2.819  -51.961 0.1111111119
66288  -22.842  -6.778  -50.852 0.2222222239
66287  -22.540  -6.652  -50.539 0.1111111119
56947  -20.647  -18.314  -45.606 0.2222222239
67118  -24.558  -5.872  -52.388 0.1111111119
67960  -26.605  -5.749  -51.720 0.1111111119
68818  -25.720  -2.989  -51.855 0.1111111119
67959  -24.843  -5.524  -52.520 0.1111111119
55089  -19.873  -20.409  -44.484 0.2222222239
56068  -20.180  -18.948  -44.886 0.2222222239
61914  -20.258  -12.250  -47.374 0.2222222239
67972  -25.347  -4.856  -52.693 0.1111111119
112442  -20.248  -13.004  -46.940 0.1111111119
62702  -20.022  -11.337  -47.448 0.3333333433
68829  -25.576  -4.141  -52.585 0.3333333433
68817  -25.410  -3.739  -52.507 0.1111111119
56095  -32.027  -20.273  -49.499 0.1111111119
103688  -22.565  -30.219  -40.664 0.1111111119
105914  -20.256  -29.714  -40.104 0.1111111119
46694  -20.854  -29.334  -40.746 0.1111111119
109196  -20.435  -28.756  -41.025 0.1111111119
48515  -20.030  -27.473  -41.621 0.1111111119
112127  -20.674  -15.831  -46.190 0.1111111119
58654  -20.753  -16.808  -45.861 0.1111111119
64525  -19.838  -9.007  -48.310 0.2222222239
64541  -20.291  -8.044  -48.665 0.2222222239
66256  -19.522  -6.901  -47.898 0.2222222239
105471  -20.076  -6.533  -47.551 0.2222222239
46693  -19.966  -29.035  -40.601 0.1111111119
116994  -21.792  -30.221  -40.230 0.1111111119
45723  -23.545  -30.459  -40.724 0.1111111119
46681  -19.432  -29.294  -39.961 0.1111111119
48514  -19.272  -27.371  -40.944 0.1111111119
49426  -19.311  -26.600  -41.412 0.1111111119
49438  -19.368  -25.864  -42.075 0.1111111119
115879  -19.896  -25.572  -42.552 0.1111111119
51226  -19.593  -24.382  -42.528 0.1111111119
55073  -19.785  -21.036  -43.654 0.1111111119
56059  -19.667  -19.469  -44.261 0.1111111119
64498  -19.375  -8.469  -46.683 0.2222222239
65417  -20.581  -6.990  -47.588 0.2222222239
65429  -21.824  -6.753  -48.588 0.1111111119
45709  -21.342  -30.566  -39.669 0.1111111119
66258  -21.000  -6.445  -48.440 0.2222222239
101632  -21.625  -7.031  -49.560 0.1111111119
64526  -19.690  -9.748  -47.894 0.2222222239
59531  -20.616  -15.054  -46.377 0.1111111119
50322  -19.324  -25.087  -42.356 0.1111111119
119772  -19.464  -23.882  -42.176 0.1111111119
52147  -19.838  -23.630  -42.656 0.1111111119
46715  -20.986  -28.831  -41.247 0.1111111119
57797  -20.580  -17.647  -45.368 0.1111111119
107192  -19.646  -19.884  -43.455 0.1111111119
45722  -21.071  -30.012  -40.180 0.1111111119
45708  -20.500  -30.403  -39.630 0.1111111119
47602  -19.248  -28.527  -40.304 0.1111111119
47619  -19.786  -28.235  -40.985 0.1111111119
55058  -19.824  -20.394  -42.928 0.1111111119
65401  -19.781  -7.777  -46.777 0.1111111119
111582  -19.078  -27.883  -40.534 0.1111111119
66260  -22.532  -6.711  -49.252 0.1111111119
66289  -23.669  -6.814  -51.774 0.1111111119
66274  -23.511  -6.520  -50.302 0.1111111119
67117  -24.181  -6.087  -52.148 0.1111111119
50342  -26.127  -26.501  -45.438 0.3333333433
56083  -28.381  -19.920  -47.261 0.4444444478
60368  -26.067  -14.928  -50.017 1.0000000000
61181  -27.704  -13.339  -49.772 0.8888888955
61946  -29.796  -11.817  -48.499 0.7777777910
61966  -25.788  -12.250  -51.622 1.0000000000
62750  -28.671  -11.551  -49.772 0.7777777910
62763  -35.883  -11.694  -52.679 0.1111111119
62764  -36.228  -11.619  -52.558 0.1111111119
63624  -35.608  -11.363  -52.920 0.1111111119
64497  -18.711  -8.050  -46.936 0.2222222239
64510  -19.147  -8.517  -47.422 0.2222222239
64511  -19.035  -9.097  -46.933 0.2222222239
64550  -33.776  -9.532  -49.745 0.5555555820
64573  -27.296  -9.733  -52.476 0.8888888955
64585  -26.207  -9.437  -52.807 0.7777777910
65399  -18.888  -7.433  -47.092 0.2222222239
65400  -19.246  -7.468  -46.792 0.1111111119
65416  -19.235  -7.659  -47.524 0.2222222239
65428  -19.347  -8.117  -48.004 0.2222222239
65440  -20.865  -7.652  -49.216 0.4444444478
65491  -25.862  -7.742  -53.176 0.5555555820
66243  -19.384  -6.821  -47.350 0.2222222239
66244  -19.809  -6.944  -47.053 0.2222222239
66257  -19.967  -6.344  -48.105 0.2222222239
66259  -22.074  -6.504  -49.198 0.1111111119
66271  -21.014  -7.106  -49.240 0.2222222239
66272  -22.182  -6.909  -50.058 0.1111111119
66325  -35.815  -8.507  -55.203 0.1111111119
67106  -22.459  -6.715  -50.415 0.1111111119
67109  -31.875  -6.419  -49.644 0.5555555820
67967  -34.155  -5.534  -50.822 0.5555555820
113430  -35.527  -10.789  -53.174 0.1111111119
113824  -33.333  -7.284  -49.621 0.4444444478
118488  -28.456  -7.568  -52.543 0.6666666865
121510  -27.101  -12.453  -50.974 0.8888888955
