#!ascii label  , from subject sub-v2s9x29176_ses-1 vox2ras=TkReg
498
4282  -32.053  -78.621  -34.704 0.0000000000
6972  -23.969  -74.322  -37.161 0.0000000000
7607  -29.455  -73.335  -31.504 0.0000000000
112378  -28.522  -77.675  -37.365 0.0000000000
107256  -24.496  -70.429  -31.156 0.0000000000
117580  -34.997  -75.805  -29.943 0.0000000000
9828  -31.389  -69.703  -31.057 0.0000000000
10557  -31.643  -70.173  -27.718 0.0000000000
10584  -26.980  -69.958  -28.829 0.0000000000
7593  -25.952  -73.160  -30.851 0.0000000000
11400  -25.130  -68.393  -28.811 0.0000000000
8340  -33.110  -71.240  -31.658 0.0000000000
7582  -30.710  -72.859  -29.400 0.0000000000
10561  -35.116  -69.545  -26.961 0.0000000000
13100  -33.200  -67.143  -27.636 0.0000000000
120452  -28.994  -79.514  -35.854 0.0000000000
4971  -24.841  -76.830  -36.769 0.0000000000
3687  -27.418  -79.612  -40.631 0.0000000000
5021  -24.221  -77.856  -39.388 0.0000000000
6284  -31.953  -75.962  -33.545 0.0000000000
4978  -32.125  -78.070  -36.969 0.0000000000
6279  -25.833  -75.723  -33.423 0.0000000000
116366  -24.147  -72.984  -34.341 0.0000000000
108699  -33.336  -73.428  -32.426 0.0000000000
9064  -30.482  -70.462  -31.321 0.0000000000
11403  -28.854  -68.354  -28.865 0.0000000000
8309  -29.132  -72.153  -27.771 0.0000000000
9806  -31.670  -69.858  -29.687 0.0000000000
12268  -31.178  -67.374  -29.107 0.0000000000
14733  -29.853  -64.575  -26.156 0.0000000000
3026  -29.878  -80.095  -39.097 0.0000000000
11496  -28.502  -68.599  -35.538 0.0000000000
8415  -26.100  -72.842  -37.304 0.0000000000
7718  -26.577  -73.604  -40.340 0.0000000000
11387  -27.113  -67.945  -27.814 0.0000000000
10583  -25.810  -69.799  -28.979 0.0000000000
3624  -30.837  -79.096  -35.413 0.0000000000
5681  -24.177  -76.269  -36.859 0.0000000000
5007  -24.895  -77.761  -38.261 0.0000000000
5711  -23.925  -76.654  -38.188 0.0000000000
5725  -23.621  -76.752  -39.615 0.0000000000
6981  -24.152  -74.635  -38.590 0.0000000000
6937  -30.410  -74.852  -32.251 0.0000000000
6935  -28.443  -74.921  -31.963 0.0000000000
8345  -25.219  -73.126  -31.277 0.0000000000
6933  -26.499  -74.779  -32.005 0.0000000000
6932  -24.663  -74.153  -32.357 0.0000000000
6277  -24.518  -75.174  -33.702 0.0000000000
8355  -24.331  -72.606  -32.406 0.0000000000
5618  -34.625  -76.221  -32.857 0.0000000000
109385  -34.938  -74.733  -31.963 0.0000000000
8339  -32.477  -70.714  -31.455 0.0000000000
9073  -32.257  -70.447  -32.086 0.0000000000
103625  -30.978  -69.795  -31.285 0.0000000000
109395  -29.429  -69.936  -30.195 0.0000000000
9818  -30.142  -69.185  -30.312 0.0000000000
108177  -30.393  -70.774  -27.895 0.0000000000
9804  -30.211  -71.222  -28.412 0.0000000000
10574  -31.987  -69.749  -28.906 0.0000000000
13078  -32.485  -66.321  -27.173 0.0000000000
13099  -32.404  -66.993  -28.010 0.0000000000
13917  -31.586  -65.908  -27.164 0.0000000000
13097  -30.335  -66.375  -27.675 0.0000000000
4976  -30.215  -77.576  -37.188 0.0000000000
4316  -31.306  -78.928  -38.451 0.0000000000
4315  -30.131  -78.432  -38.862 0.0000000000
3059  -27.616  -80.495  -40.812 0.0000000000
12356  -29.568  -67.667  -35.832 0.0000000000
9892  -27.742  -70.639  -35.944 0.0000000000
7673  -28.281  -73.102  -38.530 0.0000000000
9062  -28.011  -71.734  -30.113 0.0000000000
7605  -27.465  -73.779  -31.084 0.0000000000
9053  -26.390  -71.283  -29.597 0.0000000000
9825  -25.038  -70.999  -30.097 0.0000000000
10592  -24.533  -69.252  -30.187 0.0000000000
6916  -34.494  -74.078  -30.611 0.0000000000
7596  -32.216  -72.445  -30.555 0.0000000000
9056  -31.781  -70.000  -31.018 0.0000000000
10559  -34.000  -69.809  -27.362 0.0000000000
11407  -33.211  -68.972  -28.739 0.0000000000
12256  -34.661  -68.819  -27.602 0.0000000000
13079  -33.459  -66.568  -26.853 0.0000000000
13886  -33.557  -65.074  -25.376 0.0000000000
4973  -26.934  -77.411  -36.659 0.0000000000
4335  -28.203  -78.569  -39.161 0.0000000000
4312  -26.283  -78.065  -38.023 0.0000000000
4352  -25.378  -78.792  -39.517 0.0000000000
3705  -24.796  -79.637  -41.031 0.0000000000
4369  -23.820  -78.480  -40.765 0.0000000000
5752  -23.544  -76.887  -41.016 0.0000000000
122835  -24.295  -75.804  -41.975 0.0000000000
5651  -33.226  -77.280  -34.814 0.0000000000
4288  -32.221  -78.696  -36.240 0.0000000000
5668  -30.873  -77.017  -35.648 0.0000000000
5666  -28.848  -76.836  -35.411 0.0000000000
6934  -27.478  -74.897  -31.944 0.0000000000
5625  -27.851  -76.167  -33.892 0.0000000000
5664  -26.859  -76.726  -35.287 0.0000000000
108243  -25.862  -76.587  -35.295 0.0000000000
5662  -24.286  -75.604  -35.386 0.0000000000
6956  -23.885  -74.130  -35.563 0.0000000000
5631  -34.129  -76.862  -33.893 0.0000000000
6268  -32.269  -75.430  -32.881 0.0000000000
7614  -31.025  -73.813  -32.118 0.0000000000
8351  -33.641  -71.857  -32.160 0.0000000000
7609  -31.663  -72.360  -32.306 0.0000000000
8347  -30.136  -72.074  -31.604 0.0000000000
9055  -28.532  -70.793  -30.016 0.0000000000
10573  -28.407  -68.906  -28.944 0.0000000000
12252  -28.010  -67.445  -27.704 0.0000000000
118617  -30.020  -73.349  -28.452 0.0000000000
9044  -30.964  -71.022  -29.640 0.0000000000
9820  -31.642  -69.326  -30.737 0.0000000000
11406  -32.625  -68.709  -29.231 0.0000000000
11421  -32.171  -68.268  -29.668 0.0000000000
11419  -31.165  -68.441  -30.202 0.0000000000
113095  -30.446  -67.284  -28.783 0.0000000000
13096  -29.462  -66.452  -27.547 0.0000000000
3646  -31.506  -79.297  -37.195 0.0000000000
3654  -29.578  -80.134  -37.657 0.0000000000
3689  -29.252  -79.553  -40.113 0.0000000000
2435  -27.674  -81.350  -38.919 0.0000000000
9087  -24.580  -71.255  -33.237 0.0000000000
8375  -24.618  -72.121  -34.540 0.0000000000
8398  -24.797  -72.777  -36.034 0.0000000000
117020  -26.146  -72.000  -36.210 0.0000000000
115655  -24.865  -73.501  -37.537 0.0000000000
7691  -24.701  -74.228  -39.231 0.0000000000
7000  -25.306  -74.373  -40.701 0.0000000000
12251  -26.753  -67.318  -27.501 0.0000000000
12265  -26.150  -67.845  -27.943 0.0000000000
4281  -30.038  -78.852  -34.555 0.0000000000
109979  -31.072  -78.753  -34.590 0.0000000000
6309  -23.634  -75.407  -37.085 0.0000000000
5680  -23.712  -76.076  -37.518 0.0000000000
6323  -23.584  -75.519  -37.771 0.0000000000
6334  -23.534  -75.988  -38.395 0.0000000000
6971  -23.721  -74.825  -37.650 0.0000000000
6928  -29.923  -74.106  -31.814 0.0000000000
6936  -29.403  -74.896  -32.066 0.0000000000
6927  -28.930  -74.291  -31.603 0.0000000000
105207  -24.573  -71.434  -31.174 0.0000000000
8344  -24.721  -72.359  -31.342 0.0000000000
120880  -24.503  -72.580  -31.834 0.0000000000
9833  -24.460  -71.122  -31.825 0.0000000000
4884  -33.225  -77.006  -29.675 0.0000000000
122779  -34.556  -76.225  -30.480 0.0000000000
5614  -34.964  -75.911  -32.026 0.0000000000
5602  -34.971  -75.671  -30.927 0.0000000000
9065  -31.625  -70.162  -31.342 0.0000000000
9827  -30.722  -69.655  -31.002 0.0000000000
103236  -30.932  -68.856  -30.536 0.0000000000
10546  -32.206  -69.942  -27.096 0.0000000000
10545  -31.157  -69.795  -26.917 0.0000000000
9794  -30.650  -70.271  -27.301 0.0000000000
9785  -29.542  -70.376  -26.991 0.0000000000
9795  -31.300  -70.374  -28.444 0.0000000000
103746  -32.122  -65.390  -26.487 0.0000000000
13904  -31.168  -65.253  -26.633 0.0000000000
14735  -31.522  -64.675  -26.017 0.0000000000
4975  -28.973  -77.459  -36.848 0.0000000000
4993  -29.635  -77.842  -37.842 0.0000000000
9126  -28.697  -71.180  -36.855 0.0000000000
8433  -27.879  -72.809  -37.881 0.0000000000
8434  -28.819  -72.758  -38.168 0.0000000000
9817  -27.257  -70.744  -29.371 0.0000000000
9061  -26.793  -71.957  -29.911 0.0000000000
10570  -25.467  -69.051  -28.822 0.0000000000
9815  -25.223  -70.307  -29.587 0.0000000000
10582  -25.099  -69.485  -29.310 0.0000000000
119112  -24.788  -70.406  -30.078 0.0000000000
10581  -24.722  -69.054  -29.595 0.0000000000
8330  -31.590  -71.984  -30.332 0.0000000000
8329  -31.297  -71.326  -30.186 0.0000000000
119489  -34.104  -69.939  -27.002 0.0000000000
113070  -34.470  -69.543  -27.381 0.0000000000
11388  -33.933  -69.183  -28.094 0.0000000000
13905  -33.763  -65.907  -26.031 0.0000000000
3012  -27.963  -80.195  -36.467 0.0000000000
4972  -25.803  -77.302  -36.792 0.0000000000
4991  -26.611  -77.728  -37.373 0.0000000000
113610  -25.806  -77.685  -37.494 0.0000000000
5006  -24.234  -77.367  -38.747 0.0000000000
4332  -24.767  -78.125  -38.999 0.0000000000
4351  -24.534  -78.478  -39.736 0.0000000000
4370  -24.297  -78.824  -40.495 0.0000000000
6361  -23.624  -76.453  -40.124 0.0000000000
6373  -23.824  -76.054  -40.777 0.0000000000
5753  -23.860  -76.275  -41.580 0.0000000000
6374  -24.344  -75.566  -41.383 0.0000000000
5629  -32.781  -76.548  -34.356 0.0000000000
5670  -32.743  -77.622  -35.550 0.0000000000
5667  -29.831  -76.897  -35.538 0.0000000000
5648  -29.278  -76.569  -34.746 0.0000000000
7594  -26.910  -73.200  -30.673 0.0000000000
6926  -27.956  -74.369  -31.505 0.0000000000
6925  -27.004  -74.342  -31.483 0.0000000000
108510  -26.579  -75.652  -33.079 0.0000000000
5624  -26.756  -76.072  -33.809 0.0000000000
5646  -27.339  -76.455  -34.587 0.0000000000
5645  -26.350  -76.378  -34.602 0.0000000000
7622  -24.038  -73.844  -33.543 0.0000000000
6290  -24.383  -75.320  -34.428 0.0000000000
6952  -23.921  -73.962  -34.599 0.0000000000
102623  -23.982  -74.772  -34.966 0.0000000000
6940  -33.664  -74.447  -32.463 0.0000000000
6269  -33.670  -75.415  -32.926 0.0000000000
6939  -32.767  -74.588  -32.541 0.0000000000
6938  -31.550  -74.778  -32.419 0.0000000000
7615  -32.301  -73.340  -32.424 0.0000000000
108662  -33.813  -73.361  -30.928 0.0000000000
7610  -34.129  -73.186  -31.810 0.0000000000
8350  -33.384  -71.277  -32.170 0.0000000000
9072  -31.017  -70.803  -31.776 0.0000000000
8349  -32.374  -71.149  -32.402 0.0000000000
8348  -31.352  -71.398  -32.106 0.0000000000
8337  -29.735  -71.479  -31.256 0.0000000000
9063  -29.218  -71.139  -30.745 0.0000000000
11417  -29.354  -68.737  -29.481 0.0000000000
10585  -28.908  -69.389  -29.592 0.0000000000
11402  -27.937  -68.312  -28.294 0.0000000000
12266  -28.905  -67.791  -28.449 0.0000000000
7549  -29.506  -72.702  -28.167 0.0000000000
9805  -31.114  -70.549  -29.129 0.0000000000
9819  -31.677  -69.830  -30.549 0.0000000000
114516  -31.929  -69.331  -29.984 0.0000000000
12271  -33.343  -68.391  -28.514 0.0000000000
12254  -32.970  -67.661  -28.361 0.0000000000
13114  -31.674  -67.000  -28.461 0.0000000000
12269  -31.964  -67.613  -29.273 0.0000000000
12280  -31.517  -67.952  -29.803 0.0000000000
11405  -30.561  -67.810  -29.481 0.0000000000
13903  -30.289  -65.217  -26.654 0.0000000000
13915  -29.868  -65.815  -27.112 0.0000000000
13914  -28.940  -65.917  -26.982 0.0000000000
4300  -32.468  -78.210  -36.417 0.0000000000
3635  -31.651  -79.165  -36.294 0.0000000000
3647  -31.973  -79.000  -36.963 0.0000000000
3670  -30.341  -79.539  -39.179 0.0000000000
3655  -30.375  -79.826  -38.422 0.0000000000
3025  -29.177  -80.430  -38.402 0.0000000000
3013  -28.543  -80.389  -37.315 0.0000000000
3033  -28.277  -80.944  -38.712 0.0000000000
4354  -27.828  -79.037  -39.972 0.0000000000
4355  -29.019  -79.103  -40.106 0.0000000000
3688  -28.443  -79.643  -40.519 0.0000000000
108575  -26.611  -81.811  -39.601 0.0000000000
2451  -28.151  -80.718  -40.326 0.0000000000
9839  -24.570  -70.747  -32.716 0.0000000000
10614  -25.125  -69.081  -33.119 0.0000000000
9861  -25.627  -70.755  -34.514 0.0000000000
8384  -24.667  -72.434  -35.214 0.0000000000
8385  -25.338  -71.582  -35.037 0.0000000000
8401  -27.426  -72.020  -36.791 0.0000000000
104606  -26.870  -71.668  -36.263 0.0000000000
8400  -26.579  -72.283  -36.711 0.0000000000
8399  -25.657  -72.500  -36.513 0.0000000000
7657  -25.447  -73.248  -37.598 0.0000000000
107151  -25.227  -73.530  -38.101 0.0000000000
7658  -26.012  -73.247  -38.073 0.0000000000
7694  -27.176  -73.325  -39.638 0.0000000000
7693  -26.177  -73.477  -39.535 0.0000000000
7001  -26.114  -74.110  -40.954 0.0000000000
11401  -26.738  -68.503  -28.178 0.0000000000
10571  -26.309  -69.174  -28.552 0.0000000000
107411  -25.773  -68.446  -28.412 0.0000000000
12264  -25.233  -67.635  -28.397 0.0000000000
12235  -35.726  -68.425  -26.598 0.0000000000
12217  -36.172  -67.856  -26.071 0.0000000000
3623  -29.679  -79.234  -35.429 0.0000000000
4989  -25.032  -77.407  -37.491 0.0000000000
5698  -24.341  -76.763  -37.463 0.0000000000
5020  -23.818  -77.321  -39.482 0.0000000000
5710  -23.719  -76.680  -38.965 0.0000000000
6347  -23.601  -76.166  -39.309 0.0000000000
6989  -24.304  -74.823  -39.500 0.0000000000
6267  -30.985  -75.525  -32.849 0.0000000000
6266  -29.870  -75.428  -32.650 0.0000000000
6265  -28.908  -75.385  -32.565 0.0000000000
8333  -25.338  -72.449  -30.739 0.0000000000
6924  -26.077  -74.175  -31.572 0.0000000000
6923  -25.527  -74.535  -32.099 0.0000000000
6948  -25.018  -74.853  -32.604 0.0000000000
6278  -25.017  -75.327  -33.159 0.0000000000
120212  -24.254  -74.078  -32.886 0.0000000000
102973  -24.161  -72.909  -33.324 0.0000000000
6270  -34.896  -75.512  -32.285 0.0000000000
113864  -33.988  -73.795  -32.222 0.0000000000
9067  -33.080  -70.826  -32.194 0.0000000000
9066  -32.692  -70.517  -32.038 0.0000000000
9826  -29.963  -70.266  -30.883 0.0000000000
11404  -29.607  -68.090  -29.177 0.0000000000
8308  -28.918  -71.558  -27.379 0.0000000000
9035  -29.447  -71.594  -27.899 0.0000000000
123039  -31.854  -66.508  -27.706 0.0000000000
13098  -31.164  -66.408  -27.743 0.0000000000
13113  -30.792  -66.866  -28.358 0.0000000000
13916  -30.737  -65.791  -27.183 0.0000000000
14734  -30.711  -64.697  -26.209 0.0000000000
4977  -31.401  -77.866  -37.296 0.0000000000
4317  -31.716  -78.501  -37.673 0.0000000000
4994  -31.008  -78.294  -38.250 0.0000000000
113672  -30.821  -78.809  -38.981 0.0000000000
3690  -30.049  -79.242  -39.661 0.0000000000
3708  -27.982  -79.986  -40.852 0.0000000000
11497  -29.181  -68.390  -35.910 0.0000000000
10662  -28.849  -69.029  -35.967 0.0000000000
9881  -28.061  -70.039  -35.825 0.0000000000
9893  -28.380  -70.577  -36.316 0.0000000000
9125  -27.780  -71.283  -36.395 0.0000000000
8416  -27.132  -72.551  -37.316 0.0000000000
8432  -26.893  -73.040  -37.954 0.0000000000
7672  -27.504  -73.185  -38.635 0.0000000000
7595  -27.980  -73.079  -30.731 0.0000000000
7606  -28.453  -73.639  -31.224 0.0000000000
8334  -26.254  -72.546  -30.387 0.0000000000
9816  -26.145  -70.564  -29.271 0.0000000000
9052  -25.586  -70.999  -29.709 0.0000000000
9060  -25.625  -71.725  -30.126 0.0000000000
9059  -24.881  -71.646  -30.649 0.0000000000
9824  -24.697  -70.842  -30.559 0.0000000000
105089  -24.592  -70.046  -30.416 0.0000000000
6247  -35.144  -75.202  -30.406 0.0000000000
7597  -33.044  -72.875  -30.809 0.0000000000
7584  -32.229  -73.606  -30.088 0.0000000000
8338  -32.065  -70.320  -31.329 0.0000000000
103219  -33.323  -69.921  -27.185 0.0000000000
10558  -32.535  -69.877  -27.800 0.0000000000
10576  -33.327  -69.666  -27.923 0.0000000000
12255  -33.795  -68.081  -28.066 0.0000000000
12234  -34.976  -67.990  -27.012 0.0000000000
12233  -34.117  -67.508  -27.344 0.0000000000
103072  -32.932  -65.855  -26.484 0.0000000000
14717  -32.774  -64.531  -25.336 0.0000000000
4974  -27.945  -77.398  -36.683 0.0000000000
4314  -28.664  -78.129  -38.275 0.0000000000
4992  -27.635  -77.719  -37.378 0.0000000000
4313  -27.350  -78.123  -38.120 0.0000000000
4334  -26.945  -78.548  -38.855 0.0000000000
4353  -26.548  -78.963  -39.644 0.0000000000
3706  -25.850  -79.838  -40.963 0.0000000000
5040  -23.562  -77.205  -40.163 0.0000000000
103049  -23.557  -77.786  -40.814 0.0000000000
5060  -23.518  -77.618  -41.713 0.0000000000
5762  -23.582  -76.895  -42.068 0.0000000000
5763  -23.960  -76.299  -42.394 0.0000000000
4269  -32.883  -78.216  -34.886 0.0000000000
113795  -32.408  -78.555  -35.448 0.0000000000
4289  -32.691  -78.210  -35.750 0.0000000000
117646  -32.789  -77.967  -35.913 0.0000000000
4957  -32.436  -77.827  -36.244 0.0000000000
4956  -31.657  -77.548  -36.439 0.0000000000
4955  -30.555  -77.314  -36.388 0.0000000000
4954  -29.440  -77.195  -36.206 0.0000000000
4953  -28.407  -77.123  -36.040 0.0000000000
6263  -26.973  -75.330  -32.503 0.0000000000
5647  -28.323  -76.497  -34.658 0.0000000000
5665  -27.857  -76.754  -35.330 0.0000000000
4952  -27.383  -77.096  -35.969 0.0000000000
5683  -26.360  -76.987  -35.995 0.0000000000
5682  -25.358  -76.736  -36.034 0.0000000000
6291  -25.041  -75.721  -33.980 0.0000000000
5663  -24.951  -76.285  -35.319 0.0000000000
101984  -24.564  -76.254  -36.109 0.0000000000
6299  -23.755  -74.919  -35.982 0.0000000000
6964  -23.898  -74.223  -36.457 0.0000000000
4939  -33.320  -77.549  -34.572 0.0000000000
4940  -33.758  -77.149  -34.286 0.0000000000
5630  -33.718  -76.774  -34.201 0.0000000000
6287  -34.356  -76.509  -33.348 0.0000000000
6286  -34.073  -76.349  -33.544 0.0000000000
6929  -34.792  -74.253  -31.545 0.0000000000
6941  -34.402  -73.899  -31.989 0.0000000000
7616  -33.759  -72.684  -32.198 0.0000000000
9075  -33.263  -71.107  -32.271 0.0000000000
8356  -33.046  -71.279  -32.457 0.0000000000
111095  -32.568  -71.959  -32.498 0.0000000000
7608  -30.530  -72.895  -31.850 0.0000000000
8346  -29.023  -72.656  -31.149 0.0000000000
8336  -28.552  -72.149  -30.672 0.0000000000
102446  -28.197  -70.077  -29.469 0.0000000000
10572  -27.344  -69.097  -28.540 0.0000000000
9043  -29.815  -71.924  -28.492 0.0000000000
8319  -30.282  -72.312  -29.041 0.0000000000
10575  -32.674  -69.361  -28.715 0.0000000000
10588  -32.171  -68.933  -29.717 0.0000000000
12270  -32.698  -68.083  -29.042 0.0000000000
10587  -31.783  -69.059  -30.426 0.0000000000
10586  -31.509  -69.022  -30.587 0.0000000000
10593  -31.231  -69.298  -30.895 0.0000000000
11418  -30.280  -68.527  -29.893 0.0000000000
12267  -29.770  -67.492  -28.694 0.0000000000
13112  -29.982  -66.923  -28.191 0.0000000000
12253  -29.122  -67.109  -27.995 0.0000000000
13095  -28.498  -66.612  -27.351 0.0000000000
3634  -30.715  -79.427  -36.305 0.0000000000
116104  -29.759  -79.564  -36.291 0.0000000000
113837  -31.300  -79.357  -38.086 0.0000000000
3645  -30.467  -79.710  -37.302 0.0000000000
3644  -29.020  -79.859  -36.667 0.0000000000
4356  -29.740  -79.105  -39.886 0.0000000000
3045  -29.704  -79.846  -39.694 0.0000000000
3060  -28.477  -80.074  -40.602 0.0000000000
3044  -28.969  -80.239  -40.121 0.0000000000
3034  -29.143  -80.435  -39.354 0.0000000000
13093  -25.502  -66.221  -27.526 0.0000000000
11431  -24.532  -68.484  -29.886 0.0000000000
10601  -24.473  -69.473  -30.918 0.0000000000
111695  -24.511  -69.637  -31.638 0.0000000000
102303  -24.537  -70.184  -32.108 0.0000000000
8363  -24.357  -72.036  -33.221 0.0000000000
8374  -24.376  -72.305  -33.895 0.0000000000
9850  -25.077  -70.486  -33.659 0.0000000000
9097  -24.811  -71.468  -34.049 0.0000000000
7637  -24.195  -73.300  -35.323 0.0000000000
7646  -24.280  -73.514  -36.238 0.0000000000
9880  -27.395  -70.268  -35.517 0.0000000000
9109  -27.020  -70.963  -35.755 0.0000000000
9124  -26.183  -71.521  -35.717 0.0000000000
108541  -25.441  -72.118  -35.799 0.0000000000
7647  -25.006  -73.097  -36.939 0.0000000000
108419  -24.362  -73.748  -37.052 0.0000000000
7656  -24.431  -74.048  -37.839 0.0000000000
7669  -24.884  -73.875  -38.679 0.0000000000
6990  -24.920  -74.208  -39.946 0.0000000000
6999  -24.555  -74.845  -40.356 0.0000000000
7011  -24.907  -74.890  -41.242 0.0000000000
2436  -28.369  -80.867  -39.605 0.0000000000
2450  -27.540  -81.355  -39.632 0.0000000000
2467  -27.283  -81.237  -40.403 0.0000000000
3656  -30.910  -79.306  -38.714 0.0000000000
3657  -31.843  -78.967  -37.694 0.0000000000
4267  -31.342  -78.478  -33.815 0.0000000000
4299  -32.140  -78.596  -37.053 0.0000000000
4336  -29.486  -78.711  -39.502 0.0000000000
4337  -30.298  -78.933  -39.511 0.0000000000
4338  -30.709  -79.063  -39.160 0.0000000000
4916  -34.248  -76.783  -33.448 0.0000000000
4925  -33.899  -77.245  -34.009 0.0000000000
4958  -33.038  -77.844  -35.323 0.0000000000
5601  -34.288  -76.499  -29.721 0.0000000000
5613  -33.773  -76.747  -30.540 0.0000000000
5643  -24.760  -75.857  -34.724 0.0000000000
5644  -25.431  -76.181  -34.646 0.0000000000
6258  -35.156  -75.111  -31.460 0.0000000000
6280  -27.429  -75.739  -33.166 0.0000000000
6282  -29.327  -75.834  -33.331 0.0000000000
6285  -33.173  -76.051  -33.666 0.0000000000
6310  -23.941  -75.672  -36.391 0.0000000000
6335  -23.763  -75.447  -38.968 0.0000000000
6362  -23.928  -75.610  -39.948 0.0000000000
6917  -35.068  -74.562  -30.869 0.0000000000
6947  -24.418  -74.640  -33.131 0.0000000000
6963  -23.685  -74.799  -36.806 0.0000000000
7598  -34.184  -73.432  -31.346 0.0000000000
7599  -34.637  -73.922  -31.272 0.0000000000
7602  -24.607  -73.218  -31.884 0.0000000000
7603  -25.220  -73.855  -31.677 0.0000000000
7604  -26.524  -73.739  -31.138 0.0000000000
7692  -25.345  -73.785  -39.402 0.0000000000
7717  -25.717  -73.815  -40.171 0.0000000000
8335  -27.411  -72.506  -30.334 0.0000000000
8341  -33.692  -72.356  -31.709 0.0000000000
8357  -33.379  -71.628  -32.312 0.0000000000
8417  -28.507  -72.302  -37.561 0.0000000000
9054  -27.392  -71.365  -29.701 0.0000000000
9071  -24.444  -72.010  -31.796 0.0000000000
9074  -32.912  -70.733  -32.241 0.0000000000
9080  -24.404  -71.664  -32.478 0.0000000000
9793  -29.483  -71.065  -27.555 0.0000000000
9814  -24.729  -69.774  -29.834 0.0000000000
9878  -26.234  -70.907  -35.194 0.0000000000
9879  -26.817  -70.450  -35.267 0.0000000000
10625  -24.841  -69.867  -32.984 0.0000000000
10626  -25.448  -69.577  -33.630 0.0000000000
10661  -28.299  -69.323  -35.677 0.0000000000
11375  -35.332  -68.973  -27.060 0.0000000000
11416  -24.767  -68.413  -29.290 0.0000000000
11420  -31.754  -68.629  -30.174 0.0000000000
12279  -24.591  -67.766  -29.476 0.0000000000
13115  -32.342  -67.429  -28.686 0.0000000000
13885  -32.885  -65.256  -25.901 0.0000000000
102506  -32.329  -70.271  -31.898 0.0000000000
103472  -31.798  -78.889  -35.455 0.0000000000
104764  -27.981  -69.506  -29.032 0.0000000000
104850  -29.057  -72.857  -27.461 0.0000000000
107627  -33.156  -72.211  -32.507 0.0000000000
109226  -34.462  -74.844  -32.370 0.0000000000
110185  -24.097  -74.645  -34.028 0.0000000000
111996  -34.581  -75.892  -32.972 0.0000000000
112292  -24.265  -73.502  -32.699 0.0000000000
116045  -24.458  -77.217  -38.008 0.0000000000
116957  -24.318  -75.376  -40.754 0.0000000000
117343  -23.652  -75.297  -38.247 0.0000000000
118113  -24.994  -68.888  -29.140 0.0000000000
118958  -25.783  -73.627  -31.283 0.0000000000
120802  -23.801  -75.887  -36.952 0.0000000000
121090  -23.686  -75.178  -36.555 0.0000000000
