#!ascii label  , from subject sub-v2s9x29176_ses-1 vox2ras=TkReg
1008
120013  33.201  -20.917  17.909 0.0000000000
61618  37.336  -2.996  -1.452 0.0000000000
52248  32.851  -13.321  6.841 0.0000000000
35584  16.784  -30.842  25.052 0.0000000000
46892  25.059  -18.758  19.712 0.0000000000
56956  31.300  -8.093  5.654 0.0000000000
39390  21.858  -26.610  21.435 0.0000000000
35599  21.887  -30.997  24.117 0.0000000000
41097  23.945  -24.173  19.553 0.0000000000
63396  41.581  -1.656  -1.610 0.0000000000
48013  31.352  -17.596  17.020 0.0000000000
107423  33.183  -16.737  14.226 0.0000000000
46905  35.775  -18.329  17.493 0.0000000000
67265  38.902  2.092  -3.416 0.0000000000
65402  42.337  0.791  -5.747 0.0000000000
115771  34.210  -2.565  1.133 0.0000000000
59693  37.599  -5.460  2.168 0.0000000000
58768  33.734  -6.817  3.025 0.0000000000
55178  36.657  -10.724  6.270 0.0000000000
109605  31.576  -23.569  20.870 0.0000000000
123448  16.540  -34.305  28.328 0.0000000000
30850  12.370  -35.431  28.248 0.0000000000
29902  10.437  -36.410  32.520 0.0000000000
44945  28.736  -20.190  16.828 0.0000000000
41993  27.466  -22.844  20.205 0.0000000000
52192  28.825  -13.797  10.979 0.0000000000
52181  34.871  -12.847  12.827 0.0000000000
69066  44.988  4.147  -8.361 0.0000000000
62516  39.729  -2.564  -1.696 0.0000000000
61596  39.276  -3.904  0.043 0.0000000000
46909  32.692  -18.947  17.607 0.0000000000
46928  33.195  -18.408  16.373 0.0000000000
44940  34.266  -20.131  17.734 0.0000000000
64390  36.561  -0.787  -1.207 0.0000000000
66313  38.110  1.806  -1.334 0.0000000000
63404  38.089  -0.720  -2.650 0.0000000000
115461  40.147  -0.415  -3.497 0.0000000000
25593  11.474  -41.774  31.120 0.0000000000
60633  33.202  -4.156  1.744 0.0000000000
60611  31.982  -4.588  3.800 0.0000000000
54269  31.668  -10.845  5.686 0.0000000000
55206  33.064  -10.163  4.688 0.0000000000
54253  34.728  -12.240  6.126 0.0000000000
107196  35.883  -12.602  8.169 0.0000000000
110354  19.746  -31.345  24.564 0.0000000000
111633  21.495  -31.739  26.268 0.0000000000
33724  19.266  -32.231  26.678 0.0000000000
33698  17.977  -32.816  28.132 0.0000000000
33727  16.421  -32.473  26.486 0.0000000000
31799  12.678  -33.836  27.935 0.0000000000
30837  10.737  -36.055  29.777 0.0000000000
46899  27.192  -18.902  18.236 0.0000000000
42957  27.983  -21.971  17.358 0.0000000000
110930  25.922  -21.108  17.795 0.0000000000
39388  25.425  -26.642  22.070 0.0000000000
41075  25.585  -23.586  22.237 0.0000000000
50020  35.234  -15.303  15.836 0.0000000000
51110  33.467  -14.824  13.156 0.0000000000
60580  31.674  -5.038  5.973 0.0000000000
56933  31.348  -8.692  7.866 0.0000000000
55168  30.739  -11.010  7.464 0.0000000000
37526  24.524  -28.511  22.426 0.0000000000
36552  23.882  -29.834  24.123 0.0000000000
36568  22.657  -29.679  22.464 0.0000000000
36555  20.380  -29.744  23.060 0.0000000000
36543  18.221  -29.396  24.120 0.0000000000
43874  23.789  -21.185  18.580 0.0000000000
104750  22.143  -21.880  20.003 0.0000000000
41098  23.050  -25.190  20.053 0.0000000000
50007  30.355  -15.833  16.929 0.0000000000
105724  30.512  -15.970  14.013 0.0000000000
48050  31.540  -17.601  15.309 0.0000000000
48023  34.191  -17.463  15.665 0.0000000000
68152  42.084  3.061  -6.165 0.0000000000
66344  40.681  1.472  -5.101 0.0000000000
64409  41.731  -0.371  -3.750 0.0000000000
62505  35.517  -2.656  -0.359 0.0000000000
60648  37.559  -4.597  0.247 0.0000000000
60631  35.084  -4.471  0.630 0.0000000000
58783  35.624  -6.202  2.366 0.0000000000
57838  36.780  -7.411  4.883 0.0000000000
122770  31.946  -7.197  3.939 0.0000000000
56098  35.090  -9.173  4.746 0.0000000000
42926  32.632  -22.794  19.094 0.0000000000
43852  34.587  -21.595  19.475 0.0000000000
64369  36.281  -0.457  0.743 0.0000000000
34675  14.692  -31.175  26.104 0.0000000000
32811  14.195  -33.015  26.849 0.0000000000
30848  14.318  -35.417  28.044 0.0000000000
29046  15.080  -37.124  29.841 0.0000000000
28184  13.126  -38.254  29.762 0.0000000000
27362  10.804  -38.996  29.965 0.0000000000
27331  9.947  -39.657  31.882 0.0000000000
27322  9.448  -39.716  33.943 0.0000000000
44943  30.903  -20.713  17.563 0.0000000000
42942  29.924  -22.796  17.903 0.0000000000
112220  29.453  -23.528  20.163 0.0000000000
42930  25.609  -22.511  19.640 0.0000000000
52220  30.531  -13.678  8.551 0.0000000000
50073  30.956  -15.588  12.289 0.0000000000
51139  32.164  -14.632  11.257 0.0000000000
103683  33.712  -13.660  9.055 0.0000000000
111125  36.495  -19.681  20.015 0.0000000000
121983  46.707  2.992  -8.961 0.0000000000
67275  43.346  2.273  -6.932 0.0000000000
66379  45.762  1.352  -7.470 0.0000000000
62518  37.978  -2.485  -1.863 0.0000000000
61603  39.708  -3.381  -0.629 0.0000000000
108216  38.859  -3.623  -0.802 0.0000000000
45901  32.968  -19.845  17.736 0.0000000000
106390  33.333  -19.253  17.344 0.0000000000
44923  33.871  -20.789  17.998 0.0000000000
63399  36.502  -1.692  -1.341 0.0000000000
108932  37.069  -0.539  -1.856 0.0000000000
62526  37.640  -1.738  -2.155 0.0000000000
62525  38.445  -1.991  -2.281 0.0000000000
25594  10.718  -42.031  31.404 0.0000000000
61565  32.727  -3.163  3.684 0.0000000000
61566  32.361  -3.736  4.303 0.0000000000
54254  32.141  -12.057  5.902 0.0000000000
54267  33.071  -11.382  5.307 0.0000000000
53258  34.121  -12.708  6.398 0.0000000000
53243  35.258  -12.831  7.520 0.0000000000
52230  34.498  -13.207  7.656 0.0000000000
34689  18.068  -30.789  24.591 0.0000000000
34670  19.282  -31.631  25.207 0.0000000000
34671  18.210  -31.443  25.193 0.0000000000
33726  17.314  -32.332  26.625 0.0000000000
34653  16.808  -31.918  25.988 0.0000000000
46901  25.856  -18.721  18.787 0.0000000000
45907  25.972  -19.728  17.792 0.0000000000
44925  25.304  -19.914  17.994 0.0000000000
38432  25.470  -27.422  23.379 0.0000000000
52124  29.666  -13.460  14.851 0.0000000000
51074  35.208  -14.445  15.398 0.0000000000
106658  31.013  -10.223  7.117 0.0000000000
55158  30.983  -10.005  8.890 0.0000000000
38446  22.965  -27.808  21.010 0.0000000000
36580  23.126  -29.128  21.949 0.0000000000
37539  22.601  -28.464  21.505 0.0000000000
37511  20.506  -28.163  22.982 0.0000000000
38435  19.873  -28.081  23.571 0.0000000000
36557  18.884  -29.425  23.733 0.0000000000
44901  22.661  -20.631  20.278 0.0000000000
40270  21.792  -25.309  21.232 0.0000000000
41100  21.937  -24.710  20.883 0.0000000000
39399  22.991  -26.190  20.392 0.0000000000
38451  24.088  -27.232  20.662 0.0000000000
110970  30.560  -16.936  15.916 0.0000000000
48026  31.489  -17.694  16.170 0.0000000000
46906  35.117  -18.788  17.181 0.0000000000
120303  34.305  -18.050  16.185 0.0000000000
111999  35.291  -18.185  16.905 0.0000000000
49014  35.454  -16.801  16.634 0.0000000000
48011  36.142  -17.593  17.823 0.0000000000
67257  38.409  1.765  -2.816 0.0000000000
67268  40.467  2.325  -4.953 0.0000000000
66345  39.919  1.705  -4.530 0.0000000000
63402  40.388  -1.312  -2.642 0.0000000000
64397  40.920  -0.700  -3.152 0.0000000000
63401  41.279  -1.227  -2.426 0.0000000000
62498  34.674  -2.420  0.684 0.0000000000
107271  35.116  -3.750  0.249 0.0000000000
60650  34.376  -3.609  0.699 0.0000000000
59695  33.580  -5.502  2.096 0.0000000000
59694  34.529  -5.725  1.857 0.0000000000
58767  34.671  -6.786  2.964 0.0000000000
57859  35.836  -7.109  3.796 0.0000000000
57860  35.156  -7.243  3.538 0.0000000000
58751  31.281  -6.350  5.647 0.0000000000
58758  31.356  -6.482  4.766 0.0000000000
57848  31.603  -7.260  4.433 0.0000000000
55190  35.339  -10.546  5.444 0.0000000000
56099  34.302  -9.412  4.558 0.0000000000
56084  35.596  -9.675  5.263 0.0000000000
56083  36.332  -9.374  5.553 0.0000000000
41988  32.093  -23.269  19.603 0.0000000000
42911  33.478  -22.700  20.430 0.0000000000
63354  35.076  -1.162  2.711 0.0000000000
63364  35.027  -1.371  1.690 0.0000000000
63376  35.781  -1.168  0.193 0.0000000000
35597  23.298  -30.377  24.692 0.0000000000
35583  22.741  -30.862  25.204 0.0000000000
32792  17.536  -33.344  28.485 0.0000000000
108553  17.786  -33.609  29.257 0.0000000000
31783  17.155  -34.019  28.763 0.0000000000
31773  16.694  -34.764  29.055 0.0000000000
34656  14.120  -30.957  26.859 0.0000000000
116675  14.290  -31.820  26.564 0.0000000000
34640  13.799  -31.795  27.181 0.0000000000
31786  12.467  -34.662  28.037 0.0000000000
31798  13.039  -34.472  27.679 0.0000000000
30849  13.184  -35.287  27.903 0.0000000000
29936  14.864  -36.021  28.752 0.0000000000
29924  13.504  -36.799  28.878 0.0000000000
29036  13.988  -38.026  29.926 0.0000000000
124558  12.882  -37.140  28.997 0.0000000000
29913  10.400  -36.597  30.343 0.0000000000
29050  10.847  -37.599  29.503 0.0000000000
106027  10.104  -37.947  30.934 0.0000000000
27349  10.064  -39.398  30.997 0.0000000000
28166  10.119  -38.180  32.246 0.0000000000
45882  29.684  -19.395  18.695 0.0000000000
45881  30.581  -20.029  18.192 0.0000000000
105226  30.166  -20.833  17.186 0.0000000000
42954  31.101  -22.023  17.610 0.0000000000
43885  29.746  -21.328  17.018 0.0000000000
115242  27.788  -22.640  18.624 0.0000000000
42943  28.583  -22.807  18.234 0.0000000000
41976  28.475  -23.302  20.032 0.0000000000
105323  23.677  -22.664  18.980 0.0000000000
42931  24.666  -22.490  19.036 0.0000000000
41994  25.052  -23.070  19.833 0.0000000000
42887  25.901  -22.833  21.930 0.0000000000
59706  37.877  -4.935  1.179 0.0000000000
60630  38.811  -4.586  1.362 0.0000000000
59692  38.428  -5.031  2.149 0.0000000000
120444  29.068  -12.518  10.120 0.0000000000
53232  29.738  -12.467  8.931 0.0000000000
52211  29.604  -13.767  9.592 0.0000000000
49050  31.405  -16.948  14.066 0.0000000000
50054  30.284  -15.603  13.273 0.0000000000
50053  31.358  -16.035  12.894 0.0000000000
52183  33.981  -13.740  12.690 0.0000000000
51126  33.382  -14.375  12.550 0.0000000000
52191  33.737  -13.734  11.934 0.0000000000
51149  32.876  -14.105  10.025 0.0000000000
109578  34.239  -13.231  11.415 0.0000000000
53214  34.808  -12.784  10.911 0.0000000000
108301  35.815  -20.721  20.091 0.0000000000
68173  45.613  3.704  -8.702 0.0000000000
67271  41.974  2.263  -6.105 0.0000000000
115371  42.858  3.085  -6.693 0.0000000000
66364  42.984  1.524  -6.506 0.0000000000
66362  44.986  0.972  -7.045 0.0000000000
118874  45.679  0.789  -6.833 0.0000000000
40262  21.285  -25.325  22.111 0.0000000000
116787  21.473  -26.862  22.006 0.0000000000
62523  40.100  -2.001  -2.139 0.0000000000
62501  41.917  -2.217  -0.198 0.0000000000
62503  40.458  -2.990  -0.592 0.0000000000
119674  31.988  -18.145  17.688 0.0000000000
46929  32.414  -18.095  16.424 0.0000000000
103973  32.943  -18.654  16.906 0.0000000000
46907  34.339  -18.937  16.947 0.0000000000
45878  35.661  -19.214  17.947 0.0000000000
66303  38.151  1.671  -0.467 0.0000000000
66314  37.609  1.032  -1.466 0.0000000000
65364  37.708  0.584  -2.313 0.0000000000
65363  38.197  0.923  -2.867 0.0000000000
65374  39.258  0.717  -3.773 0.0000000000
64399  38.742  -0.444  -3.054 0.0000000000
109654  39.666  -1.559  -2.552 0.0000000000
25606  12.425  -40.959  30.896 0.0000000000
62473  33.804  -2.198  2.700 0.0000000000
61587  33.315  -3.502  1.688 0.0000000000
61576  32.880  -3.635  2.182 0.0000000000
60619  32.750  -4.323  2.291 0.0000000000
58786  32.614  -5.779  2.969 0.0000000000
56086  31.458  -9.563  5.583 0.0000000000
56102  31.871  -9.324  4.859 0.0000000000
55192  32.563  -10.739  5.062 0.0000000000
54266  33.974  -11.643  5.491 0.0000000000
54252  35.673  -11.885  6.283 0.0000000000
53256  36.190  -12.145  6.885 0.0000000000
121950  36.605  -12.205  8.244 0.0000000000
41961  31.357  -23.561  21.568 0.0000000000
34687  20.573  -31.410  24.519 0.0000000000
34668  21.534  -31.563  25.463 0.0000000000
34669  20.182  -31.726  25.157 0.0000000000
33723  20.193  -32.233  26.593 0.0000000000
33712  19.734  -32.376  27.385 0.0000000000
33714  17.716  -32.590  27.365 0.0000000000
32803  16.491  -33.353  27.392 0.0000000000
107354  13.328  -32.197  28.565 0.0000000000
32782  12.293  -33.553  29.305 0.0000000000
31775  11.579  -34.725  29.020 0.0000000000
29940  11.561  -35.898  28.712 0.0000000000
31766  11.357  -34.643  30.247 0.0000000000
30822  11.002  -35.042  31.149 0.0000000000
30813  10.681  -35.599  31.857 0.0000000000
104373  28.112  -19.017  18.056 0.0000000000
43898  28.181  -20.616  16.706 0.0000000000
44946  27.391  -20.311  17.037 0.0000000000
43871  26.712  -21.547  17.778 0.0000000000
105269  26.883  -22.131  18.545 0.0000000000
118447  24.761  -25.449  20.617 0.0000000000
41096  24.823  -24.604  20.481 0.0000000000
108691  25.428  -24.906  21.888 0.0000000000
59676  37.861  -5.922  3.858 0.0000000000
52184  28.993  -14.243  11.797 0.0000000000
49047  34.548  -15.952  14.985 0.0000000000
50051  33.147  -15.528  13.332 0.0000000000
51075  34.731  -14.674  14.798 0.0000000000
51094  34.913  -13.961  14.656 0.0000000000
69052  43.977  4.981  -7.167 0.0000000000
24660  9.191  -42.968  33.050 0.0000000000
59659  31.845  -5.202  6.763 0.0000000000
58742  31.367  -6.444  6.610 0.0000000000
108549  31.270  -8.065  6.551 0.0000000000
56071  31.189  -9.710  6.462 0.0000000000
55180  31.197  -10.714  6.477 0.0000000000
116815  31.610  -12.317  6.539 0.0000000000
37509  25.153  -28.169  23.552 0.0000000000
37495  24.892  -28.604  24.210 0.0000000000
118244  24.180  -29.084  22.743 0.0000000000
119621  23.544  -29.873  23.430 0.0000000000
35629  22.123  -30.213  22.895 0.0000000000
125123  21.538  -28.926  22.131 0.0000000000
36554  21.226  -30.074  22.842 0.0000000000
35616  20.732  -30.510  23.402 0.0000000000
35600  20.117  -30.928  23.905 0.0000000000
35601  18.712  -30.560  24.208 0.0000000000
34690  17.279  -30.347  24.623 0.0000000000
45886  24.226  -19.789  18.789 0.0000000000
44900  23.261  -20.177  19.864 0.0000000000
43855  22.715  -21.506  19.339 0.0000000000
41996  23.353  -23.490  19.388 0.0000000000
42917  21.790  -22.627  20.585 0.0000000000
41099  22.378  -24.382  20.261 0.0000000000
40284  23.813  -24.950  19.799 0.0000000000
39397  24.546  -26.724  20.761 0.0000000000
38443  25.137  -27.247  21.830 0.0000000000
107119  30.376  -15.055  16.362 0.0000000000
51077  29.924  -14.271  15.079 0.0000000000
50034  30.467  -15.960  14.836 0.0000000000
48073  31.096  -17.228  14.805 0.0000000000
48072  31.847  -17.424  14.588 0.0000000000
46951  32.800  -17.989  15.819 0.0000000000
48048  33.220  -17.687  15.331 0.0000000000
48070  33.666  -17.097  14.897 0.0000000000
49028  35.283  -16.021  16.242 0.0000000000
49996  35.698  -15.893  17.003 0.0000000000
68145  41.020  3.728  -4.915 0.0000000000
66351  41.074  2.081  -5.500 0.0000000000
65403  41.508  1.243  -5.569 0.0000000000
65373  40.001  0.317  -4.043 0.0000000000
64423  40.669  0.364  -4.424 0.0000000000
61619  36.580  -2.938  -1.196 0.0000000000
61605  37.866  -3.758  -0.885 0.0000000000
60662  36.363  -3.892  -0.428 0.0000000000
60649  36.624  -4.581  0.157 0.0000000000
59707  37.027  -5.377  1.422 0.0000000000
60632  34.321  -4.388  1.015 0.0000000000
114070  35.436  -5.737  1.695 0.0000000000
105479  36.793  -5.777  2.207 0.0000000000
58764  37.179  -6.352  3.905 0.0000000000
57837  37.361  -7.143  5.167 0.0000000000
60603  31.909  -4.463  4.713 0.0000000000
59686  31.722  -5.503  3.849 0.0000000000
57862  33.053  -7.246  3.362 0.0000000000
56967  32.225  -8.671  4.314 0.0000000000
56976  33.858  -8.363  3.864 0.0000000000
57846  34.683  -7.904  3.865 0.0000000000
56964  35.344  -8.364  4.507 0.0000000000
43869  32.632  -21.519  18.022 0.0000000000
43868  33.483  -21.431  18.313 0.0000000000
43853  33.850  -21.920  19.025 0.0000000000
43840  34.876  -21.707  20.489 0.0000000000
113800  36.346  -0.578  -0.216 0.0000000000
63384  36.081  -1.384  -0.658 0.0000000000
36535  16.233  -29.672  25.101 0.0000000000
36536  15.464  -29.857  25.539 0.0000000000
35585  16.000  -30.579  25.323 0.0000000000
34654  15.881  -31.966  25.991 0.0000000000
33728  15.501  -32.680  26.499 0.0000000000
32809  15.658  -33.413  27.001 0.0000000000
32812  13.661  -33.162  27.206 0.0000000000
31797  14.202  -34.190  27.292 0.0000000000
31785  14.955  -34.721  27.657 0.0000000000
30835  15.737  -35.831  29.201 0.0000000000
29922  15.385  -36.446  29.530 0.0000000000
26503  13.569  -39.713  30.748 0.0000000000
29049  11.643  -37.667  29.236 0.0000000000
28185  12.170  -38.369  29.535 0.0000000000
27346  12.281  -39.650  30.236 0.0000000000
26505  11.929  -40.375  30.484 0.0000000000
26496  10.363  -40.735  31.128 0.0000000000
26497  9.969  -40.540  31.815 0.0000000000
28159  9.979  -38.675  33.415 0.0000000000
108818  9.839  -39.446  32.956 0.0000000000
112541  9.323  -41.258  33.369 0.0000000000
45902  32.342  -20.250  18.046 0.0000000000
44924  31.614  -20.284  18.174 0.0000000000
43883  31.993  -21.269  17.780 0.0000000000
43870  31.830  -21.847  17.845 0.0000000000
42927  31.911  -22.994  18.818 0.0000000000
41989  30.797  -23.470  19.350 0.0000000000
121797  29.179  -22.732  17.865 0.0000000000
41990  29.906  -23.485  19.385 0.0000000000
106208  30.813  -23.647  20.906 0.0000000000
43873  24.594  -21.186  18.346 0.0000000000
121109  25.472  -22.155  18.927 0.0000000000
42914  26.479  -22.552  20.202 0.0000000000
41978  25.219  -23.462  20.667 0.0000000000
42899  26.174  -22.605  21.155 0.0000000000
42913  26.980  -22.609  21.046 0.0000000000
61597  38.491  -4.032  -0.340 0.0000000000
54225  29.975  -11.525  9.079 0.0000000000
53246  30.670  -12.421  7.656 0.0000000000
52233  31.601  -13.553  7.564 0.0000000000
51111  29.699  -14.828  13.443 0.0000000000
50055  29.818  -15.150  12.722 0.0000000000
51128  29.655  -14.943  11.971 0.0000000000
50071  32.783  -15.157  12.740 0.0000000000
50091  31.455  -15.170  11.729 0.0000000000
51152  30.476  -14.734  10.467 0.0000000000
51160  31.495  -14.504  9.403 0.0000000000
51171  32.588  -14.126  8.517 0.0000000000
52218  33.350  -13.789  8.344 0.0000000000
52207  34.737  -13.063  9.106 0.0000000000
44908  34.975  -21.019  19.029 0.0000000000
44921  35.803  -19.904  18.807 0.0000000000
45877  36.242  -19.177  18.658 0.0000000000
46877  36.814  -18.929  20.021 0.0000000000
122340  36.826  -18.108  19.678 0.0000000000
68188  47.092  3.971  -9.893 0.0000000000
68151  43.232  3.763  -6.886 0.0000000000
68155  44.232  3.237  -7.633 0.0000000000
66363  43.712  1.398  -6.828 0.0000000000
66381  44.089  1.913  -7.269 0.0000000000
67300  45.028  3.193  -8.182 0.0000000000
67299  45.986  2.831  -8.541 0.0000000000
66393  47.308  1.906  -8.262 0.0000000000
61617  38.386  -3.160  -1.409 0.0000000000
44941  32.627  -20.759  17.865 0.0000000000
103834  33.465  -20.150  17.700 0.0000000000
113453  37.126  -2.137  -1.768 0.0000000000
63398  36.987  -1.297  -1.819 0.0000000000
24672  10.566  -42.891  31.714 0.0000000000
53260  32.476  -12.660  6.277 0.0000000000
53259  33.372  -12.756  6.298 0.0000000000
52247  33.822  -13.267  6.994 0.0000000000
119271  17.465  -30.995  24.895 0.0000000000
34672  17.204  -31.412  25.414 0.0000000000
45871  25.229  -18.861  18.870 0.0000000000
45884  25.687  -19.232  18.271 0.0000000000
45885  24.863  -19.487  18.489 0.0000000000
110265  25.364  -27.848  24.127 0.0000000000
38427  25.635  -27.134  24.217 0.0000000000
52123  29.981  -13.411  15.636 0.0000000000
38447  22.019  -27.539  21.442 0.0000000000
110470  21.682  -25.912  21.544 0.0000000000
40269  22.177  -26.079  20.921 0.0000000000
38453  22.555  -26.951  20.862 0.0000000000
48027  30.809  -17.283  16.394 0.0000000000
48012  35.662  -17.586  17.065 0.0000000000
67256  38.780  2.553  -2.692 0.0000000000
67264  39.440  2.325  -4.010 0.0000000000
66336  39.266  1.507  -3.934 0.0000000000
63397  40.803  -1.755  -2.058 0.0000000000
63395  42.130  -1.072  -2.160 0.0000000000
26493  14.379  -40.113  31.716 0.0000000000
61599  34.327  -2.899  0.760 0.0000000000
58785  33.234  -6.030  2.632 0.0000000000
58784  34.101  -6.233  2.450 0.0000000000
113820  34.426  -7.273  3.367 0.0000000000
57839  31.290  -7.291  5.208 0.0000000000
118171  36.132  -10.229  5.721 0.0000000000
41973  32.156  -23.401  20.454 0.0000000000
42898  32.831  -23.157  20.885 0.0000000000
63355  34.410  -1.748  2.212 0.0000000000
63365  34.532  -2.038  1.336 0.0000000000
109290  35.161  -1.734  0.678 0.0000000000
35598  22.626  -30.742  24.387 0.0000000000
34685  22.100  -31.215  24.884 0.0000000000
32793  16.847  -33.712  28.043 0.0000000000
29938  12.896  -36.082  28.326 0.0000000000
29937  13.861  -36.068  28.441 0.0000000000
123841  12.654  -36.628  28.664 0.0000000000
29907  10.409  -36.423  31.416 0.0000000000
120614  10.187  -37.102  30.871 0.0000000000
29029  10.239  -37.259  31.895 0.0000000000
107022  28.886  -19.328  18.054 0.0000000000
45904  29.430  -19.862  17.488 0.0000000000
45903  30.098  -20.411  17.406 0.0000000000
44944  29.547  -20.524  16.944 0.0000000000
120893  27.875  -22.962  19.470 0.0000000000
41977  27.928  -23.137  20.948 0.0000000000
41995  24.225  -23.340  19.356 0.0000000000
41979  24.632  -23.911  19.873 0.0000000000
53215  28.686  -12.877  11.171 0.0000000000
118813  28.890  -12.419  10.667 0.0000000000
53225  28.900  -13.147  10.420 0.0000000000
53233  29.285  -13.072  9.651 0.0000000000
52202  29.215  -13.860  10.204 0.0000000000
49049  32.257  -17.044  13.980 0.0000000000
49071  31.770  -16.558  13.437 0.0000000000
49070  32.707  -16.347  13.592 0.0000000000
52182  34.448  -13.391  13.136 0.0000000000
111383  34.341  -13.235  12.343 0.0000000000
52201  33.481  -13.745  10.880 0.0000000000
52190  34.897  -12.695  11.935 0.0000000000
69916  44.962  5.037  -8.296 0.0000000000
69065  45.462  4.574  -8.805 0.0000000000
116561  42.231  1.538  -6.102 0.0000000000
65420  42.777  1.011  -6.182 0.0000000000
123286  21.020  -25.103  22.753 0.0000000000
39382  21.369  -26.160  22.182 0.0000000000
40255  20.998  -25.657  23.008 0.0000000000
62515  40.687  -2.389  -1.368 0.0000000000
62504  40.001  -2.962  -1.169 0.0000000000
112331  32.404  -18.368  17.088 0.0000000000
45900  33.928  -19.480  17.293 0.0000000000
45899  34.745  -19.464  17.472 0.0000000000
105674  35.107  -20.041  18.095 0.0000000000
64380  36.767  -0.012  -0.640 0.0000000000
65343  37.181  0.469  -1.027 0.0000000000
64400  37.564  -0.233  -2.341 0.0000000000
108933  38.103  0.081  -2.815 0.0000000000
64412  38.680  0.393  -3.296 0.0000000000
62524  39.291  -2.072  -2.250 0.0000000000
63403  38.845  -1.331  -2.655 0.0000000000
116413  12.092  -41.528  31.047 0.0000000000
62474  33.265  -2.914  2.161 0.0000000000
62466  33.195  -2.663  3.187 0.0000000000
61572  32.416  -3.832  3.341 0.0000000000
61577  32.576  -3.875  2.681 0.0000000000
60620  32.379  -4.461  2.945 0.0000000000
59696  32.759  -5.165  2.519 0.0000000000
59685  32.209  -5.233  3.223 0.0000000000
55194  31.417  -10.238  5.836 0.0000000000
55193  31.869  -10.252  5.256 0.0000000000
122749  32.040  -10.837  5.321 0.0000000000
53271  33.858  -12.341  5.911 0.0000000000
54265  35.051  -11.431  5.680 0.0000000000
53257  35.453  -12.453  6.776 0.0000000000
111613  36.306  -12.228  8.989 0.0000000000
63348  34.411  -1.552  3.237 0.0000000000
33739  18.777  -31.918  25.940 0.0000000000
33738  19.772  -32.035  25.871 0.0000000000
33713  18.682  -32.469  27.593 0.0000000000
33725  18.268  -32.230  26.713 0.0000000000
33715  16.895  -32.794  27.110 0.0000000000
119782  16.200  -32.967  26.878 0.0000000000
32772  12.331  -33.312  30.219 0.0000000000
31787  12.111  -34.151  28.639 0.0000000000
31774  11.888  -33.997  29.733 0.0000000000
30812  11.015  -34.758  32.061 0.0000000000
46889  27.002  -18.568  18.873 0.0000000000
45906  27.454  -19.512  17.436 0.0000000000
43889  25.925  -20.335  17.682 0.0000000000
43888  26.651  -20.768  17.391 0.0000000000
115830  25.926  -21.738  18.388 0.0000000000
40268  24.968  -26.035  20.959 0.0000000000
116248  25.148  -25.208  21.135 0.0000000000
120791  25.352  -25.920  21.617 0.0000000000
52167  28.861  -13.415  12.703 0.0000000000
50033  34.312  -15.369  14.483 0.0000000000
50021  34.832  -15.290  15.187 0.0000000000
51073  35.679  -13.781  15.954 0.0000000000
52122  35.462  -13.552  15.145 0.0000000000
24648  8.670  -42.547  33.644 0.0000000000
59646  31.579  -5.809  6.950 0.0000000000
109263  31.373  -8.123  7.355 0.0000000000
108804  31.255  -8.820  6.948 0.0000000000
54243  31.088  -11.562  6.833 0.0000000000
121189  31.025  -12.160  7.112 0.0000000000
37525  25.089  -28.062  22.836 0.0000000000
37510  24.650  -28.755  23.283 0.0000000000
36567  23.524  -29.517  22.708 0.0000000000
36553  22.941  -30.119  23.104 0.0000000000
38440  21.339  -27.462  22.193 0.0000000000
37529  21.125  -28.254  22.368 0.0000000000
37512  20.052  -28.901  23.124 0.0000000000
36570  20.877  -29.148  22.548 0.0000000000
112002  20.015  -30.274  23.453 0.0000000000
35618  18.556  -29.967  23.905 0.0000000000
108036  18.004  -30.104  24.249 0.0000000000
36544  17.469  -29.457  24.481 0.0000000000
45873  23.907  -19.686  19.473 0.0000000000
113215  22.468  -21.179  19.873 0.0000000000
42932  22.591  -22.154  19.366 0.0000000000
109598  22.883  -22.760  19.297 0.0000000000
42916  22.259  -22.759  19.793 0.0000000000
40277  22.380  -25.320  20.587 0.0000000000
41108  23.152  -24.318  19.729 0.0000000000
40276  23.777  -25.773  20.054 0.0000000000
37537  24.262  -28.236  21.652 0.0000000000
38444  24.590  -27.459  21.275 0.0000000000
38439  24.888  -27.859  22.053 0.0000000000
110423  30.237  -15.117  15.388 0.0000000000
50022  30.413  -16.086  15.877 0.0000000000
48051  30.890  -17.353  15.593 0.0000000000
49030  30.625  -16.793  15.203 0.0000000000
48024  33.587  -18.078  15.944 0.0000000000
103831  34.409  -16.624  15.255 0.0000000000
49015  34.918  -16.774  15.926 0.0000000000
49010  35.893  -16.796  17.372 0.0000000000
67242  38.555  2.406  -1.408 0.0000000000
69045  41.296  4.487  -4.542 0.0000000000
64411  39.374  -0.079  -3.510 0.0000000000
64410  40.792  -0.152  -3.922 0.0000000000
64422  41.347  0.126  -4.485 0.0000000000
105556  36.096  -2.283  -0.888 0.0000000000
61607  36.135  -3.154  -0.758 0.0000000000
107839  35.770  -4.190  0.070 0.0000000000
112392  35.894  -4.783  0.511 0.0000000000
59724  36.423  -5.156  0.856 0.0000000000
59725  35.626  -5.219  1.016 0.0000000000
111143  33.730  -3.904  1.254 0.0000000000
59710  33.856  -4.826  1.516 0.0000000000
123359  35.128  -6.044  2.043 0.0000000000
124358  36.126  -5.967  2.114 0.0000000000
58782  36.408  -6.251  2.861 0.0000000000
123585  36.835  -6.322  3.405 0.0000000000
57845  36.310  -7.273  4.361 0.0000000000
57844  36.967  -6.871  4.495 0.0000000000
61562  32.311  -3.918  5.150 0.0000000000
60595  31.549  -5.021  5.190 0.0000000000
58770  31.676  -6.442  3.992 0.0000000000
59677  31.471  -5.822  4.401 0.0000000000
57863  32.318  -6.824  3.561 0.0000000000
56978  32.474  -7.575  3.722 0.0000000000
56101  32.651  -9.435  4.488 0.0000000000
113113  33.866  -8.955  4.243 0.0000000000
56965  34.535  -8.680  4.321 0.0000000000
42939  32.298  -22.341  18.369 0.0000000000
42938  33.083  -22.144  18.624 0.0000000000
42925  33.355  -22.522  19.479 0.0000000000
112390  34.184  -22.310  20.943 0.0000000000
65334  36.879  0.163  0.334 0.0000000000
63385  35.542  -1.895  -0.223 0.0000000000
116623  24.402  -29.292  24.655 0.0000000000
37483  24.777  -28.670  25.135 0.0000000000
36532  24.332  -29.246  25.566 0.0000000000
32791  18.233  -33.026  28.950 0.0000000000
36534  16.818  -29.137  24.854 0.0000000000
35587  14.583  -30.421  26.266 0.0000000000
36537  14.882  -29.956  25.903 0.0000000000
35586  15.140  -30.552  25.734 0.0000000000
34674  15.479  -31.275  25.745 0.0000000000
33729  14.596  -32.555  26.567 0.0000000000
34655  15.021  -31.943  26.139 0.0000000000
32810  14.825  -33.240  26.772 0.0000000000
33699  12.954  -32.994  28.362 0.0000000000
33716  13.424  -32.552  27.606 0.0000000000
124789  13.167  -33.306  27.634 0.0000000000
30859  13.796  -34.675  27.579 0.0000000000
30847  15.312  -35.395  28.452 0.0000000000
29923  14.502  -36.657  29.133 0.0000000000
119946  13.424  -37.524  29.405 0.0000000000
28174  13.750  -38.924  30.422 0.0000000000
29926  11.284  -36.369  28.981 0.0000000000
29925  12.008  -36.981  28.829 0.0000000000
114720  11.245  -37.085  29.154 0.0000000000
28187  10.403  -38.186  29.963 0.0000000000
28186  11.232  -38.356  29.572 0.0000000000
27361  11.726  -39.052  29.824 0.0000000000
27347  11.333  -39.700  30.209 0.0000000000
27339  10.159  -40.055  31.066 0.0000000000
28158  10.214  -37.459  33.227 0.0000000000
29019  9.998  -37.208  34.283 0.0000000000
26485  9.635  -40.389  32.915 0.0000000000
26473  9.111  -40.781  34.018 0.0000000000
27323  8.835  -40.284  34.575 0.0000000000
45879  32.532  -19.501  18.170 0.0000000000
44942  31.798  -20.843  17.753 0.0000000000
109205  31.374  -21.344  17.586 0.0000000000
42955  30.300  -22.109  17.427 0.0000000000
42940  31.534  -22.540  18.187 0.0000000000
42941  30.764  -22.713  18.003 0.0000000000
42002  31.178  -23.140  18.670 0.0000000000
42003  30.344  -23.236  18.617 0.0000000000
43886  28.363  -21.483  16.895 0.0000000000
117120  28.651  -22.255  17.425 0.0000000000
41991  29.143  -23.406  19.443 0.0000000000
42004  29.355  -23.207  18.619 0.0000000000
105465  30.364  -23.603  20.153 0.0000000000
41975  29.885  -23.614  20.973 0.0000000000
44909  23.608  -20.461  18.917 0.0000000000
44926  24.469  -20.367  18.362 0.0000000000
42945  24.945  -21.734  18.551 0.0000000000
42929  26.259  -22.265  19.186 0.0000000000
41086  25.271  -24.122  21.306 0.0000000000
41965  25.514  -23.259  21.485 0.0000000000
111907  26.627  -22.591  21.795 0.0000000000
60661  37.201  -4.163  -0.427 0.0000000000
60660  37.923  -4.250  -0.261 0.0000000000
55148  30.539  -10.566  9.568 0.0000000000
53238  30.224  -12.828  8.313 0.0000000000
52234  30.879  -13.270  7.858 0.0000000000
52219  31.271  -13.904  8.201 0.0000000000
51096  30.084  -15.160  14.309 0.0000000000
120999  30.776  -15.813  12.866 0.0000000000
50074  30.310  -15.386  12.422 0.0000000000
51141  30.425  -15.112  11.515 0.0000000000
50050  33.858  -15.020  13.741 0.0000000000
51127  32.460  -14.821  12.085 0.0000000000
51140  31.289  -14.831  10.881 0.0000000000
51151  31.202  -14.666  10.094 0.0000000000
51150  32.013  -14.543  10.220 0.0000000000
52209  33.604  -13.686  9.826 0.0000000000
51159  32.320  -14.350  9.271 0.0000000000
51158  33.088  -13.994  9.151 0.0000000000
52217  34.214  -13.400  8.532 0.0000000000
52208  34.223  -13.349  9.471 0.0000000000
53224  35.418  -12.450  10.366 0.0000000000
43867  34.264  -21.282  18.645 0.0000000000
44906  36.105  -20.133  19.655 0.0000000000
44907  35.554  -20.594  19.347 0.0000000000
45865  36.396  -19.443  19.355 0.0000000000
48004  36.579  -17.505  18.850 0.0000000000
68190  46.003  4.137  -9.190 0.0000000000
69080  46.493  4.508  -9.627 0.0000000000
68189  46.611  3.665  -9.379 0.0000000000
67312  47.307  3.130  -9.434 0.0000000000
104455  41.999  3.829  -5.801 0.0000000000
68156  43.540  3.179  -7.195 0.0000000000
69057  43.860  4.040  -7.389 0.0000000000
67285  43.932  2.608  -7.368 0.0000000000
66380  44.820  1.648  -7.459 0.0000000000
67284  44.567  2.455  -7.661 0.0000000000
67283  45.380  2.194  -7.975 0.0000000000
62517  38.874  -2.606  -1.830 0.0000000000
61604  39.293  -3.121  -1.305 0.0000000000
64389  36.907  -0.141  -1.371 0.0000000000
119169  37.509  -0.991  -2.275 0.0000000000
124378  38.073  -1.375  -2.449 0.0000000000
62458  33.170  -2.541  4.134 0.0000000000
54268  32.256  -11.395  5.506 0.0000000000
53272  33.009  -12.103  5.692 0.0000000000
53244  34.691  -12.842  6.855 0.0000000000
52216  35.017  -12.998  8.365 0.0000000000
34688  18.898  -31.170  24.612 0.0000000000
34652  17.778  -31.891  25.972 0.0000000000
31765  11.768  -33.770  30.904 0.0000000000
46900  26.407  -18.823  18.486 0.0000000000
45883  26.509  -19.343  17.878 0.0000000000
43872  25.230  -20.700  18.003 0.0000000000
39381  25.601  -26.611  22.853 0.0000000000
123164  29.400  -13.456  14.203 0.0000000000
119921  35.500  -15.358  16.449 0.0000000000
51058  35.565  -14.641  16.219 0.0000000000
56060  31.154  -9.497  7.448 0.0000000000
56052  31.237  -9.348  8.384 0.0000000000
112594  30.919  -10.171  7.930 0.0000000000
37527  23.891  -28.890  22.107 0.0000000000
37538  23.508  -28.452  21.493 0.0000000000
37528  22.227  -29.094  21.924 0.0000000000
38433  20.823  -27.346  22.896 0.0000000000
36556  19.617  -29.547  23.399 0.0000000000
41087  21.449  -24.491  21.544 0.0000000000
113607  21.751  -24.039  20.900 0.0000000000
39398  23.898  -26.590  20.364 0.0000000000
38452  23.404  -27.153  20.627 0.0000000000
38445  23.854  -27.808  20.984 0.0000000000
49016  30.486  -16.676  16.646 0.0000000000
46927  33.958  -18.521  16.436 0.0000000000
46926  34.695  -18.382  16.637 0.0000000000
48022  34.977  -17.646  16.383 0.0000000000
49009  36.220  -16.707  18.154 0.0000000000
67243  38.365  2.165  -2.109 0.0000000000
68136  39.285  3.307  -2.384 0.0000000000
68146  40.377  3.200  -4.530 0.0000000000
67269  39.986  2.536  -4.437 0.0000000000
122793  40.274  -0.838  -3.079 0.0000000000
64396  41.858  -0.742  -2.893 0.0000000000
116542  42.442  -0.547  -3.255 0.0000000000
62497  35.142  -2.340  0.149 0.0000000000
60663  35.590  -3.447  -0.261 0.0000000000
61598  34.919  -2.990  0.200 0.0000000000
59711  33.164  -4.808  1.962 0.0000000000
117263  34.934  -6.334  2.430 0.0000000000
58766  35.621  -6.678  3.112 0.0000000000
108154  35.590  -7.635  4.192 0.0000000000
112585  31.445  -5.543  5.597 0.0000000000
59669  31.366  -5.685  4.990 0.0000000000
57847  32.008  -7.871  4.143 0.0000000000
55191  33.933  -10.149  4.753 0.0000000000
56100  33.487  -9.493  4.458 0.0000000000
56085  34.802  -9.977  4.951 0.0000000000
56955  35.879  -8.862  5.048 0.0000000000
42912  32.797  -23.061  19.974 0.0000000000
42897  33.487  -22.759  21.376 0.0000000000
64347  35.661  -0.758  2.154 0.0000000000
64357  35.617  -0.933  1.160 0.0000000000
36542  23.868  -29.862  25.094 0.0000000000
35582  23.304  -30.395  25.591 0.0000000000
31772  17.413  -34.248  29.582 0.0000000000
30834  16.443  -35.475  29.600 0.0000000000
35574  14.348  -30.202  26.909 0.0000000000
33730  13.932  -32.503  26.912 0.0000000000
29047  14.230  -37.328  29.534 0.0000000000
29048  12.576  -37.647  29.276 0.0000000000
29927  10.706  -36.853  29.542 0.0000000000
29037  10.307  -37.366  30.096 0.0000000000
28176  10.211  -38.833  30.562 0.0000000000
28167  10.001  -38.840  31.431 0.0000000000
27313  8.814  -39.598  34.854 0.0000000000
43884  30.606  -21.375  17.334 0.0000000000
42956  29.497  -22.183  17.329 0.0000000000
42944  27.473  -22.069  17.817 0.0000000000
125169  28.071  -22.431  17.850 0.0000000000
41992  28.531  -23.163  19.057 0.0000000000
105934  28.906  -23.496  20.956 0.0000000000
42947  23.221  -21.910  18.902 0.0000000000
42946  24.041  -21.868  18.580 0.0000000000
41928  25.772  -23.563  23.269 0.0000000000
60647  38.468  -4.400  0.399 0.0000000000
60618  39.138  -4.630  2.136 0.0000000000
54216  29.257  -11.816  10.433 0.0000000000
54226  29.409  -12.113  9.639 0.0000000000
52221  29.828  -13.333  9.006 0.0000000000
52210  30.191  -14.069  9.223 0.0000000000
49072  30.962  -16.290  13.531 0.0000000000
51109  34.015  -14.144  13.364 0.0000000000
109802  33.015  -14.226  11.613 0.0000000000
110065  32.714  -14.212  10.827 0.0000000000
52200  34.203  -13.292  10.409 0.0000000000
43839  35.495  -21.175  20.497 0.0000000000
43851  35.268  -21.189  19.808 0.0000000000
44899  35.959  -20.798  20.881 0.0000000000
44898  36.309  -20.217  20.435 0.0000000000
68172  46.187  3.453  -8.964 0.0000000000
67276  42.548  2.278  -6.451 0.0000000000
66361  46.448  0.853  -6.909 0.0000000000
39375  21.044  -26.572  22.788 0.0000000000
41966  21.103  -23.695  21.972 0.0000000000
63383  41.543  -2.143  -0.917 0.0000000000
62502  41.158  -2.568  -0.466 0.0000000000
62496  40.857  -2.923  0.066 0.0000000000
113656  31.297  -17.552  17.755 0.0000000000
46930  31.933  -17.956  16.884 0.0000000000
46908  33.593  -18.885  16.866 0.0000000000
124691  37.840  1.430  -0.933 0.0000000000
65352  37.248  0.207  -1.805 0.0000000000
66328  37.984  1.416  -2.206 0.0000000000
66337  38.719  1.239  -3.399 0.0000000000
64398  39.629  -0.875  -3.013 0.0000000000
26495  13.191  -40.903  31.271 0.0000000000
62484  33.949  -2.405  1.762 0.0000000000
61586  33.767  -3.060  1.269 0.0000000000
61571  32.787  -3.327  2.838 0.0000000000
119623  31.451  -8.829  5.338 0.0000000000
55207  32.354  -10.017  4.810 0.0000000000
107948  33.512  -10.845  5.040 0.0000000000
115538  34.443  -10.784  5.203 0.0000000000
55179  35.917  -11.114  5.942 0.0000000000
54242  36.844  -11.777  7.199 0.0000000000
53237  37.110  -11.906  7.912 0.0000000000
119699  35.895  -12.496  7.332 0.0000000000
53242  36.460  -12.228  7.583 0.0000000000
54232  37.073  -11.879  8.715 0.0000000000
41960  32.146  -23.444  21.282 0.0000000000
41941  32.010  -23.423  22.110 0.0000000000
34686  21.361  -31.382  24.635 0.0000000000
105121  20.890  -31.657  25.098 0.0000000000
34651  20.732  -31.925  25.854 0.0000000000
34650  20.959  -32.076  26.765 0.0000000000
32802  17.232  -33.043  27.792 0.0000000000
32794  12.520  -33.509  28.664 0.0000000000
116212  11.967  -34.855  28.432 0.0000000000
29939  12.052  -36.146  28.521 0.0000000000
30851  11.742  -35.438  28.590 0.0000000000
30836  11.201  -35.472  29.261 0.0000000000
107437  10.913  -35.355  30.229 0.0000000000
30823  10.652  -35.795  30.813 0.0000000000
30804  10.651  -35.516  32.752 0.0000000000
45905  28.422  -19.578  17.324 0.0000000000
107981  28.020  -19.956  16.847 0.0000000000
43887  27.494  -21.299  17.121 0.0000000000
44947  26.616  -19.964  17.442 0.0000000000
42928  27.124  -22.519  19.412 0.0000000000
120719  24.316  -24.637  19.866 0.0000000000
110785  25.578  -25.790  22.381 0.0000000000
107694  25.605  -24.673  22.775 0.0000000000
104160  38.151  -5.531  2.996 0.0000000000
123489  28.702  -13.414  11.732 0.0000000000
49048  34.001  -16.317  14.594 0.0000000000
49069  33.591  -15.901  13.949 0.0000000000
51095  34.399  -14.436  14.188 0.0000000000
52166  34.650  -13.655  13.886 0.0000000000
69056  44.494  4.601  -7.817 0.0000000000
65384  42.782  0.180  -5.172 0.0000000000
65401  43.088  0.557  -5.847 0.0000000000
25580  9.261  -42.027  33.137 0.0000000000
60579  32.227  -4.523  6.445 0.0000000000
59660  31.477  -5.708  6.267 0.0000000000
57829  31.235  -7.242  6.143 0.0000000000
56945  31.235  -8.869  6.042 0.0000000000
54255  31.596  -11.509  6.088 0.0000000000
52249  31.982  -13.213  6.867 0.0000000000
36541  24.427  -29.242  23.912 0.0000000000
36551  24.091  -29.448  23.352 0.0000000000
35613  23.167  -30.315  23.864 0.0000000000
35614  22.416  -30.544  23.615 0.0000000000
37540  21.771  -28.338  21.819 0.0000000000
36569  21.766  -29.574  22.399 0.0000000000
35615  21.592  -30.615  23.449 0.0000000000
34700  21.059  -31.093  23.928 0.0000000000
121695  19.366  -30.903  24.188 0.0000000000
35617  19.298  -30.301  23.747 0.0000000000
45872  24.571  -19.214  19.147 0.0000000000
44910  22.931  -20.843  19.443 0.0000000000
43854  23.192  -21.177  18.919 0.0000000000
41980  21.992  -23.465  20.327 0.0000000000
41997  22.601  -23.539  19.734 0.0000000000
40275  24.351  -25.290  20.106 0.0000000000
109707  24.410  -26.020  20.403 0.0000000000
39389  25.075  -26.704  21.395 0.0000000000
38438  25.331  -27.348  22.483 0.0000000000
51076  30.205  -14.233  15.967 0.0000000000
49051  30.801  -16.602  14.374 0.0000000000
48025  32.102  -17.792  15.779 0.0000000000
48049  32.343  -17.695  15.208 0.0000000000
48071  32.749  -17.371  14.642 0.0000000000
49029  34.887  -16.000  15.576 0.0000000000
69050  41.635  4.169  -5.253 0.0000000000
68149  41.506  3.387  -5.545 0.0000000000
67273  40.933  2.905  -5.275 0.0000000000
67272  41.519  2.603  -5.757 0.0000000000
107141  41.641  1.928  -5.846 0.0000000000
123706  39.676  0.997  -4.267 0.0000000000
65387  40.291  0.906  -4.603 0.0000000000
65386  41.001  0.701  -4.970 0.0000000000
65385  41.832  0.439  -5.160 0.0000000000
62519  36.676  -2.425  -1.400 0.0000000000
61606  36.890  -3.560  -0.958 0.0000000000
118127  37.128  -4.980  0.714 0.0000000000
59709  34.784  -5.092  1.237 0.0000000000
59708  36.255  -5.597  1.536 0.0000000000
58781  37.276  -5.974  3.058 0.0000000000
58757  37.702  -6.433  4.688 0.0000000000
58765  36.463  -6.693  3.732 0.0000000000
60604  31.579  -5.153  4.474 0.0000000000
111586  32.169  -6.026  3.430 0.0000000000
58769  32.826  -6.467  3.117 0.0000000000
56968  31.616  -8.221  4.778 0.0000000000
121119  32.549  -8.213  3.911 0.0000000000
56966  33.093  -8.780  4.049 0.0000000000
56977  33.122  -8.007  3.651 0.0000000000
57861  33.812  -7.611  3.495 0.0000000000
56963  36.229  -7.994  4.832 0.0000000000
56954  36.614  -8.599  5.422 0.0000000000
104659  37.010  -7.857  5.358 0.0000000000
42924  34.097  -22.191  19.950 0.0000000000
36533  23.791  -29.776  26.054 0.0000000000
34667  22.217  -31.288  25.672 0.0000000000
36545  16.834  -29.799  24.690 0.0000000000
35602  16.600  -30.285  24.878 0.0000000000
34673  16.328  -31.337  25.540 0.0000000000
31796  15.958  -34.096  27.616 0.0000000000
107082  13.433  -33.883  27.422 0.0000000000
32805  14.137  -33.582  27.065 0.0000000000
32804  14.960  -33.942  27.119 0.0000000000
31784  15.950  -34.806  28.301 0.0000000000
30846  16.055  -35.286  28.922 0.0000000000
29921  16.126  -36.129  29.965 0.0000000000
29035  14.765  -37.786  30.175 0.0000000000
27338  14.220  -39.604  31.069 0.0000000000
28175  12.702  -38.980  29.998 0.0000000000
119147  13.060  -39.492  30.428 0.0000000000
26504  12.916  -40.209  30.709 0.0000000000
25607  11.632  -41.068  30.802 0.0000000000
27348  10.514  -39.575  30.511 0.0000000000
26506  10.917  -40.440  30.596 0.0000000000
25608  10.863  -41.260  30.976 0.0000000000
106661  10.217  -41.359  31.572 0.0000000000
105543  9.684  -41.284  32.465 0.0000000000
122490  9.985  -38.932  32.426 0.0000000000
110266  30.549  -14.937  17.288 0.0000000000
121488  31.494  -23.342  19.294 0.0000000000
41974  31.358  -23.546  20.086 0.0000000000
43897  28.950  -20.914  16.703 0.0000000000
119795  25.310  -21.286  18.178 0.0000000000
42915  25.669  -22.728  20.503 0.0000000000
42900  25.669  -22.885  21.187 0.0000000000
41964  27.419  -22.820  21.705 0.0000000000
60646  39.212  -4.228  0.821 0.0000000000
59683  39.033  -5.018  3.013 0.0000000000
55159  30.505  -10.873  8.468 0.0000000000
54233  30.295  -11.837  8.169 0.0000000000
54244  30.714  -11.764  7.448 0.0000000000
53245  31.263  -12.829  7.215 0.0000000000
52232  32.336  -13.739  7.497 0.0000000000
51097  29.641  -14.210  14.249 0.0000000000
113476  29.265  -13.915  13.534 0.0000000000
51112  29.298  -14.497  12.700 0.0000000000
51142  29.507  -14.568  10.922 0.0000000000
50052  32.252  -15.945  13.006 0.0000000000
50072  31.832  -15.517  12.417 0.0000000000
51162  29.835  -14.329  9.953 0.0000000000
51161  30.677  -14.475  9.635 0.0000000000
51173  30.960  -14.280  8.867 0.0000000000
51172  31.803  -14.288  8.549 0.0000000000
51186  32.242  -14.080  8.049 0.0000000000
118394  32.737  -13.929  7.957 0.0000000000
52231  33.167  -13.652  7.540 0.0000000000
110895  33.832  -13.513  7.793 0.0000000000
53230  35.444  -12.624  9.265 0.0000000000
53231  34.793  -12.913  9.923 0.0000000000
44922  34.640  -20.655  18.341 0.0000000000
104516  35.248  -20.479  18.704 0.0000000000
45855  36.716  -19.538  20.728 0.0000000000
46886  36.601  -18.647  19.102 0.0000000000
46897  36.261  -18.449  18.272 0.0000000000
69054  42.638  3.970  -6.317 0.0000000000
69053  43.366  4.507  -6.708 0.0000000000
116751  44.524  3.852  -7.901 0.0000000000
65419  43.416  0.884  -6.373 0.0000000000
65418  44.303  0.742  -6.548 0.0000000000
119909  44.365  1.299  -7.056 0.0000000000
66394  46.341  1.992  -8.116 0.0000000000
123920  46.750  2.437  -8.556 0.0000000000
110532  31.856  -14.013  7.936 0.0000000000
115647  29.067  -21.624  16.923 0.0000000000
122688  21.441  -23.867  21.389 0.0000000000
