#!ascii label  , from subject sub-v2s9x29176_ses-1 vox2ras=TkReg
1425
4922  27.146  -69.200  -41.617 0.5000000000
8937  29.336  -62.912  -33.543 0.6000000238
8923  28.465  -62.263  -32.811 0.6000000238
9626  26.324  -61.309  -32.584 0.6000000238
113034  28.037  -61.614  -32.623 0.6999999881
10363  25.876  -60.354  -32.582 0.6000000238
9624  29.311  -61.297  -32.554 0.6999999881
10362  26.950  -60.742  -32.567 0.6000000238
123342  22.523  -64.846  -40.504 0.5000000000
8408  22.055  -63.511  -44.119 0.6000000238
8402  22.231  -63.528  -43.003 0.6000000238
109125  22.192  -65.370  -41.210 0.5000000000
8422  22.202  -63.589  -45.304 0.5000000000
8415  21.988  -63.352  -44.964 0.4000000060
7737  21.371  -64.519  -42.641 0.5000000000
7076  21.672  -64.825  -41.885 0.6000000238
7633  23.457  -62.883  -34.670 0.5000000000
7736  25.623  -64.750  -43.166 0.4000000060
8308  23.584  -62.718  -35.270 0.5000000000
8953  23.675  -62.564  -34.586 0.5000000000
8306  25.271  -63.010  -34.780 0.6000000238
8304  27.518  -63.713  -34.441 0.6000000238
8293  29.163  -63.330  -34.219 0.6000000238
8950  29.935  -62.964  -34.066 0.6999999881
8295  27.799  -63.394  -33.719 0.6000000238
108289  29.976  -62.577  -33.421 0.6999999881
9645  31.902  -61.893  -33.988 0.6000000238
8921  30.398  -62.131  -33.022 0.6999999881
119698  33.043  -61.114  -34.033 0.6000000238
10376  31.690  -61.559  -33.150 0.6000000238
9623  30.104  -61.531  -32.649 0.6999999881
10375  33.028  -60.614  -33.498 0.6999999881
11094  25.071  -59.631  -32.781 0.6000000238
7692  23.084  -64.225  -39.600 0.5000000000
7709  22.587  -64.107  -40.913 0.6000000238
7693  22.745  -64.333  -40.309 0.5000000000
9044  23.143  -62.306  -44.352 0.6000000238
8407  22.764  -63.027  -43.775 0.6999999881
8393  22.585  -63.761  -41.815 0.6000000238
7766  22.599  -64.150  -45.498 0.4000000060
8330  25.804  -63.704  -36.700 0.5000000000
8319  23.772  -62.703  -35.876 0.5000000000
6499  26.070  -66.869  -41.945 0.5000000000
8318  24.703  -62.943  -35.623 0.5000000000
8328  28.500  -63.583  -36.279 0.6999999881
8317  26.018  -63.543  -35.369 0.6000000238
8971  29.765  -63.047  -36.037 0.6999999881
108169  28.190  -63.780  -35.266 0.6000000238
8316  27.130  -63.854  -35.283 0.6000000238
8962  29.704  -63.164  -34.996 0.6999999881
8303  28.378  -63.589  -34.330 0.6000000238
8949  30.538  -62.698  -34.662 0.6999999881
9657  31.879  -61.992  -34.917 0.6000000238
8960  31.165  -62.401  -35.274 0.6000000238
9644  32.543  -61.550  -34.433 0.6000000238
8948  31.261  -62.302  -34.362 0.6000000238
10401  34.168  -60.722  -35.032 0.6000000238
10387  33.681  -60.542  -34.138 0.6999999881
104920  28.564  -60.028  -32.902 0.6999999881
11109  25.424  -59.164  -33.310 0.5000000000
10358  31.446  -60.840  -32.625 0.6999999881
122357  29.858  -60.858  -32.519 0.6999999881
11093  26.905  -59.967  -32.893 0.6000000238
8391  24.896  -63.712  -41.480 0.5000000000
7708  22.975  -64.019  -40.087 0.5000000000
103910  23.624  -63.927  -40.099 0.5000000000
9034  24.291  -62.754  -43.137 0.6999999881
8384  23.115  -63.860  -40.814 0.6000000238
124692  23.686  -61.622  -45.123 0.5000000000
9769  24.324  -61.477  -44.325 0.6999999881
8401  23.442  -63.288  -42.733 0.6000000238
8420  24.146  -63.631  -45.992 0.4000000060
108328  23.668  -62.380  -45.616 0.4000000060
9063  23.045  -62.306  -45.253 0.5000000000
8344  25.985  -63.859  -37.501 0.5000000000
8342  28.014  -63.627  -37.294 0.5000000000
8329  26.915  -63.924  -36.927 0.5000000000
104694  26.599  -63.838  -36.074 0.5000000000
8985  29.643  -62.883  -36.998 0.6000000238
106207  27.599  -63.872  -36.173 0.5000000000
8970  30.413  -62.619  -36.507 0.6999999881
103660  31.941  -61.834  -37.032 0.6000000238
8983  31.134  -62.221  -36.824 0.6999999881
8961  30.443  -62.740  -35.602 0.6999999881
107586  32.851  -61.636  -37.218 0.6000000238
9669  32.712  -61.662  -36.309 0.6000000238
9670  31.769  -62.014  -35.992 0.6999999881
10419  35.084  -60.741  -36.607 0.6999999881
9656  32.612  -61.625  -35.351 0.6000000238
11141  35.862  -59.066  -36.604 0.6000000238
105685  35.067  -60.366  -35.874 0.6999999881
11886  35.695  -58.122  -36.493 0.6000000238
11866  35.368  -58.728  -35.827 0.6000000238
10400  34.771  -60.042  -35.147 0.6999999881
11821  26.823  -58.989  -34.586 0.6000000238
10386  34.276  -60.146  -34.544 0.6999999881
11089  30.071  -60.076  -32.522 0.6999999881
11108  26.605  -59.329  -33.673 0.6000000238
12675  35.271  -57.331  -36.576 0.6999999881
11130  34.912  -59.214  -35.146 0.6000000238
124568  34.558  -58.916  -34.618 0.8000000119
11105  33.501  -59.963  -33.483 0.6999999881
11087  32.566  -59.669  -32.760 0.6999999881
118635  31.014  -60.080  -32.454 0.6999999881
8383  24.313  -63.991  -40.856 0.6000000238
9760  25.633  -61.676  -43.405 0.6999999881
9033  25.258  -62.596  -42.717 0.6999999881
8400  24.569  -63.328  -42.283 0.6000000238
10496  24.970  -60.867  -44.897 0.5000000000
9768  25.088  -61.135  -44.290 0.6999999881
9062  24.590  -62.473  -45.963 0.4000000060
123130  24.217  -61.619  -45.452 0.5000000000
7675  26.089  -63.955  -38.329 0.5000000000
8345  24.799  -63.654  -37.940 0.5000000000
8343  26.969  -63.914  -37.845 0.5000000000
8986  28.994  -63.046  -37.656 0.6000000238
9000  30.388  -62.168  -38.257 0.6000000238
105634  29.741  -62.559  -37.935 0.6999999881
8341  28.878  -63.296  -36.928 0.6999999881
9685  31.203  -61.948  -37.824 0.6999999881
8984  30.428  -62.393  -37.414 0.6999999881
9684  33.728  -61.464  -37.448 0.6000000238
109144  32.137  -61.683  -37.895 0.6000000238
11156  36.310  -59.332  -38.533 0.6999999881
120365  35.011  -61.007  -37.275 0.6999999881
9683  34.506  -61.258  -37.735 0.6999999881
119133  28.060  -58.447  -34.170 0.6000000238
11902  36.294  -58.953  -37.582 0.6000000238
11147  36.086  -59.888  -37.823 0.6999999881
9667  34.467  -61.222  -36.909 0.6999999881
117142  34.665  -55.431  -39.416 0.6000000238
13471  35.707  -56.491  -37.923 0.6000000238
13470  36.164  -56.663  -38.118 0.6000000238
11903  36.149  -58.179  -37.163 0.6000000238
104283  35.964  -59.689  -37.110 0.6999999881
11820  27.998  -58.947  -34.180 0.6000000238
13472  34.894  -56.400  -37.670 0.6000000238
12683  35.832  -57.437  -37.077 0.6000000238
111017  31.395  -58.517  -32.330 0.6999999881
11813  30.442  -58.424  -32.372 0.6000000238
11090  29.319  -59.779  -32.713 0.6999999881
11091  28.265  -59.393  -33.519 0.6000000238
110830  34.828  -55.716  -38.768 0.5000000000
14261  34.300  -56.056  -38.202 0.6000000238
12676  34.631  -57.185  -36.044 0.8000000119
12650  34.286  -57.682  -34.711 0.8000000119
12651  33.917  -57.707  -33.964 0.8000000119
11086  33.216  -59.399  -33.037 0.8000000119
11812  32.065  -59.087  -32.476 0.6999999881
112179  30.705  -59.256  -32.414 0.6999999881
11867  34.749  -58.349  -35.113 0.8000000119
11840  34.286  -58.367  -34.335 0.8000000119
8399  25.334  -63.296  -41.995 0.6999999881
8390  25.750  -63.471  -41.359 0.6999999881
8382  25.267  -63.935  -40.708 0.6999999881
119590  23.874  -63.813  -39.467 0.6000000238
9767  26.017  -61.057  -43.948 0.6999999881
8373  25.594  -64.040  -39.820 0.6000000238
9780  25.649  -60.782  -44.710 0.6000000238
8361  25.134  -63.971  -38.846 0.5000000000
8360  26.290  -63.975  -39.123 0.5000000000
15044  25.206  -54.115  -33.611 0.6000000238
108717  26.848  -63.862  -38.588 0.5000000000
14211  25.912  -55.071  -33.526 0.5000000000
120935  28.400  -63.036  -38.804 0.5000000000
14186  27.272  -55.269  -32.560 0.6000000238
9699  30.215  -61.966  -38.958 0.6999999881
9001  29.115  -62.676  -38.559 0.6000000238
9697  31.622  -61.684  -38.562 0.6999999881
123255  29.813  -62.298  -38.601 0.6999999881
13414  27.551  -56.680  -33.244 0.6000000238
118604  33.127  -61.532  -38.673 0.6999999881
9696  32.419  -61.594  -38.632 0.6000000238
11166  36.231  -59.721  -39.403 0.6999999881
10439  35.417  -60.795  -38.731 0.6999999881
9694  34.608  -61.238  -38.676 0.6999999881
12635  28.376  -57.932  -33.532 0.6000000238
13413  28.187  -56.949  -32.878 0.6000000238
11915  36.462  -58.382  -38.440 0.6000000238
10432  35.187  -60.969  -37.936 0.6999999881
12624  29.397  -57.652  -32.501 0.6000000238
12652  27.819  -57.963  -34.440 0.6000000238
13479  36.486  -56.333  -38.989 0.6000000238
12690  36.462  -57.352  -38.414 0.6000000238
107441  31.677  -56.830  -32.253 0.6999999881
11814  29.572  -58.349  -32.599 0.6000000238
107073  28.917  -58.164  -32.879 0.6000000238
14267  35.641  -55.443  -39.141 0.6000000238
13432  33.677  -56.516  -34.526 0.6000000238
13390  33.104  -57.069  -32.835 0.6000000238
12620  32.997  -57.933  -32.708 0.6999999881
119066  31.777  -57.699  -32.293 0.6000000238
105148  28.991  -59.109  -32.985 0.6000000238
123514  33.721  -56.330  -35.282 0.6000000238
12634  33.517  -57.747  -33.239 0.8000000119
13451  33.965  -56.502  -36.150 0.6000000238
109980  33.918  -57.147  -34.391 0.6999999881
11811  32.784  -58.811  -32.697 0.8000000119
123682  26.044  -62.230  -42.708 0.6999999881
9032  26.713  -62.300  -42.268 0.6999999881
9025  26.675  -62.961  -41.315 0.6999999881
116271  26.888  -61.229  -43.672 0.6999999881
9759  26.476  -61.618  -43.121 0.6999999881
8381  26.888  -63.298  -40.494 0.6000000238
8372  26.609  -63.726  -39.872 0.6000000238
16814  26.558  -52.396  -32.553 0.6000000238
16827  25.822  -52.305  -33.104 0.6000000238
16815  25.996  -53.077  -32.781 0.6000000238
16828  25.328  -52.972  -33.322 0.6000000238
103912  27.128  -63.646  -39.221 0.6000000238
15900  26.144  -53.864  -32.741 0.5000000000
9713  29.997  -61.793  -39.635 0.6999999881
9010  28.726  -62.503  -39.450 0.6999999881
119195  28.289  -54.062  -31.947 0.4000000060
14187  26.823  -54.783  -32.604 0.5000000000
9711  31.962  -61.598  -39.238 0.6999999881
9712  30.706  -61.699  -39.372 0.8000000119
105066  28.122  -55.043  -32.135 0.5000000000
9710  32.850  -61.557  -39.342 0.6000000238
9698  30.882  -61.814  -38.679 0.6999999881
14185  28.789  -55.578  -32.150 0.6000000238
112030  33.701  -61.450  -39.038 0.6999999881
13393  30.304  -56.185  -32.137 0.6999999881
13395  28.705  -56.425  -32.395 0.6000000238
111127  36.670  -57.950  -39.848 0.6999999881
121297  36.383  -59.341  -40.029 0.6999999881
14181  31.773  -55.383  -32.521 0.5000000000
107340  29.714  -56.886  -32.255 0.6000000238
14289  37.391  -55.370  -40.477 0.6000000238
12699  36.699  -57.185  -39.341 0.6000000238
11924  36.448  -58.755  -39.396 0.6999999881
107720  30.693  -56.829  -32.140 0.6999999881
123721  36.871  -55.793  -39.751 0.6000000238
13412  32.983  -56.260  -33.129 0.5000000000
124831  31.942  -56.041  -32.382 0.6000000238
15097  36.125  -54.963  -39.675 0.6000000238
117097  33.388  -55.856  -35.735 0.6000000238
14234  33.377  -55.836  -34.840 0.5000000000
105018  32.429  -57.350  -32.471 0.6999999881
14255  32.376  -55.679  -37.932 0.6000000238
9758  27.401  -61.623  -42.646 0.6999999881
9024  27.474  -62.189  -41.613 0.6999999881
9018  27.469  -62.668  -40.721 0.6000000238
8371  27.373  -63.222  -39.966 0.6000000238
17619  26.418  -51.661  -32.910 0.4000000060
17630  25.710  -51.539  -33.526 0.5000000000
103561  28.081  -62.583  -40.099 0.6000000238
16813  27.388  -52.383  -32.165 0.5000000000
16843  24.313  -52.608  -34.180 0.6000000238
9729  29.016  -61.749  -40.631 0.6999999881
9728  29.780  -61.669  -40.382 0.6999999881
9002  27.912  -63.104  -39.338 0.6000000238
15898  27.461  -53.809  -32.128 0.5000000000
9726  31.907  -61.641  -40.503 0.6999999881
118428  29.123  -54.006  -31.994 0.4000000060
10469  35.630  -60.736  -41.231 0.6999999881
9722  35.028  -61.150  -40.636 0.6999999881
9724  33.569  -61.539  -40.487 0.6999999881
15015  29.792  -54.498  -32.202 0.6000000238
11945  36.696  -58.753  -41.162 0.6999999881
10458  36.138  -60.138  -40.973 0.6999999881
9707  35.071  -61.093  -39.640 0.6999999881
9709  33.611  -61.486  -39.764 0.6999999881
105259  30.678  -54.618  -32.433 0.5000000000
14183  30.311  -55.377  -32.211 0.5000000000
12710  37.360  -57.223  -40.819 0.6000000238
11935  36.899  -57.984  -40.654 0.6999999881
11175  36.393  -59.408  -40.725 0.6999999881
14182  31.111  -55.187  -32.370 0.5000000000
15107  37.033  -54.542  -40.581 0.5000000000
13478  37.275  -56.369  -40.247 0.6000000238
12711  36.974  -57.202  -40.105 0.6000000238
9744  28.168  -61.698  -41.802 0.6999999881
115280  26.420  -50.864  -33.412 0.4000000060
114587  28.891  -61.598  -41.933 0.6999999881
9017  28.226  -62.002  -40.888 0.6999999881
18435  25.585  -50.862  -34.081 0.4000000060
9743  28.745  -61.683  -41.277 0.6999999881
17641  24.456  -51.764  -34.366 0.6000000238
118458  31.208  -61.640  -40.692 0.8000000119
108332  30.394  -61.611  -40.902 0.6999999881
9740  32.802  -61.794  -41.495 0.6000000238
17655  22.030  -51.604  -36.035 0.6000000238
9737  34.992  -61.250  -41.516 0.6999999881
9739  33.506  -61.638  -41.248 0.6999999881
9725  32.710  -61.653  -40.724 0.6000000238
10468  36.157  -60.294  -41.769 0.6000000238
11934  37.304  -58.089  -41.497 0.6000000238
15956  20.176  -53.201  -36.657 0.5000000000
13496  37.760  -56.315  -40.944 0.6000000238
15118  38.116  -54.399  -41.490 0.5000000000
119993  30.301  -61.691  -41.606 0.6999999881
18444  25.425  -50.323  -34.869 0.4000000060
9741  31.044  -61.773  -41.503 0.8000000119
17653  24.024  -51.252  -34.972 0.5000000000
112872  33.390  -61.832  -42.073 0.8000000119
17663  22.786  -51.050  -36.017 0.4000000060
18457  24.523  -50.609  -35.298 0.4000000060
119980  31.958  -61.818  -41.328 0.6999999881
17664  22.100  -51.204  -36.729 0.4000000060
17654  23.238  -51.490  -35.354 0.5000000000
114199  37.459  -58.452  -42.253 0.6000000238
10478  35.630  -60.869  -42.077 0.6999999881
111138  22.351  -50.947  -37.819 0.4000000060
12735  37.853  -57.872  -42.172 0.6000000238
11961  36.933  -58.979  -42.024 0.6000000238
16863  20.012  -52.775  -37.482 0.4000000060
16862  20.726  -52.484  -36.605 0.6000000238
13495  38.240  -56.433  -41.643 0.6000000238
111993  38.666  -54.878  -41.726 0.5000000000
16001  38.372  -53.646  -42.624 0.5000000000
19243  25.792  -49.885  -35.567 0.4000000060
108748  30.752  -61.920  -42.225 0.8000000119
18471  24.248  -50.354  -36.045 0.4000000060
9754  31.601  -62.040  -42.172 0.6999999881
18473  22.789  -50.786  -36.814 0.4000000060
9751  34.939  -61.387  -42.483 0.6000000238
9738  34.238  -61.559  -41.782 0.6999999881
11193  36.550  -59.784  -42.279 0.6000000238
10477  36.169  -60.442  -42.548 0.6000000238
18491  22.323  -51.000  -39.024 0.4000000060
111843  20.689  -52.051  -38.788 0.4000000060
12721  38.216  -57.244  -42.099 0.6000000238
16874  20.027  -52.499  -38.571 0.4000000060
14299  38.725  -55.697  -41.912 0.4000000060
19259  25.581  -49.942  -36.447 0.4000000060
123637  32.927  -62.157  -42.614 0.6999999881
18482  24.248  -50.327  -37.085 0.4000000060
9763  35.198  -61.364  -43.376 0.6999999881
9752  34.144  -61.727  -42.469 0.6000000238
18483  23.303  -50.585  -37.405 0.4000000060
11960  37.347  -58.923  -42.734 0.6000000238
11201  36.604  -60.006  -43.102 0.6000000238
17675  21.515  -51.448  -39.066 0.4000000060
12734  38.423  -57.677  -42.756 0.6000000238
17694  20.606  -51.601  -39.688 0.3000000119
13502  39.245  -55.990  -42.569 0.4000000060
15125  39.367  -54.488  -42.691 0.4000000060
14309  39.781  -55.212  -43.008 0.4000000060
110316  23.753  -50.547  -39.359 0.4000000060
108987  22.745  -50.814  -39.893 0.4000000060
11968  38.284  -58.389  -43.417 0.6000000238
13508  39.110  -57.026  -42.972 0.6000000238
12738  38.871  -57.828  -43.492 0.6000000238
14308  40.283  -54.965  -43.676 0.4000000060
13506  40.297  -55.686  -43.751 0.5000000000
16013  40.147  -54.017  -44.325 0.4000000060
19287  18.295  -48.565  -37.755 0.3000000119
15135  40.377  -54.557  -44.082 0.4000000060
19297  26.649  -49.392  -40.105 0.4000000060
20089  19.746  -47.919  -38.900 0.3000000119
19247  17.948  -49.230  -35.994 0.4000000060
20086  27.918  -48.257  -39.704 0.4000000060
20108  25.295  -48.597  -41.081 0.4000000060
114198  20.803  -47.038  -39.516 0.3000000119
119029  21.991  -48.405  -39.887 0.3000000119
20080  18.062  -48.161  -37.307 0.3000000119
20090  18.776  -47.681  -38.206 0.3000000119
19260  17.582  -48.867  -36.615 0.3000000119
20991  25.734  -47.981  -40.586 0.4000000060
20096  25.126  -48.218  -40.520 0.4000000060
109754  24.031  -48.660  -40.996 0.4000000060
20975  19.471  -46.934  -38.670 0.3000000119
20976  18.961  -46.959  -38.163 0.3000000119
16832  20.653  -52.676  -33.568 0.4000000060
15020  22.302  -54.305  -32.162 0.3000000119
14994  23.312  -54.268  -30.724 0.3000000119
20948  18.439  -47.739  -37.313 0.3000000119
20053  18.284  -48.680  -36.367 0.3000000119
20087  24.710  -48.221  -39.469 0.4000000060
20098  23.354  -48.505  -40.285 0.4000000060
20985  21.575  -47.345  -39.491 0.3000000119
21876  20.417  -46.284  -39.220 0.3000000119
21872  19.637  -46.541  -38.536 0.3000000119
122888  19.674  -51.727  -34.279 0.3000000119
20947  19.115  -47.322  -37.150 0.3000000119
15903  21.736  -53.657  -32.745 0.3000000119
20067  18.666  -48.021  -36.689 0.3000000119
16818  22.418  -52.932  -32.664 0.4000000060
15902  22.580  -53.612  -32.282 0.3000000119
15901  23.221  -53.082  -31.973 0.3000000119
15885  23.478  -53.375  -31.065 0.3000000119
20983  22.728  -47.801  -39.221 0.4000000060
21869  21.448  -46.377  -39.125 0.4000000060
21870  20.834  -45.914  -39.005 0.3000000119
17634  20.198  -51.972  -33.997 0.4000000060
20962  19.439  -46.707  -37.735 0.3000000119
17643  19.986  -51.317  -34.416 0.3000000119
112157  21.004  -52.007  -33.698 0.4000000060
17633  20.893  -51.290  -34.133 0.4000000060
16801  23.609  -52.703  -31.259 0.3000000119
20974  22.184  -46.658  -38.589 0.4000000060
103939  21.465  -46.007  -38.544 0.4000000060
21849  21.029  -46.127  -37.562 0.4000000060
20946  20.345  -47.005  -36.917 0.4000000060
20066  19.767  -47.975  -36.380 0.3000000119
20051  20.369  -48.758  -35.661 0.3000000119
19232  20.899  -49.980  -34.732 0.3000000119
18446  21.109  -50.594  -34.384 0.3000000119
18438  21.670  -50.803  -33.996 0.5000000000
17632  21.802  -51.617  -33.552 0.4000000060
16830  22.352  -52.219  -33.080 0.4000000060
16797  23.755  -52.657  -30.443 0.3000000119
107414  21.522  -45.947  -37.912 0.4000000060
120158  21.306  -46.479  -36.797 0.4000000060
20945  21.239  -47.326  -36.137 0.3000000119
20039  21.791  -48.957  -34.827 0.3000000119
19230  22.123  -49.593  -34.371 0.3000000119
19220  22.968  -49.664  -33.831 0.3000000119
20931  20.633  -47.935  -36.067 0.3000000119
20050  21.330  -48.326  -35.469 0.3000000119
18445  21.602  -50.159  -34.371 0.3000000119
18437  22.264  -50.261  -33.963 0.3000000119
18427  23.274  -50.922  -33.029 0.3000000119
19244  21.090  -49.222  -35.113 0.3000000119
17621  22.801  -51.606  -33.063 0.3000000119
16817  23.026  -52.294  -32.514 0.3000000119
107954  23.694  -52.226  -29.772 0.3000000119
122111  25.243  -47.708  -37.373 0.3000000119
21858  23.211  -45.801  -37.139 0.3000000119
22735  22.895  -45.586  -37.029 0.3000000119
21832  22.709  -45.739  -36.233 0.3000000119
20921  22.731  -47.783  -34.879 0.3000000119
20034  23.391  -48.931  -33.926 0.3000000119
21848  21.976  -45.841  -36.950 0.3000000119
109972  21.928  -47.531  -35.573 0.3000000119
20049  22.134  -48.218  -35.068 0.3000000119
20038  22.632  -48.772  -34.468 0.3000000119
18436  23.577  -50.175  -33.099 0.3000000119
18426  24.000  -50.670  -32.226 0.3000000119
17620  23.650  -51.592  -32.146 0.3000000119
17603  24.239  -51.068  -31.077 0.3000000119
17604  23.865  -52.012  -31.097 0.3000000119
17599  24.025  -51.688  -30.268 0.3000000119
20941  27.126  -47.330  -37.241 0.3000000119
21847  23.743  -45.320  -36.583 0.3000000119
22717  22.919  -45.523  -36.667 0.3000000119
20930  22.586  -46.824  -35.482 0.3000000119
20037  23.386  -48.115  -34.318 0.3000000119
18425  24.260  -49.900  -32.426 0.3000000119
18413  24.399  -50.195  -31.543 0.3000000119
17583  24.211  -50.829  -30.135 0.3000000119
109341  23.276  -50.955  -29.408 0.3000000119
20033  24.036  -48.499  -33.662 0.3000000119
19219  23.983  -49.360  -33.241 0.3000000119
18409  24.403  -50.257  -30.677 0.3000000119
18387  23.862  -50.400  -29.731 0.3000000119
17584  23.791  -51.333  -29.758 0.3000000119
20032  24.576  -48.722  -32.958 0.3000000119
19211  24.499  -49.285  -32.529 0.3000000119
112007  24.560  -49.699  -31.132 0.3000000119
111595  24.598  -47.977  -33.370 0.3000000119
20029  24.795  -48.790  -32.149 0.3000000119
20019  24.735  -48.922  -31.237 0.3000000119
19200  24.440  -49.510  -30.396 0.3000000119
106426  24.119  -49.743  -29.866 0.3000000119
19176  23.543  -49.488  -29.575 0.3000000119
117068  23.180  -50.198  -29.413 0.3000000119
5976  26.368  -67.625  -41.908 0.5000000000
6500  25.195  -66.547  -42.405 0.5000000000
7096  25.278  -65.602  -42.589 0.4000000060
8922  29.423  -62.227  -32.851 0.6999999881
10360  29.247  -60.480  -32.603 0.6999999881
114733  23.502  -64.116  -45.684 0.4000000060
107860  25.989  -66.096  -42.113 0.5000000000
8358  28.456  -63.219  -38.159 0.5000000000
9654  34.463  -61.013  -35.973 0.6000000238
9727  30.564  -61.610  -40.113 0.8000000119
9714  29.283  -61.959  -39.907 0.6999999881
104845  32.994  -61.574  -40.056 0.6000000238
113341  37.636  -54.668  -40.966 0.5000000000
10459  35.682  -60.637  -40.371 0.6999999881
109454  21.434  -51.514  -37.678 0.4000000060
16002  37.538  -53.484  -42.530 0.5000000000
11959  37.848  -58.371  -42.795 0.6000000238
15126  38.749  -54.219  -42.146 0.4000000060
119941  36.151  -60.588  -43.187 0.6000000238
11200  37.176  -59.430  -43.298 0.6000000238
17693  21.329  -51.400  -39.976 0.3000000119
13507  39.686  -56.333  -43.282 0.4000000060
19306  26.328  -48.919  -40.619 0.4000000060
21859  22.291  -45.973  -37.678 0.3000000119
20944  24.741  -46.851  -36.552 0.3000000119
9785  35.392  -61.424  -44.992 0.5000000000
9049  34.243  -62.100  -44.109 0.5000000000
9038  33.670  -62.239  -43.613 0.6999999881
9039  32.389  -62.475  -43.711 0.6999999881
103754  29.810  -61.739  -42.217 0.6000000238
9773  35.384  -61.389  -44.145 0.5000000000
9037  34.414  -61.793  -43.249 0.6000000238
9030  32.170  -62.319  -42.887 0.6000000238
114577  27.730  -61.304  -43.421 0.6000000238
106732  32.592  -62.491  -44.531 0.6999999881
9765  29.935  -61.902  -43.948 0.6000000238
107003  29.070  -61.584  -43.596 0.6000000238
9041  30.774  -62.210  -43.605 0.6999999881
124818  30.251  -62.050  -43.363 0.6000000238
9757  28.260  -61.509  -42.601 0.6000000238
10492  36.072  -60.947  -44.496 0.5000000000
9060  31.545  -62.039  -45.778 0.6999999881
9775  29.999  -61.726  -45.096 0.6999999881
9777  28.331  -61.186  -45.101 0.6000000238
9778  27.307  -61.049  -44.263 0.6000000238
9059  32.372  -62.282  -45.416 0.6000000238
9052  30.595  -62.074  -44.404 0.6999999881
9776  29.085  -61.503  -44.575 0.6000000238
9066  33.690  -61.995  -45.932 0.6000000238
10504  36.569  -60.560  -45.146 0.5000000000
10483  35.833  -60.977  -43.635 0.5000000000
9067  32.201  -61.920  -46.344 0.6999999881
9787  30.570  -61.684  -46.112 0.6000000238
9779  26.472  -60.867  -44.491 0.6000000238
11212  37.650  -59.767  -45.744 0.5000000000
10491  36.638  -60.390  -44.432 0.5000000000
11977  39.472  -58.367  -45.314 0.5000000000
10490  37.227  -59.978  -44.838 0.5000000000
12748  39.968  -57.824  -45.005 0.4000000060
10364  24.708  -60.300  -32.581 0.4000000060
8925  26.759  -62.087  -32.787 0.4000000060
9627  25.318  -61.094  -32.592 0.4000000060
8926  25.750  -61.852  -32.817 0.5000000000
8296  26.878  -63.341  -33.797 0.5000000000
8941  24.984  -62.274  -33.480 0.5000000000
11207  38.054  -59.252  -44.811 0.5000000000
8297  25.797  -63.007  -33.960 0.5000000000
8283  23.416  -63.279  -32.279 0.6000000238
11972  39.293  -58.194  -44.649 0.4000000060
8305  26.494  -63.517  -34.545 0.5000000000
107017  24.678  -62.534  -34.277 0.5000000000
8298  23.658  -62.646  -33.551 0.5000000000
10365  23.724  -60.279  -32.554 0.5000000000
8927  24.168  -60.895  -32.751 0.5000000000
10366  22.840  -60.431  -32.394 0.5000000000
9628  23.217  -60.960  -32.511 0.5000000000
9629  22.451  -61.223  -32.212 0.5000000000
8942  24.060  -61.714  -33.379 0.5000000000
8928  23.611  -61.466  -32.807 0.5000000000
108131  23.313  -62.244  -32.626 0.5000000000
12743  39.205  -57.907  -44.041 0.5000000000
8943  23.853  -62.131  -33.861 0.5000000000
13518  41.235  -56.566  -45.232 0.4000000060
12742  39.705  -57.520  -44.316 0.4000000060
12741  40.484  -57.046  -44.664 0.4000000060
106107  24.298  -58.384  -34.378 0.5000000000
10367  22.074  -60.632  -32.265 0.5000000000
11974  38.099  -58.938  -43.940 0.5000000000
13514  40.061  -56.687  -43.967 0.4000000060
11844  27.153  -58.545  -35.121 0.5000000000
113562  25.985  -58.513  -35.986 0.5000000000
114570  23.781  -58.395  -37.037 0.5000000000
11846  25.584  -58.630  -34.905 0.5000000000
13513  40.733  -56.168  -44.466 0.4000000060
11869  26.902  -58.104  -35.762 0.5000000000
11888  25.652  -58.352  -36.669 0.5000000000
12668  27.045  -57.688  -35.588 0.5000000000
11904  25.862  -58.055  -37.138 0.5000000000
116474  25.136  -58.224  -37.639 0.5000000000
11905  24.112  -58.402  -38.176 0.4000000060
13445  26.641  -57.063  -35.830 0.5000000000
12685  25.055  -57.657  -38.286 0.6000000238
11917  24.010  -58.373  -39.088 0.6000000238
13433  27.433  -57.190  -34.192 0.5000000000
13446  26.017  -56.524  -36.071 0.5000000000
13463  25.583  -56.998  -37.667 0.5000000000
12691  25.162  -57.112  -38.369 0.6000000238
12700  24.235  -57.316  -39.983 0.6000000238
11926  23.921  -58.057  -39.976 0.6000000238
11167  22.371  -59.038  -39.848 0.5000000000
11176  22.039  -58.715  -40.747 0.5000000000
11185  20.502  -58.598  -41.403 0.5000000000
118949  27.053  -56.498  -33.861 0.5000000000
13415  26.430  -55.915  -33.946 0.5000000000
13435  26.176  -56.281  -35.084 0.5000000000
13454  25.849  -56.770  -36.916 0.5000000000
14248  25.382  -56.055  -36.451 0.6000000238
13480  24.296  -56.793  -39.812 0.6000000238
12701  23.745  -57.454  -40.625 0.6000000238
11927  23.108  -58.290  -40.639 0.6000000238
11946  21.849  -57.599  -41.544 0.5000000000
11908  18.141  -58.420  -37.540 0.5000000000
12726  19.469  -57.790  -41.438 0.5000000000
14209  27.042  -55.953  -33.104 0.5000000000
14236  25.461  -55.761  -35.425 0.6000000238
14237  24.611  -55.432  -35.787 0.6000000238
13456  23.677  -55.738  -37.149 0.6000000238
13474  24.174  -56.410  -39.442 0.6000000238
106447  23.851  -56.019  -38.745 0.6000000238
13482  23.337  -56.728  -40.587 0.6000000238
13475  23.391  -56.398  -39.640 0.6000000238
12713  22.663  -57.253  -41.382 0.6000000238
12724  21.223  -57.185  -41.466 0.5000000000
11938  20.919  -57.887  -41.633 0.5000000000
12716  19.613  -57.209  -41.004 0.5000000000
12704  19.459  -57.472  -39.924 0.5000000000
12705  18.660  -57.631  -40.399 0.5000000000
12696  18.685  -57.773  -39.353 0.5000000000
14227  24.836  -54.992  -34.757 0.6000000238
113987  23.132  -55.564  -36.195 0.6000000238
123955  22.724  -55.986  -36.654 0.6000000238
119953  23.300  -56.067  -37.675 0.6000000238
13466  22.838  -56.385  -38.375 0.6000000238
103737  22.207  -56.476  -37.085 0.6000000238
12702  21.639  -56.844  -39.778 0.5000000000
12693  21.306  -57.146  -38.679 0.5000000000
109096  21.092  -56.812  -40.668 0.5000000000
12694  20.413  -57.556  -38.400 0.5000000000
104236  19.823  -57.757  -36.752 0.6000000238
12695  19.554  -57.741  -38.823 0.5000000000
11892  19.083  -58.230  -37.155 0.5000000000
12681  19.240  -57.912  -36.138 0.5000000000
11850  18.043  -58.043  -34.793 0.5000000000
14239  22.703  -55.173  -35.641 0.6000000238
14251  22.265  -55.745  -35.947 0.6000000238
13457  21.366  -56.577  -36.301 0.6000000238
12686  21.006  -57.305  -37.566 0.6000000238
109527  19.844  -57.457  -35.941 0.6000000238
12670  18.680  -57.978  -35.415 0.5000000000
15076  22.325  -54.533  -35.432 0.6000000238
12680  20.611  -57.205  -36.405 0.6000000238
12654  19.483  -56.968  -34.862 0.6000000238
12655  18.694  -57.391  -34.601 0.5000000000
16855  22.145  -52.231  -35.608 0.6000000238
15946  22.380  -52.989  -35.329 0.6000000238
15947  21.830  -53.694  -35.495 0.6000000238
15078  20.996  -54.923  -35.628 0.6000000238
13448  20.686  -56.562  -35.752 0.6000000238
13436  19.368  -56.218  -34.890 0.5000000000
15955  21.006  -53.131  -35.955 0.6000000238
124173  20.457  -54.422  -35.871 0.6000000238
121555  20.360  -53.820  -36.210 0.6000000238
14241  19.714  -55.576  -35.421 0.6000000238
110349  19.554  -53.714  -36.598 0.6000000238
15080  18.525  -54.543  -35.668 0.5000000000
16864  19.383  -53.174  -37.203 0.4000000060
9756  29.008  -61.601  -42.739 0.6000000238
9031  31.228  -62.243  -42.885 0.6999999881
11209  36.927  -59.950  -43.911 0.5000000000
11208  37.568  -59.440  -44.013 0.5000000000
122582  38.769  -59.055  -45.817 0.5000000000
11978  38.819  -58.792  -45.199 0.5000000000
109414  22.168  -62.091  -31.947 0.6000000238
13464  24.980  -56.524  -38.181 0.6000000238
14257  24.527  -55.908  -37.585 0.6000000238
121283  21.911  -56.703  -40.725 0.6000000238
12703  20.798  -57.220  -39.494 0.5000000000
104479  21.800  -55.228  -35.620 0.6000000238
13447  21.424  -55.980  -35.751 0.6000000238
15079  19.349  -54.796  -35.746 0.6000000238
14242  18.980  -55.311  -35.211 0.6000000238
5430  27.252  -68.416  -41.220 0.4000000060
6466  28.587  -67.247  -40.000 0.5000000000
6479  29.101  -66.573  -41.247 0.5000000000
5951  28.071  -67.701  -40.380 0.4000000060
5963  27.455  -67.697  -41.102 0.4000000060
6480  27.370  -66.962  -41.439 0.4000000060
5964  26.924  -67.811  -41.517 0.4000000060
6465  29.846  -66.157  -41.205 0.5000000000
112307  29.585  -66.166  -40.287 0.5000000000
115850  28.232  -66.176  -42.099 0.5000000000
6498  27.490  -66.293  -41.898 0.5000000000
110337  26.695  -66.533  -41.816 0.4000000060
123621  30.063  -66.385  -42.457 0.5000000000
7092  29.544  -66.228  -42.567 0.5000000000
7093  28.765  -65.812  -42.528 0.5000000000
7734  28.121  -64.821  -42.751 0.5000000000
7095  26.853  -65.751  -42.168 0.4000000060
7735  27.077  -64.867  -42.655 0.4000000060
6514  30.156  -66.376  -43.039 0.5000000000
7105  29.619  -65.871  -43.211 0.5000000000
7116  29.984  -65.485  -44.038 0.5000000000
7106  28.893  -65.037  -43.041 0.5000000000
7742  28.474  -64.375  -43.406 0.5000000000
122445  26.359  -64.746  -42.875 0.4000000060
10506  25.388  -60.858  -45.189 0.5000000000
9794  24.583  -61.161  -45.134 0.4000000060
9809  25.975  -61.837  -46.239 0.4000000060
9071  26.027  -63.119  -46.581 0.4000000060
8426  25.230  -63.563  -46.348 0.4000000060
7773  24.949  -64.245  -46.156 0.4000000060
7741  29.249  -64.764  -43.695 0.5000000000
7764  25.213  -64.393  -46.072 0.4000000060
7753  25.731  -64.103  -45.180 0.4000000060
7745  24.861  -64.503  -43.858 0.4000000060
7751  29.520  -64.531  -44.639 0.4000000060
7752  28.709  -64.114  -44.290 0.5000000000
114376  26.314  -63.928  -44.174 0.4000000060
7743  27.547  -64.251  -43.282 0.4000000060
9808  26.749  -61.428  -46.233 0.4000000060
8425  26.482  -64.276  -46.791 0.4000000060
7772  25.849  -64.313  -46.381 0.4000000060
7123  31.171  -65.776  -45.713 0.4000000060
8419  26.428  -64.397  -45.785 0.4000000060
8414  26.649  -63.859  -44.751 0.4000000060
7760  29.554  -64.497  -45.726 0.4000000060
105248  28.707  -64.188  -45.369 0.4000000060
8418  27.100  -64.166  -45.535 0.4000000060
8413  27.368  -63.781  -44.541 0.4000000060
10495  26.222  -60.743  -45.185 0.5000000000
9791  26.995  -60.912  -45.756 0.4000000060
107109  27.891  -62.016  -46.841 0.4000000060
9069  28.534  -62.272  -47.188 0.4000000060
8430  27.889  -64.499  -47.585 0.4000000060
7778  27.018  -64.919  -47.047 0.4000000060
7129  27.664  -65.296  -47.159 0.4000000060
7771  26.696  -64.633  -46.755 0.4000000060
112698  29.906  -65.399  -47.516 0.4000000060
7769  27.820  -65.342  -47.025 0.4000000060
9790  28.367  -61.130  -45.898 0.5000000000
123417  29.722  -61.462  -45.981 0.6000000238
9806  28.385  -61.450  -46.496 0.5000000000
104133  28.553  -63.510  -47.628 0.4000000060
118262  28.524  -64.677  -47.907 0.4000000060
107823  28.976  -65.205  -48.110 0.4000000060
7136  30.257  -65.648  -48.771 0.4000000060
9819  30.036  -61.820  -47.326 0.4000000060
8429  30.182  -62.755  -47.893 0.4000000060
117901  29.328  -64.031  -48.108 0.4000000060
9079  30.820  -61.949  -47.654 0.5000000000
9087  31.040  -62.630  -48.226 0.4000000060
119339  30.434  -63.966  -48.534 0.4000000060
9804  32.086  -61.725  -47.468 0.6000000238
9086  32.351  -62.285  -48.610 0.5000000000
9050  33.462  -62.382  -44.396 0.5000000000
15063  24.699  -54.204  -34.131 0.5000000000
111737  23.419  -53.908  -34.806 0.5000000000
16854  22.835  -52.273  -35.248 0.5000000000
15938  24.393  -53.393  -34.095 0.5000000000
15945  23.082  -53.069  -34.918 0.5000000000
15074  24.017  -54.683  -35.069 0.5000000000
6478  29.661  -66.401  -41.962 0.5000000000
5962  27.915  -67.242  -41.045 0.5000000000
123624  26.581  -62.327  -46.559 0.4000000060
8424  26.849  -63.288  -46.891 0.4000000060
113422  28.583  -64.620  -46.282 0.4000000060
9080  29.333  -62.576  -47.562 0.4000000060
7776  28.298  -65.203  -47.645 0.4000000060
7133  28.941  -65.336  -47.883 0.4000000060
9788  29.881  -61.500  -46.662 0.5000000000
7784  29.721  -65.152  -48.549 0.4000000060
9805  30.641  -61.584  -47.047 0.5000000000
9818  31.274  -61.719  -47.453 0.6000000238
8436  31.422  -63.456  -48.659 0.5000000000
9803  32.963  -61.625  -47.796 0.5000000000
11986  43.110  -57.935  -48.818 0.3000000119
11991  41.400  -58.760  -49.068 0.3000000119
11988  41.037  -58.501  -48.362 0.3000000119
11987  42.083  -58.094  -48.649 0.3000000119
12755  43.642  -57.196  -48.450 0.3000000119
12754  44.038  -57.527  -48.142 0.3000000119
12750  43.970  -56.564  -48.013 0.3000000119
11225  40.750  -59.325  -49.345 0.3000000119
106070  38.432  -60.165  -48.967 0.4000000060
11227  38.937  -59.746  -48.532 0.4000000060
11224  41.662  -59.371  -49.429 0.3000000119
11222  38.592  -59.566  -47.469 0.4000000060
11221  39.499  -59.226  -48.015 0.4000000060
10503  36.985  -60.286  -45.816 0.4000000060
10505  36.011  -61.058  -45.445 0.4000000060
11990  42.362  -58.736  -49.087 0.3000000119
11989  40.192  -58.611  -47.566 0.3000000119
11216  38.685  -59.236  -46.425 0.4000000060
12751  43.525  -56.474  -48.293 0.3000000119
11982  40.502  -58.227  -46.783 0.3000000119
10520  37.028  -60.791  -48.949 0.4000000060
9821  36.396  -61.045  -48.701 0.4000000060
105700  34.383  -61.621  -47.544 0.4000000060
9802  34.499  -61.700  -46.461 0.4000000060
113545  40.196  -59.942  -49.723 0.4000000060
10519  37.703  -60.420  -48.754 0.4000000060
10515  37.068  -60.622  -48.143 0.4000000060
9801  35.315  -61.420  -47.056 0.4000000060
10511  36.011  -61.071  -46.330 0.4000000060
11228  41.100  -60.010  -49.695 0.3000000119
10518  38.272  -60.035  -48.236 0.4000000060
10510  36.637  -60.606  -46.662 0.4000000060
9057  34.012  -62.200  -44.954 0.4000000060
11223  42.521  -59.974  -49.071 0.3000000119
10509  37.334  -60.140  -46.606 0.4000000060
109403  35.319  -61.414  -45.930 0.4000000060
11219  43.147  -58.969  -48.819 0.3000000119
11217  38.012  -59.665  -46.594 0.4000000060
11984  39.271  -58.756  -46.000 0.4000000060
9830  35.548  -61.608  -49.446 0.4000000060
107368  34.075  -61.574  -48.583 0.4000000060
106805  37.134  -61.247  -49.981 0.4000000060
10526  36.708  -61.066  -49.422 0.4000000060
9823  34.720  -61.538  -49.085 0.4000000060
9817  33.635  -61.588  -47.967 0.4000000060
10521  41.493  -61.054  -49.633 0.3000000119
10527  38.938  -60.828  -50.234 0.4000000060
10516  42.895  -61.555  -48.313 0.3000000119
118218  34.611  -61.810  -45.469 0.4000000060
113655  43.350  -60.558  -48.102 0.3000000119
9077  32.523  -61.780  -48.390 0.4000000060
9084  33.870  -61.760  -49.098 0.4000000060
11976  40.184  -58.144  -45.899 0.3000000119
12746  41.786  -56.798  -46.313 0.3000000119
9058  33.181  -62.330  -45.176 0.4000000060
107506  33.690  -61.744  -47.044 0.4000000060
117295  32.917  -61.824  -46.738 0.4000000060
9085  33.079  -62.035  -49.040 0.4000000060
11226  39.804  -59.501  -49.007 0.3000000119
12756  43.024  -57.264  -48.557 0.3000000119
10524  38.216  -60.502  -49.614 0.4000000060
11215  39.278  -58.956  -47.014 0.4000000060
107798  37.047  -60.446  -47.305 0.4000000060
119879  36.447  -60.689  -45.879 0.4000000060
11983  39.844  -58.517  -46.627 0.4000000060
10525  37.413  -60.807  -49.539 0.4000000060
9816  35.037  -61.519  -48.232 0.4000000060
9815  35.874  -61.289  -47.938 0.4000000060
10523  39.780  -60.549  -50.158 0.3000000119
9814  36.527  -60.840  -47.645 0.4000000060
116708  41.795  -60.230  -49.454 0.3000000119
9828  37.933  -61.040  -50.114 0.4000000060
122661  39.638  -61.089  -50.375 0.3000000119
10517  42.182  -61.226  -49.034 0.3000000119
5396  31.676  -68.670  -38.027 0.3000000119
4395  32.481  -69.615  -39.161 0.3000000119
5387  31.275  -67.885  -37.524 0.3000000119
103596  31.807  -69.226  -37.750 0.3000000119
5397  31.177  -68.169  -38.094 0.3000000119
4908  32.078  -69.237  -39.052 0.3000000119
123983  31.365  -66.847  -36.655 0.3000000119
5904  31.394  -67.197  -36.111 0.3000000119
5386  31.470  -68.557  -37.160 0.3000000119
121408  31.443  -65.912  -37.154 0.3000000119
5915  30.964  -67.163  -37.696 0.3000000119
4909  30.988  -69.198  -38.951 0.3000000119
5419  28.244  -68.383  -39.844 0.3000000119
6413  32.355  -66.236  -35.163 0.3000000119
5888  31.490  -67.280  -35.240 0.3000000119
7018  31.876  -65.585  -36.706 0.3000000119
6422  31.559  -66.408  -36.318 0.3000000119
5381  31.331  -67.988  -35.607 0.3000000119
5929  29.444  -67.345  -38.617 0.3000000119
6453  29.101  -66.757  -39.670 0.3000000119
5940  28.817  -67.457  -39.189 0.3000000119
120659  31.668  -65.324  -37.526 0.3000000119
6431  30.653  -66.565  -38.037 0.3000000119
109758  31.424  -65.055  -38.331 0.3000000119
109378  31.190  -64.933  -39.210 0.3000000119
7051  30.328  -65.512  -39.557 0.3000000119
5939  29.280  -66.819  -38.990 0.3000000119
7050  31.018  -64.989  -40.117 0.3000000119
6495  31.356  -66.349  -43.128 0.4000000060
7075  30.526  -65.970  -41.735 0.4000000060
120193  30.207  -72.075  -35.175 0.3000000119
2887  29.533  -72.987  -35.857 0.3000000119
4889  31.362  -69.172  -36.793 0.3000000119
5346  32.076  -68.915  -33.867 0.3000000119
124519  31.310  -69.907  -34.497 0.3000000119
4353  30.749  -71.036  -34.838 0.3000000119
3818  30.276  -71.426  -35.342 0.3000000119
124995  29.560  -72.327  -36.013 0.3000000119
6399  32.827  -66.781  -34.581 0.3000000119
114657  31.373  -68.784  -34.735 0.3000000119
4860  30.965  -70.197  -34.910 0.3000000119
3838  29.983  -71.369  -37.330 0.3000000119
3828  29.614  -71.768  -36.538 0.3000000119
5373  31.373  -68.110  -34.920 0.3000000119
4870  31.235  -68.779  -35.191 0.3000000119
4376  30.426  -70.508  -36.409 0.3000000119
4387  30.583  -70.615  -37.178 0.3000000119
4880  30.905  -69.740  -36.132 0.3000000119
4375  31.139  -69.826  -36.989 0.3000000119
114790  30.860  -67.597  -38.005 0.3000000119
4898  29.442  -68.593  -38.659 0.3000000119
6400  31.914  -66.873  -34.780 0.3000000119
6442  30.454  -66.024  -38.425 0.3000000119
3337  31.114  -72.253  -34.551 0.3000000119
3848  31.987  -70.553  -38.428 0.3000000119
5872  31.710  -67.641  -34.598 0.3000000119
3790  31.282  -70.593  -34.368 0.3000000119
4871  31.035  -69.626  -35.403 0.3000000119
4366  30.553  -70.543  -35.563 0.3000000119
3837  30.929  -71.015  -37.881 0.3000000119
7060  31.011  -65.328  -40.930 0.3000000119
6011  35.047  -68.419  -48.281 0.3000000119
6006  34.882  -68.514  -47.514 0.3000000119
6007  33.843  -68.134  -47.051 0.3000000119
6003  32.855  -67.591  -46.426 0.4000000060
112932  31.846  -67.122  -46.030 0.4000000060
6540  31.549  -66.718  -45.409 0.3000000119
111037  30.823  -65.536  -45.116 0.3000000119
6015  34.677  -68.007  -49.173 0.3000000119
6013  33.009  -67.494  -48.411 0.4000000060
6548  32.334  -67.137  -47.753 0.4000000060
6549  31.554  -66.407  -48.444 0.4000000060
108803  30.915  -65.458  -46.659 0.3000000119
7143  31.535  -66.231  -49.476 0.4000000060
114819  30.572  -65.920  -48.746 0.4000000060
7132  29.914  -65.568  -48.366 0.3000000119
7783  30.466  -65.295  -48.988 0.3000000119
6541  37.534  -67.943  -46.550 0.3000000119
5471  36.221  -68.467  -46.903 0.3000000119
6001  34.633  -68.136  -46.568 0.4000000060
6002  33.575  -67.653  -46.102 0.4000000060
6538  32.561  -67.272  -45.543 0.3000000119
6528  31.540  -66.768  -44.689 0.3000000119
6512  31.515  -66.631  -43.963 0.3000000119
6542  36.608  -67.714  -47.012 0.3000000119
6547  35.424  -67.109  -48.331 0.3000000119
6014  35.077  -68.032  -48.984 0.3000000119
6551  34.855  -67.558  -49.879 0.3000000119
6016  33.692  -67.590  -49.212 0.3000000119
6553  32.708  -67.024  -49.399 0.4000000060
7134  35.580  -66.456  -50.107 0.3000000119
7139  35.311  -66.286  -50.582 0.3000000119
6556  34.571  -67.007  -50.541 0.3000000119
110260  33.291  -67.198  -50.041 0.4000000060
6554  31.823  -66.553  -49.379 0.4000000060
7140  34.617  -66.137  -50.781 0.3000000119
7141  32.978  -66.348  -50.259 0.4000000060
7142  32.100  -66.194  -49.817 0.4000000060
106656  33.893  -63.796  -49.676 0.3000000119
7781  32.957  -64.377  -49.589 0.4000000060
7790  32.473  -65.368  -49.771 0.4000000060
111530  31.100  -64.496  -48.999 0.4000000060
9091  35.410  -62.467  -49.862 0.3000000119
8435  32.824  -63.179  -49.104 0.4000000060
125114  33.385  -62.745  -49.237 0.3000000119
5974  39.819  -68.356  -42.926 0.3000000119
119083  38.899  -67.774  -43.527 0.3000000119
6506  37.863  -67.083  -43.374 0.3000000119
107261  37.046  -66.523  -43.295 0.3000000119
6004  38.284  -68.047  -46.199 0.3000000119
5457  38.308  -68.291  -45.574 0.3000000119
5998  37.372  -68.385  -45.743 0.3000000119
6523  36.423  -66.683  -43.880 0.3000000119
7121  37.321  -66.082  -45.698 0.3000000119
6534  38.001  -67.294  -46.195 0.3000000119
5465  37.730  -68.382  -46.044 0.3000000119
5999  36.485  -68.396  -45.875 0.3000000119
6536  35.049  -67.071  -45.014 0.3000000119
6525  34.025  -66.560  -44.653 0.3000000119
6510  33.327  -66.097  -43.965 0.3000000119
6511  32.366  -66.532  -44.013 0.3000000119
7090  32.112  -65.768  -42.784 0.3000000119
7073  32.243  -65.153  -41.877 0.3000000119
104254  36.313  -66.382  -46.776 0.3000000119
7794  35.671  -65.140  -50.828 0.3000000119
7788  34.743  -65.157  -50.563 0.3000000119
8445  36.871  -64.475  -50.824 0.3000000119
8447  35.063  -64.149  -50.262 0.3000000119
9098  37.015  -63.313  -50.677 0.3000000119
9090  36.217  -62.280  -50.112 0.3000000119
9092  34.625  -61.910  -49.380 0.3000000119
5440  40.419  -68.621  -42.138 0.3000000119
124229  39.573  -68.290  -43.674 0.3000000119
5989  38.621  -68.186  -44.709 0.3000000119
5982  38.078  -67.673  -44.139 0.3000000119
5997  38.925  -68.104  -45.822 0.3000000119
5990  37.732  -68.072  -44.919 0.3000000119
5428  40.847  -68.985  -41.656 0.3000000119
5446  40.751  -68.426  -43.575 0.3000000119
5454  40.430  -68.270  -44.373 0.3000000119
5455  39.797  -68.361  -44.734 0.3000000119
5456  39.151  -68.350  -45.115 0.3000000119
6533  38.740  -67.487  -45.829 0.3000000119
5439  40.870  -68.635  -42.716 0.3000000119
5980  41.730  -67.630  -43.336 0.3000000119
6519  40.450  -67.368  -44.682 0.3000000119
5988  40.088  -67.802  -45.115 0.3000000119
7091  31.361  -65.832  -42.305 0.3000000119
7104  30.393  -66.233  -43.661 0.3000000119
6513  30.997  -66.537  -44.112 0.3000000119
7126  31.476  -66.201  -46.405 0.3000000119
7131  31.019  -65.789  -47.673 0.4000000060
7782  32.011  -64.197  -49.197 0.4000000060
9833  37.022  -62.150  -50.337 0.3000000119
5473  35.565  -68.419  -47.469 0.3000000119
6012  34.145  -68.283  -48.205 0.3000000119
5472  35.584  -68.537  -46.902 0.3000000119
6008  33.062  -67.748  -47.375 0.4000000060
6544  32.318  -67.351  -46.671 0.4000000060
6545  31.854  -66.660  -47.100 0.4000000060
6558  32.483  -66.728  -49.994 0.4000000060
6535  37.112  -66.897  -46.491 0.3000000119
5467  36.194  -68.517  -46.490 0.3000000119
6537  34.363  -67.455  -45.589 0.3000000119
6000  35.509  -68.183  -45.992 0.3000000119
118843  33.467  -67.141  -45.311 0.4000000060
6527  31.998  -66.989  -44.717 0.3000000119
7124  35.927  -65.472  -46.934 0.3000000119
7125  35.594  -65.678  -47.780 0.3000000119
7130  35.448  -66.042  -48.750 0.3000000119
111691  33.871  -66.511  -50.637 0.4000000060
9099  36.165  -63.363  -50.435 0.3000000119
6522  37.289  -67.291  -44.054 0.3000000119
6524  35.718  -66.849  -44.454 0.3000000119
6509  34.853  -66.225  -44.162 0.3000000119
8952  23.832  -62.437  -34.705 0.4000000060
2871  31.374  -72.898  -34.647 0.3000000119
2886  30.155  -73.271  -35.305 0.3000000119
3349  29.927  -72.523  -35.446 0.3000000119
3357  29.263  -72.590  -36.591 0.3000000119
3819  29.844  -71.857  -35.741 0.3000000119
3827  29.940  -71.143  -36.019 0.3000000119
4330  31.669  -70.067  -33.982 0.3000000119
4386  31.633  -70.082  -37.740 0.3000000119
4843  31.551  -69.284  -34.291 0.3000000119
4879  31.250  -68.807  -36.047 0.3000000119
4895  32.061  -69.221  -38.590 0.3000000119
4896  31.605  -68.853  -38.452 0.3000000119
4897  30.554  -68.603  -38.502 0.3000000119
4910  29.648  -69.299  -38.971 0.3000000119
5363  31.637  -68.441  -34.405 0.3000000119
5398  29.981  -67.934  -38.307 0.3000000119
5408  28.588  -68.166  -39.258 0.3000000119
5431  26.683  -68.355  -41.822 0.5000000000
5438  41.399  -68.235  -43.198 0.3000000119
5447  40.023  -68.497  -43.855 0.3000000119
5448  39.390  -68.305  -44.318 0.3000000119
5462  40.049  -68.227  -45.020 0.3000000119
5463  39.521  -68.273  -45.206 0.3000000119
5464  38.995  -68.231  -45.565 0.3000000119
5466  36.939  -68.427  -46.371 0.3000000119
5469  38.354  -68.219  -45.975 0.3000000119
5470  37.638  -68.237  -46.304 0.3000000119
5871  32.284  -67.352  -34.409 0.3000000119
5914  31.312  -67.253  -36.995 0.3000000119
5928  30.247  -67.181  -38.189 0.3000000119
5981  41.230  -67.924  -43.991 0.3000000119
5987  40.599  -67.867  -44.632 0.3000000119
5991  36.703  -67.702  -44.864 0.3000000119
5992  35.890  -67.677  -45.243 0.3000000119
5996  39.524  -68.143  -45.396 0.3000000119
6005  36.847  -68.289  -46.741 0.3000000119
6009  36.114  -68.336  -47.261 0.3000000119
6010  35.433  -68.244  -47.926 0.3000000119
6414  31.752  -66.570  -35.437 0.3000000119
6430  31.227  -66.563  -37.272 0.3000000119
6441  31.074  -65.837  -37.941 0.3000000119
6443  29.909  -66.541  -38.606 0.3000000119
6451  30.145  -65.891  -38.866 0.3000000119
6452  29.657  -66.224  -39.272 0.3000000119
6456  22.692  -65.589  -40.392 0.5000000000
6481  26.803  -67.216  -41.604 0.4000000060
6494  31.992  -66.324  -43.432 0.3000000119
6496  30.637  -66.344  -42.742 0.5000000000
6497  28.910  -66.394  -42.077 0.5000000000
6504  40.975  -67.273  -44.213 0.3000000119
6520  39.915  -67.061  -44.975 0.3000000119
6526  32.945  -66.727  -44.726 0.3000000119
6529  31.165  -66.316  -44.801 0.3000000119
6532  39.438  -67.600  -45.452 0.3000000119
6539  31.889  -67.137  -45.353 0.3000000119
6543  35.852  -66.669  -47.402 0.3000000119
6546  35.892  -67.849  -47.563 0.3000000119
6550  35.236  -67.264  -49.629 0.3000000119
6552  34.185  -67.516  -50.079 0.3000000119
6555  35.140  -67.038  -50.294 0.3000000119
6557  33.555  -66.994  -50.415 0.4000000060
7040  30.719  -65.472  -38.702 0.3000000119
7061  30.348  -65.598  -40.629 0.3000000119
7062  22.315  -64.512  -41.068 0.5000000000
7074  31.396  -65.394  -41.512 0.4000000060
7094  27.763  -65.609  -42.308 0.5000000000
7115  30.624  -65.951  -44.362 0.3000000119
7120  38.274  -66.458  -45.479 0.3000000119
7127  28.837  -65.177  -47.085 0.4000000060
7128  28.042  -65.328  -47.350 0.4000000060
7135  30.956  -66.095  -49.155 0.4000000060
7137  29.573  -65.404  -48.320 0.4000000060
7144  30.785  -65.900  -49.181 0.4000000060
7145  35.315  -65.748  -50.793 0.3000000119
7663  32.125  -64.755  -37.874 0.3000000119
7691  24.613  -64.030  -40.092 0.6000000238
7723  21.953  -64.200  -41.699 0.6000000238
7744  26.508  -64.317  -43.414 0.4000000060
7750  30.278  -64.918  -45.023 0.3000000119
7759  30.427  -64.943  -46.077 0.4000000060
7761  27.666  -64.611  -46.250 0.4000000060
7762  26.827  -64.649  -46.459 0.4000000060
7763  26.126  -64.461  -46.286 0.4000000060
7765  24.363  -64.262  -45.894 0.4000000060
7770  27.277  -65.153  -47.008 0.4000000060
7777  27.582  -65.178  -47.251 0.4000000060
7789  33.622  -65.438  -50.318 0.3000000119
7791  31.378  -65.497  -49.405 0.4000000060
7793  36.311  -65.030  -50.881 0.3000000119
8294  28.602  -63.232  -33.673 0.6000000238
8302  28.897  -63.500  -34.873 0.6999999881
8307  24.014  -62.424  -35.042 0.6000000238
8315  29.051  -63.429  -35.636 0.6999999881
8327  29.186  -63.271  -36.388 0.6999999881
8359  27.682  -63.541  -38.457 0.5000000000
8392  23.897  -63.724  -41.683 0.6000000238
8405  27.917  -63.771  -43.969 0.5000000000
8406  27.067  -63.817  -43.956 0.4000000060
8412  27.972  -63.829  -44.925 0.4000000060
8421  22.971  -63.264  -45.593 0.4000000060
8431  27.158  -64.393  -47.239 0.4000000060
8440  35.459  -63.433  -50.182 0.3000000119
8441  34.690  -62.999  -49.686 0.3000000119
8446  36.021  -64.374  -50.739 0.3000000119
8924  27.644  -62.224  -32.813 0.6000000238
8929  22.832  -61.815  -32.292 0.5000000000
8935  31.322  -62.079  -33.666 0.6000000238
8936  30.666  -62.452  -33.737 0.6000000238
8938  28.099  -62.815  -33.217 0.6000000238
8939  27.265  -62.787  -33.252 0.6000000238
8940  26.256  -62.614  -33.314 0.5000000000
8951  24.053  -62.155  -34.220 0.5000000000
8969  31.007  -62.443  -36.058 0.6999999881
9009  29.539  -62.194  -39.197 0.6999999881
9026  25.999  -62.877  -42.073 0.6999999881
9035  23.526  -62.744  -43.579 0.6999999881
9040  31.629  -62.400  -43.580 0.6999999881
9042  24.757  -61.918  -43.596 0.6999999881
9043  23.886  -62.034  -43.927 0.6999999881
9045  22.472  -62.745  -44.716 0.6000000238
9051  31.782  -62.391  -44.887 0.6999999881
9053  22.998  -62.119  -44.972 0.5000000000
9054  22.477  -62.767  -45.154 0.5000000000
9061  30.970  -62.094  -45.098 0.6999999881
9068  31.348  -61.693  -46.771 0.6000000238
9070  27.235  -62.211  -46.713 0.4000000060
9072  25.383  -62.450  -46.222 0.4000000060
9078  31.671  -61.961  -48.088 0.5000000000
9081  27.695  -63.161  -47.260 0.4000000060
9093  33.862  -62.382  -49.316 0.3000000119
9622  30.919  -61.563  -32.772 0.6999999881
9625  27.228  -61.519  -32.606 0.6999999881
9635  32.477  -61.305  -33.593 0.6000000238
9636  31.031  -62.009  -33.206 0.6999999881
9637  24.813  -61.555  -32.863 0.5000000000
9643  33.328  -61.198  -34.725 0.6000000238
9655  33.533  -61.350  -35.639 0.6000000238
9668  33.659  -61.447  -36.567 0.6000000238
9695  33.790  -61.443  -38.266 0.6999999881
9708  34.290  -61.353  -39.457 0.6999999881
9723  34.335  -61.376  -40.159 0.6999999881
9742  29.536  -61.613  -41.242 0.6999999881
9753  32.463  -62.014  -42.098 0.8000000119
9755  30.444  -62.069  -42.890 0.6999999881
9764  33.627  -62.038  -42.868 0.6999999881
9766  28.419  -61.422  -43.287 0.6000000238
9770  23.661  -61.660  -44.710 0.6999999881
9774  34.846  -61.711  -43.876 0.5000000000
9781  24.367  -61.221  -44.852 0.5000000000
9786  34.779  -61.793  -44.578 0.5000000000
9789  29.087  -61.380  -45.517 0.6000000238
9792  26.073  -61.059  -45.691 0.4000000060
9793  25.138  -61.472  -45.689 0.4000000060
9800  36.099  -61.059  -47.112 0.4000000060
9807  27.545  -61.345  -46.329 0.4000000060
9822  35.562  -61.311  -48.939 0.4000000060
9824  33.259  -61.660  -48.659 0.4000000060
9827  40.291  -61.434  -50.341 0.3000000119
9829  36.425  -61.469  -49.736 0.4000000060
9832  37.824  -61.989  -50.488 0.3000000119
10357  32.365  -60.627  -32.908 0.6999999881
10359  30.581  -60.856  -32.529 0.6999999881
10361  28.468  -60.911  -32.585 0.6999999881
10368  21.275  -60.709  -32.322 0.5000000000
10399  35.333  -59.605  -35.822 0.6999999881
10418  35.583  -60.021  -36.492 0.6999999881
10431  35.575  -60.448  -37.293 0.6999999881
10449  36.180  -60.006  -40.182 0.6999999881
10450  35.811  -60.461  -39.508 0.6999999881
10482  36.393  -60.501  -43.784 0.5000000000
10493  27.664  -60.969  -45.509 0.5000000000
10494  27.031  -60.812  -45.035 0.5000000000
10514  37.709  -60.144  -47.569 0.4000000060
10522  40.704  -60.783  -50.044 0.3000000119
11088  31.847  -59.953  -32.561 0.6999999881
11092  27.869  -59.937  -33.232 0.6999999881
11106  32.968  -60.074  -33.090 0.6999999881
11107  27.617  -59.454  -33.728 0.6000000238
11120  34.471  -59.537  -34.571 0.8000000119
11121  34.046  -59.766  -34.001 0.8000000119
11122  27.402  -58.957  -34.434 0.6000000238
11157  35.998  -60.174  -38.653 0.6999999881
11184  36.476  -59.554  -41.506 0.6999999881
11192  36.910  -59.413  -42.683 0.6000000238
11211  38.327  -59.321  -45.753 0.5000000000
11218  43.750  -59.739  -47.911 0.3000000119
11220  40.422  -58.920  -48.620 0.3000000119
11229  39.154  -60.089  -49.550 0.4000000060
11819  33.422  -58.582  -33.064 0.8000000119
11822  25.926  -58.886  -34.103 0.5000000000
11823  24.858  -58.649  -33.770 0.5000000000
11841  33.882  -58.442  -33.661 0.8000000119
11842  28.454  -58.704  -33.613 0.6000000238
11843  27.603  -58.494  -34.596 0.6000000238
11845  26.513  -58.777  -34.971 0.5000000000
11868  27.352  -58.110  -35.160 0.6000000238
11870  26.584  -58.451  -35.654 0.5000000000
11871  24.953  -58.469  -35.590 0.5000000000
11887  26.343  -58.134  -36.455 0.5000000000
11916  24.660  -58.017  -38.669 0.6000000238
11925  24.364  -57.831  -39.400 0.6000000238
11936  22.501  -57.988  -41.354 0.6000000238
11937  21.504  -58.335  -41.387 0.5000000000
11947  20.050  -58.219  -41.621 0.5000000000
11969  37.717  -58.905  -43.368 0.6000000238
11973  38.673  -58.505  -44.203 0.5000000000
12621  32.262  -58.222  -32.442 0.6999999881
12622  31.030  -57.645  -32.209 0.6999999881
12623  30.125  -57.628  -32.296 0.6000000238
12625  28.870  -57.256  -32.590 0.6000000238
12653  27.368  -57.617  -34.942 0.5000000000
12666  35.156  -57.889  -35.879 0.6999999881
12667  34.597  -57.608  -35.377 0.8000000119
12669  20.036  -57.038  -35.500 0.6000000238
12677  26.583  -57.695  -36.251 0.5000000000
12678  26.057  -57.581  -36.975 0.5000000000
12679  21.404  -56.931  -36.955 0.6000000238
12682  36.215  -57.386  -37.632 0.6000000238
12684  25.509  -57.620  -37.633 0.6000000238
12687  20.335  -57.609  -37.329 0.6000000238
12688  19.698  -57.882  -37.767 0.5000000000
12692  24.666  -57.316  -39.121 0.6000000238
12712  23.998  -56.891  -40.432 0.6000000238
12714  21.586  -56.861  -41.250 0.5000000000
12715  20.640  -56.957  -41.192 0.5000000000
12722  37.803  -57.228  -41.518 0.6000000238
12723  22.017  -57.040  -41.439 0.6000000238
12725  20.307  -57.432  -41.471 0.5000000000
12727  18.786  -58.145  -41.267 0.5000000000
12737  39.446  -57.251  -43.658 0.4000000060
12747  40.862  -57.356  -45.495 0.4000000060
12749  44.352  -57.820  -46.927 0.3000000119
13391  32.468  -56.516  -32.584 0.6999999881
13392  31.164  -55.945  -32.212 0.5000000000
13394  29.504  -56.033  -32.157 0.6000000238
13396  27.898  -56.020  -32.511 0.5000000000
13411  33.543  -56.893  -33.637 0.6000000238
13431  34.131  -56.980  -35.207 0.6999999881
13434  26.957  -56.896  -34.862 0.5000000000
13437  18.855  -56.669  -34.444 0.5000000000
13449  19.993  -56.405  -35.325 0.6000000238
13453  26.334  -57.159  -36.507 0.5000000000
13455  25.238  -56.323  -37.346 0.6000000238
13459  35.963  -56.906  -37.545 0.6000000238
13460  35.401  -56.859  -37.259 0.6000000238
13461  34.585  -56.674  -36.882 0.8000000119
13465  24.035  -55.868  -38.032 0.6000000238
13467  21.813  -56.810  -37.941 0.6000000238
13473  24.635  -56.671  -38.996 0.6000000238
13476  22.231  -56.673  -39.090 0.6000000238
13481  23.907  -56.677  -40.268 0.6000000238
13483  22.571  -56.630  -40.243 0.6000000238
13486  23.418  -56.947  -40.882 0.6000000238
13487  22.577  -56.834  -41.121 0.6000000238
13503  38.668  -56.726  -42.326 0.6000000238
13519  43.723  -55.907  -47.897 0.3000000119
14184  29.490  -55.228  -32.108 0.6000000238
14207  33.273  -56.011  -33.947 0.5000000000
14210  26.536  -55.294  -33.015 0.6000000238
14226  25.647  -55.446  -34.420 0.6000000238
14238  23.610  -55.187  -35.691 0.6000000238
14240  20.585  -55.736  -35.565 0.6000000238
14245  33.297  -55.964  -36.664 0.6000000238
14249  24.812  -55.802  -36.796 0.6000000238
14250  24.096  -55.512  -36.563 0.6000000238
14259  36.044  -55.987  -38.598 0.6000000238
14260  35.336  -56.021  -38.376 0.6000000238
14266  36.335  -55.531  -39.342 0.6000000238
14276  36.679  -55.068  -40.000 0.6000000238
14277  35.412  -54.817  -39.948 0.6000000238
14288  38.125  -55.343  -41.245 0.6000000238
14298  39.196  -55.018  -42.238 0.4000000060
15001  22.684  -54.740  -31.490 0.3000000119
15013  31.458  -54.685  -32.723 0.5000000000
15016  28.966  -54.726  -31.988 0.5000000000
15017  27.453  -54.519  -32.266 0.5000000000
15018  26.809  -54.146  -32.456 0.5000000000
15019  25.684  -54.360  -33.279 0.6000000238
15043  26.265  -54.612  -32.882 0.5000000000
15062  25.288  -54.713  -33.926 0.6000000238
15064  24.088  -53.986  -34.486 0.5000000000
15075  23.149  -54.567  -35.279 0.6000000238
15077  21.614  -54.491  -35.559 0.6000000238
15087  19.775  -54.322  -36.153 0.6000000238
15088  18.971  -54.151  -36.303 0.6000000238
15119  37.359  -54.055  -41.277 0.5000000000
15136  39.821  -54.367  -43.426 0.4000000060
15886  23.004  -53.938  -31.669 0.3000000119
15899  26.862  -53.245  -32.310 0.5000000000
15922  25.533  -53.673  -33.200 0.6000000238
15923  24.959  -53.555  -33.641 0.6000000238
15924  21.037  -53.319  -33.269 0.4000000060
15939  23.776  -53.185  -34.485 0.6000000238
15948  21.065  -54.076  -35.727 0.6000000238
15993  37.971  -53.807  -41.889 0.5000000000
16816  23.522  -52.346  -31.797 0.3000000119
16829  24.756  -52.953  -33.716 0.5000000000
16831  21.577  -52.658  -33.283 0.4000000060
16856  21.459  -52.262  -36.011 0.6000000238
17618  27.014  -51.819  -32.452 0.6000000238
17631  25.008  -52.218  -33.710 0.6000000238
17640  24.812  -50.996  -34.585 0.5000000000
17642  23.626  -52.208  -34.734 0.6000000238
17665  21.365  -51.769  -36.639 0.6000000238
17676  20.678  -52.143  -37.518 0.4000000060
17686  20.174  -52.112  -39.353 0.3000000119
17692  21.926  -51.247  -39.932 0.4000000060
18386  24.268  -50.160  -30.055 0.3000000119
18424  27.101  -51.183  -32.690 0.4000000060
18447  20.422  -50.661  -34.581 0.3000000119
18458  23.672  -50.810  -35.654 0.4000000060
18460  17.602  -49.858  -35.624 0.4000000060
18470  25.041  -50.171  -35.741 0.4000000060
18472  23.476  -50.576  -36.439 0.4000000060
18490  23.077  -50.703  -38.548 0.4000000060
18503  22.061  -50.928  -40.386 0.3000000119
19202  24.598  -49.489  -31.835 0.3000000119
19231  21.504  -49.601  -34.660 0.3000000119
19245  20.461  -49.506  -35.214 0.3000000119
19296  27.317  -48.967  -39.887 0.4000000060
19305  26.871  -48.700  -40.342 0.4000000060
19316  24.684  -48.932  -41.300 0.4000000060
20068  17.928  -48.274  -36.927 0.3000000119
20088  23.699  -48.227  -39.360 0.4000000060
20097  24.273  -48.412  -40.456 0.4000000060
20099  22.392  -48.088  -39.685 0.3000000119
20101  20.616  -48.047  -39.420 0.3000000119
20106  26.587  -48.106  -40.490 0.4000000060
20107  25.990  -48.367  -40.745 0.4000000060
20109  24.585  -48.593  -41.061 0.4000000060
20110  23.529  -49.012  -41.011 0.4000000060
20111  22.686  -48.886  -40.464 0.3000000119
20942  26.005  -47.463  -36.775 0.3000000119
20958  24.387  -47.510  -37.334 0.3000000119
20960  22.824  -46.595  -37.794 0.3000000119
20961  20.242  -46.320  -37.822 0.3000000119
20963  18.838  -47.093  -37.766 0.3000000119
20973  23.167  -47.538  -38.356 0.4000000060
20984  22.011  -47.175  -39.205 0.3000000119
20986  20.100  -46.925  -39.240 0.3000000119
20987  19.900  -46.341  -39.010 0.3000000119
20990  26.259  -47.641  -40.321 0.4000000060
21857  23.977  -46.361  -36.861 0.3000000119
21860  20.665  -45.960  -38.495 0.3000000119
21861  19.832  -46.320  -38.350 0.3000000119
21862  19.219  -46.685  -38.147 0.3000000119
21871  20.140  -46.000  -38.937 0.3000000119
21875  20.970  -46.396  -39.354 0.3000000119
22725  23.395  -45.322  -36.589 0.3000000119
103757  20.130  -54.968  -35.760 0.6000000238
103779  36.108  -61.286  -49.287 0.4000000060
104356  40.366  -68.555  -43.062 0.3000000119
104391  31.376  -67.906  -36.567 0.3000000119
104540  32.291  -61.577  -39.946 0.6000000238
105204  29.755  -61.882  -43.094 0.6000000238
105345  25.572  -64.156  -43.991 0.4000000060
105389  21.742  -52.832  -35.650 0.6000000238
105501  29.976  -71.055  -36.692 0.3000000119
105520  18.547  -47.583  -37.716 0.3000000119
105615  20.108  -57.477  -39.370 0.5000000000
105789  31.402  -61.583  -39.839 0.6999999881
105793  33.002  -62.350  -43.250 0.6999999881
106029  24.383  -56.201  -38.578 0.6000000238
106178  33.052  -62.475  -43.883 0.6999999881
106318  27.788  -61.017  -46.030 0.5000000000
106320  41.339  -68.503  -42.446 0.3000000119
106683  28.204  -66.713  -41.519 0.5000000000
107138  26.164  -63.642  -40.593 0.6000000238
107453  32.087  -63.109  -48.746 0.5000000000
107560  25.589  -63.512  -36.041 0.5000000000
108200  20.243  -57.093  -40.448 0.5000000000
108647  29.827  -59.183  -32.586 0.6999999881
108713  33.760  -59.211  -33.505 0.6999999881
108800  22.687  -53.823  -35.165 0.6000000238
108952  28.788  -62.715  -33.203 0.6000000238
109094  35.655  -60.928  -42.889 0.6000000238
109213  31.522  -66.863  -35.727 0.3000000119
109645  34.297  -61.435  -40.966 0.6999999881
110055  22.405  -45.784  -37.198 0.3000000119
110580  20.762  -51.781  -39.534 0.4000000060
110631  23.973  -50.492  -38.181 0.4000000060
110764  28.433  -67.791  -39.698 0.3000000119
110843  36.390  -58.041  -37.789 0.6000000238
110864  36.571  -57.919  -39.094 0.6000000238
112047  22.438  -50.925  -33.558 0.3000000119
112205  18.983  -57.610  -40.997 0.5000000000
112233  28.457  -67.032  -40.775 0.5000000000
112334  32.253  -66.913  -48.733 0.4000000060
112482  31.282  -62.319  -44.289 0.6999999881
112661  19.369  -57.422  -35.301 0.5000000000
112721  32.987  -61.563  -38.031 0.6000000238
113462  32.880  -62.058  -45.885 0.6000000238
114704  29.242  -61.682  -46.972 0.4000000060
114810  25.718  -49.047  -40.949 0.4000000060
114981  30.811  -66.449  -43.464 0.3000000119
115152  27.675  -61.022  -32.557 0.6000000238
115189  27.730  -60.465  -32.786 0.6999999881
115546  35.684  -60.494  -38.061 0.6999999881
115552  28.785  -53.248  -31.987 0.5000000000
116279  28.217  -61.251  -44.138 0.6000000238
116588  26.192  -65.265  -42.545 0.5000000000
116939  24.877  -50.177  -36.515 0.4000000060
118627  31.207  -69.424  -34.830 0.3000000119
118861  29.105  -61.401  -46.292 0.5000000000
119285  27.905  -57.390  -33.615 0.6000000238
119328  31.292  -61.642  -39.125 0.6999999881
119574  25.943  -59.664  -32.913 0.6000000238
119761  36.565  -58.680  -40.323 0.6999999881
119821  25.087  -51.463  -34.055 0.5000000000
119889  34.233  -59.053  -34.065 0.8000000119
120333  28.955  -66.747  -40.430 0.5000000000
120465  32.166  -67.367  -45.951 0.4000000060
121129  21.771  -63.952  -42.428 0.6000000238
121502  21.077  -45.895  -38.590 0.4000000060
121775  22.892  -50.394  -33.540 0.3000000119
121823  23.170  -57.538  -41.133 0.6000000238
122077  28.749  -61.697  -32.599 0.6999999881
122094  24.403  -54.486  -34.609 0.5000000000
122148  22.583  -51.664  -35.628 0.5000000000
122218  25.867  -63.944  -46.573 0.4000000060
122294  31.931  -62.484  -44.201 0.6999999881
122347  29.174  -56.651  -32.316 0.6000000238
122423  34.635  -60.527  -35.460 0.6999999881
122728  21.201  -55.475  -35.626 0.6000000238
122874  27.689  -61.018  -44.821 0.5000000000
123790  28.674  -62.142  -40.200 0.6000000238
123828  36.870  -56.516  -39.673 0.6000000238
123928  31.418  -59.363  -32.421 0.6999999881
124131  22.347  -47.657  -35.233 0.3000000119
124577  18.328  -47.927  -37.697 0.3000000119
124690  31.720  -62.564  -48.437 0.4000000060
125139  21.970  -56.187  -36.256 0.6000000238
