#!ascii label  , from subject sub-v2s9x29169_ses-1 vox2ras=TkReg
1425
37787  -38.433  -36.707  17.733 0.0000000000
55843  -48.579  -18.908  3.396 0.0000000000
51655  -40.081  -22.686  11.072 0.0000000000
119571  -12.394  -45.907  10.587 0.0000000000
39704  -24.029  -35.223  19.145 0.0000000000
38774  -9.423  -36.708  13.437 0.0000000000
34205  -7.408  -41.148  15.548 0.0000000000
56695  -44.569  -18.057  7.414 0.0000000000
41978  -6.607  -33.080  7.670 0.0000000000
25887  -7.035  -50.410  16.266 0.0000000000
41904  -37.721  -33.829  12.280 0.0000000000
39750  -34.409  -35.490  16.346 0.0000000000
39694  -31.153  -34.889  19.880 0.0000000000
125655  -50.294  -15.609  1.157 0.0000000000
54749  -41.754  -19.672  9.168 0.0000000000
36928  -20.721  -38.067  14.443 0.0000000000
45021  -5.771  -30.262  12.266 0.0000000000
35145  -11.508  -40.562  11.807 0.0000000000
36975  -11.599  -38.669  8.634 0.0000000000
32418  -13.109  -43.803  7.691 0.0000000000
29426  -12.866  -45.997  22.348 0.0000000000
29438  -8.052  -47.098  20.986 0.0000000000
48855  -38.672  -26.212  14.102 0.0000000000
41772  -27.816  -33.808  23.394 0.0000000000
40776  -26.387  -33.639  15.876 0.0000000000
36926  -7.243  -39.363  14.610 0.0000000000
32341  -8.138  -43.681  12.427 0.0000000000
54813  -47.541  -21.481  5.571 0.0000000000
32203  -16.078  -43.390  19.545 0.0000000000
34209  -18.090  -41.093  16.906 0.0000000000
40834  -9.084  -33.981  10.849 0.0000000000
36126  -7.601  -39.345  6.472 0.0000000000
33224  -11.798  -42.892  16.093 0.0000000000
30436  -7.788  -45.838  15.572 0.0000000000
27699  -8.511  -48.178  12.662 0.0000000000
118373  -40.919  -35.512  17.316 0.0000000000
37831  -38.190  -36.754  15.250 0.0000000000
39763  -40.190  -35.592  14.924 0.0000000000
38738  -36.772  -36.503  16.832 0.0000000000
38765  -36.347  -36.128  14.564 0.0000000000
38700  -35.288  -36.298  19.578 0.0000000000
57617  -49.772  -17.091  2.233 0.0000000000
54858  -45.690  -20.929  2.594 0.0000000000
127147  -46.502  -18.090  1.697 0.0000000000
58528  -47.437  -16.443  0.693 0.0000000000
53694  -40.727  -21.620  10.397 0.0000000000
50717  -37.736  -24.394  10.383 0.0000000000
52649  -38.726  -22.756  9.456 0.0000000000
53714  -39.368  -21.454  8.702 0.0000000000
32356  -11.960  -43.771  11.028 0.0000000000
33379  -12.858  -42.275  9.532 0.0000000000
118966  -13.422  -45.033  9.482 0.0000000000
29604  -13.404  -46.613  7.042 0.0000000000
119661  -13.481  -46.978  9.087 0.0000000000
29448  -13.032  -46.286  19.372 0.0000000000
27595  -11.422  -47.867  20.473 0.0000000000
108618  -38.552  -27.112  15.119 0.0000000000
44021  -37.676  -31.880  14.751 0.0000000000
44044  -36.314  -32.234  12.487 0.0000000000
45887  -36.816  -29.315  14.593 0.0000000000
47887  -36.709  -27.595  12.826 0.0000000000
41757  -29.885  -33.759  25.504 0.0000000000
119875  -30.550  -34.556  15.903 0.0000000000
115167  -29.335  -34.449  17.976 0.0000000000
62175  -49.384  -12.352  -1.185 0.0000000000
63833  -49.989  -10.451  0.316 0.0000000000
35104  -6.987  -40.501  14.796 0.0000000000
35127  -7.624  -41.010  13.263 0.0000000000
33295  -7.344  -42.224  13.656 0.0000000000
55803  -45.930  -19.475  6.286 0.0000000000
55819  -41.409  -19.504  5.532 0.0000000000
54809  -43.330  -20.528  4.860 0.0000000000
53777  -44.722  -22.398  4.488 0.0000000000
33143  -15.629  -42.976  23.132 0.0000000000
34153  -17.019  -41.569  21.760 0.0000000000
40786  -7.821  -34.337  14.830 0.0000000000
41894  -8.077  -32.699  12.843 0.0000000000
39789  -10.260  -34.993  11.932 0.0000000000
34344  -9.195  -42.006  6.545 0.0000000000
36985  -8.715  -38.824  7.572 0.0000000000
35238  -8.058  -41.208  5.989 0.0000000000
33202  -12.747  -42.738  18.169 0.0000000000
26729  -7.382  -48.957  19.172 0.0000000000
29471  -7.845  -46.796  17.814 0.0000000000
113218  -6.724  -47.937  15.948 0.0000000000
29512  -7.501  -46.843  13.791 0.0000000000
27671  -7.552  -49.178  13.926 0.0000000000
42977  -39.211  -33.353  14.930 0.0000000000
40667  -31.412  -34.965  23.250 0.0000000000
122407  -32.953  -35.609  21.220 0.0000000000
110201  -32.438  -35.153  17.972 0.0000000000
61298  -50.997  -14.017  0.225 0.0000000000
59500  -48.491  -14.755  -0.295 0.0000000000
56686  -43.321  -18.299  8.307 0.0000000000
55785  -40.417  -19.451  7.160 0.0000000000
39744  -23.441  -35.139  15.257 0.0000000000
112783  -22.119  -36.225  16.494 0.0000000000
111453  -6.060  -31.494  9.932 0.0000000000
36943  -10.735  -38.589  12.386 0.0000000000
38796  -11.561  -36.820  10.899 0.0000000000
36084  -12.465  -39.626  9.820 0.0000000000
34346  -11.940  -41.525  7.602 0.0000000000
32430  -10.563  -43.830  6.041 0.0000000000
32172  -11.367  -43.939  23.842 0.0000000000
124924  -10.729  -44.338  21.686 0.0000000000
28529  -10.640  -46.875  22.851 0.0000000000
26711  -9.318  -49.269  20.668 0.0000000000
109100  -38.968  -24.389  12.129 0.0000000000
48892  -36.845  -25.985  11.226 0.0000000000
40680  -25.707  -34.435  21.251 0.0000000000
40684  -29.480  -34.573  21.769 0.0000000000
40724  -27.602  -34.290  19.511 0.0000000000
40761  -24.875  -34.380  17.174 0.0000000000
39755  -7.766  -35.899  15.105 0.0000000000
117487  -7.247  -37.302  15.767 0.0000000000
37836  -8.314  -37.826  14.074 0.0000000000
36041  -9.011  -39.996  12.812 0.0000000000
34275  -10.085  -42.235  12.053 0.0000000000
126223  -10.190  -44.144  11.670 0.0000000000
54831  -47.825  -21.375  4.758 0.0000000000
52746  -45.105  -23.093  3.307 0.0000000000
31295  -13.736  -44.199  23.962 0.0000000000
114652  -14.609  -44.761  20.600 0.0000000000
127312  -13.883  -45.263  17.738 0.0000000000
37793  -20.839  -37.359  18.137 0.0000000000
36901  -19.324  -38.967  19.457 0.0000000000
117126  -18.139  -40.371  20.382 0.0000000000
33187  -16.862  -42.452  18.887 0.0000000000
32260  -15.382  -43.642  16.916 0.0000000000
117733  -6.809  -31.107  14.497 0.0000000000
42995  -7.023  -32.192  11.155 0.0000000000
40862  -7.465  -33.767  8.980 0.0000000000
38818  -10.791  -36.481  9.557 0.0000000000
38829  -7.936  -36.561  7.900 0.0000000000
112795  -7.258  -35.868  7.133 0.0000000000
33250  -9.257  -42.396  15.301 0.0000000000
31335  -10.435  -45.025  18.255 0.0000000000
31361  -9.491  -44.593  15.899 0.0000000000
32273  -7.749  -43.328  14.653 0.0000000000
31386  -7.467  -44.888  13.357 0.0000000000
30502  -7.876  -46.092  12.583 0.0000000000
29563  -9.756  -47.271  11.756 0.0000000000
108088  -7.942  -52.907  14.178 0.0000000000
25088  -8.741  -51.321  12.513 0.0000000000
122463  -12.020  -49.039  10.424 0.0000000000
38719  -40.025  -36.254  17.805 0.0000000000
38704  -38.946  -36.374  19.364 0.0000000000
37807  -38.443  -36.726  16.683 0.0000000000
37808  -39.427  -36.417  16.529 0.0000000000
37795  -37.514  -36.731  17.167 0.0000000000
37805  -37.426  -36.712  16.243 0.0000000000
116712  -38.181  -36.583  19.363 0.0000000000
38702  -36.808  -36.639  19.327 0.0000000000
56732  -48.759  -18.159  2.741 0.0000000000
54860  -47.158  -20.115  3.282 0.0000000000
55859  -46.137  -18.987  2.144 0.0000000000
56731  -47.310  -18.500  2.405 0.0000000000
118289  -48.164  -17.234  1.641 0.0000000000
52640  -40.393  -22.195  10.737 0.0000000000
53684  -41.678  -21.499  11.366 0.0000000000
52633  -41.268  -22.044  11.790 0.0000000000
50727  -37.714  -23.860  9.616 0.0000000000
51663  -39.087  -22.999  10.192 0.0000000000
52650  -39.420  -22.393  9.768 0.0000000000
31444  -12.324  -44.520  10.698 0.0000000000
32357  -12.735  -43.728  10.338 0.0000000000
127953  -12.611  -45.169  10.454 0.0000000000
30551  -13.557  -45.683  9.194 0.0000000000
29580  -12.780  -46.564  10.195 0.0000000000
29473  -12.873  -46.259  17.632 0.0000000000
28566  -11.976  -47.754  18.391 0.0000000000
44988  -37.750  -30.456  15.854 0.0000000000
45004  -37.325  -30.945  15.133 0.0000000000
127664  -37.279  -28.997  15.237 0.0000000000
46834  -37.214  -28.322  14.597 0.0000000000
63033  -51.248  -11.849  -0.003 0.0000000000
63043  -49.591  -11.671  -0.940 0.0000000000
63823  -51.216  -10.035  1.467 0.0000000000
34218  -6.949  -40.683  15.391 0.0000000000
35115  -7.185  -40.906  14.123 0.0000000000
34237  -7.254  -41.716  14.459 0.0000000000
56705  -45.414  -18.551  6.785 0.0000000000
111635  -47.165  -18.169  7.873 0.0000000000
56702  -43.077  -18.693  6.604 0.0000000000
55835  -41.897  -19.801  5.117 0.0000000000
55801  -43.892  -18.932  6.125 0.0000000000
55822  -44.559  -19.797  5.616 0.0000000000
112240  -16.927  -41.496  23.725 0.0000000000
35030  -17.415  -41.059  22.326 0.0000000000
39682  -24.386  -35.243  21.190 0.0000000000
38698  -23.025  -35.830  19.564 0.0000000000
43039  -6.358  -32.259  7.972 0.0000000000
40801  -8.621  -35.009  13.870 0.0000000000
40802  -9.293  -34.700  13.135 0.0000000000
39777  -9.867  -35.243  12.741 0.0000000000
33423  -9.123  -42.893  6.013 0.0000000000
34360  -8.365  -41.531  6.189 0.0000000000
33436  -8.889  -43.057  5.246 0.0000000000
33185  -13.216  -42.245  18.699 0.0000000000
33184  -12.860  -42.738  19.249 0.0000000000
26742  -7.003  -50.058  17.848 0.0000000000
27634  -6.717  -48.529  17.669 0.0000000000
26761  -6.893  -49.601  15.839 0.0000000000
27659  -6.937  -48.650  15.394 0.0000000000
25895  -7.129  -50.493  15.198 0.0000000000
41883  -40.412  -34.052  15.782 0.0000000000
41889  -39.635  -34.171  14.489 0.0000000000
41882  -39.770  -33.714  15.352 0.0000000000
42967  -39.021  -32.713  15.571 0.0000000000
38725  -34.721  -35.839  17.999 0.0000000000
38713  -34.079  -35.738  18.386 0.0000000000
39735  -33.670  -35.355  16.920 0.0000000000
39747  -32.055  -34.715  16.022 0.0000000000
60427  -51.364  -14.640  0.916 0.0000000000
59490  -49.035  -15.621  0.659 0.0000000000
59489  -48.380  -15.376  0.212 0.0000000000
59501  -49.088  -14.996  0.201 0.0000000000
60433  -50.041  -14.135  -0.112 0.0000000000
55774  -42.164  -19.016  8.655 0.0000000000
56662  -43.735  -18.648  10.166 0.0000000000
55742  -43.398  -19.461  10.709 0.0000000000
54748  -40.746  -20.745  9.341 0.0000000000
54779  -39.361  -20.217  7.434 0.0000000000
55773  -41.524  -19.326  8.340 0.0000000000
115498  -41.423  -19.108  7.590 0.0000000000
45020  -5.747  -29.707  11.987 0.0000000000
44043  -6.112  -30.671  10.648 0.0000000000
119795  -5.981  -30.954  11.057 0.0000000000
36056  -11.264  -39.544  12.013 0.0000000000
36057  -11.960  -39.030  11.315 0.0000000000
35147  -12.240  -40.619  11.112 0.0000000000
32402  -13.258  -43.501  8.313 0.0000000000
33397  -12.880  -42.220  8.575 0.0000000000
125311  -12.318  -42.811  7.255 0.0000000000
33413  -11.441  -42.417  6.967 0.0000000000
32431  -11.576  -44.160  6.264 0.0000000000
31491  -12.164  -44.879  6.075 0.0000000000
30361  -11.873  -45.301  24.136 0.0000000000
120812  -10.534  -45.029  23.719 0.0000000000
28530  -11.386  -46.813  22.801 0.0000000000
26721  -11.060  -49.770  19.243 0.0000000000
27593  -10.254  -48.700  20.797 0.0000000000
26720  -10.557  -50.145  19.707 0.0000000000
26731  -8.997  -50.599  19.615 0.0000000000
49796  -38.751  -24.957  12.689 0.0000000000
47875  -37.446  -27.111  13.498 0.0000000000
112069  -36.602  -27.171  12.193 0.0000000000
48866  -37.720  -26.391  13.009 0.0000000000
49810  -37.595  -25.393  11.558 0.0000000000
41771  -27.027  -33.737  23.790 0.0000000000
40662  -26.264  -34.078  23.345 0.0000000000
41801  -27.279  -33.846  22.045 0.0000000000
39672  -31.741  -35.202  21.624 0.0000000000
40685  -30.291  -34.832  22.041 0.0000000000
39683  -30.662  -34.824  20.477 0.0000000000
40753  -28.208  -34.054  17.266 0.0000000000
40741  -28.000  -34.210  18.729 0.0000000000
40752  -26.682  -34.046  17.831 0.0000000000
40739  -26.170  -34.284  18.431 0.0000000000
108265  -25.744  -33.854  16.295 0.0000000000
40774  -24.594  -34.384  15.620 0.0000000000
36925  -7.057  -39.090  15.173 0.0000000000
112435  -7.331  -38.604  14.883 0.0000000000
37826  -7.525  -37.778  14.911 0.0000000000
37835  -7.673  -38.437  14.409 0.0000000000
36941  -8.537  -39.353  13.256 0.0000000000
36028  -7.746  -39.649  13.686 0.0000000000
34261  -7.891  -42.171  12.693 0.0000000000
34262  -8.529  -41.497  12.572 0.0000000000
33336  -8.566  -43.119  12.279 0.0000000000
32343  -9.911  -43.647  11.788 0.0000000000
32342  -8.948  -43.657  12.070 0.0000000000
53764  -47.657  -21.592  5.220 0.0000000000
54815  -49.196  -20.642  6.098 0.0000000000
54798  -48.849  -20.650  6.596 0.0000000000
53761  -45.714  -22.537  4.571 0.0000000000
107168  -45.306  -23.070  4.024 0.0000000000
52715  -46.433  -22.472  4.330 0.0000000000
53797  -46.538  -22.335  3.931 0.0000000000
32170  -13.914  -42.728  25.030 0.0000000000
32193  -15.998  -43.190  21.191 0.0000000000
31308  -15.127  -44.090  21.461 0.0000000000
31315  -15.087  -44.303  20.674 0.0000000000
112067  -14.220  -45.179  19.427 0.0000000000
31338  -15.313  -44.160  19.140 0.0000000000
36913  -21.065  -37.460  15.732 0.0000000000
37794  -21.247  -37.024  17.457 0.0000000000
36912  -20.622  -37.917  16.400 0.0000000000
35079  -18.599  -40.533  16.534 0.0000000000
35977  -19.310  -39.478  17.527 0.0000000000
35055  -18.822  -40.093  17.881 0.0000000000
128976  -18.598  -39.810  20.153 0.0000000000
108075  -18.115  -40.822  19.071 0.0000000000
108967  -17.571  -41.477  19.315 0.0000000000
34196  -17.516  -41.773  18.021 0.0000000000
127495  -15.879  -42.904  16.357 0.0000000000
43994  -7.246  -31.586  15.242 0.0000000000
113652  -9.094  -33.793  11.730 0.0000000000
41900  -7.838  -32.672  11.853 0.0000000000
41923  -8.272  -33.521  10.465 0.0000000000
41941  -7.295  -33.150  9.616 0.0000000000
41942  -7.996  -33.790  9.627 0.0000000000
37866  -11.782  -37.589  9.731 0.0000000000
38819  -11.488  -36.900  10.057 0.0000000000
37876  -11.390  -37.899  8.891 0.0000000000
36983  -7.652  -39.196  6.631 0.0000000000
37873  -8.159  -37.416  7.702 0.0000000000
38838  -7.494  -37.197  7.168 0.0000000000
38828  -7.397  -36.257  7.334 0.0000000000
110634  -7.431  -37.542  6.820 0.0000000000
38852  -7.457  -36.778  6.787 0.0000000000
116666  -10.433  -42.389  15.438 0.0000000000
30382  -9.717  -45.398  21.622 0.0000000000
125534  -10.450  -45.063  19.433 0.0000000000
30390  -9.197  -45.988  19.862 0.0000000000
29486  -7.791  -46.407  16.645 0.0000000000
30419  -8.560  -46.007  17.239 0.0000000000
30437  -8.303  -45.589  16.175 0.0000000000
31372  -8.241  -44.199  15.033 0.0000000000
30457  -7.689  -44.981  14.675 0.0000000000
117124  -7.361  -43.991  13.584 0.0000000000
30474  -7.496  -45.249  14.012 0.0000000000
28600  -7.895  -48.007  13.335 0.0000000000
29543  -7.768  -46.582  12.828 0.0000000000
28620  -8.506  -47.547  12.462 0.0000000000
29562  -8.889  -47.013  12.102 0.0000000000
28621  -9.172  -47.922  12.020 0.0000000000
23318  -8.722  -53.992  13.316 0.0000000000
25087  -8.273  -51.558  13.070 0.0000000000
40754  -41.158  -34.796  17.109 0.0000000000
37839  -38.089  -36.741  14.378 0.0000000000
38779  -38.752  -36.553  13.689 0.0000000000
38769  -39.332  -36.356  15.060 0.0000000000
39751  -40.362  -35.783  15.684 0.0000000000
38736  -35.384  -35.866  16.582 0.0000000000
38753  -36.840  -36.497  15.940 0.0000000000
38766  -37.102  -36.592  14.714 0.0000000000
38714  -35.531  -36.155  18.247 0.0000000000
58521  -49.566  -16.501  1.578 0.0000000000
56738  -45.311  -18.321  1.356 0.0000000000
57625  -46.050  -17.106  0.697 0.0000000000
58527  -46.597  -16.492  0.456 0.0000000000
57626  -46.823  -17.085  1.011 0.0000000000
58520  -48.659  -16.595  1.323 0.0000000000
54734  -41.706  -20.740  10.335 0.0000000000
54735  -42.327  -20.460  10.651 0.0000000000
53696  -41.983  -20.990  10.967 0.0000000000
53686  -42.915  -21.169  12.379 0.0000000000
48912  -36.223  -25.557  9.645 0.0000000000
50736  -36.954  -24.279  9.091 0.0000000000
51671  -37.409  -23.511  8.784 0.0000000000
52658  -37.700  -22.852  8.440 0.0000000000
52674  -37.987  -22.180  8.102 0.0000000000
52660  -39.051  -22.142  9.079 0.0000000000
53706  -40.433  -21.411  9.714 0.0000000000
33340  -12.132  -42.179  11.156 0.0000000000
34278  -12.401  -41.435  10.778 0.0000000000
33359  -12.448  -42.905  10.650 0.0000000000
32379  -13.203  -43.708  9.583 0.0000000000
31472  -13.431  -44.245  8.318 0.0000000000
31481  -13.498  -45.091  7.881 0.0000000000
30557  -13.582  -45.744  8.341 0.0000000000
118824  -13.509  -47.096  8.379 0.0000000000
29441  -13.067  -46.243  20.305 0.0000000000
28546  -11.814  -47.236  21.242 0.0000000000
28559  -12.048  -47.661  19.324 0.0000000000
47866  -38.605  -26.652  14.608 0.0000000000
42984  -38.133  -33.370  13.602 0.0000000000
42991  -37.543  -33.286  12.840 0.0000000000
44029  -37.144  -32.047  13.977 0.0000000000
45017  -36.286  -30.598  13.629 0.0000000000
45932  -35.941  -29.971  13.043 0.0000000000
46847  -36.643  -28.736  13.849 0.0000000000
107748  -37.490  -27.570  14.226 0.0000000000
41773  -28.659  -33.920  23.894 0.0000000000
39705  -31.082  -34.810  18.160 0.0000000000
110471  -30.063  -34.621  19.196 0.0000000000
39717  -29.851  -34.535  17.113 0.0000000000
126920  -28.500  -34.085  15.987 0.0000000000
63042  -48.869  -11.712  -1.358 0.0000000000
110430  -48.466  -11.118  -1.500 0.0000000000
64631  -48.513  -9.787  -0.832 0.0000000000
111962  -48.380  -8.995  -0.623 0.0000000000
36016  -7.101  -40.070  14.574 0.0000000000
36039  -7.461  -40.435  13.734 0.0000000000
35116  -7.307  -41.090  13.761 0.0000000000
34260  -7.483  -41.897  13.276 0.0000000000
33314  -7.568  -42.851  12.957 0.0000000000
54795  -46.444  -20.621  6.015 0.0000000000
55788  -47.373  -19.195  7.138 0.0000000000
110247  -41.672  -20.380  4.541 0.0000000000
53775  -42.278  -21.300  4.116 0.0000000000
111760  -42.936  -23.168  3.203 0.0000000000
54830  -43.848  -21.539  4.585 0.0000000000
113006  -45.223  -20.820  5.420 0.0000000000
33138  -15.350  -42.724  24.360 0.0000000000
33139  -16.082  -42.428  23.745 0.0000000000
33144  -16.207  -42.513  22.578 0.0000000000
33161  -16.414  -42.762  20.797 0.0000000000
35096  -18.880  -40.040  15.084 0.0000000000
107637  -17.589  -41.419  16.304 0.0000000000
41879  -7.624  -33.585  15.063 0.0000000000
42970  -7.647  -32.722  14.498 0.0000000000
40800  -8.277  -34.114  14.011 0.0000000000
40816  -9.104  -33.919  12.700 0.0000000000
40835  -9.729  -34.433  11.406 0.0000000000
36115  -10.901  -40.012  7.785 0.0000000000
36986  -9.622  -39.027  7.759 0.0000000000
35200  -8.617  -40.432  7.017 0.0000000000
35199  -7.903  -40.076  6.816 0.0000000000
35222  -7.695  -40.175  6.386 0.0000000000
35062  -13.959  -40.731  16.878 0.0000000000
33226  -12.968  -42.051  16.821 0.0000000000
32258  -11.725  -43.576  17.021 0.0000000000
28551  -7.428  -47.515  19.944 0.0000000000
30389  -8.398  -46.564  19.474 0.0000000000
28558  -7.283  -47.679  19.085 0.0000000000
29485  -7.325  -47.161  17.149 0.0000000000
116186  -6.984  -47.327  15.862 0.0000000000
107125  -7.348  -46.806  14.780 0.0000000000
118362  -7.162  -47.734  14.949 0.0000000000
27681  -7.642  -48.465  13.731 0.0000000000
26796  -8.313  -49.306  13.048 0.0000000000
40828  -39.079  -34.551  12.340 0.0000000000
39773  -39.843  -35.540  13.293 0.0000000000
41897  -39.311  -34.298  13.667 0.0000000000
41896  -38.722  -33.877  13.641 0.0000000000
42966  -38.492  -32.533  15.016 0.0000000000
44006  -38.643  -31.987  15.912 0.0000000000
121952  -32.297  -35.399  21.136 0.0000000000
122805  -34.258  -36.016  20.407 0.0000000000
39695  -32.936  -35.528  19.546 0.0000000000
39706  -31.804  -35.014  18.518 0.0000000000
121836  -31.385  -34.785  16.927 0.0000000000
60430  -47.160  -14.891  -0.750 0.0000000000
123364  -48.715  -13.599  -1.110 0.0000000000
61308  -50.464  -13.442  -0.369 0.0000000000
113181  -43.786  -18.169  7.694 0.0000000000
57566  -44.834  -17.449  9.025 0.0000000000
56675  -44.176  -17.946  9.563 0.0000000000
53752  -37.947  -20.875  6.895 0.0000000000
55798  -40.518  -19.402  6.431 0.0000000000
124427  -42.472  -18.683  7.101 0.0000000000
39730  -23.486  -35.192  17.020 0.0000000000
39714  -22.907  -35.613  17.512 0.0000000000
38749  -22.290  -36.065  15.842 0.0000000000
37829  -21.871  -36.706  14.375 0.0000000000
44060  -6.219  -31.386  9.269 0.0000000000
43028  -6.273  -32.072  8.653 0.0000000000
37844  -10.078  -37.058  13.007 0.0000000000
38785  -10.776  -36.404  12.253 0.0000000000
36951  -11.413  -37.850  11.807 0.0000000000
36069  -12.222  -38.680  10.692 0.0000000000
36083  -12.250  -39.079  9.214 0.0000000000
34291  -12.669  -41.410  9.818 0.0000000000
35185  -12.530  -40.636  8.725 0.0000000000
35184  -12.011  -40.221  8.204 0.0000000000
34345  -10.679  -41.746  7.033 0.0000000000
32191  -12.118  -43.440  20.813 0.0000000000
31306  -10.558  -44.224  22.664 0.0000000000
30374  -9.822  -45.339  22.636 0.0000000000
29430  -9.242  -46.550  22.182 0.0000000000
28540  -11.223  -47.318  22.050 0.0000000000
27582  -9.816  -47.729  21.722 0.0000000000
27580  -8.153  -47.770  21.183 0.0000000000
27607  -7.818  -48.782  20.051 0.0000000000
115346  -7.974  -49.955  18.645 0.0000000000
122456  -8.143  -51.622  17.173 0.0000000000
51640  -39.548  -23.730  12.118 0.0000000000
51641  -40.346  -23.297  12.583 0.0000000000
50702  -39.964  -23.937  13.061 0.0000000000
124754  -36.805  -33.547  10.927 0.0000000000
48891  -36.231  -26.415  10.689 0.0000000000
50718  -38.268  -24.246  10.907 0.0000000000
40679  -24.919  -34.831  21.678 0.0000000000
40700  -24.793  -34.845  20.084 0.0000000000
40647  -30.900  -34.594  23.995 0.0000000000
40646  -30.059  -34.469  23.705 0.0000000000
40664  -28.973  -34.322  22.395 0.0000000000
40726  -29.270  -34.460  19.377 0.0000000000
40704  -28.328  -34.268  20.702 0.0000000000
40682  -27.761  -34.058  21.319 0.0000000000
40702  -26.335  -34.348  20.419 0.0000000000
40722  -25.300  -34.637  19.471 0.0000000000
39716  -24.127  -34.984  18.358 0.0000000000
39745  -24.182  -34.646  16.496 0.0000000000
65430  -48.388  -8.034  -0.426 0.0000000000
67170  -48.686  -6.813  -1.157 0.0000000000
67171  -49.214  -6.465  -1.759 0.0000000000
114280  -7.708  -35.124  15.295 0.0000000000
39756  -8.261  -36.125  14.436 0.0000000000
38744  -7.482  -36.489  15.551 0.0000000000
37827  -7.977  -37.328  14.534 0.0000000000
38773  -8.693  -36.915  13.981 0.0000000000
107509  -9.921  -38.046  12.931 0.0000000000
36042  -10.137  -39.639  12.554 0.0000000000
35130  -10.372  -40.509  12.356 0.0000000000
35128  -8.268  -40.823  12.826 0.0000000000
35129  -9.217  -40.744  12.575 0.0000000000
34276  -10.858  -41.413  12.098 0.0000000000
33338  -10.533  -42.972  11.711 0.0000000000
32344  -10.904  -43.834  11.514 0.0000000000
30524  -11.067  -45.477  11.391 0.0000000000
122965  -48.509  -19.654  3.936 0.0000000000
51727  -43.925  -23.548  2.841 0.0000000000
52745  -44.407  -23.398  2.877 0.0000000000
53827  -44.403  -22.129  2.113 0.0000000000
53814  -46.203  -21.831  3.272 0.0000000000
54847  -46.888  -21.306  3.603 0.0000000000
32174  -12.736  -43.646  24.348 0.0000000000
30370  -13.435  -44.894  23.473 0.0000000000
32180  -14.462  -43.954  23.460 0.0000000000
31301  -14.180  -44.529  23.044 0.0000000000
30375  -13.634  -45.494  21.754 0.0000000000
30406  -13.596  -45.700  18.959 0.0000000000
38723  -21.885  -36.470  18.492 0.0000000000
37784  -21.262  -36.946  18.814 0.0000000000
37777  -20.522  -37.640  20.122 0.0000000000
116586  -20.305  -38.291  17.072 0.0000000000
128702  -20.005  -38.159  18.917 0.0000000000
36887  -19.910  -38.261  20.658 0.0000000000
36886  -19.495  -38.750  21.196 0.0000000000
35933  -18.418  -39.958  21.708 0.0000000000
35031  -17.882  -40.529  22.004 0.0000000000
34154  -17.479  -41.049  21.461 0.0000000000
33162  -16.823  -42.286  20.308 0.0000000000
33175  -16.633  -42.697  19.547 0.0000000000
33255  -17.101  -42.030  16.811 0.0000000000
32240  -16.270  -43.146  17.988 0.0000000000
32219  -15.847  -43.587  18.578 0.0000000000
31363  -15.008  -44.131  17.290 0.0000000000
44993  -6.150  -30.440  14.065 0.0000000000
127346  -7.512  -32.209  14.021 0.0000000000
44034  -6.713  -31.585  12.463 0.0000000000
44033  -6.009  -30.945  11.911 0.0000000000
43002  -6.231  -31.533  10.652 0.0000000000
41940  -6.549  -32.549  8.999 0.0000000000
40878  -6.688  -33.791  7.937 0.0000000000
38795  -11.178  -36.231  11.300 0.0000000000
39802  -10.733  -35.691  10.730 0.0000000000
39814  -9.982  -35.331  9.993 0.0000000000
37874  -9.313  -37.511  8.143 0.0000000000
38830  -9.058  -36.707  8.357 0.0000000000
39826  -8.471  -35.180  8.787 0.0000000000
126680  -7.628  -34.987  8.342 0.0000000000
39825  -7.271  -35.263  7.628 0.0000000000
39842  -7.116  -34.723  7.429 0.0000000000
39858  -7.724  -35.709  6.615 0.0000000000
32201  -11.989  -43.820  19.734 0.0000000000
31336  -11.150  -44.516  18.486 0.0000000000
31349  -10.926  -44.386  17.226 0.0000000000
30404  -9.076  -45.965  18.801 0.0000000000
30421  -10.174  -45.020  17.465 0.0000000000
127794  -10.605  -44.157  16.219 0.0000000000
32275  -9.940  -43.268  15.372 0.0000000000
32274  -8.751  -43.298  15.150 0.0000000000
33248  -7.418  -42.494  14.433 0.0000000000
32292  -7.302  -43.237  14.009 0.0000000000
32309  -7.377  -43.156  13.466 0.0000000000
31407  -7.548  -44.327  12.919 0.0000000000
30488  -7.510  -45.576  13.222 0.0000000000
30501  -7.681  -45.180  12.765 0.0000000000
31420  -7.862  -44.494  12.565 0.0000000000
31421  -8.521  -44.970  12.149 0.0000000000
128848  -10.230  -45.663  11.617 0.0000000000
29564  -11.265  -46.923  11.174 0.0000000000
25054  -8.326  -52.216  16.701 0.0000000000
24209  -7.979  -52.824  15.109 0.0000000000
108878  -7.366  -51.392  15.163 0.0000000000
25901  -7.476  -51.104  14.377 0.0000000000
118550  -8.247  -50.048  13.076 0.0000000000
26797  -8.610  -49.891  12.613 0.0000000000
126369  -9.206  -50.382  12.080 0.0000000000
118080  -9.167  -49.108  12.076 0.0000000000
27701  -9.474  -48.715  11.867 0.0000000000
28631  -10.819  -48.279  11.280 0.0000000000
28632  -11.452  -47.563  10.968 0.0000000000
27712  -12.560  -48.190  10.124 0.0000000000
27713  -13.048  -48.147  9.398 0.0000000000
38729  -39.174  -36.539  17.644 0.0000000000
38718  -39.497  -36.329  18.538 0.0000000000
38717  -38.742  -36.569  18.479 0.0000000000
37797  -38.609  -36.677  17.202 0.0000000000
122489  -39.030  -36.528  16.906 0.0000000000
37786  -37.853  -36.728  17.856 0.0000000000
37796  -38.131  -36.810  17.159 0.0000000000
117374  -38.144  -36.665  18.417 0.0000000000
38716  -37.596  -36.655  18.832 0.0000000000
127984  -49.453  -18.301  3.212 0.0000000000
56727  -49.774  -18.709  3.854 0.0000000000
55850  -47.562  -19.158  3.017 0.0000000000
112490  -48.015  -18.521  2.746 0.0000000000
52632  -40.611  -22.397  11.410 0.0000000000
51654  -39.466  -23.242  11.072 0.0000000000
52639  -39.751  -22.578  10.488 0.0000000000
30543  -11.931  -45.291  10.959 0.0000000000
30550  -13.129  -45.609  9.980 0.0000000000
29487  -12.413  -46.814  17.017 0.0000000000
121771  -7.139  -41.262  14.987 0.0000000000
115112  -7.102  -41.094  14.645 0.0000000000
56704  -44.501  -18.535  6.643 0.0000000000
56696  -45.426  -17.978  7.510 0.0000000000
56703  -43.811  -18.385  6.946 0.0000000000
55800  -42.926  -19.166  5.894 0.0000000000
35019  -17.871  -40.666  23.979 0.0000000000
35022  -17.392  -41.079  23.267 0.0000000000
39692  -24.198  -35.216  19.926 0.0000000000
39681  -23.808  -35.546  20.601 0.0000000000
39703  -23.330  -35.593  19.054 0.0000000000
43040  -6.875  -32.239  7.388 0.0000000000
39766  -9.179  -35.813  13.550 0.0000000000
38784  -9.992  -36.125  12.928 0.0000000000
33422  -8.670  -42.370  5.760 0.0000000000
33172  -12.776  -42.709  20.287 0.0000000000
26751  -6.822  -49.849  16.884 0.0000000000
41874  -40.001  -33.390  16.251 0.0000000000
42955  -39.644  -32.724  16.728 0.0000000000
39722  -34.591  -35.657  17.192 0.0000000000
39721  -33.899  -35.553  17.714 0.0000000000
59491  -50.733  -15.187  0.982 0.0000000000
59483  -49.661  -15.862  1.118 0.0000000000
108592  -49.836  -15.247  0.652 0.0000000000
60426  -50.433  -14.654  0.445 0.0000000000
55758  -42.425  -19.389  9.493 0.0000000000
55759  -43.103  -19.051  9.794 0.0000000000
55741  -42.712  -19.809  10.308 0.0000000000
124689  -41.422  -20.428  9.631 0.0000000000
54766  -41.081  -20.011  8.871 0.0000000000
45007  -5.689  -29.478  12.654 0.0000000000
45037  -5.958  -30.254  11.475 0.0000000000
35146  -11.976  -39.869  11.343 0.0000000000
32401  -12.978  -42.940  7.879 0.0000000000
32417  -12.494  -43.526  7.073 0.0000000000
31480  -12.722  -44.332  6.910 0.0000000000
30369  -12.513  -45.678  23.432 0.0000000000
29417  -11.754  -45.940  23.774 0.0000000000
29425  -12.017  -46.408  22.952 0.0000000000
49782  -38.795  -25.576  13.525 0.0000000000
48856  -39.179  -25.825  14.470 0.0000000000
41905  -38.320  -34.246  12.112 0.0000000000
49795  -38.092  -25.615  12.588 0.0000000000
41788  -27.045  -33.808  22.879 0.0000000000
41789  -27.776  -33.900  22.657 0.0000000000
126282  -31.625  -35.126  20.624 0.0000000000
39671  -30.898  -34.946  21.362 0.0000000000
107463  -27.252  -33.656  16.251 0.0000000000
107464  -27.380  -33.851  17.123 0.0000000000
40763  -26.363  -33.827  16.871 0.0000000000
40775  -25.505  -33.928  15.481 0.0000000000
108861  -26.378  -33.694  14.999 0.0000000000
36933  -7.522  -39.228  14.082 0.0000000000
33315  -7.963  -42.975  12.544 0.0000000000
54814  -48.243  -21.127  5.830 0.0000000000
54797  -47.972  -21.026  6.231 0.0000000000
54812  -46.779  -21.638  5.484 0.0000000000
53762  -46.473  -22.290  4.696 0.0000000000
53763  -47.090  -21.966  4.993 0.0000000000
53778  -46.731  -22.229  4.567 0.0000000000
32204  -16.040  -43.316  20.433 0.0000000000
32192  -15.579  -43.725  20.880 0.0000000000
119540  -15.510  -43.913  20.093 0.0000000000
31323  -14.829  -44.610  19.895 0.0000000000
36921  -21.001  -37.633  14.952 0.0000000000
36920  -20.549  -38.226  15.401 0.0000000000
35064  -18.498  -40.644  17.398 0.0000000000
35054  -18.344  -40.720  18.243 0.0000000000
34187  -17.803  -41.340  18.536 0.0000000000
34197  -17.988  -41.222  17.731 0.0000000000
42961  -7.513  -32.690  15.325 0.0000000000
41911  -8.293  -33.175  11.342 0.0000000000
40849  -8.734  -34.161  9.986 0.0000000000
37883  -7.599  -38.232  7.063 0.0000000000
112109  -7.588  -38.649  6.607 0.0000000000
37882  -7.479  -37.812  6.781 0.0000000000
37893  -7.524  -38.375  6.631 0.0000000000
37009  -7.614  -38.813  6.351 0.0000000000
32277  -10.924  -43.067  15.598 0.0000000000
30381  -9.049  -45.966  21.086 0.0000000000
30380  -8.393  -46.582  20.563 0.0000000000
30458  -8.095  -45.081  15.413 0.0000000000
110655  -7.538  -45.932  14.760 0.0000000000
27691  -8.274  -48.457  13.003 0.0000000000
28609  -8.065  -47.521  12.858 0.0000000000
27700  -8.913  -48.432  12.282 0.0000000000
127377  -8.941  -54.422  13.181 0.0000000000
23319  -8.967  -53.691  12.910 0.0000000000
38768  -38.759  -36.586  14.674 0.0000000000
38754  -38.803  -36.608  15.564 0.0000000000
38739  -40.399  -36.114  17.151 0.0000000000
38756  -40.053  -36.232  16.334 0.0000000000
39736  -40.748  -35.553  16.445 0.0000000000
125410  -36.006  -36.205  16.962 0.0000000000
38737  -36.184  -36.214  16.313 0.0000000000
37818  -37.778  -36.785  15.756 0.0000000000
37817  -37.325  -36.669  15.494 0.0000000000
37830  -37.632  -36.734  14.970 0.0000000000
38728  -36.872  -36.550  17.661 0.0000000000
38715  -36.347  -36.453  18.502 0.0000000000
38727  -36.190  -36.322  17.622 0.0000000000
38726  -35.421  -35.990  17.452 0.0000000000
58515  -50.619  -16.616  2.143 0.0000000000
111559  -44.426  -20.063  1.688 0.0000000000
54871  -45.167  -19.983  2.052 0.0000000000
56739  -46.622  -18.488  2.053 0.0000000000
112787  -46.056  -18.439  1.723 0.0000000000
57615  -46.198  -17.753  1.310 0.0000000000
122645  -45.521  -17.619  0.922 0.0000000000
57612  -48.872  -17.514  2.242 0.0000000000
57616  -48.987  -16.983  1.794 0.0000000000
53707  -41.084  -21.056  10.034 0.0000000000
53695  -41.374  -21.299  10.687 0.0000000000
53672  -42.086  -21.671  12.258 0.0000000000
53685  -42.362  -21.147  11.614 0.0000000000
49841  -36.726  -25.023  9.753 0.0000000000
49842  -37.273  -24.524  9.880 0.0000000000
51672  -38.050  -23.132  9.138 0.0000000000
51684  -37.049  -23.198  8.117 0.0000000000
52659  -38.365  -22.501  8.763 0.0000000000
52651  -40.093  -22.009  10.080 0.0000000000
53705  -39.728  -21.756  9.416 0.0000000000
33339  -11.620  -42.971  11.343 0.0000000000
31463  -13.101  -44.583  10.041 0.0000000000
31464  -13.454  -44.341  9.206 0.0000000000
32380  -13.366  -43.722  8.867 0.0000000000
118475  -13.605  -44.981  8.741 0.0000000000
29588  -13.319  -46.411  9.514 0.0000000000
29589  -13.589  -46.396  8.778 0.0000000000
28641  -13.394  -47.676  8.875 0.0000000000
29447  -12.508  -46.908  19.813 0.0000000000
42975  -37.985  -32.709  14.209 0.0000000000
42983  -37.602  -32.798  13.549 0.0000000000
45003  -36.719  -30.431  14.473 0.0000000000
116314  -36.642  -31.206  14.034 0.0000000000
45909  -36.394  -29.677  13.794 0.0000000000
108853  -36.183  -29.055  13.119 0.0000000000
47865  -37.908  -27.652  14.916 0.0000000000
41756  -28.935  -33.748  25.129 0.0000000000
107912  -29.537  -34.091  24.391 0.0000000000
39732  -30.632  -34.644  16.589 0.0000000000
40765  -29.939  -34.485  16.137 0.0000000000
61317  -49.094  -13.059  -1.220 0.0000000000
62174  -48.597  -12.455  -1.493 0.0000000000
63845  -49.700  -10.983  -0.434 0.0000000000
63857  -49.007  -11.035  -1.052 0.0000000000
63856  -48.390  -10.358  -1.320 0.0000000000
64632  -48.859  -9.683  -0.249 0.0000000000
116572  -49.372  -10.271  -0.111 0.0000000000
36026  -7.199  -40.546  14.237 0.0000000000
34249  -7.227  -41.637  14.122 0.0000000000
34250  -7.288  -41.565  13.819 0.0000000000
33296  -7.453  -42.740  13.281 0.0000000000
55804  -47.098  -20.124  6.463 0.0000000000
56706  -46.388  -19.026  6.709 0.0000000000
55820  -42.704  -19.757  5.263 0.0000000000
54829  -42.489  -20.446  4.678 0.0000000000
106913  -43.125  -21.457  4.350 0.0000000000
55823  -45.493  -20.027  5.810 0.0000000000
125003  -45.993  -21.032  5.665 0.0000000000
34138  -16.406  -41.909  24.364 0.0000000000
34145  -16.976  -41.514  22.689 0.0000000000
34144  -16.568  -41.964  23.154 0.0000000000
33145  -16.587  -42.018  22.121 0.0000000000
33152  -16.308  -42.627  21.614 0.0000000000
33153  -16.708  -42.160  21.221 0.0000000000
35105  -18.193  -40.469  14.910 0.0000000000
34239  -17.415  -40.947  14.690 0.0000000000
41887  -7.903  -33.430  14.330 0.0000000000
40817  -9.669  -34.439  12.309 0.0000000000
35201  -9.822  -40.624  7.318 0.0000000000
34343  -8.847  -41.165  6.766 0.0000000000
123427  -7.997  -40.882  6.258 0.0000000000
34342  -8.173  -40.854  6.497 0.0000000000
35223  -7.817  -40.456  6.314 0.0000000000
35237  -7.705  -40.829  6.326 0.0000000000
33203  -13.277  -42.040  17.826 0.0000000000
125923  -12.860  -42.415  17.454 0.0000000000
32259  -12.441  -42.826  17.043 0.0000000000
32238  -12.145  -43.436  17.949 0.0000000000
27606  -7.250  -48.116  19.668 0.0000000000
27621  -7.015  -48.385  18.691 0.0000000000
28573  -6.836  -47.758  16.795 0.0000000000
28565  -7.096  -47.774  17.981 0.0000000000
126313  -7.087  -47.249  16.430 0.0000000000
26770  -7.172  -49.432  14.757 0.0000000000
27670  -7.299  -48.539  14.365 0.0000000000
27682  -8.012  -48.831  13.459 0.0000000000
26782  -8.000  -49.688  13.559 0.0000000000
40844  -38.888  -34.849  11.589 0.0000000000
40845  -39.446  -34.934  12.167 0.0000000000
38780  -39.442  -36.170  14.037 0.0000000000
38792  -39.439  -36.172  12.960 0.0000000000
39762  -39.957  -35.516  14.149 0.0000000000
40813  -39.852  -34.801  13.763 0.0000000000
41888  -39.100  -33.850  14.223 0.0000000000
42976  -38.635  -33.343  14.287 0.0000000000
38764  -35.476  -35.647  14.144 0.0000000000
39673  -32.583  -35.451  21.863 0.0000000000
120137  -35.004  -36.292  20.344 0.0000000000
38699  -34.445  -36.032  19.694 0.0000000000
39708  -33.302  -35.482  18.231 0.0000000000
117043  -33.688  -35.745  19.062 0.0000000000
39707  -32.690  -35.367  18.801 0.0000000000
120113  -31.618  -34.883  17.686 0.0000000000
39719  -32.175  -34.959  17.204 0.0000000000
124973  -31.562  -34.601  15.557 0.0000000000
122084  -52.187  -13.129  0.507 0.0000000000
126818  -47.038  -15.985  0.224 0.0000000000
58538  -46.421  -15.913  -0.086 0.0000000000
110407  -47.782  -15.136  -0.299 0.0000000000
60431  -47.902  -14.513  -0.772 0.0000000000
60441  -48.050  -13.874  -1.202 0.0000000000
121403  -48.643  -14.142  -0.770 0.0000000000
61309  -51.453  -13.281  0.052 0.0000000000
62167  -51.806  -12.526  0.209 0.0000000000
56687  -44.139  -17.878  8.445 0.0000000000
56674  -43.497  -18.326  9.212 0.0000000000
56663  -44.369  -18.259  10.596 0.0000000000
54723  -43.020  -20.199  11.162 0.0000000000
53713  -38.667  -21.812  8.413 0.0000000000
53733  -38.306  -21.394  7.685 0.0000000000
53734  -38.989  -21.032  7.973 0.0000000000
54780  -40.050  -19.924  7.703 0.0000000000
55784  -39.848  -19.644  6.865 0.0000000000
106901  -41.016  -19.153  7.008 0.0000000000
56685  -42.649  -18.583  8.122 0.0000000000
55787  -42.056  -18.824  7.762 0.0000000000
128534  -42.576  -18.610  7.594 0.0000000000
56694  -43.097  -18.433  7.456 0.0000000000
39729  -22.747  -35.677  16.549 0.0000000000
38750  -22.882  -35.594  15.641 0.0000000000
114008  -6.353  -30.124  10.939 0.0000000000
122616  -6.000  -31.086  10.409 0.0000000000
44047  -6.061  -30.981  9.959 0.0000000000
43013  -6.180  -31.920  9.360 0.0000000000
37845  -10.795  -37.474  12.404 0.0000000000
36070  -12.320  -39.447  10.679 0.0000000000
36965  -12.340  -38.840  10.029 0.0000000000
33360  -12.582  -42.128  10.373 0.0000000000
120299  -12.502  -40.834  10.373 0.0000000000
34322  -12.623  -41.418  8.415 0.0000000000
34306  -12.707  -41.093  9.084 0.0000000000
35203  -12.250  -40.870  8.059 0.0000000000
35202  -11.124  -40.875  7.560 0.0000000000
33425  -11.509  -43.310  6.664 0.0000000000
33424  -10.284  -43.200  6.310 0.0000000000
30563  -13.447  -45.878  7.438 0.0000000000
30571  -13.191  -46.047  6.489 0.0000000000
32178  -11.118  -43.695  22.940 0.0000000000
31300  -10.685  -44.312  23.462 0.0000000000
29423  -10.233  -46.162  23.341 0.0000000000
30367  -10.056  -45.397  23.325 0.0000000000
30366  -9.646  -45.936  22.822 0.0000000000
28528  -9.834  -46.634  22.734 0.0000000000
27594  -11.253  -47.661  21.145 0.0000000000
27592  -9.017  -48.371  21.289 0.0000000000
27581  -8.907  -47.631  21.656 0.0000000000
26710  -8.316  -48.645  20.793 0.0000000000
26718  -8.717  -49.577  20.241 0.0000000000
25875  -8.768  -51.143  18.749 0.0000000000
128950  -7.950  -50.652  18.023 0.0000000000
50701  -39.345  -24.417  12.807 0.0000000000
107804  -36.911  -32.905  12.418 0.0000000000
42998  -37.152  -33.477  11.938 0.0000000000
42997  -36.486  -32.881  11.721 0.0000000000
48878  -36.745  -26.634  11.859 0.0000000000
47904  -36.292  -27.155  11.634 0.0000000000
48877  -36.417  -26.651  11.286 0.0000000000
49811  -38.316  -24.761  11.761 0.0000000000
51647  -38.876  -24.003  11.419 0.0000000000
107517  -26.249  -34.108  22.253 0.0000000000
110402  -25.440  -34.523  22.157 0.0000000000
120182  -24.923  -34.802  20.829 0.0000000000
40701  -25.507  -34.578  20.297 0.0000000000
40666  -30.577  -34.793  23.002 0.0000000000
40665  -29.764  -34.585  22.704 0.0000000000
40742  -28.861  -34.341  18.698 0.0000000000
40725  -28.450  -34.329  19.418 0.0000000000
115915  -28.119  -34.299  20.029 0.0000000000
40703  -27.372  -34.212  20.398 0.0000000000
40723  -26.728  -34.360  19.670 0.0000000000
40751  -25.681  -34.223  17.714 0.0000000000
116195  -26.105  -34.436  19.134 0.0000000000
40738  -25.455  -34.495  18.624 0.0000000000
40737  -24.705  -34.795  18.869 0.0000000000
40750  -24.805  -34.572  18.056 0.0000000000
39731  -24.141  -34.800  17.516 0.0000000000
40788  -24.871  -34.276  14.785 0.0000000000
39758  -24.086  -34.672  14.967 0.0000000000
65431  -48.854  -8.790  0.168 0.0000000000
65423  -48.791  -7.841  0.180 0.0000000000
116429  -49.251  -6.448  -0.864 0.0000000000
67165  -49.934  -5.977  -0.585 0.0000000000
39740  -7.565  -35.709  15.601 0.0000000000
37811  -6.930  -38.090  16.011 0.0000000000
36935  -9.103  -37.674  13.504 0.0000000000
36942  -9.568  -39.023  12.891 0.0000000000
127162  -9.671  -40.214  12.574 0.0000000000
36040  -8.015  -40.222  13.233 0.0000000000
33316  -8.805  -42.344  12.323 0.0000000000
34263  -9.629  -41.457  12.335 0.0000000000
109442  -11.254  -42.201  11.693 0.0000000000
31443  -11.463  -44.604  11.259 0.0000000000
31423  -10.416  -44.763  11.590 0.0000000000
54849  -48.203  -20.405  4.284 0.0000000000
55836  -48.859  -19.959  4.522 0.0000000000
127900  -48.513  -20.754  4.886 0.0000000000
51642  -41.035  -22.888  13.081 0.0000000000
53776  -43.871  -22.583  4.100 0.0000000000
52729  -43.825  -23.344  3.387 0.0000000000
52731  -45.553  -22.942  3.797 0.0000000000
52730  -44.726  -23.252  3.392 0.0000000000
52760  -44.069  -23.068  2.282 0.0000000000
113775  -44.731  -22.893  2.698 0.0000000000
127262  -44.878  -22.169  2.471 0.0000000000
53813  -45.427  -22.368  2.892 0.0000000000
53798  -47.105  -21.847  4.280 0.0000000000
54848  -47.560  -20.848  3.967 0.0000000000
31294  -12.959  -44.341  24.249 0.0000000000
32171  -14.909  -43.351  23.870 0.0000000000
31302  -15.132  -43.740  22.504 0.0000000000
31314  -14.660  -44.633  21.243 0.0000000000
31307  -14.586  -44.499  22.137 0.0000000000
119083  -14.226  -44.966  21.707 0.0000000000
30384  -14.195  -45.121  21.033 0.0000000000
30383  -13.657  -45.649  20.737 0.0000000000
30392  -14.216  -45.169  20.243 0.0000000000
30407  -14.184  -45.133  18.521 0.0000000000
125491  -13.486  -45.713  18.113 0.0000000000
38735  -22.268  -36.095  17.201 0.0000000000
38724  -22.399  -36.015  18.037 0.0000000000
120417  -21.805  -36.504  17.698 0.0000000000
37803  -20.686  -37.652  17.288 0.0000000000
124254  -21.387  -36.840  18.121 0.0000000000
37778  -21.190  -37.038  19.696 0.0000000000
37783  -20.525  -37.644  19.061 0.0000000000
35992  -20.093  -38.723  16.298 0.0000000000
36007  -19.675  -39.320  15.910 0.0000000000
35963  -19.192  -39.297  18.855 0.0000000000
35964  -19.493  -38.961  18.153 0.0000000000
36902  -19.634  -38.622  18.860 0.0000000000
36894  -19.842  -38.319  19.637 0.0000000000
35942  -19.179  -39.111  20.366 0.0000000000
35941  -18.514  -39.815  20.862 0.0000000000
35040  -17.968  -40.440  21.176 0.0000000000
124255  -17.626  -41.018  20.641 0.0000000000
34186  -17.315  -41.926  18.762 0.0000000000
123320  -17.344  -41.611  20.092 0.0000000000
34174  -17.084  -42.096  19.498 0.0000000000
34226  -16.919  -41.848  15.913 0.0000000000
33254  -16.400  -42.500  16.390 0.0000000000
32279  -15.403  -43.339  16.194 0.0000000000
32261  -15.982  -43.124  17.003 0.0000000000
32239  -15.620  -43.628  17.666 0.0000000000
31351  -15.205  -44.156  18.161 0.0000000000
44010  -6.556  -31.109  13.713 0.0000000000
119926  -8.200  -33.198  13.627 0.0000000000
42981  -7.777  -32.541  13.687 0.0000000000
42989  -7.271  -32.103  12.137 0.0000000000
121812  -7.450  -32.109  12.931 0.0000000000
42988  -6.440  -31.529  11.544 0.0000000000
41960  -6.837  -33.373  8.530 0.0000000000
37852  -11.345  -36.989  11.696 0.0000000000
38807  -11.133  -36.294  10.428 0.0000000000
39815  -10.550  -35.935  9.961 0.0000000000
38817  -9.874  -36.051  9.147 0.0000000000
36973  -9.539  -38.265  7.947 0.0000000000
39827  -8.754  -35.932  8.603 0.0000000000
117277  -9.286  -35.452  9.208 0.0000000000
118821  -7.746  -35.729  8.115 0.0000000000
39843  -7.211  -35.155  7.390 0.0000000000
40895  -7.043  -34.555  7.691 0.0000000000
39857  -7.242  -35.315  7.107 0.0000000000
116174  -7.239  -36.161  6.990 0.0000000000
126511  -9.148  -41.655  15.456 0.0000000000
31313  -11.353  -44.125  20.712 0.0000000000
31322  -11.267  -44.414  19.612 0.0000000000
32237  -11.590  -43.995  17.869 0.0000000000
29457  -7.823  -47.040  18.996 0.0000000000
30403  -8.429  -46.433  18.390 0.0000000000
30438  -9.133  -45.222  16.465 0.0000000000
30420  -9.484  -45.400  17.285 0.0000000000
31348  -10.027  -44.723  16.579 0.0000000000
31374  -10.053  -44.094  15.713 0.0000000000
33249  -8.023  -42.577  15.031 0.0000000000
31397  -7.436  -44.124  13.145 0.0000000000
32327  -7.479  -43.496  13.086 0.0000000000
110781  -7.497  -45.921  13.745 0.0000000000
29524  -7.524  -46.208  13.244 0.0000000000
107327  -7.621  -45.763  12.859 0.0000000000
30521  -8.074  -45.331  12.385 0.0000000000
30522  -8.527  -45.995  12.122 0.0000000000
112453  -9.523  -46.314  11.801 0.0000000000
111193  -10.588  -46.472  11.477 0.0000000000
28623  -10.617  -47.506  11.415 0.0000000000
24201  -8.509  -52.889  16.180 0.0000000000
24217  -8.357  -53.504  13.619 0.0000000000
23296  -8.299  -54.043  14.324 0.0000000000
25067  -7.604  -52.009  14.647 0.0000000000
25076  -7.860  -51.819  13.852 0.0000000000
114471  -8.622  -52.223  12.755 0.0000000000
25917  -8.423  -50.677  12.791 0.0000000000
25918  -8.893  -50.508  12.334 0.0000000000
26810  -9.101  -49.806  12.118 0.0000000000
26811  -9.717  -49.497  11.708 0.0000000000
27707  -11.104  -48.944  11.069 0.0000000000
27708  -11.704  -48.258  10.707 0.0000000000
28633  -12.349  -47.443  10.451 0.0000000000
39723  -40.706  -35.707  17.915 0.0000000000
38705  -39.640  -35.929  19.438 0.0000000000
37819  -38.304  -36.763  16.030 0.0000000000
37820  -38.888  -36.600  16.294 0.0000000000
119904  -39.721  -36.376  17.064 0.0000000000
37806  -37.930  -36.837  16.491 0.0000000000
37785  -37.198  -36.630  18.203 0.0000000000
121552  -37.911  -36.495  20.294 0.0000000000
113452  -49.717  -17.728  2.783 0.0000000000
54859  -46.433  -20.521  2.936 0.0000000000
55848  -45.918  -19.757  2.377 0.0000000000
55849  -46.695  -19.327  2.613 0.0000000000
56740  -47.139  -17.755  1.695 0.0000000000
57611  -48.013  -17.927  2.256 0.0000000000
52641  -40.987  -21.809  11.070 0.0000000000
50728  -38.155  -23.885  10.274 0.0000000000
51662  -38.416  -23.381  9.858 0.0000000000
28640  -13.027  -47.335  9.695 0.0000000000
29459  -12.960  -46.305  18.482 0.0000000000
29458  -12.477  -46.975  18.880 0.0000000000
29472  -12.426  -46.941  17.977 0.0000000000
28574  -12.049  -47.593  17.475 0.0000000000
44005  -38.003  -31.515  15.532 0.0000000000
45888  -37.200  -29.883  15.262 0.0000000000
46823  -37.808  -28.355  15.464 0.0000000000
119172  -30.581  -33.540  25.850 0.0000000000
40780  -30.064  -34.426  15.406 0.0000000000
63032  -50.034  -12.251  -0.830 0.0000000000
120676  -50.353  -11.740  -0.483 0.0000000000
63846  -50.584  -11.192  0.094 0.0000000000
56697  -46.267  -18.379  7.314 0.0000000000
57576  -45.991  -17.684  7.971 0.0000000000
112696  -42.284  -18.974  6.395 0.0000000000
107660  -42.081  -19.337  5.719 0.0000000000
55821  -43.603  -19.731  5.429 0.0000000000
55802  -44.937  -19.123  6.166 0.0000000000
39670  -24.373  -35.301  22.015 0.0000000000
44088  -6.444  -31.590  8.445 0.0000000000
44075  -6.855  -31.219  8.219 0.0000000000
44089  -6.761  -31.680  7.770 0.0000000000
126231  -8.647  -42.248  6.067 0.0000000000
34363  -8.562  -42.117  5.729 0.0000000000
26741  -6.943  -49.245  18.287 0.0000000000
116416  -6.666  -49.340  17.510 0.0000000000
27646  -6.630  -48.754  16.582 0.0000000000
26771  -7.486  -50.110  14.166 0.0000000000
40782  -40.566  -34.965  15.439 0.0000000000
40797  -40.153  -34.862  14.545 0.0000000000
40781  -40.087  -34.301  15.062 0.0000000000
117757  -39.475  -33.086  15.818 0.0000000000
110199  -36.835  -36.429  13.833 0.0000000000
116319  -34.771  -36.037  18.852 0.0000000000
39720  -33.022  -35.271  17.442 0.0000000000
39734  -32.700  -35.021  16.609 0.0000000000
58529  -48.319  -16.099  0.730 0.0000000000
59488  -47.662  -15.730  0.234 0.0000000000
60432  -49.227  -14.393  -0.282 0.0000000000
60425  -49.701  -14.677  0.185 0.0000000000
56673  -42.803  -18.665  8.950 0.0000000000
55743  -44.082  -19.088  11.168 0.0000000000
54764  -39.686  -20.655  8.239 0.0000000000
54765  -40.398  -20.347  8.552 0.0000000000
55772  -40.796  -19.532  7.909 0.0000000000
38776  -22.868  -35.809  14.030 0.0000000000
45936  -5.974  -29.665  11.718 0.0000000000
113399  -11.511  -38.618  11.755 0.0000000000
35160  -12.445  -40.177  10.445 0.0000000000
33380  -13.193  -43.005  8.913 0.0000000000
114543  -12.780  -41.669  9.061 0.0000000000
33414  -12.532  -42.157  7.742 0.0000000000
31292  -11.218  -44.773  24.036 0.0000000000
30360  -11.148  -45.569  24.033 0.0000000000
29424  -11.112  -46.311  23.539 0.0000000000
27609  -11.278  -48.950  19.413 0.0000000000
112516  -11.104  -48.609  20.135 0.0000000000
27608  -10.864  -49.414  19.924 0.0000000000
26712  -10.193  -49.629  20.257 0.0000000000
26719  -9.640  -50.161  20.110 0.0000000000
120399  -9.641  -51.395  18.999 0.0000000000
49797  -39.188  -24.941  13.353 0.0000000000
44038  -35.759  -31.419  12.447 0.0000000000
47888  -37.084  -26.825  12.589 0.0000000000
110805  -37.334  -26.133  12.143 0.0000000000
40686  -31.139  -35.030  22.304 0.0000000000
40706  -30.029  -34.753  21.115 0.0000000000
108846  -28.498  -34.237  17.972 0.0000000000
108373  -27.620  -34.075  17.955 0.0000000000
40740  -26.977  -34.242  18.765 0.0000000000
40762  -25.528  -34.068  16.891 0.0000000000
113424  -25.047  -34.162  16.327 0.0000000000
63049  -47.316  -11.200  -2.250 0.0000000000
37825  -7.231  -38.153  15.373 0.0000000000
37812  -7.430  -37.293  15.303 0.0000000000
36934  -8.197  -38.671  13.724 0.0000000000
125563  -7.840  -41.481  12.873 0.0000000000
33337  -9.419  -42.982  11.999 0.0000000000
31422  -9.414  -44.381  11.857 0.0000000000
54832  -48.359  -21.068  5.419 0.0000000000
52714  -44.572  -23.149  3.842 0.0000000000
52703  -46.022  -22.726  4.179 0.0000000000
52732  -46.195  -22.661  4.096 0.0000000000
53796  -45.835  -22.719  3.669 0.0000000000
52716  -46.644  -22.321  4.346 0.0000000000
53779  -47.111  -21.960  4.724 0.0000000000
32175  -14.027  -43.478  24.507 0.0000000000
32181  -15.842  -43.102  22.040 0.0000000000
32186  -15.568  -43.573  21.570 0.0000000000
31337  -14.672  -44.730  19.117 0.0000000000
117305  -14.776  -44.577  18.548 0.0000000000
38748  -21.661  -36.711  15.969 0.0000000000
38734  -21.701  -36.626  16.906 0.0000000000
37804  -21.157  -37.227  16.625 0.0000000000
35080  -19.181  -39.961  16.008 0.0000000000
35991  -19.528  -39.388  16.666 0.0000000000
35065  -19.062  -40.066  17.000 0.0000000000
124142  -19.096  -39.578  18.255 0.0000000000
35951  -18.875  -39.577  19.544 0.0000000000
35048  -18.670  -40.051  18.796 0.0000000000
35047  -18.369  -40.259  19.632 0.0000000000
34175  -17.858  -40.947  19.859 0.0000000000
33276  -16.270  -42.178  15.387 0.0000000000
31376  -14.836  -43.962  16.467 0.0000000000
44011  -7.294  -31.843  14.390 0.0000000000
41901  -8.577  -33.263  12.292 0.0000000000
128896  -7.666  -32.692  11.256 0.0000000000
41922  -7.510  -32.803  10.649 0.0000000000
37859  -11.856  -37.455  10.560 0.0000000000
37865  -11.117  -37.161  9.194 0.0000000000
36984  -7.903  -38.978  7.140 0.0000000000
37884  -8.438  -38.214  7.609 0.0000000000
38851  -7.353  -36.828  6.963 0.0000000000
108781  -10.505  -44.823  20.819 0.0000000000
110701  -9.781  -45.470  20.419 0.0000000000
126139  -9.807  -45.499  19.661 0.0000000000
30405  -9.788  -45.496  19.007 0.0000000000
31360  -8.762  -44.806  15.688 0.0000000000
126778  -7.521  -44.065  14.301 0.0000000000
124154  -7.430  -44.611  13.900 0.0000000000
113593  -7.681  -47.140  13.193 0.0000000000
29544  -8.023  -46.897  12.638 0.0000000000
29561  -8.373  -46.803  12.360 0.0000000000
112666  -8.266  -52.532  13.397 0.0000000000
24227  -8.639  -53.130  13.050 0.0000000000
26815  -10.590  -49.516  11.274 0.0000000000
107928  -37.943  -36.683  13.470 0.0000000000
119732  -39.742  -36.009  14.700 0.0000000000
38755  -39.403  -36.423  15.903 0.0000000000
38770  -39.854  -36.142  15.443 0.0000000000
40766  -40.876  -34.609  16.267 0.0000000000
38751  -35.189  -35.701  15.686 0.0000000000
38752  -36.146  -36.111  15.538 0.0000000000
109712  -36.802  -36.458  15.254 0.0000000000
38767  -37.450  -36.671  14.113 0.0000000000
122816  -36.303  -36.613  20.029 0.0000000000
38701  -36.025  -36.491  19.434 0.0000000000
108612  -35.618  -36.288  18.940 0.0000000000
113771  -50.398  -16.093  1.559 0.0000000000
59484  -51.025  -15.664  1.507 0.0000000000
55858  -45.547  -19.077  1.874 0.0000000000
55857  -44.775  -19.178  1.600 0.0000000000
56750  -44.375  -18.549  1.142 0.0000000000
56751  -44.761  -17.811  0.808 0.0000000000
57627  -47.518  -17.016  1.232 0.0000000000
58519  -48.017  -16.671  1.116 0.0000000000
58530  -49.025  -16.129  1.083 0.0000000000
54750  -42.064  -20.119  9.944 0.0000000000
116079  -42.511  -20.710  11.221 0.0000000000
52673  -37.316  -22.560  7.752 0.0000000000
53715  -40.074  -21.102  9.008 0.0000000000
44992  -5.605  -29.528  13.532 0.0000000000
34277  -11.826  -41.406  11.515 0.0000000000
126725  -12.741  -42.572  10.129 0.0000000000
119678  -12.937  -43.011  9.881 0.0000000000
125608  -13.248  -44.533  7.547 0.0000000000
29596  -13.524  -46.492  7.926 0.0000000000
116938  -13.461  -47.216  7.524 0.0000000000
29432  -13.046  -46.151  21.287 0.0000000000
29431  -12.364  -46.593  21.806 0.0000000000
29440  -12.483  -46.785  20.784 0.0000000000
28553  -12.000  -47.495  20.240 0.0000000000
27610  -11.561  -48.194  19.717 0.0000000000
114352  -38.996  -26.301  14.765 0.0000000000
42990  -36.979  -32.497  13.118 0.0000000000
44020  -37.055  -31.335  14.528 0.0000000000
44039  -36.391  -31.544  13.275 0.0000000000
45033  -35.949  -30.795  12.973 0.0000000000
45032  -35.513  -30.455  12.360 0.0000000000
111832  -36.517  -28.317  13.196 0.0000000000
46848  -36.945  -27.879  13.721 0.0000000000
39693  -30.976  -34.818  19.028 0.0000000000
40743  -30.241  -34.647  18.214 0.0000000000
106994  -28.934  -34.309  17.233 0.0000000000
40779  -29.441  -34.345  15.615 0.0000000000
40764  -29.028  -34.305  16.334 0.0000000000
127767  -28.596  -34.170  16.820 0.0000000000
107397  -28.153  -33.951  16.497 0.0000000000
40777  -27.994  -33.840  15.742 0.0000000000
107462  -27.201  -33.617  15.384 0.0000000000
125820  -48.055  -11.710  -1.806 0.0000000000
63855  -47.899  -10.774  -1.878 0.0000000000
64637  -48.057  -9.388  -1.298 0.0000000000
64625  -50.174  -9.718  0.977 0.0000000000
117928  -6.878  -39.819  15.005 0.0000000000
36027  -7.324  -39.921  14.167 0.0000000000
54796  -47.238  -21.160  6.038 0.0000000000
54828  -40.883  -20.307  4.466 0.0000000000
53795  -43.014  -22.428  3.776 0.0000000000
54810  -44.322  -20.857  5.065 0.0000000000
53760  -45.209  -21.755  4.984 0.0000000000
54811  -45.963  -21.813  5.195 0.0000000000
116108  -15.385  -41.860  25.405 0.0000000000
127361  -20.447  -38.487  13.946 0.0000000000
36030  -19.936  -39.035  13.828 0.0000000000
36018  -19.808  -39.190  14.672 0.0000000000
112932  -19.477  -39.526  15.221 0.0000000000
35095  -18.493  -40.483  15.704 0.0000000000
115959  -18.118  -40.898  16.210 0.0000000000
114207  -17.322  -41.362  15.501 0.0000000000
125229  -8.814  -34.206  13.386 0.0000000000
41895  -8.611  -33.491  13.153 0.0000000000
40850  -9.539  -34.619  10.466 0.0000000000
36097  -10.747  -39.202  7.967 0.0000000000
36114  -9.672  -39.840  7.557 0.0000000000
36113  -8.449  -39.594  7.256 0.0000000000
36112  -7.840  -39.604  6.958 0.0000000000
36111  -7.709  -39.900  6.452 0.0000000000
36139  -7.665  -39.734  6.012 0.0000000000
119925  -13.571  -41.469  17.229 0.0000000000
34207  -13.229  -41.206  16.263 0.0000000000
34206  -12.661  -41.818  16.088 0.0000000000
33225  -12.411  -42.344  16.286 0.0000000000
28552  -7.687  -47.441  20.564 0.0000000000
29446  -7.731  -47.104  20.069 0.0000000000
29456  -7.527  -47.366  19.409 0.0000000000
29470  -7.478  -47.324  18.445 0.0000000000
29501  -7.324  -46.681  15.905 0.0000000000
126688  -7.371  -47.268  14.324 0.0000000000
28591  -7.508  -47.719  13.875 0.0000000000
39784  -39.683  -35.515  12.461 0.0000000000
40829  -39.596  -34.759  12.876 0.0000000000
41906  -38.898  -34.254  12.944 0.0000000000
42992  -38.197  -33.867  12.938 0.0000000000
44989  -38.346  -31.010  16.293 0.0000000000
39659  -31.992  -35.228  22.540 0.0000000000
39685  -33.621  -35.815  20.844 0.0000000000
39696  -33.607  -35.782  19.979 0.0000000000
39684  -32.714  -35.504  20.401 0.0000000000
112072  -31.983  -35.154  19.538 0.0000000000
39733  -31.905  -34.783  16.593 0.0000000000
111290  -31.261  -34.662  16.131 0.0000000000
59499  -47.083  -15.495  -0.249 0.0000000000
60439  -46.465  -14.631  -1.182 0.0000000000
61316  -48.296  -13.196  -1.456 0.0000000000
61307  -49.446  -13.667  -0.714 0.0000000000
62165  -49.905  -12.906  -0.866 0.0000000000
62166  -50.794  -12.571  -0.415 0.0000000000
57575  -45.039  -17.601  8.167 0.0000000000
55799  -41.375  -19.220  6.218 0.0000000000
55786  -41.763  -18.926  6.968 0.0000000000
39715  -23.551  -35.246  17.895 0.0000000000
39702  -23.059  -35.612  18.342 0.0000000000
123674  -22.501  -35.961  15.219 0.0000000000
37816  -22.022  -36.441  15.168 0.0000000000
37815  -21.491  -37.073  15.057 0.0000000000
37828  -21.293  -37.406  14.155 0.0000000000
36937  -20.837  -37.986  13.607 0.0000000000
36936  -20.401  -38.506  13.218 0.0000000000
120160  -6.419  -32.948  8.145 0.0000000000
37853  -11.690  -37.418  11.232 0.0000000000
36952  -11.963  -38.121  11.123 0.0000000000
36958  -12.165  -38.117  10.282 0.0000000000
36964  -12.034  -38.320  9.461 0.0000000000
36098  -11.792  -39.449  8.410 0.0000000000
35174  -12.593  -40.503  9.599 0.0000000000
36099  -12.456  -39.857  8.959 0.0000000000
117074  -9.902  -41.298  7.047 0.0000000000
33412  -10.123  -42.487  6.603 0.0000000000
31492  -13.078  -45.198  6.867 0.0000000000
32184  -11.272  -43.829  21.827 0.0000000000
31299  -10.193  -44.757  23.091 0.0000000000
31312  -10.176  -44.783  22.224 0.0000000000
30373  -9.333  -45.955  22.038 0.0000000000
29439  -8.716  -46.577  21.459 0.0000000000
28541  -11.782  -46.872  22.189 0.0000000000
28539  -10.537  -47.387  22.167 0.0000000000
27583  -10.713  -47.778  21.384 0.0000000000
129030  -10.041  -47.187  22.446 0.0000000000
28538  -9.351  -47.150  22.168 0.0000000000
28537  -8.670  -47.155  21.627 0.0000000000
27591  -7.585  -47.997  20.494 0.0000000000
26730  -8.217  -49.586  19.491 0.0000000000
25888  -7.482  -50.762  17.201 0.0000000000
51648  -40.136  -22.997  11.721 0.0000000000
49826  -36.530  -25.700  10.324 0.0000000000
49827  -37.224  -25.115  10.591 0.0000000000
49828  -37.818  -24.778  11.040 0.0000000000
40661  -25.564  -34.470  22.991 0.0000000000
40660  -24.872  -34.915  22.661 0.0000000000
128866  -24.417  -35.149  20.522 0.0000000000
40721  -24.588  -34.930  19.496 0.0000000000
41774  -30.474  -34.115  24.883 0.0000000000
40645  -29.248  -34.285  23.329 0.0000000000
41790  -28.462  -34.086  22.950 0.0000000000
40727  -30.521  -34.738  19.742 0.0000000000
114893  -29.789  -34.615  20.135 0.0000000000
40705  -29.186  -34.509  20.888 0.0000000000
116660  -28.852  -34.427  20.098 0.0000000000
40683  -28.659  -34.294  21.524 0.0000000000
40663  -28.165  -34.053  22.134 0.0000000000
40681  -26.757  -34.077  21.248 0.0000000000
122070  -25.996  -34.465  19.793 0.0000000000
118795  -23.424  -35.152  16.112 0.0000000000
122884  -23.909  -34.739  15.692 0.0000000000
65437  -47.898  -8.304  -1.222 0.0000000000
66288  -48.708  -7.110  -0.322 0.0000000000
114587  -48.269  -7.439  -1.099 0.0000000000
120293  -49.952  -6.041  -1.539 0.0000000000
40787  -8.090  -35.114  14.649 0.0000000000
38761  -7.668  -36.805  14.970 0.0000000000
121512  -9.062  -38.543  13.265 0.0000000000
122040  -11.569  -46.137  11.093 0.0000000000
55844  -49.105  -19.322  4.024 0.0000000000
57567  -45.625  -17.305  8.741 0.0000000000
52623  -40.797  -22.641  12.183 0.0000000000
52624  -41.525  -22.315  12.628 0.0000000000
51726  -43.216  -23.497  2.762 0.0000000000
51739  -43.297  -23.474  2.377 0.0000000000
51728  -43.801  -23.434  2.516 0.0000000000
52759  -43.312  -23.206  1.896 0.0000000000
53826  -43.608  -22.066  1.608 0.0000000000
54870  -44.862  -21.194  2.225 0.0000000000
55842  -47.886  -19.794  3.653 0.0000000000
31293  -12.052  -44.381  24.243 0.0000000000
30362  -12.653  -45.030  23.974 0.0000000000
127787  -13.003  -45.302  23.447 0.0000000000
109813  -13.283  -45.445  22.822 0.0000000000
126051  -14.581  -42.851  24.836 0.0000000000
128075  -14.606  -44.213  22.746 0.0000000000
30376  -13.943  -45.023  22.479 0.0000000000
30391  -13.638  -45.687  19.836 0.0000000000
117743  -22.582  -36.018  18.953 0.0000000000
38697  -22.506  -36.208  19.835 0.0000000000
38712  -21.891  -36.537  19.343 0.0000000000
37771  -20.573  -37.645  21.085 0.0000000000
35978  -19.797  -38.818  17.292 0.0000000000
36908  -20.137  -38.171  18.097 0.0000000000
36881  -20.022  -38.257  21.568 0.0000000000
35934  -19.007  -39.359  21.401 0.0000000000
35930  -18.932  -39.557  22.278 0.0000000000
35023  -17.873  -40.631  22.866 0.0000000000
34166  -17.152  -41.643  20.902 0.0000000000
33174  -16.432  -42.902  20.128 0.0000000000
34208  -17.601  -41.626  17.228 0.0000000000
33227  -17.218  -42.075  17.569 0.0000000000
33205  -17.063  -42.270  18.201 0.0000000000
117807  -16.686  -42.555  17.478 0.0000000000
33204  -16.681  -42.689  18.317 0.0000000000
31350  -14.474  -44.702  17.728 0.0000000000
31362  -14.366  -44.548  16.771 0.0000000000
30423  -13.834  -45.119  17.015 0.0000000000
45008  -5.899  -30.321  13.141 0.0000000000
44023  -7.110  -31.752  13.434 0.0000000000
44022  -6.206  -31.053  12.811 0.0000000000
43003  -6.506  -32.245  10.042 0.0000000000
127584  -6.553  -33.495  7.895 0.0000000000
39778  -10.397  -35.645  12.297 0.0000000000
39790  -10.699  -35.627  11.609 0.0000000000
39801  -10.272  -35.054  11.034 0.0000000000
36974  -10.603  -38.426  8.226 0.0000000000
37875  -10.437  -37.642  8.483 0.0000000000
38831  -10.183  -36.870  8.752 0.0000000000
39813  -9.077  -34.851  9.569 0.0000000000
40863  -8.096  -34.404  9.055 0.0000000000
40879  -7.133  -34.325  8.219 0.0000000000
40894  -6.865  -33.988  7.653 0.0000000000
40909  -7.186  -34.446  7.207 0.0000000000
40910  -7.647  -34.738  6.753 0.0000000000
38863  -8.204  -36.485  6.231 0.0000000000
32202  -12.471  -43.243  19.777 0.0000000000
32218  -12.389  -43.365  18.926 0.0000000000
32217  -11.806  -43.955  18.735 0.0000000000
32257  -11.162  -43.676  16.202 0.0000000000
118324  -9.722  -45.475  18.094 0.0000000000
115810  -9.040  -45.871  17.958 0.0000000000
32276  -10.578  -43.669  15.720 0.0000000000
31373  -9.279  -44.023  15.374 0.0000000000
34220  -8.163  -41.856  15.338 0.0000000000
34219  -7.599  -41.914  14.985 0.0000000000
32291  -7.254  -42.388  13.982 0.0000000000
32328  -7.659  -43.652  12.792 0.0000000000
112714  -7.523  -44.967  12.969 0.0000000000
120367  -8.504  -44.235  12.220 0.0000000000
30523  -9.426  -45.334  11.810 0.0000000000
111187  -7.476  -51.290  16.175 0.0000000000
125261  -8.192  -53.526  14.890 0.0000000000
119810  -8.624  -53.569  15.762 0.0000000000
25059  -7.787  -52.070  15.604 0.0000000000
25906  -8.027  -50.712  13.579 0.0000000000
26809  -8.723  -49.022  12.545 0.0000000000
114216  -9.103  -51.940  12.340 0.0000000000
25934  -9.293  -50.994  12.094 0.0000000000
28622  -9.967  -48.169  11.670 0.0000000000
27706  -10.228  -48.893  11.501 0.0000000000
29579  -12.035  -46.753  10.763 0.0000000000
26825  -13.277  -48.597  8.610 0.0000000000
30368  -10.560  -45.695  23.752 0.0000000000
33253  -15.766  -42.742  15.751 0.0000000000
34359  -8.197  -41.412  6.167 0.0000000000
38762  -22.417  -36.154  14.572 0.0000000000
39691  -23.592  -35.552  19.748 0.0000000000
39718  -30.801  -34.736  17.423 0.0000000000
51670  -36.866  -23.763  8.432 0.0000000000
120882  -23.626  -35.335  18.567 0.0000000000
122917  -29.565  -34.504  18.689 0.0000000000
127003  -35.756  -35.966  16.036 0.0000000000
127436  -12.294  -40.031  10.935 0.0000000000
127646  -10.953  -48.120  20.712 0.0000000000
128944  -8.729  -33.605  11.104 0.0000000000
