#!ascii label  , from subject sub-v2s9x29169_ses-1 vox2ras=TkReg
616
122586  25.510  -51.396  20.597 0.0000000000
123210  39.044  -30.630  8.044 0.0000000000
49977  48.752  -30.212  9.171 0.0000000000
41347  43.388  -40.365  14.694 0.0000000000
31304  31.706  -49.447  14.215 0.0000000000
28116  30.223  -51.728  19.512 0.0000000000
115267  43.957  -30.079  9.147 0.0000000000
116388  44.572  -31.399  14.469 0.0000000000
37005  41.282  -43.173  13.184 0.0000000000
31299  37.215  -49.791  13.872 0.0000000000
54761  52.733  -25.761  1.870 0.0000000000
51952  48.446  -28.563  4.543 0.0000000000
121159  39.921  -36.106  11.534 0.0000000000
47045  39.661  -33.184  14.839 0.0000000000
31229  28.582  -49.858  17.215 0.0000000000
29114  28.297  -51.398  20.199 0.0000000000
115264  41.459  -30.529  9.198 0.0000000000
49924  44.595  -30.573  11.524 0.0000000000
130916  42.113  -30.785  11.956 0.0000000000
33341  41.461  -47.503  10.110 0.0000000000
30213  34.060  -50.985  17.443 0.0000000000
31302  34.694  -49.385  14.072 0.0000000000
28191  36.098  -52.026  15.326 0.0000000000
53811  50.696  -26.377  0.687 0.0000000000
52839  53.797  -27.184  3.820 0.0000000000
52841  50.779  -27.289  2.818 0.0000000000
50957  46.196  -29.683  7.264 0.0000000000
125823  46.628  -29.414  4.896 0.0000000000
50972  49.110  -29.110  7.103 0.0000000000
50970  52.278  -28.983  8.037 0.0000000000
49031  51.349  -30.241  8.794 0.0000000000
38090  41.892  -42.259  14.491 0.0000000000
41373  40.630  -39.813  12.954 0.0000000000
42326  40.754  -38.597  15.175 0.0000000000
46060  39.051  -34.385  12.823 0.0000000000
43207  41.103  -36.959  16.373 0.0000000000
110012  42.352  -34.805  16.606 0.0000000000
43226  43.514  -38.235  14.463 0.0000000000
116324  31.360  -50.388  17.574 0.0000000000
50032  44.137  -29.725  6.977 0.0000000000
49979  46.295  -30.042  8.948 0.0000000000
49922  46.584  -30.775  11.520 0.0000000000
48962  47.365  -31.999  14.006 0.0000000000
33298  40.753  -47.351  12.439 0.0000000000
34169  42.192  -47.066  12.902 0.0000000000
35091  43.376  -45.421  12.541 0.0000000000
38148  43.388  -42.659  11.633 0.0000000000
130587  43.108  -40.365  11.111 0.0000000000
33301  37.681  -48.072  11.920 0.0000000000
30276  39.474  -50.204  13.232 0.0000000000
54752  55.065  -24.627  2.394 0.0000000000
51973  49.135  -27.748  3.117 0.0000000000
113319  51.899  -27.852  5.603 0.0000000000
50990  52.824  -29.922  5.991 0.0000000000
49913  38.597  -30.873  12.185 0.0000000000
109952  41.823  -32.004  14.917 0.0000000000
47033  44.720  -32.974  16.158 0.0000000000
28109  25.870  -52.315  20.935 0.0000000000
30135  26.849  -51.554  20.500 0.0000000000
29116  27.032  -52.054  20.692 0.0000000000
125066  39.942  -30.707  8.364 0.0000000000
49947  42.155  -30.560  10.702 0.0000000000
49949  40.216  -30.609  10.619 0.0000000000
29181  35.027  -51.296  16.403 0.0000000000
52862  50.198  -26.896  1.121 0.0000000000
52852  50.471  -27.102  1.943 0.0000000000
52853  49.591  -27.298  1.706 0.0000000000
50000  47.874  -29.876  8.354 0.0000000000
50973  47.869  -29.413  6.930 0.0000000000
49999  49.264  -29.766  8.720 0.0000000000
50954  51.161  -29.266  8.576 0.0000000000
39216  42.548  -41.630  14.777 0.0000000000
41348  41.027  -39.866  15.371 0.0000000000
41336  41.441  -39.640  15.875 0.0000000000
43217  40.885  -37.513  16.194 0.0000000000
42312  42.305  -38.561  16.248 0.0000000000
43216  42.957  -37.855  16.032 0.0000000000
42324  43.458  -39.022  14.812 0.0000000000
30217  30.372  -50.291  17.688 0.0000000000
30173  30.894  -50.970  19.348 0.0000000000
30171  32.660  -50.943  18.934 0.0000000000
50005  42.808  -30.115  7.580 0.0000000000
50033  43.307  -29.894  6.887 0.0000000000
120991  43.919  -29.890  8.363 0.0000000000
50002  45.538  -29.797  8.106 0.0000000000
49965  45.828  -30.261  9.800 0.0000000000
49943  46.769  -30.629  10.581 0.0000000000
49944  45.734  -30.492  10.768 0.0000000000
48982  44.787  -31.060  13.355 0.0000000000
48981  46.071  -31.173  13.508 0.0000000000
48963  46.673  -31.685  14.446 0.0000000000
48008  47.239  -32.533  14.219 0.0000000000
47992  46.134  -32.208  15.440 0.0000000000
32294  41.016  -48.565  12.683 0.0000000000
34170  41.494  -47.020  12.813 0.0000000000
33297  42.065  -48.021  12.389 0.0000000000
35104  42.365  -46.109  10.637 0.0000000000
37027  43.577  -43.487  12.134 0.0000000000
31301  35.682  -49.503  14.127 0.0000000000
32298  36.794  -48.622  12.857 0.0000000000
32297  37.655  -48.767  12.811 0.0000000000
32296  38.774  -48.932  12.855 0.0000000000
32268  38.616  -49.484  13.290 0.0000000000
54770  51.976  -25.142  1.114 0.0000000000
54760  53.786  -25.200  2.398 0.0000000000
52828  53.735  -27.699  4.547 0.0000000000
51014  47.484  -29.046  4.512 0.0000000000
51037  46.701  -29.137  3.179 0.0000000000
51953  47.909  -28.578  3.798 0.0000000000
51975  47.748  -28.276  2.362 0.0000000000
51962  48.745  -28.171  3.864 0.0000000000
123198  49.714  -27.912  4.111 0.0000000000
51951  50.418  -28.096  5.253 0.0000000000
127545  52.373  -29.800  7.778 0.0000000000
50052  52.454  -29.343  7.552 0.0000000000
37020  41.174  -43.935  12.708 0.0000000000
119008  40.449  -42.200  11.983 0.0000000000
43261  40.184  -37.418  11.825 0.0000000000
42357  39.714  -38.435  10.913 0.0000000000
47058  38.790  -33.241  14.010 0.0000000000
47074  37.506  -32.695  12.265 0.0000000000
48970  37.962  -31.899  13.008 0.0000000000
49931  36.988  -31.034  11.560 0.0000000000
48968  39.279  -31.759  13.876 0.0000000000
48967  40.322  -31.641  13.952 0.0000000000
47994  40.296  -32.586  15.049 0.0000000000
45102  43.430  -35.387  16.004 0.0000000000
47021  43.312  -33.477  16.433 0.0000000000
46038  43.848  -34.737  15.300 0.0000000000
47044  44.499  -33.970  14.850 0.0000000000
30175  28.465  -50.649  19.498 0.0000000000
29128  29.038  -51.625  20.032 0.0000000000
28129  28.972  -52.644  19.133 0.0000000000
28119  27.879  -52.670  19.998 0.0000000000
115266  43.106  -30.271  9.220 0.0000000000
49945  44.130  -30.410  10.645 0.0000000000
49946  43.139  -30.487  10.689 0.0000000000
127415  43.362  -30.712  12.065 0.0000000000
48983  43.009  -31.230  13.348 0.0000000000
30259  32.726  -50.115  15.411 0.0000000000
31303  33.577  -49.266  13.891 0.0000000000
129027  34.274  -50.374  15.641 0.0000000000
30256  35.513  -50.693  15.612 0.0000000000
30254  36.802  -50.956  15.016 0.0000000000
30252  37.916  -50.806  14.195 0.0000000000
29198  36.731  -51.674  14.795 0.0000000000
53810  51.609  -26.114  1.159 0.0000000000
53795  53.570  -26.745  3.015 0.0000000000
52851  51.442  -26.964  2.341 0.0000000000
115812  51.696  -27.230  3.116 0.0000000000
52823  52.140  -27.650  4.753 0.0000000000
50976  45.163  -29.636  5.884 0.0000000000
50994  46.627  -29.460  5.776 0.0000000000
127927  47.321  -29.371  6.154 0.0000000000
50992  49.153  -28.796  6.166 0.0000000000
51941  50.356  -28.402  6.271 0.0000000000
122591  50.330  -28.975  7.878 0.0000000000
50953  51.987  -29.303  8.498 0.0000000000
38107  41.723  -42.754  14.138 0.0000000000
39248  40.910  -41.445  13.156 0.0000000000
114474  41.292  -41.501  14.402 0.0000000000
112427  40.639  -39.023  13.337 0.0000000000
43248  40.561  -37.419  13.370 0.0000000000
126490  39.612  -34.976  12.250 0.0000000000
44194  40.556  -36.774  14.173 0.0000000000
45112  40.221  -35.143  14.906 0.0000000000
46029  40.662  -34.557  15.864 0.0000000000
47024  41.247  -33.838  16.179 0.0000000000
45094  41.562  -35.188  16.499 0.0000000000
45092  42.984  -36.019  16.347 0.0000000000
44193  43.625  -37.282  13.571 0.0000000000
31266  28.938  -49.535  15.567 0.0000000000
31265  29.820  -49.722  15.608 0.0000000000
30237  31.913  -50.162  15.817 0.0000000000
30214  33.587  -50.873  17.862 0.0000000000
28138  33.588  -51.864  17.753 0.0000000000
50031  45.136  -29.665  6.934 0.0000000000
50001  46.718  -29.844  8.182 0.0000000000
49978  47.454  -30.165  9.009 0.0000000000
49942  47.856  -30.931  10.378 0.0000000000
49010  48.411  -31.340  10.919 0.0000000000
48978  48.400  -31.991  12.488 0.0000000000
49923  45.561  -30.644  11.598 0.0000000000
48979  47.910  -31.650  12.949 0.0000000000
34213  39.471  -46.939  10.769 0.0000000000
34188  40.575  -46.416  11.981 0.0000000000
35083  41.397  -45.572  12.733 0.0000000000
35998  41.545  -44.791  12.964 0.0000000000
33321  42.484  -47.432  12.148 0.0000000000
120956  43.098  -46.207  12.619 0.0000000000
110835  42.358  -44.189  13.576 0.0000000000
37004  42.873  -43.759  13.712 0.0000000000
38105  43.422  -42.536  13.595 0.0000000000
39247  43.693  -41.801  13.125 0.0000000000
115918  43.683  -40.216  12.962 0.0000000000
39289  43.255  -41.794  11.374 0.0000000000
33299  40.012  -47.836  12.061 0.0000000000
32295  40.047  -48.906  12.777 0.0000000000
30294  40.269  -50.018  12.442 0.0000000000
29237  38.487  -51.201  13.347 0.0000000000
30319  39.748  -50.557  12.110 0.0000000000
55679  55.031  -23.710  2.447 0.0000000000
52854  48.723  -27.541  1.544 0.0000000000
52842  49.830  -27.426  2.543 0.0000000000
51950  50.915  -27.756  4.478 0.0000000000
51949  52.923  -27.905  5.605 0.0000000000
51940  51.723  -28.206  6.465 0.0000000000
51939  52.754  -28.363  6.365 0.0000000000
51938  53.336  -28.580  5.749 0.0000000000
40353  40.183  -40.714  11.585 0.0000000000
110462  37.395  -30.428  10.016 0.0000000000
109731  38.498  -30.465  9.709 0.0000000000
49911  40.783  -30.898  12.309 0.0000000000
48984  42.033  -31.202  13.207 0.0000000000
48950  42.997  -31.892  15.140 0.0000000000
47971  42.455  -33.107  16.263 0.0000000000
47979  43.921  -32.438  16.179 0.0000000000
48932  44.655  -32.029  16.049 0.0000000000
47043  45.249  -33.237  15.649 0.0000000000
110673  43.597  -39.388  12.600 0.0000000000
129312  43.570  -38.204  12.524 0.0000000000
28095  25.191  -52.368  21.098 0.0000000000
29104  25.213  -51.740  20.893 0.0000000000
30136  26.090  -51.382  20.501 0.0000000000
29117  26.238  -51.875  20.815 0.0000000000
109733  40.725  -30.592  9.715 0.0000000000
126022  39.313  -30.575  8.970 0.0000000000
116007  48.318  -29.562  7.810 0.0000000000
50943  50.712  -29.732  8.926 0.0000000000
49976  50.203  -30.188  9.296 0.0000000000
40297  42.927  -40.941  15.089 0.0000000000
40276  42.006  -40.189  15.823 0.0000000000
40275  42.750  -40.398  15.458 0.0000000000
41335  41.973  -39.478  16.124 0.0000000000
41334  42.576  -39.857  15.767 0.0000000000
42311  42.894  -39.236  15.770 0.0000000000
120102  43.245  -39.780  15.201 0.0000000000
29126  30.341  -51.166  19.611 0.0000000000
28127  30.703  -52.201  18.973 0.0000000000
49981  43.428  -30.091  8.669 0.0000000000
116133  43.328  -30.015  8.159 0.0000000000
49980  44.666  -29.903  8.641 0.0000000000
49966  44.807  -30.112  9.427 0.0000000000
110395  44.909  -30.306  10.227 0.0000000000
48964  45.707  -31.428  14.568 0.0000000000
48947  46.114  -31.871  15.305 0.0000000000
126553  41.055  -49.081  12.519 0.0000000000
32293  41.613  -48.150  12.677 0.0000000000
32318  41.581  -48.577  11.547 0.0000000000
31300  36.495  -49.640  14.014 0.0000000000
32271  36.229  -49.034  13.389 0.0000000000
32270  37.043  -49.178  13.303 0.0000000000
32269  37.877  -49.307  13.263 0.0000000000
31298  38.024  -50.057  13.731 0.0000000000
54769  53.048  -24.702  1.915 0.0000000000
51013  48.262  -28.905  5.320 0.0000000000
108857  49.263  -28.245  4.586 0.0000000000
51942  49.244  -28.490  5.318 0.0000000000
50028  51.839  -30.344  7.407 0.0000000000
50053  52.497  -29.966  6.886 0.0000000000
110992  40.589  -43.126  12.155 0.0000000000
44219  39.876  -36.794  11.265 0.0000000000
114636  39.632  -35.968  10.744 0.0000000000
47057  39.257  -33.557  14.572 0.0000000000
116269  38.375  -32.883  13.556 0.0000000000
48010  38.643  -32.539  13.884 0.0000000000
48969  38.497  -31.935  13.546 0.0000000000
48009  39.089  -32.341  14.208 0.0000000000
48951  39.784  -32.196  14.502 0.0000000000
47035  40.191  -32.995  15.192 0.0000000000
45111  43.545  -35.866  14.984 0.0000000000
123193  43.574  -35.246  14.326 0.0000000000
46048  43.738  -34.529  14.021 0.0000000000
30153  27.430  -51.067  20.194 0.0000000000
30176  27.496  -50.485  19.452 0.0000000000
125305  28.211  -50.985  20.009 0.0000000000
30152  28.899  -51.159  19.885 0.0000000000
28106  28.237  -52.093  20.327 0.0000000000
50007  40.515  -30.686  7.738 0.0000000000
126077  41.371  -30.526  7.848 0.0000000000
49983  41.798  -30.462  8.543 0.0000000000
49982  42.713  -30.255  8.470 0.0000000000
115265  42.252  -30.426  9.210 0.0000000000
109735  42.663  -30.447  9.935 0.0000000000
49927  41.578  -30.709  11.549 0.0000000000
49926  42.666  -30.644  11.536 0.0000000000
122281  43.638  -30.968  12.784 0.0000000000
49909  42.638  -30.889  12.441 0.0000000000
30236  33.308  -50.527  16.575 0.0000000000
30258  33.612  -50.258  15.527 0.0000000000
30235  34.369  -50.757  16.449 0.0000000000
29180  35.553  -51.670  15.807 0.0000000000
30234  35.030  -50.985  16.353 0.0000000000
30233  35.496  -51.080  15.917 0.0000000000
30255  36.122  -50.751  15.341 0.0000000000
30232  36.161  -51.368  15.449 0.0000000000
53802  52.344  -26.500  2.162 0.0000000000
53803  51.078  -26.646  1.491 0.0000000000
52829  52.619  -27.371  3.997 0.0000000000
52830  51.344  -27.496  3.740 0.0000000000
50975  45.932  -29.594  6.287 0.0000000000
50995  45.859  -29.572  5.358 0.0000000000
122120  48.138  -29.178  6.141 0.0000000000
50942  51.544  -29.703  8.733 0.0000000000
49997  52.025  -29.841  8.356 0.0000000000
36987  42.356  -43.009  14.170 0.0000000000
39232  41.525  -42.116  14.349 0.0000000000
129165  40.830  -39.275  15.343 0.0000000000
41349  40.764  -39.189  14.504 0.0000000000
42334  40.672  -38.320  13.846 0.0000000000
44205  40.343  -36.468  13.030 0.0000000000
43237  40.672  -37.687  14.513 0.0000000000
121653  40.814  -36.533  16.049 0.0000000000
44184  40.548  -36.117  15.136 0.0000000000
45103  40.644  -35.406  15.786 0.0000000000
44167  41.048  -35.943  16.292 0.0000000000
45095  40.949  -35.111  16.199 0.0000000000
44166  41.571  -36.287  16.502 0.0000000000
43204  43.003  -37.045  16.131 0.0000000000
111198  43.378  -37.507  15.226 0.0000000000
44183  43.567  -36.854  14.509 0.0000000000
108878  43.576  -37.595  14.206 0.0000000000
128541  28.538  -49.619  16.222 0.0000000000
30216  30.466  -50.087  16.529 0.0000000000
31264  30.767  -49.930  15.618 0.0000000000
30238  31.348  -50.229  16.509 0.0000000000
30215  32.522  -50.521  17.440 0.0000000000
119060  43.779  -29.804  6.107 0.0000000000
125249  44.539  -29.680  6.286 0.0000000000
49963  48.240  -30.634  9.683 0.0000000000
49964  47.055  -30.442  9.715 0.0000000000
49921  47.621  -31.060  11.307 0.0000000000
48998  48.291  -31.568  11.829 0.0000000000
124432  44.936  -30.456  10.935 0.0000000000
48980  47.189  -31.474  13.421 0.0000000000
126469  47.659  -31.794  13.488 0.0000000000
48961  47.994  -32.114  13.345 0.0000000000
34189  40.068  -47.081  11.477 0.0000000000
121549  39.843  -46.347  10.884 0.0000000000
121468  41.212  -46.221  12.611 0.0000000000
111482  41.970  -46.417  12.959 0.0000000000
35082  42.330  -45.686  13.134 0.0000000000
33322  42.033  -47.737  11.233 0.0000000000
34212  41.954  -46.881  10.453 0.0000000000
35103  43.053  -46.018  11.752 0.0000000000
35075  42.921  -45.337  13.228 0.0000000000
35990  43.067  -44.698  13.364 0.0000000000
35989  43.378  -44.156  13.231 0.0000000000
117361  43.599  -43.216  12.742 0.0000000000
38125  43.651  -42.577  12.920 0.0000000000
39268  43.594  -41.840  12.337 0.0000000000
130953  43.534  -42.223  11.978 0.0000000000
32274  33.164  -48.658  13.172 0.0000000000
32273  34.175  -48.752  13.320 0.0000000000
33325  37.152  -47.438  11.226 0.0000000000
33324  38.278  -47.698  11.101 0.0000000000
33323  39.353  -47.546  11.231 0.0000000000
33300  38.861  -48.133  11.933 0.0000000000
31315  39.353  -49.469  13.121 0.0000000000
32314  39.469  -48.436  12.428 0.0000000000
31314  39.987  -49.666  12.950 0.0000000000
109083  40.565  -49.278  12.703 0.0000000000
29217  38.255  -51.085  13.898 0.0000000000
125932  39.601  -50.510  11.312 0.0000000000
55696  54.297  -24.315  2.495 0.0000000000
51016  45.841  -29.579  4.419 0.0000000000
109574  48.236  -28.191  3.099 0.0000000000
51974  48.499  -27.860  2.370 0.0000000000
51984  48.063  -27.933  1.787 0.0000000000
52843  49.122  -27.567  2.265 0.0000000000
51930  51.541  -28.558  7.303 0.0000000000
50989  52.871  -29.185  6.554 0.0000000000
51929  52.486  -28.784  7.218 0.0000000000
40336  40.591  -40.629  12.555 0.0000000000
41381  40.323  -39.817  11.928 0.0000000000
45132  39.619  -34.985  13.100 0.0000000000
48041  37.012  -32.239  11.903 0.0000000000
49930  37.935  -30.743  11.462 0.0000000000
49952  36.947  -30.745  10.844 0.0000000000
49951  37.827  -30.566  10.642 0.0000000000
49950  38.728  -30.552  10.614 0.0000000000
126833  39.466  -30.582  10.742 0.0000000000
49912  39.762  -30.845  12.280 0.0000000000
113850  40.718  -32.066  14.752 0.0000000000
48966  41.384  -31.581  14.008 0.0000000000
48965  42.447  -31.564  14.117 0.0000000000
46019  41.874  -34.153  16.529 0.0000000000
47023  41.772  -33.456  16.249 0.0000000000
47022  42.553  -33.508  16.455 0.0000000000
46016  43.942  -33.540  16.280 0.0000000000
47970  43.200  -32.955  16.334 0.0000000000
47969  44.004  -32.850  16.307 0.0000000000
47978  44.779  -32.324  16.112 0.0000000000
47032  45.499  -32.493  15.902 0.0000000000
129762  44.704  -33.620  14.036 0.0000000000
126673  43.548  -40.068  12.244 0.0000000000
109762  43.651  -39.509  13.329 0.0000000000
30177  26.719  -50.567  19.718 0.0000000000
29115  27.618  -51.739  20.487 0.0000000000
28108  26.580  -52.658  20.576 0.0000000000
49984  40.843  -30.606  8.638 0.0000000000
109734  41.730  -30.516  9.901 0.0000000000
49948  41.151  -30.599  10.643 0.0000000000
29164  34.134  -51.255  17.401 0.0000000000
30212  34.488  -51.126  16.880 0.0000000000
28157  34.563  -51.758  16.694 0.0000000000
28175  35.117  -52.241  16.022 0.0000000000
50956  47.229  -29.653  7.501 0.0000000000
50974  46.812  -29.532  6.631 0.0000000000
130546  48.636  -29.358  7.458 0.0000000000
50955  49.633  -29.326  8.141 0.0000000000
39217  41.596  -41.381  14.795 0.0000000000
40299  41.557  -40.465  15.410 0.0000000000
42325  40.956  -39.175  15.939 0.0000000000
111010  40.736  -37.894  15.580 0.0000000000
42314  40.910  -38.383  16.140 0.0000000000
117871  41.133  -37.884  16.341 0.0000000000
42301  41.588  -38.072  16.399 0.0000000000
43206  41.541  -37.277  16.455 0.0000000000
108654  43.226  -38.411  15.499 0.0000000000
42333  43.610  -38.850  13.820 0.0000000000
30197  29.507  -50.244  18.023 0.0000000000
111950  30.370  -50.565  18.903 0.0000000000
30196  31.250  -50.665  18.703 0.0000000000
30195  32.270  -50.775  18.591 0.0000000000
30172  31.799  -51.002  19.017 0.0000000000
50004  43.660  -29.849  7.658 0.0000000000
50003  44.499  -29.758  7.800 0.0000000000
116134  45.395  -29.982  8.978 0.0000000000
49908  44.205  -30.744  12.234 0.0000000000
49907  45.265  -30.805  12.438 0.0000000000
48946  46.746  -32.077  14.811 0.0000000000
47041  46.710  -32.568  14.766 0.0000000000
33270  41.327  -47.822  12.738 0.0000000000
33269  41.964  -47.637  12.802 0.0000000000
33268  42.379  -47.286  12.667 0.0000000000
36008  43.300  -44.936  11.592 0.0000000000
36007  43.557  -44.473  12.338 0.0000000000
36015  43.382  -44.085  11.572 0.0000000000
37034  43.185  -43.341  11.188 0.0000000000
32272  35.246  -48.887  13.406 0.0000000000
33275  35.740  -47.837  12.082 0.0000000000
33274  36.494  -48.213  12.425 0.0000000000
33273  37.251  -48.337  12.436 0.0000000000
33272  38.258  -48.465  12.407 0.0000000000
31297  38.849  -49.992  13.504 0.0000000000
55713  52.330  -24.003  1.408 0.0000000000
51015  46.611  -29.313  4.002 0.0000000000
51036  47.223  -28.966  3.711 0.0000000000
51963  47.440  -28.651  3.080 0.0000000000
37028  40.758  -43.995  12.101 0.0000000000
114284  40.410  -38.970  12.282 0.0000000000
42356  40.154  -38.243  11.658 0.0000000000
43262  39.817  -37.625  11.081 0.0000000000
46049  39.087  -34.156  13.928 0.0000000000
46050  38.586  -33.520  13.365 0.0000000000
48025  37.577  -32.221  12.577 0.0000000000
48026  37.044  -31.902  11.923 0.0000000000
49001  36.640  -31.528  11.414 0.0000000000
48989  37.565  -31.721  12.442 0.0000000000
48988  38.086  -31.453  12.856 0.0000000000
48987  38.931  -31.304  13.087 0.0000000000
48986  39.986  -31.203  13.174 0.0000000000
47993  41.208  -32.491  15.400 0.0000000000
110102  43.065  -34.918  16.510 0.0000000000
46018  42.792  -34.153  16.593 0.0000000000
46028  43.678  -34.356  16.219 0.0000000000
46027  44.424  -33.812  15.926 0.0000000000
31230  27.663  -49.796  17.686 0.0000000000
30199  27.899  -50.223  18.745 0.0000000000
30198  28.727  -50.284  18.555 0.0000000000
30174  29.342  -50.822  19.540 0.0000000000
30151  29.669  -51.193  19.736 0.0000000000
29127  29.772  -51.398  19.759 0.0000000000
28117  29.439  -52.097  19.696 0.0000000000
28118  28.637  -52.383  19.861 0.0000000000
28107  27.478  -52.423  20.414 0.0000000000
126690  42.132  -30.360  7.931 0.0000000000
124003  44.256  -30.253  9.858 0.0000000000
109736  43.545  -30.344  9.907 0.0000000000
49925  43.675  -30.563  11.437 0.0000000000
126436  43.881  -31.240  13.581 0.0000000000
32319  40.942  -49.126  10.771 0.0000000000
31285  32.011  -49.857  14.911 0.0000000000
113458  32.471  -49.107  13.654 0.0000000000
109562  32.876  -49.701  14.580 0.0000000000
30257  34.145  -49.929  14.859 0.0000000000
122514  34.830  -50.498  15.709 0.0000000000
31284  35.206  -50.015  14.927 0.0000000000
31283  36.019  -50.132  14.870 0.0000000000
31282  36.654  -50.273  14.622 0.0000000000
31281  37.315  -50.530  14.375 0.0000000000
30253  37.356  -51.191  14.571 0.0000000000
114844  37.321  -51.550  14.303 0.0000000000
29219  37.002  -51.982  14.128 0.0000000000
52840  52.570  -26.997  3.015 0.0000000000
52822  53.062  -27.669  4.923 0.0000000000
50996  45.100  -29.696  4.968 0.0000000000
50993  47.388  -29.266  5.437 0.0000000000
50991  50.284  -28.693  7.154 0.0000000000
50971  51.437  -28.852  8.105 0.0000000000
50027  52.251  -29.411  8.145 0.0000000000
130380  41.642  -43.162  13.787 0.0000000000
38126  40.958  -42.303  12.915 0.0000000000
38108  41.443  -42.611  13.848 0.0000000000
129419  41.110  -41.449  13.799 0.0000000000
40321  40.968  -40.770  13.698 0.0000000000
40320  41.181  -40.763  14.862 0.0000000000
41362  40.879  -39.907  14.105 0.0000000000
42346  40.478  -38.067  12.635 0.0000000000
130533  40.384  -37.199  12.515 0.0000000000
44218  40.172  -36.623  12.027 0.0000000000
45143  39.734  -35.338  11.510 0.0000000000
45142  39.984  -35.737  12.337 0.0000000000
45131  40.063  -35.620  13.258 0.0000000000
43227  40.686  -37.103  15.336 0.0000000000
45120  40.361  -35.848  14.036 0.0000000000
45121  39.809  -34.955  14.041 0.0000000000
112101  39.669  -34.265  14.684 0.0000000000
46040  39.843  -33.758  14.999 0.0000000000
130149  40.351  -34.031  15.461 0.0000000000
46030  40.265  -33.513  15.294 0.0000000000
120852  40.732  -33.926  15.846 0.0000000000
46020  41.126  -34.439  16.244 0.0000000000
44165  42.317  -36.655  16.483 0.0000000000
45093  42.364  -35.652  16.555 0.0000000000
44174  43.337  -36.472  15.576 0.0000000000
31305  30.698  -49.304  14.099 0.0000000000
31228  29.429  -49.886  16.638 0.0000000000
109989  30.204  -49.542  14.798 0.0000000000
31286  31.160  -49.742  14.856 0.0000000000
30194  33.154  -50.906  18.440 0.0000000000
30193  33.727  -51.009  18.051 0.0000000000
49962  49.568  -30.709  9.669 0.0000000000
49941  48.903  -31.122  10.243 0.0000000000
49906  46.374  -30.941  12.482 0.0000000000
48999  47.445  -31.193  12.349 0.0000000000
35093  40.239  -45.515  11.232 0.0000000000
35092  40.793  -45.533  12.129 0.0000000000
35999  41.019  -44.739  12.407 0.0000000000
37019  41.695  -43.945  13.377 0.0000000000
34211  42.523  -46.875  11.469 0.0000000000
34187  42.825  -46.820  12.382 0.0000000000
34168  42.633  -46.536  12.838 0.0000000000
35991  42.280  -44.836  13.355 0.0000000000
118273  42.026  -43.484  13.881 0.0000000000
38106  43.089  -43.081  13.898 0.0000000000
37018  43.598  -43.960  12.839 0.0000000000
37003  43.421  -43.363  13.285 0.0000000000
38089  42.848  -42.455  14.300 0.0000000000
39231  43.464  -41.787  13.981 0.0000000000
40319  43.433  -41.034  14.315 0.0000000000
40335  43.671  -41.015  13.406 0.0000000000
115532  43.655  -40.293  13.762 0.0000000000
40352  43.633  -40.968  12.635 0.0000000000
40371  43.393  -40.809  11.701 0.0000000000
39290  42.537  -41.700  10.437 0.0000000000
33271  40.564  -48.162  12.537 0.0000000000
127842  40.689  -49.647  12.047 0.0000000000
127611  38.398  -50.524  13.757 0.0000000000
30296  39.237  -50.895  12.785 0.0000000000
30295  39.797  -50.306  12.742 0.0000000000
30137  24.715  -51.083  20.470 0.0000000000
56676  55.326  -23.377  2.139 0.0000000000
52831  50.199  -27.583  3.464 0.0000000000
51011  53.327  -29.469  5.466 0.0000000000
115262  38.574  -30.463  8.805 0.0000000000
39269  40.534  -41.475  12.219 0.0000000000
49967  36.404  -30.631  10.251 0.0000000000
49986  37.801  -30.277  9.145 0.0000000000
109732  39.617  -30.577  9.907 0.0000000000
49928  40.541  -30.684  11.443 0.0000000000
49910  41.692  -30.928  12.397 0.0000000000
115862  43.511  -31.509  14.333 0.0000000000
48949  44.153  -31.743  15.394 0.0000000000
47034  40.925  -33.346  15.761 0.0000000000
110063  41.765  -32.909  15.901 0.0000000000
48934  42.398  -32.410  15.657 0.0000000000
47980  42.941  -32.690  16.124 0.0000000000
48933  43.602  -32.225  15.932 0.0000000000
48948  45.260  -31.715  15.534 0.0000000000
48931  45.482  -32.043  15.875 0.0000000000
47042  46.062  -32.786  15.311 0.0000000000
47055  45.652  -33.364  14.891 0.0000000000
41361  43.583  -39.634  14.224 0.0000000000
42354  43.497  -39.315  11.986 0.0000000000
108756  43.626  -38.641  12.943 0.0000000000
43236  43.608  -38.078  13.577 0.0000000000
43247  43.614  -37.827  12.889 0.0000000000
29138  32.695  -51.184  18.908 0.0000000000
29197  37.749  -51.263  14.210 0.0000000000
30277  38.851  -50.694  13.465 0.0000000000
32313  41.472  -48.622  12.444 0.0000000000
35081  43.147  -45.842  12.916 0.0000000000
35996  43.498  -44.740  12.942 0.0000000000
35997  43.301  -45.279  13.025 0.0000000000
38138  43.593  -42.655  12.348 0.0000000000
39233  41.239  -41.959  13.841 0.0000000000
40298  42.133  -40.887  15.352 0.0000000000
42313  41.337  -38.785  16.200 0.0000000000
43205  42.294  -37.610  16.402 0.0000000000
46017  43.373  -34.088  16.452 0.0000000000
46039  40.241  -34.489  15.308 0.0000000000
47046  39.145  -32.879  14.421 0.0000000000
47073  37.955  -32.957  12.917 0.0000000000
47981  40.799  -32.856  15.497 0.0000000000
47995  39.641  -32.699  14.714 0.0000000000
48011  38.160  -32.367  13.301 0.0000000000
48985  41.044  -31.228  13.158 0.0000000000
49000  37.179  -31.518  11.905 0.0000000000
49914  37.613  -31.173  12.192 0.0000000000
49929  38.872  -30.625  11.294 0.0000000000
108649  37.210  -29.987  8.676 0.0000000000
115263  40.099  -30.628  9.120 0.0000000000
122275  39.617  -30.654  11.415 0.0000000000
130142  37.394  -30.767  11.174 0.0000000000
