#!ascii label  , from subject sub-v2s9x29159_ses-1 vox2ras=TkReg
919
50455  -21.287  -21.776  -23.724 0.5555555820
50460  -21.818  -21.430  -24.381 0.6666666865
51376  -22.466  -21.089  -24.955 0.7777777910
53020  -21.938  -19.181  -25.837 0.8888888955
52264  -24.221  -19.590  -26.466 0.8888888955
49425  -21.157  -22.700  -22.619 0.5555555820
50454  -20.691  -21.215  -23.264 0.5555555820
97694  -21.088  -20.951  -24.037 0.6666666865
51374  -20.930  -20.130  -24.256 0.8888888955
52249  -23.137  -20.126  -25.658 0.8888888955
52262  -22.601  -19.066  -26.225 0.8888888955
53893  -23.102  -17.999  -26.921 1.0000000000
53035  -24.521  -19.049  -27.026 0.8888888955
53907  -24.676  -17.706  -27.586 1.0000000000
51367  -20.442  -20.424  -23.538 0.7777777910
52232  -20.834  -19.366  -24.532 1.0000000000
52246  -20.820  -18.530  -25.003 1.0000000000
53019  -21.408  -18.646  -25.832 1.0000000000
53892  -22.150  -17.874  -26.730 1.0000000000
53879  -20.976  -18.058  -25.934 1.0000000000
53905  -22.682  -17.200  -27.320 1.0000000000
53904  -21.812  -17.108  -27.088 1.0000000000
54793  -24.250  -16.911  -27.710 1.0000000000
112128  -22.147  -16.621  -27.549 1.0000000000
54792  -22.756  -16.448  -27.811 1.0000000000
54805  -24.759  -16.396  -28.188 1.0000000000
55654  -23.467  -15.489  -28.459 1.0000000000
56482  -24.459  -14.960  -28.708 0.7777777910
105923  -20.277  -16.946  -25.422 0.8888888955
54770  -20.515  -16.511  -26.169 1.0000000000
54791  -21.545  -16.414  -27.418 1.0000000000
55642  -22.067  -16.008  -28.067 1.0000000000
100505  -22.536  -15.355  -28.520 1.0000000000
56481  -23.176  -14.727  -28.816 1.0000000000
56494  -25.138  -14.134  -29.197 0.8888888955
57335  -26.046  -13.767  -29.598 0.7777777910
55614  -19.980  -16.090  -25.684 0.5555555820
56468  -20.414  -14.605  -27.641 0.7777777910
55627  -20.289  -15.751  -26.489 0.8888888955
55641  -21.308  -15.725  -27.800 1.0000000000
55652  -21.018  -15.028  -28.155 0.8888888955
56480  -22.210  -14.643  -28.864 1.0000000000
56492  -22.779  -13.885  -29.254 1.0000000000
57334  -24.333  -13.386  -29.356 0.8888888955
57333  -23.516  -13.417  -29.389 1.0000000000
58143  -24.636  -12.674  -29.523 0.8888888955
100830  -26.287  -12.368  -29.730 0.7777777910
58968  -27.323  -12.477  -30.208 0.6666666865
104178  -26.588  -11.479  -29.733 0.6666666865
57276  -19.080  -13.852  -25.636 0.4444444478
110728  -19.520  -14.249  -26.404 0.7777777910
57294  -19.346  -13.601  -26.588 0.6666666865
57321  -20.499  -13.495  -28.628 0.7777777910
56478  -20.778  -14.261  -28.394 0.8888888955
57322  -21.144  -13.845  -28.981 0.8888888955
57331  -21.500  -13.387  -29.342 1.0000000000
57332  -22.144  -13.244  -29.536 1.0000000000
105807  -22.921  -12.984  -29.617 1.0000000000
58966  -23.974  -11.847  -29.701 0.8888888955
105731  -25.503  -11.295  -29.630 0.7777777910
104806  -27.594  -11.577  -30.117 0.5555555820
59815  -25.877  -10.527  -29.584 0.7777777910
59816  -26.953  -10.612  -29.584 0.6666666865
58123  -19.353  -12.629  -27.652 0.6666666865
58104  -19.115  -12.866  -26.809 0.6666666865
57320  -19.859  -13.112  -28.192 0.7777777910
116278  -19.601  -12.467  -28.342 0.7777777910
57330  -20.891  -13.108  -29.220 0.8888888955
58140  -20.690  -12.361  -29.512 1.0000000000
58154  -21.837  -11.944  -30.150 1.0000000000
58155  -22.489  -11.715  -30.170 1.0000000000
111484  -23.095  -12.177  -29.866 0.8888888955
58980  -23.774  -11.086  -29.906 0.8888888955
59814  -24.914  -10.452  -29.729 0.8888888955
58967  -24.520  -11.155  -29.728 0.7777777910
59828  -23.272  -10.659  -30.191 0.8888888955
59813  -24.040  -10.470  -29.899 0.7777777910
60681  -25.310  -9.680  -29.672 0.7777777910
60683  -27.466  -9.728  -29.265 0.6666666865
58122  -18.728  -12.145  -27.069 0.6666666865
99761  -18.510  -12.461  -26.143 0.5555555820
58943  -19.095  -11.858  -28.019 0.7777777910
106673  -19.620  -11.977  -28.784 0.8888888955
58139  -20.096  -12.023  -29.274 0.8888888955
58964  -20.482  -11.625  -29.740 1.0000000000
58965  -21.170  -11.896  -30.016 1.0000000000
58979  -22.505  -10.939  -30.381 1.0000000000
58156  -23.167  -11.393  -30.063 0.8888888955
60680  -24.414  -9.734  -29.900 0.7777777910
61492  -24.759  -8.842  -29.823 0.7777777910
61494  -26.869  -8.763  -28.995 0.6666666865
61495  -28.014  -8.903  -28.839 0.5555555820
58942  -18.701  -11.065  -28.170 0.6666666865
58956  -19.249  -11.371  -28.633 0.8888888955
59812  -20.271  -10.868  -29.980 1.0000000000
59827  -21.648  -10.741  -30.531 1.0000000000
60694  -22.675  -9.473  -30.618 0.8888888955
97820  -22.686  -10.222  -30.488 0.8888888955
61506  -23.367  -8.953  -30.405 0.8888888955
60695  -23.491  -9.818  -30.223 0.8888888955
61493  -25.295  -8.196  -29.546 0.7777777910
62322  -25.421  -7.446  -29.363 0.7777777910
61482  -26.944  -7.759  -28.694 0.5555555820
62332  -23.818  -7.570  -30.245 0.7777777910
62323  -26.199  -7.232  -28.840 0.5555555820
62315  -27.737  -7.441  -28.648 0.5555555820
63144  -25.679  -6.748  -29.055 0.6666666865
60642  -16.956  -9.723  -26.478 0.4444444478
59790  -18.114  -10.612  -27.625 0.5555555820
59811  -19.167  -9.970  -29.367 0.7777777910
100530  -19.632  -10.499  -29.612 1.0000000000
59804  -19.083  -10.640  -28.865 0.8888888955
59825  -20.021  -10.061  -30.222 1.0000000000
60705  -21.331  -9.419  -30.992 0.8888888955
60706  -21.965  -9.122  -30.950 0.8888888955
61505  -22.623  -8.647  -30.730 0.8888888955
102960  -23.296  -8.119  -30.499 0.8888888955
63143  -24.869  -6.676  -29.460 0.6666666865
63145  -26.409  -6.430  -28.640 0.5555555820
61490  -18.650  -8.248  -29.693 0.6666666865
60670  -18.013  -9.147  -28.596 0.6666666865
61503  -19.696  -8.424  -30.695 0.7777777910
61504  -20.353  -8.737  -30.973 0.8888888955
61515  -20.763  -8.242  -31.348 0.7777777910
61516  -21.345  -8.735  -31.201 0.8888888955
62343  -21.707  -7.583  -31.161 0.7777777910
61517  -21.909  -8.349  -31.071 0.8888888955
63167  -22.153  -6.939  -30.862 0.7777777910
63155  -22.829  -7.040  -30.608 0.7777777910
63156  -23.450  -6.778  -30.333 0.6666666865
63940  -22.605  -5.644  -30.562 0.6666666865
63941  -23.222  -6.019  -30.320 0.6666666865
63942  -23.946  -6.092  -29.810 0.6666666865
63157  -24.145  -6.982  -29.963 0.5555555820
64752  -23.532  -4.369  -29.817 0.6666666865
107985  -24.172  -5.085  -29.497 0.5555555820
110959  -25.225  -4.868  -28.772 0.5555555820
63930  -25.652  -5.907  -28.804 0.4444444478
64740  -24.461  -4.130  -29.296 0.5555555820
63130  -17.807  -6.418  -29.089 0.3333333433
63142  -18.041  -6.771  -29.597 0.3333333433
102921  -18.661  -7.377  -30.129 0.5555555820
63164  -19.193  -6.313  -31.286 0.5555555820
62330  -19.397  -7.614  -30.793 0.7777777910
62341  -20.397  -7.491  -31.453 0.7777777910
105250  -20.343  -5.560  -31.547 0.6666666865
63166  -21.363  -6.823  -31.270 0.6666666865
106953  -21.030  -6.143  -31.351 0.6666666865
63952  -21.834  -6.092  -30.943 0.6666666865
63939  -21.875  -5.202  -30.786 0.6666666865
64751  -22.105  -4.308  -30.625 0.6666666865
101921  -22.942  -3.819  -30.287 0.6666666865
65569  -24.750  -3.258  -29.204 0.5555555820
65568  -23.731  -3.383  -29.681 0.6666666865
63141  -18.071  -6.130  -30.013 0.4444444478
63920  -17.725  -4.925  -28.047 0.4444444478
63152  -18.218  -5.888  -30.625 0.4444444478
63938  -18.254  -5.426  -31.062 0.5555555820
103660  -18.551  -6.108  -31.004 0.5555555820
63949  -18.891  -5.651  -31.375 0.6666666865
100728  -19.675  -6.062  -31.564 0.6666666865
63951  -21.198  -5.540  -31.194 0.6666666865
66335  -23.398  -2.393  -29.890 0.6666666865
113959  -24.066  -1.922  -29.553 0.5555555820
66322  -24.292  -2.594  -29.456 0.6666666865
64749  -17.984  -4.629  -31.062 0.4444444478
64761  -19.833  -4.544  -31.616 0.6666666865
105196  -20.292  -3.778  -31.459 0.6666666865
64750  -20.970  -4.670  -31.181 0.6666666865
65582  -22.134  -3.251  -30.536 0.6666666865
51388  -21.926  -19.763  -25.259 0.8888888955
52247  -21.404  -19.204  -25.203 1.0000000000
53033  -21.982  -18.605  -26.316 1.0000000000
53906  -23.677  -17.456  -27.332 1.0000000000
57293  -18.835  -13.140  -25.989 0.5555555820
107193  -18.393  -11.372  -27.342 0.5555555820
60659  -17.159  -9.285  -27.261 0.5555555820
59826  -20.776  -10.451  -30.529 1.0000000000
61507  -24.003  -8.412  -30.175 0.8888888955
62342  -21.002  -7.499  -31.447 0.7777777910
107308  -26.251  -5.064  -28.503 0.4444444478
63950  -19.347  -5.156  -31.595 0.6666666865
64760  -18.926  -4.303  -31.674 0.6666666865
58922  -18.043  -11.639  -26.202 0.4444444478
108114  -24.817  -1.937  -29.346 0.5555555820
104141  -25.155  -2.568  -29.184 0.5555555820
63929  -18.047  -4.953  -28.975 0.2222222239
63937  -18.080  -5.326  -30.688 0.3333333433
48426  -21.716  -23.307  -22.812 0.5555555820
111565  -22.045  -23.001  -23.483 0.5555555820
49436  -22.052  -22.346  -24.023 0.6666666865
50461  -22.608  -21.839  -24.634 0.5555555820
115802  -23.086  -21.521  -25.109 0.5555555820
51403  -24.003  -20.332  -25.970 0.7777777910
111520  -24.940  -19.748  -27.062 0.8888888955
48425  -20.975  -23.239  -22.140 0.5555555820
51390  -23.260  -20.899  -25.489 0.6666666865
52274  -25.405  -19.377  -27.401 0.7777777910
53049  -25.055  -18.575  -27.520 0.7777777910
49424  -20.595  -22.331  -21.929 0.4444444478
51360  -19.989  -20.879  -21.977 0.5555555820
53923  -25.236  -17.131  -28.044 1.0000000000
52220  -19.764  -19.882  -22.970 0.2222222239
52221  -20.268  -19.634  -23.817 0.6666666865
101288  -25.399  -15.801  -28.553 0.8888888955
55656  -26.315  -15.644  -28.876 0.6666666865
106170  -26.238  -14.519  -29.450 0.7777777910
117004  -26.627  -14.240  -29.692 0.6666666865
53865  -20.089  -18.060  -24.328 0.5555555820
57336  -27.078  -14.015  -30.018 0.6666666865
54754  -19.382  -16.486  -24.247 0.4444444478
58145  -27.214  -13.312  -30.234 0.5555555820
59817  -28.703  -11.816  -30.731 0.5555555820
55594  -19.072  -15.123  -24.504 0.2222222239
98479  -28.011  -10.655  -29.859 0.5555555820
110759  -18.598  -13.240  -25.248 0.4444444478
60684  -28.484  -9.750  -29.477 0.5555555820
58072  -17.649  -11.880  -24.536 0.3333333433
61496  -28.875  -8.882  -29.404 0.5555555820
59774  -17.774  -10.860  -26.707 0.4444444478
63137  -28.319  -7.313  -28.908 0.4444444478
59752  -16.931  -10.014  -25.861 0.3333333433
63136  -27.902  -6.566  -28.721 0.5555555820
63931  -26.738  -5.624  -28.523 0.4444444478
106815  -17.431  -6.451  -28.451 0.3333333433
102517  -17.513  -6.909  -28.694 0.3333333433
62308  -17.600  -7.746  -28.678 0.4444444478
64741  -26.313  -4.267  -28.557 0.4444444478
65570  -25.533  -3.089  -28.953 0.4444444478
106139  -25.664  -1.979  -29.343 0.2222222239
64738  -17.877  -4.319  -30.809 0.3333333433
112544  -18.190  -3.922  -31.393 0.6666666865
65581  -21.217  -3.674  -30.917 0.6666666865
103061  -21.315  -2.937  -30.826 0.6666666865
66333  -21.748  -2.416  -30.643 0.6666666865
109467  -22.174  -1.777  -30.524 0.6666666865
110158  -22.863  -1.822  -30.239 0.6666666865
67050  -23.525  -1.377  -29.855 0.6666666865
67051  -24.461  -1.271  -29.528 0.4444444478
67052  -25.388  -1.270  -29.474 0.3333333433
108249  -18.708  -3.613  -31.664 0.5555555820
50443  -20.933  -22.000  -22.908 0.5555555820
49435  -21.520  -22.550  -23.273 0.5555555820
51375  -21.725  -20.495  -24.707 0.7777777910
51389  -22.506  -20.328  -25.285 0.8888888955
52248  -22.558  -19.654  -25.719 0.8888888955
53034  -23.500  -18.829  -26.579 1.0000000000
52263  -23.327  -19.578  -26.079 0.8888888955
50442  -20.424  -21.411  -22.356 0.5555555820
52233  -21.392  -19.775  -24.768 0.8888888955
53048  -24.095  -18.231  -27.090 1.0000000000
103725  -22.631  -18.479  -26.566 1.0000000000
97611  -20.149  -20.667  -22.709 0.6666666865
53008  -20.221  -18.850  -24.115 0.8888888955
53878  -20.485  -17.673  -25.191 1.0000000000
53032  -21.527  -18.175  -26.306 1.0000000000
53891  -21.375  -17.572  -26.508 1.0000000000
53890  -20.778  -17.295  -26.049 1.0000000000
54780  -21.138  -16.857  -26.754 1.0000000000
111234  -23.388  -16.828  -27.617 1.0000000000
54804  -23.656  -16.225  -28.045 1.0000000000
54803  -22.835  -15.921  -28.235 1.0000000000
55655  -24.342  -15.755  -28.371 1.0000000000
56483  -25.765  -15.045  -29.016 0.7777777910
54769  -19.790  -16.521  -25.053 0.5555555820
53877  -19.765  -17.217  -24.486 0.5555555820
54790  -20.872  -16.151  -27.076 1.0000000000
55653  -21.729  -15.252  -28.422 1.0000000000
56493  -23.877  -14.064  -29.089 1.0000000000
112353  -25.153  -13.351  -29.439 0.8888888955
58144  -25.614  -12.876  -29.588 0.7777777910
99643  -26.464  -13.263  -29.786 0.6666666865
55613  -19.459  -15.807  -24.892 0.5555555820
55626  -19.703  -15.418  -25.812 0.6666666865
115338  -20.164  -16.508  -25.588 0.7777777910
56453  -19.947  -14.919  -26.711 0.7777777910
56467  -19.826  -14.120  -27.154 0.6666666865
57310  -20.172  -13.839  -27.926 0.8888888955
55640  -20.639  -15.390  -27.360 0.8888888955
56479  -21.442  -14.532  -28.710 1.0000000000
111061  -23.738  -12.737  -29.561 0.8888888955
97798  -25.070  -11.987  -29.602 0.8888888955
58969  -28.205  -12.605  -30.781 0.5555555820
106276  -18.649  -13.713  -24.810 0.3333333433
56435  -19.010  -14.452  -24.913 0.3333333433
56436  -19.418  -14.671  -25.763 0.4444444478
57309  -19.601  -13.373  -27.419 0.6666666865
56491  -21.844  -13.969  -29.177 1.0000000000
58142  -22.334  -12.449  -29.876 1.0000000000
58131  -20.144  -12.681  -28.887 0.8888888955
116397  -22.006  -11.373  -30.361 1.0000000000
99806  -25.765  -8.871  -29.482 0.7777777910
60682  -26.344  -9.699  -29.418 0.7777777910
114916  -18.427  -12.741  -25.420 0.4444444478
58963  -19.736  -11.316  -29.310 0.8888888955
58978  -21.527  -11.441  -30.292 1.0000000000
115231  -22.211  -10.456  -30.558 0.8888888955
60696  -24.022  -9.161  -30.122 0.7777777910
98102  -26.037  -8.043  -29.183 0.6666666865
61483  -27.617  -8.179  -28.699 0.5555555820
61484  -28.238  -8.094  -28.827 0.5555555820
59803  -18.434  -10.421  -28.311 0.6666666865
112528  -21.967  -9.935  -30.742 1.0000000000
62321  -24.591  -7.752  -29.769 0.8888888955
112169  -23.221  -7.435  -30.505 0.8888888955
62314  -27.084  -6.915  -28.571 0.5555555820
113671  -17.490  -10.127  -27.050 0.5555555820
60660  -17.842  -9.827  -27.998 0.5555555820
115982  -19.570  -10.035  -29.780 1.0000000000
60679  -19.443  -9.558  -29.894 0.7777777910
59810  -18.518  -9.883  -28.763 0.7777777910
60692  -20.647  -9.581  -30.805 0.8888888955
60691  -19.895  -9.223  -30.500 0.7777777910
63135  -27.194  -6.181  -28.565 0.5555555820
61478  -18.056  -8.402  -29.022 0.5555555820
62309  -18.042  -7.571  -29.323 0.4444444478
61502  -19.148  -8.101  -30.276 0.6666666865
60678  -18.737  -9.156  -29.337 0.7777777910
60669  -17.504  -9.043  -27.983 0.6666666865
61514  -20.048  -7.947  -31.226 0.7777777910
108873  -22.930  -4.530  -30.342 0.6666666865
98466  -23.296  -5.239  -30.156 0.6666666865
109410  -24.770  -5.736  -29.326 0.5555555820
107127  -25.426  -3.793  -28.736 0.4444444478
63153  -18.393  -6.509  -30.367 0.5555555820
63154  -19.021  -6.806  -30.822 0.6666666865
62340  -19.733  -7.010  -31.407 0.7777777910
65583  -22.988  -3.078  -30.230 0.6666666865
103036  -18.518  -4.850  -31.407 0.6666666865
66334  -22.567  -2.469  -30.365 0.6666666865
61466  -16.712  -8.606  -26.974 0.3333333433
58905  -18.067  -12.119  -25.225 0.4444444478
111277  -26.299  -2.113  -29.425 0.3333333433
67805  -24.953  -0.428  -29.582 0.3333333433
103176  -24.872  -20.353  -26.721 0.6666666865
99225  -21.416  -23.897  -22.293 0.5555555820
48413  -20.368  -23.179  -21.342 0.3333333433
55612  -19.305  -15.095  -25.124 0.3333333433
55582  -18.687  -15.556  -23.153 0.1111111119
56423  -18.791  -14.393  -24.478 0.1111111119
58087  -18.216  -12.709  -24.767 0.4444444478
58904  -17.595  -11.408  -25.077 0.3333333433
58921  -17.505  -10.999  -25.799 0.3333333433
62300  -17.096  -7.510  -27.961 0.3333333433
67804  -24.080  -0.684  -29.677 0.4444444478
48449  -25.184  -23.628  -24.635 0.4444444478
48439  -25.934  -23.284  -22.982 0.2222222239
47507  -23.050  -24.262  -23.386 0.4444444478
114496  -23.649  -24.338  -23.973 0.4444444478
49437  -22.650  -23.079  -23.869 0.4444444478
116322  -23.338  -23.254  -24.251 0.4444444478
48448  -24.652  -23.601  -24.718 0.4444444478
49456  -25.327  -22.561  -25.556 0.4444444478
49449  -25.976  -22.490  -24.587 0.2222222239
50462  -23.459  -22.154  -24.936 0.4444444478
49454  -24.357  -22.384  -25.395 0.4444444478
49455  -24.976  -22.488  -25.816 0.4444444478
50464  -26.875  -21.153  -24.249 0.1111111119
50472  -24.697  -21.945  -26.083 0.4444444478
50474  -26.194  -21.780  -25.939 0.3333333433
50471  -23.822  -21.672  -25.468 0.4444444478
50473  -25.525  -22.153  -26.103 0.3333333433
50484  -25.991  -21.451  -26.410 0.3333333433
51377  -26.657  -21.080  -25.285 0.2222222239
50483  -25.332  -21.606  -26.404 0.4444444478
51391  -24.115  -21.166  -25.832 0.4444444478
52250  -26.795  -20.273  -26.655 0.2222222239
52251  -27.273  -19.513  -25.820 0.1111111119
53021  -27.579  -18.697  -25.987 0.1111111119
51406  -26.299  -20.693  -26.846 0.3333333433
52266  -26.583  -19.873  -27.296 0.3333333433
53050  -25.920  -18.935  -27.712 0.5555555820
53908  -25.748  -17.973  -27.896 0.6666666865
53052  -27.009  -18.030  -27.650 0.4444444478
55643  -27.390  -15.989  -28.268 0.3333333433
53924  -26.098  -17.147  -28.267 0.6666666865
54807  -26.790  -16.280  -28.521 0.5555555820
107576  -25.620  -16.596  -28.363 0.6666666865
55657  -26.858  -15.752  -28.906 0.5555555820
55658  -27.070  -15.866  -28.789 0.5555555820
56486  -27.988  -14.651  -29.888 0.3333333433
56497  -28.112  -14.272  -30.779 0.4444444478
57337  -27.849  -14.064  -30.843 0.5555555820
56496  -27.753  -14.421  -30.169 0.4444444478
58146  -27.970  -13.477  -30.996 0.4444444478
65592  -20.612  -3.000  -31.275 0.5555555820
66346  -20.948  -2.315  -31.039 0.5555555820
107788  -21.391  -1.699  -30.840 0.5555555820
67061  -22.640  -1.042  -30.432 0.5555555820
67815  -22.799  -0.173  -30.554 0.5555555820
47526  -24.738  -24.201  -24.387 0.4444444478
49438  -25.646  -23.146  -24.408 0.2222222239
53036  -26.856  -19.035  -27.471 0.4444444478
53037  -27.319  -18.462  -26.881 0.3333333433
52276  -26.487  -19.244  -27.590 0.4444444478
53909  -26.483  -17.659  -27.999 0.6666666865
111997  -26.810  -17.292  -28.014 0.4444444478
57338  -28.349  -13.898  -31.121 0.4444444478
59818  -29.081  -10.775  -30.369 0.4444444478
67077  -20.612  -1.588  -31.321 0.5555555820
67076  -19.720  -1.563  -31.652 0.5555555820
53910  -27.273  -17.137  -27.623 0.2222222239
46601  -23.869  -25.781  -23.407 0.4444444478
98194  -24.288  -25.194  -23.716 0.4444444478
47509  -24.761  -24.812  -23.844 0.4444444478
48427  -25.646  -23.967  -22.904 0.2222222239
48428  -26.138  -23.436  -22.185 0.1111111119
47493  -22.243  -24.219  -22.732 0.4444444478
47494  -23.047  -24.953  -23.038 0.4444444478
50456  -26.504  -21.909  -23.926 0.1111111119
50457  -27.180  -21.428  -23.407 0.1111111119
49426  -26.422  -22.743  -22.550 0.1111111119
51368  -27.694  -20.671  -23.677 0.1111111119
52234  -27.660  -19.744  -24.976 0.1111111119
52235  -28.543  -19.353  -24.571 0.1111111119
53022  -28.437  -18.299  -25.515 0.1111111119
53038  -27.952  -17.960  -26.199 0.1111111119
54781  -28.148  -16.706  -26.953 0.2222222239
55644  -28.070  -15.496  -27.955 0.1111111119
102299  -27.495  -16.495  -27.728 0.2222222239
57323  -28.471  -14.057  -30.619 0.2222222239
58970  -28.919  -12.770  -31.277 0.4444444478
60685  -29.455  -9.910  -30.153 0.3333333433
61467  -17.032  -8.452  -27.638 0.4444444478
64742  -27.136  -3.940  -28.794 0.3333333433
67816  -23.417  -0.515  -30.082 0.5555555820
65590  -18.954  -3.030  -31.764 0.5555555820
66344  -19.320  -2.313  -31.725 0.5555555820
67059  -21.175  -0.992  -31.101 0.5555555820
67814  -21.893  -0.450  -30.931 0.5555555820
68559  -22.315  0.365  -30.935 0.5555555820
48436  -22.472  -23.589  -23.322 0.4444444478
48437  -23.176  -23.724  -23.851 0.4444444478
51404  -24.761  -21.140  -26.388 0.5555555820
56484  -26.672  -15.150  -29.268 0.5555555820
56495  -27.034  -14.612  -29.688 0.5555555820
65571  -26.380  -3.314  -28.836 0.3333333433
49445  -23.009  -22.582  -24.366 0.4444444478
52265  -25.774  -20.185  -27.232 0.3333333433
51405  -25.560  -20.949  -26.711 0.3333333433
48438  -25.567  -23.770  -23.931 0.3333333433
49448  -25.475  -22.870  -25.008 0.4444444478
47527  -25.114  -24.260  -24.200 0.4444444478
49439  -26.110  -22.766  -23.630 0.1111111119
47508  -24.251  -24.624  -24.094 0.4444444478
47525  -23.992  -23.920  -24.424 0.4444444478
49446  -23.981  -22.997  -24.763 0.4444444478
49447  -24.901  -22.979  -25.198 0.4444444478
49457  -25.799  -22.312  -25.452 0.4444444478
50463  -26.300  -21.762  -24.896 0.2222222239
51378  -27.274  -20.447  -24.629 0.1111111119
51392  -26.499  -21.040  -26.295 0.2222222239
51393  -26.977  -20.342  -25.624 0.2222222239
52267  -27.085  -19.409  -26.856 0.2222222239
52252  -28.077  -19.024  -25.248 0.1111111119
52275  -26.129  -19.595  -27.534 0.3333333433
53051  -26.472  -18.518  -27.781 0.4444444478
53894  -27.620  -17.583  -26.920 0.3333333433
113399  -27.956  -16.098  -27.590 0.1111111119
54794  -26.996  -16.627  -28.298 0.4444444478
54806  -26.345  -16.334  -28.536 0.5555555820
53925  -26.606  -16.896  -28.257 0.5555555820
56485  -27.317  -15.064  -29.361 0.5555555820
55659  -27.550  -15.320  -28.890 0.3333333433
66345  -20.164  -2.286  -31.564 0.5555555820
67060  -21.835  -1.182  -30.736 0.5555555820
67828  -20.293  -0.754  -31.502 0.5555555820
46618  -24.542  -25.639  -23.393 0.4444444478
47495  -23.726  -24.911  -23.675 0.4444444478
47510  -25.245  -24.563  -23.661 0.4444444478
47481  -22.381  -25.015  -22.498 0.4444444478
50444  -26.767  -22.089  -23.015 0.1111111119
51379  -28.089  -19.986  -24.177 0.1111111119
42023  -27.745  -30.979  -20.335 0.1111111119
43829  -23.688  -28.498  -20.713 0.3333333433
107725  -25.743  -29.470  -20.923 0.2222222239
42037  -27.122  -30.383  -20.522 0.2222222239
42895  -27.071  -29.396  -20.183 0.1111111119
44737  -22.387  -27.478  -20.433 0.3333333433
43828  -22.959  -28.032  -20.269 0.3333333433
43841  -24.649  -28.462  -21.435 0.3333333433
43842  -25.247  -28.048  -21.390 0.2222222239
106580  -26.393  -29.067  -20.527 0.2222222239
43830  -25.807  -28.640  -20.856 0.2222222239
46567  -20.280  -25.803  -19.940 0.2222222239
45688  -20.933  -26.540  -20.154 0.2222222239
114210  -22.871  -27.657  -20.734 0.3333333433
43840  -24.024  -28.286  -21.437 0.3333333433
43831  -26.385  -28.330  -20.326 0.1111111119
106336  -20.545  -25.189  -20.577 0.2222222239
46578  -20.830  -25.885  -20.600 0.3333333433
46585  -21.324  -25.557  -21.329 0.3333333433
45696  -21.380  -26.291  -20.902 0.3333333433
46586  -22.184  -25.599  -22.065 0.3333333433
45715  -22.795  -26.247  -22.292 0.3333333433
45697  -22.183  -26.433  -21.550 0.3333333433
45698  -23.167  -26.933  -22.167 0.3333333433
44766  -24.347  -27.288  -22.494 0.3333333433
44765  -23.876  -27.105  -22.663 0.3333333433
44750  -24.865  -27.441  -22.011 0.3333333433
45718  -25.007  -26.794  -22.506 0.3333333433
107640  -25.525  -27.044  -21.357 0.3333333433
45699  -25.522  -26.304  -21.674 0.2222222239
47467  -20.274  -24.280  -20.667 0.2222222239
47468  -20.829  -24.759  -21.283 0.2222222239
47480  -21.503  -24.742  -22.045 0.3333333433
45717  -24.333  -26.559  -23.026 0.3333333433
112651  -20.273  -23.708  -21.031 0.3333333433
46602  -24.887  -26.021  -23.006 0.3333333433
46619  -25.015  -25.290  -23.367 0.3333333433
57339  -29.050  -13.366  -31.107 0.2222222239
58981  -29.515  -12.537  -31.282 0.2222222239
58158  -29.668  -12.643  -31.248 0.2222222239
62324  -28.829  -7.887  -29.381 0.3333333433
42915  -24.427  -28.927  -20.986 0.3333333433
42916  -25.185  -28.912  -21.225 0.3333333433
42907  -26.443  -29.902  -20.729 0.2222222239
43817  -26.906  -28.463  -19.890 0.1111111119
44748  -23.715  -27.635  -22.022 0.3333333433
44749  -24.467  -27.897  -21.846 0.3333333433
46603  -25.269  -25.483  -22.813 0.3333333433
41103  -27.014  -31.095  -20.526 0.1111111119
107395  -28.204  -31.510  -19.969 0.1111111119
43815  -22.749  -28.344  -19.448 0.3333333433
100077  -23.396  -28.695  -19.917 0.3333333433
42905  -24.463  -29.487  -20.401 0.3333333433
42035  -25.759  -30.256  -20.729 0.3333333433
101876  -27.955  -29.884  -19.873 0.1111111119
44736  -21.667  -27.279  -19.924 0.3333333433
43818  -27.660  -28.694  -19.476 0.1111111119
44727  -26.699  -27.114  -19.899 0.1111111119
45690  -25.925  -26.100  -20.815 0.1111111119
99998  -25.364  -25.915  -22.305 0.1111111119
47496  -25.431  -24.815  -22.882 0.1111111119
48396  -19.982  -23.375  -20.458 0.1111111119
59829  -29.783  -11.788  -31.276 0.2222222239
62325  -29.308  -7.575  -30.189 0.2222222239
105608  -29.519  -8.481  -30.147 0.2222222239
49410  -19.984  -22.447  -20.872 0.2222222239
52995  -19.732  -19.056  -23.401 0.5555555820
50429  -20.081  -21.482  -21.348 0.3333333433
47479  -20.731  -23.993  -21.602 0.4444444478
42024  -28.579  -30.825  -19.884 0.1111111119
42036  -26.531  -30.534  -20.621 0.1111111119
114753  -23.953  -29.018  -20.377 0.3333333433
42906  -25.062  -29.615  -20.941 0.3333333433
45689  -21.818  -26.922  -20.746 0.3333333433
45677  -21.072  -27.042  -19.545 0.2222222239
98559  -22.300  -27.775  -19.742 0.2222222239
44747  -22.769  -27.309  -21.283 0.3333333433
109809  -26.667  -27.827  -19.927 0.1111111119
44738  -26.063  -27.679  -20.540 0.1111111119
47457  -20.032  -25.013  -19.904 0.2222222239
45716  -23.550  -26.457  -22.795 0.3333333433
45691  -26.199  -26.694  -20.394 0.1111111119
97801  -19.860  -24.165  -20.014 0.2222222239
46600  -22.985  -25.687  -22.701 0.3333333433
101334  -25.600  -25.072  -22.057 0.1111111119
41095  -26.732  -31.592  -19.914 0.1111111119
42892  -23.860  -29.360  -19.686 0.3333333433
43816  -23.204  -28.965  -19.128 0.2222222239
42893  -24.424  -29.850  -19.824 0.3333333433
42894  -24.951  -30.125  -20.382 0.3333333433
116213  -21.911  -27.641  -19.475 0.2222222239
58982  -30.195  -12.214  -31.389 0.1111111119
58159  -30.288  -12.330  -31.248 0.1111111119
59831  -31.526  -11.276  -31.770 0.1111111119
58983  -30.835  -11.863  -31.438 0.1111111119
104980  -31.330  -10.970  -31.856 0.1111111119
100590  -32.026  -10.673  -32.152 0.1111111119
61497  -29.681  -9.281  -30.289 0.1111111119
61509  -31.613  -9.896  -32.239 0.1111111119
61508  -30.370  -9.187  -31.275 0.1111111119
63932  -27.682  -5.535  -28.782 0.2222222239
64743  -27.792  -4.567  -29.190 0.1111111119
101743  -27.034  -4.782  -28.569 0.2222222239
65572  -27.220  -3.176  -29.377 0.1111111119
63933  -28.370  -5.243  -29.751 0.1111111119
114093  -27.968  -3.711  -30.722 0.1111111119
65591  -19.759  -3.014  -31.664 0.4444444478
66324  -26.707  -2.586  -29.353 0.1111111119
66332  -17.719  -2.483  -31.127 0.4444444478
67054  -26.803  -1.948  -29.752 0.1111111119
68554  -24.153  0.080  -29.805 0.3333333433
113593  -24.920  0.333  -29.789 0.2222222239
68555  -25.536  0.097  -29.877 0.1111111119
67053  -26.200  -1.507  -29.605 0.1111111119
67818  -26.782  -0.577  -30.597 0.1111111119
68568  -20.601  0.126  -31.539 0.4444444478
67829  -21.100  -0.366  -31.314 0.4444444478
69350  -21.861  0.926  -31.305 0.4444444478
68569  -21.501  0.196  -31.336 0.4444444478
69342  -22.775  1.221  -30.804 0.4444444478
70064  -23.276  2.069  -30.827 0.4444444478
69343  -23.820  1.338  -30.463 0.2222222239
70065  -24.289  2.191  -30.764 0.2222222239
69344  -24.882  1.546  -30.482 0.2222222239
68562  -25.501  0.832  -30.271 0.2222222239
74039  -23.207  7.405  -34.611 0.1111111119
72429  -24.504  5.158  -32.823 0.1111111119
70074  -26.222  2.311  -31.749 0.1111111119
67826  -18.357  -1.039  -31.318 0.4444444478
100368  -19.614  -0.110  -31.528 0.3333333433
103410  -21.102  1.534  -31.623 0.4444444478
115595  -21.856  2.413  -31.414 0.4444444478
70063  -22.265  1.835  -31.138 0.4444444478
70070  -22.733  2.680  -31.192 0.4444444478
70823  -20.358  2.753  -32.628 0.3333333433
110376  -23.191  3.458  -31.449 0.1111111119
70071  -23.730  2.824  -31.124 0.1111111119
71621  -24.569  4.132  -31.904 0.1111111119
70066  -25.240  2.224  -30.939 0.2222222239
70827  -25.070  3.533  -31.643 0.1111111119
71622  -25.244  4.008  -32.094 0.1111111119
67813  -18.008  -0.970  -31.004 0.2222222239
68567  -20.009  0.536  -31.701 0.3333333433
69349  -20.177  1.193  -31.970 0.3333333433
110004  -21.085  2.565  -31.845 0.3333333433
70824  -21.223  3.275  -32.062 0.2222222239
71619  -21.751  3.975  -32.020 0.2222222239
110530  -22.720  4.115  -31.787 0.2222222239
110202  -23.251  4.792  -32.208 0.1111111119
71628  -21.292  4.494  -32.491 0.1111111119
71629  -22.293  4.712  -32.249 0.1111111119
72428  -23.731  5.422  -32.692 0.1111111119
72426  -21.764  5.253  -32.643 0.1111111119
72427  -22.775  5.442  -32.617 0.1111111119
68566  -18.566  -0.264  -31.172 0.3333333433
68558  -19.194  0.517  -31.368 0.3333333433
69340  -18.946  1.281  -30.923 0.3333333433
69341  -19.654  1.088  -31.772 0.3333333433
70069  -20.153  1.980  -32.357 0.3333333433
70833  -20.764  3.645  -32.545 0.2222222239
72425  -20.888  4.940  -32.850 0.1111111119
73223  -21.283  6.319  -33.470 0.1111111119
73224  -22.387  6.667  -33.579 0.1111111119
74871  -21.482  8.471  -35.650 0.1111111119
107921  -18.633  2.101  -29.808 0.1111111119
106253  -18.721  2.049  -30.273 0.1111111119
70062  -19.152  1.804  -31.334 0.2222222239
70068  -18.986  2.297  -31.948 0.2222222239
109227  -19.621  1.880  -32.346 0.3333333433
70076  -18.948  2.449  -32.994 0.2222222239
70077  -19.461  2.460  -32.983 0.3333333433
70831  -18.905  2.950  -33.523 0.2222222239
70837  -18.856  3.510  -33.864 0.1111111119
71636  -18.645  3.949  -34.104 0.1111111119
71637  -19.332  3.993  -33.867 0.1111111119
106325  -20.154  5.619  -33.695 0.1111111119
72435  -21.064  5.576  -33.095 0.1111111119
74036  -20.275  6.528  -34.034 0.1111111119
103403  -21.007  7.299  -34.317 0.1111111119
74052  -22.887  7.862  -35.099 0.1111111119
74048  -23.775  7.207  -34.910 0.1111111119
70059  -18.717  2.849  -29.545 0.1111111119
70812  -18.714  3.565  -29.070 0.1111111119
70061  -18.740  2.605  -30.593 0.1111111119
70817  -18.591  3.490  -29.833 0.1111111119
111151  -18.290  4.820  -31.673 0.1111111119
71618  -18.397  3.891  -31.737 0.1111111119
70822  -18.552  3.077  -33.188 0.2222222239
71626  -18.131  4.007  -33.094 0.1111111119
71635  -18.247  4.026  -33.951 0.1111111119
73221  -17.869  5.163  -34.523 0.1111111119
73222  -18.271  5.058  -34.506 0.1111111119
73228  -17.695  5.428  -35.591 0.1111111119
73229  -18.724  5.875  -34.975 0.1111111119
71604  -18.606  4.232  -29.176 0.1111111119
71605  -18.954  4.642  -28.657 0.1111111119
71611  -18.591  5.079  -29.419 0.1111111119
71615  -18.382  4.963  -30.592 0.1111111119
72417  -18.351  5.643  -30.917 0.1111111119
72421  -18.167  5.282  -32.190 0.1111111119
73215  -17.946  5.872  -32.674 0.1111111119
72411  -18.955  5.749  -29.537 0.1111111119
73197  -19.370  6.238  -29.766 0.1111111119
72418  -18.770  6.216  -30.334 0.1111111119
59830  -30.777  -11.666  -31.499 0.1111111119
63159  -29.474  -7.389  -31.352 0.1111111119
62333  -29.870  -8.333  -31.292 0.1111111119
63147  -28.949  -6.678  -30.136 0.1111111119
65584  -27.693  -3.133  -30.308 0.1111111119
66343  -18.475  -2.367  -31.553 0.4444444478
103487  -23.139  0.569  -30.519 0.4444444478
68560  -23.801  0.604  -30.167 0.3333333433
68561  -24.504  0.836  -30.085 0.2222222239
67062  -26.723  -1.269  -30.117 0.1111111119
114147  -21.134  0.690  -31.554 0.4444444478
70073  -25.649  2.817  -31.500 0.2222222239
71620  -23.686  4.169  -31.793 0.1111111119
71630  -24.126  4.729  -32.282 0.1111111119
71632  -25.600  4.042  -32.736 0.1111111119
73217  -23.227  6.158  -33.230 0.1111111119
110593  -18.672  2.795  -32.386 0.2222222239
70836  -18.524  3.554  -33.730 0.1111111119
73207  -18.296  6.319  -31.302 0.1111111119
59820  -32.650  -10.341  -30.546 0.1111111119
59832  -32.221  -10.983  -31.597 0.1111111119
101041  -28.501  -6.718  -29.227 0.2222222239
66325  -27.301  -2.492  -29.938 0.1111111119
65589  -18.267  -3.106  -31.483 0.4444444478
67075  -18.790  -1.617  -31.604 0.4444444478
111257  -20.574  0.785  -31.711 0.4444444478
70825  -22.084  3.267  -31.576 0.2222222239
72400  -19.157  5.310  -28.844 0.1111111119
114034  -32.376  -11.058  -30.475 0.1111111119
58132  -30.046  -12.823  -30.477 0.1111111119
58972  -31.663  -11.547  -30.828 0.1111111119
115899  -32.586  -9.880  -29.285 0.1111111119
60673  -32.568  -10.607  -29.373 0.1111111119
61499  -32.612  -9.504  -31.879 0.1111111119
60707  -32.224  -9.374  -32.365 0.1111111119
61519  -32.031  -8.611  -32.667 0.1111111119
62334  -30.759  -8.854  -32.305 0.1111111119
62344  -29.985  -8.235  -32.621 0.1111111119
63158  -28.889  -6.486  -31.669 0.1111111119
64762  -28.198  -4.929  -32.201 0.1111111119
65594  -27.970  -4.062  -31.806 0.1111111119
65593  -27.773  -3.274  -31.462 0.1111111119
66336  -27.586  -2.500  -30.923 0.1111111119
67830  -26.905  0.037  -31.398 0.1111111119
67819  -27.173  -1.226  -30.778 0.1111111119
114625  -17.448  -2.069  -30.883 0.4444444478
67074  -17.893  -1.688  -31.157 0.4444444478
69354  -26.599  1.657  -32.222 0.1111111119
70834  -26.044  3.210  -32.478 0.1111111119
106544  -18.321  -0.250  -30.880 0.2222222239
105805  -18.615  0.563  -30.765 0.2222222239
71639  -25.390  4.454  -33.492 0.1111111119
107920  -18.458  0.715  -29.202 0.1111111119
73231  -24.187  6.694  -34.842 0.1111111119
74054  -24.070  7.058  -35.551 0.1111111119
116801  -18.494  1.385  -28.413 0.1111111119
69329  -18.647  1.485  -27.498 0.1111111119
114064  -19.295  3.505  -28.134 0.1111111119
74872  -22.811  8.174  -35.725 0.1111111119
70814  -19.746  3.984  -28.093 0.1111111119
71606  -20.331  4.531  -28.121 0.1111111119
74051  -17.439  5.925  -36.255 0.1111111119
74044  -18.639  7.258  -35.784 0.1111111119
110044  -20.292  8.308  -35.473 0.1111111119
74883  -20.815  8.788  -36.226 0.1111111119
104871  -19.557  4.787  -28.439 0.1111111119
99890  -17.744  6.601  -32.939 0.1111111119
74034  -17.251  6.748  -34.403 0.1111111119
73212  -18.713  6.990  -30.712 0.1111111119
63146  -28.408  -6.053  -29.371 0.1111111119
67806  -26.015  -0.629  -29.818 0.1111111119
102798  -30.208  -10.993  -31.203 0.1111111119
64753  -27.742  -3.799  -29.730 0.2222222239
67827  -19.156  -0.860  -31.584 0.4444444478
60697  -30.414  -10.075  -31.173 0.1111111119
60698  -32.289  -10.045  -32.220 0.1111111119
61518  -31.599  -8.823  -32.639 0.1111111119
98017  -28.655  -5.925  -30.317 0.1111111119
64754  -28.215  -4.463  -30.552 0.1111111119
63943  -28.490  -5.440  -31.110 0.1111111119
67063  -27.235  -1.840  -30.443 0.1111111119
67817  -26.238  0.159  -30.420 0.1111111119
70072  -24.709  2.876  -31.215 0.1111111119
69351  -25.899  2.130  -31.248 0.2222222239
69346  -26.330  1.606  -31.435 0.1111111119
73230  -23.762  6.869  -34.328 0.1111111119
74047  -22.596  7.674  -34.707 0.1111111119
71638  -25.092  4.800  -33.069 0.1111111119
72436  -24.183  5.836  -33.379 0.1111111119
98987  -24.272  6.321  -34.135 0.1111111119
72437  -24.694  5.651  -33.984 0.1111111119
70079  -26.363  2.458  -32.396 0.1111111119
70078  -26.118  2.929  -31.952 0.2222222239
70828  -25.722  3.488  -32.009 0.2222222239
73216  -22.109  5.999  -32.991 0.1111111119
70832  -19.793  3.094  -33.251 0.2222222239
71627  -20.233  4.050  -33.208 0.1111111119
72434  -20.122  4.828  -33.484 0.1111111119
74037  -21.609  7.043  -33.926 0.1111111119
74046  -21.903  7.598  -34.509 0.1111111119
74859  -21.044  7.869  -34.896 0.1111111119
74860  -22.214  8.098  -35.181 0.1111111119
69337  -18.646  1.487  -30.273 0.1111111119
107370  -18.549  2.245  -28.373 0.1111111119
70819  -18.603  3.221  -31.073 0.1111111119
70838  -19.362  3.462  -33.628 0.1111111119
72432  -18.279  4.364  -34.310 0.1111111119
116953  -19.223  5.389  -34.412 0.1111111119
74045  -20.005  7.181  -34.542 0.1111111119
107732  -18.865  3.368  -28.680 0.1111111119
111017  -18.425  4.225  -30.210 0.1111111119
72424  -18.022  4.597  -33.667 0.1111111119
73220  -17.393  5.532  -35.553 0.1111111119
109425  -17.936  5.725  -35.940 0.1111111119
100032  -19.099  6.842  -35.136 0.1111111119
70813  -18.969  3.865  -28.576 0.1111111119
72410  -18.607  5.596  -30.090 0.1111111119
109107  -17.519  6.147  -34.143 0.1111111119
58971  -30.866  -12.217  -30.603 0.1111111119
59833  -32.455  -10.295  -31.842 0.1111111119
68563  -26.347  0.897  -30.975 0.1111111119
70839  -25.711  3.852  -33.668 0.1111111119
74043  -17.290  5.656  -36.069 0.1111111119
74024  -18.215  7.116  -31.662 0.1111111119
113384  -32.719  -9.751  -31.034 0.1111111119
68570  -26.793  0.873  -31.878 0.1111111119
114650  -25.982  3.414  -33.106 0.1111111119
72442  -24.936  5.212  -34.563 0.1111111119
102582  -18.669  0.555  -28.633 0.1111111119
72441  -24.585  5.961  -34.850 0.1111111119
113310  -18.541  1.939  -27.625 0.1111111119
74870  -17.437  6.758  -36.448 0.1111111119
74858  -19.869  7.636  -35.003 0.1111111119
74042  -16.847  5.872  -35.999 0.1111111119
42877  -24.085  -29.950  -19.191 0.2222222239
53007  -19.547  -17.746  -23.689 0.2222222239
53864  -19.380  -17.001  -23.674 0.2222222239
51359  -19.725  -20.318  -22.147 0.3333333433
115839  -19.725  -18.415  -23.700 0.3333333433
65580  -17.691  -3.157  -31.032 0.3333333433
109761  -17.742  -3.746  -30.870 0.2222222239
67049  -17.625  -1.841  -29.623 0.1111111119
67058  -17.678  -1.660  -30.903 0.1111111119
101691  -16.763  -7.140  -27.570 0.2222222239
108860  -16.564  -8.311  -26.792 0.1111111119
62289  -16.223  -6.942  -26.051 0.1111111119
63921  -18.131  -4.609  -27.550 0.1111111119
65567  -17.954  -3.380  -29.480 0.1111111119
66311  -18.095  -2.616  -29.387 0.1111111119
67803  -17.991  -0.852  -29.724 0.1111111119
98750  -19.586  -19.243  -22.893 0.2222222239
66320  -17.433  -2.651  -30.807 0.3333333433
67048  -17.111  -2.110  -29.895 0.1111111119
113368  -19.555  -18.375  -23.269 0.2222222239
64739  -18.142  -4.169  -29.371 0.1111111119
65579  -17.524  -3.190  -30.721 0.1111111119
66321  -17.359  -2.668  -29.735 0.1111111119
64730  -18.522  -4.689  -28.612 0.1111111119
105157  -18.614  -4.035  -29.237 0.1111111119
53895  -28.293  -17.373  -26.399 0.1111111119
42020  -24.687  -30.397  -19.565 0.1111111119
41094  -25.856  -31.564  -19.532 0.1111111119
42876  -23.600  -30.116  -18.550 0.1111111119
106907  -23.547  -29.540  -18.952 0.1111111119
96918  -21.478  -27.552  -19.209 0.1111111119
101402  -19.939  -21.168  -20.658 0.1111111119
54726  -19.335  -16.864  -23.472 0.1111111119
53845  -19.443  -17.468  -23.377 0.1111111119
102284  -17.239  -10.387  -26.112 0.2222222239
59753  -17.208  -10.752  -25.252 0.2222222239
59733  -16.768  -9.843  -24.209 0.2222222239
54740  -19.242  -16.487  -23.708 0.1111111119
42862  -23.065  -30.333  -17.906 0.1111111119
42004  -24.270  -30.596  -18.815 0.1111111119
41093  -24.967  -31.087  -19.203 0.1111111119
42021  -25.415  -30.751  -19.987 0.1111111119
42875  -22.970  -29.434  -18.351 0.1111111119
43800  -22.563  -28.648  -18.717 0.1111111119
43799  -22.117  -27.983  -19.083 0.1111111119
97376  -20.937  -27.263  -19.054 0.1111111119
45676  -20.528  -26.469  -19.043 0.1111111119
46561  -20.372  -25.602  -18.965 0.1111111119
50413  -19.985  -21.435  -20.122 0.1111111119
51314  -19.880  -20.423  -21.070 0.1111111119
99447  -19.679  -17.192  -22.513 0.1111111119
58888  -17.446  -11.289  -24.628 0.2222222239
60613  -17.035  -9.373  -24.346 0.2222222239
60612  -16.821  -8.867  -24.710 0.1111111119
42022  -26.258  -30.964  -20.328 0.1111111119
41074  -24.416  -31.396  -18.563 0.1111111119
60623  -16.660  -9.196  -24.917 0.2222222239
61453  -16.607  -8.782  -26.531 0.1111111119
55595  -19.163  -15.959  -24.172 0.1111111119
45669  -19.926  -25.922  -18.618 0.1111111119
111574  -19.911  -21.816  -20.411 0.1111111119
51344  -19.889  -20.678  -21.301 0.1111111119
52984  -19.520  -18.619  -21.992 0.1111111119
42003  -23.729  -30.859  -18.226 0.1111111119
114190  -16.761  -10.525  -23.730 0.1111111119
110748  -21.996  -28.347  -18.463 0.1111111119
44714  -21.446  -27.898  -18.603 0.1111111119
100936  -19.898  -21.971  -19.975 0.1111111119
51343  -19.708  -20.211  -21.676 0.1111111119
61425  -17.576  -9.014  -24.519 0.1111111119
61423  -16.722  -7.690  -25.195 0.1111111119
63123  -17.115  -6.754  -27.985 0.1111111119
63115  -16.407  -5.858  -25.879 0.1111111119
98148  -17.364  -4.804  -27.022 0.1111111119
58141  -21.512  -12.643  -29.701 1.0000000000
58147  -28.697  -13.336  -31.195 0.4444444478
58157  -29.218  -13.012  -31.304 0.4444444478
58977  -20.958  -11.209  -30.279 1.0000000000
60641  -16.712  -9.376  -26.253 0.2222222239
60658  -16.750  -9.141  -26.642 0.2222222239
60693  -21.257  -10.047  -30.796 1.0000000000
60704  -20.890  -8.978  -31.166 0.8888888955
61424  -17.067  -8.362  -24.710 0.1111111119
61437  -16.544  -8.481  -25.270 0.1111111119
61477  -17.522  -8.397  -28.329 0.5555555820
61491  -19.264  -8.804  -30.086 0.7777777910
62299  -16.683  -7.893  -27.293 0.1111111119
62331  -22.542  -7.731  -30.775 0.8888888955
63165  -20.487  -6.672  -31.526 0.6666666865
65566  -17.673  -3.599  -30.713 0.1111111119
66323  -25.968  -2.587  -29.106 0.3333333433
69345  -25.769  1.574  -30.828 0.2222222239
70826  -24.170  3.519  -31.500 0.1111111119
71631  -24.906  4.527  -32.451 0.1111111119
72433  -19.061  4.476  -34.244 0.1111111119
72438  -25.054  4.993  -33.790 0.1111111119
73225  -23.210  6.875  -33.909 0.1111111119
74038  -22.550  7.279  -34.172 0.1111111119
97543  -23.354  -27.902  -21.092 0.3333333433
102836  -28.778  -7.197  -29.500 0.2222222239
103507  -23.448  0.113  -30.220 0.5555555820
104711  -19.365  -3.713  -31.693 0.6666666865
107472  -22.695  -6.402  -30.593 0.7777777910
112367  -22.590  -4.980  -30.504 0.6666666865
112965  -21.342  -8.097  -31.318 0.7777777910
114763  -24.722  5.295  -33.394 0.1111111119
115821  -23.775  6.462  -33.763 0.1111111119
116625  -18.655  1.108  -28.005 0.1111111119
