#!ascii label  , from subject sub-v2s9x29159_ses-1 vox2ras=TkReg
1540
49692  37.466  -27.329  29.451 0.0000000000
40506  23.523  -38.312  52.944 0.0000000000
34069  18.878  -45.125  58.374 0.0000000000
104097  9.348  -40.673  54.246 0.0000000000
107939  17.466  -34.118  59.132 0.0000000000
39568  14.650  -38.856  51.382 0.0000000000
45275  31.303  -32.645  32.124 0.0000000000
50562  44.606  -27.179  29.277 0.0000000000
44251  33.880  -33.685  40.875 0.0000000000
41619  24.016  -36.176  43.023 0.0000000000
42479  16.410  -35.588  43.952 0.0000000000
36621  13.809  -42.500  60.918 0.0000000000
35824  13.548  -42.889  56.127 0.0000000000
36633  9.569  -41.803  60.802 0.0000000000
38583  15.808  -39.298  59.350 0.0000000000
45216  38.095  -32.953  39.375 0.0000000000
44067  23.846  -33.174  54.019 0.0000000000
40503  28.809  -37.622  52.108 0.0000000000
42424  28.450  -35.234  47.910 0.0000000000
38661  24.234  -39.367  47.750 0.0000000000
100756  20.617  -37.813  43.317 0.0000000000
41558  20.823  -36.331  47.411 0.0000000000
35884  17.178  -42.075  50.465 0.0000000000
108675  14.808  -40.803  47.477 0.0000000000
51418  40.905  -25.770  28.177 0.0000000000
47192  41.150  -30.785  24.550 0.0000000000
34971  20.687  -43.765  55.713 0.0000000000
34126  15.877  -44.289  53.230 0.0000000000
41423  21.122  -36.033  57.002 0.0000000000
41478  19.113  -36.845  52.411 0.0000000000
41442  16.254  -36.046  55.264 0.0000000000
104121  15.651  -41.234  55.179 0.0000000000
47142  33.233  -29.856  30.905 0.0000000000
38586  5.030  -39.922  59.858 0.0000000000
108178  4.017  -41.474  54.053 0.0000000000
51323  41.049  -25.326  33.773 0.0000000000
47894  39.497  -29.331  33.574 0.0000000000
46261  36.585  -31.849  35.492 0.0000000000
100224  33.187  -33.493  36.175 0.0000000000
44317  28.883  -33.485  37.252 0.0000000000
43278  33.856  -34.579  46.478 0.0000000000
101307  29.059  -34.177  42.457 0.0000000000
44307  23.941  -33.823  38.130 0.0000000000
41671  20.833  -36.218  38.445 0.0000000000
41547  16.008  -36.983  48.045 0.0000000000
38538  11.896  -39.930  61.399 0.0000000000
35776  11.836  -43.165  61.100 0.0000000000
37593  10.062  -41.673  62.325 0.0000000000
117180  14.324  -38.789  60.527 0.0000000000
41448  24.718  -37.407  55.231 0.0000000000
39548  25.944  -39.823  52.762 0.0000000000
39589  26.472  -39.031  49.876 0.0000000000
39591  24.644  -39.587  50.005 0.0000000000
39614  22.551  -38.627  47.207 0.0000000000
40573  23.058  -37.309  49.943 0.0000000000
35021  19.117  -43.276  50.473 0.0000000000
35909  17.411  -42.802  49.098 0.0000000000
50567  38.586  -26.384  28.508 0.0000000000
49723  38.969  -27.116  26.207 0.0000000000
49726  36.653  -27.794  26.270 0.0000000000
103771  19.882  -44.784  57.236 0.0000000000
113611  19.377  -45.210  55.478 0.0000000000
34084  17.614  -45.082  56.056 0.0000000000
103045  11.211  -41.220  55.218 0.0000000000
35859  13.091  -42.739  53.412 0.0000000000
36724  11.118  -41.762  52.235 0.0000000000
36742  8.568  -41.131  51.176 0.0000000000
43998  21.072  -33.499  57.469 0.0000000000
43139  19.486  -34.274  58.111 0.0000000000
98064  19.358  -35.236  56.253 0.0000000000
42331  16.730  -35.256  56.956 0.0000000000
35794  17.637  -42.975  59.250 0.0000000000
37653  15.402  -40.783  57.250 0.0000000000
35823  17.909  -42.718  57.356 0.0000000000
35849  18.176  -42.258  54.459 0.0000000000
46282  32.083  -31.219  31.216 0.0000000000
46307  31.821  -31.873  28.940 0.0000000000
44407  30.781  -33.602  29.671 0.0000000000
36699  1.321  -41.952  54.463 0.0000000000
47101  38.104  -30.196  34.069 0.0000000000
46259  39.656  -31.125  36.229 0.0000000000
44266  35.692  -33.606  40.061 0.0000000000
44311  35.117  -33.343  37.735 0.0000000000
44301  33.404  -33.601  38.504 0.0000000000
98532  31.117  -33.581  37.084 0.0000000000
113186  31.560  -33.559  39.401 0.0000000000
42458  26.377  -35.316  45.717 0.0000000000
99075  28.327  -34.622  44.963 0.0000000000
43323  26.614  -34.565  43.409 0.0000000000
44276  25.878  -33.800  40.188 0.0000000000
43365  23.875  -34.632  40.326 0.0000000000
42523  21.963  -35.279  38.390 0.0000000000
41650  22.336  -36.476  40.854 0.0000000000
40679  18.681  -37.295  42.154 0.0000000000
41495  16.958  -37.114  51.812 0.0000000000
41507  17.960  -37.207  50.029 0.0000000000
40574  15.922  -37.742  49.774 0.0000000000
37724  13.902  -39.915  45.754 0.0000000000
47969  47.330  -31.861  29.263 0.0000000000
47971  44.316  -29.946  27.608 0.0000000000
34058  16.178  -44.746  59.825 0.0000000000
34958  15.733  -44.620  57.036 0.0000000000
110114  13.553  -43.335  58.597 0.0000000000
36652  12.094  -41.845  57.287 0.0000000000
37655  9.832  -40.788  56.790 0.0000000000
42294  16.437  -34.949  60.466 0.0000000000
41417  16.358  -36.435  59.702 0.0000000000
39424  16.097  -38.501  60.475 0.0000000000
36619  16.246  -41.178  60.239 0.0000000000
114191  41.180  -32.116  39.175 0.0000000000
44235  35.986  -33.686  42.248 0.0000000000
41519  28.740  -36.559  50.432 0.0000000000
41554  26.096  -36.332  47.803 0.0000000000
40639  24.042  -37.776  44.690 0.0000000000
40663  22.271  -37.485  42.556 0.0000000000
39631  22.313  -39.033  45.486 0.0000000000
40632  20.508  -37.861  45.278 0.0000000000
42461  18.490  -35.649  45.604 0.0000000000
112970  14.881  -40.638  51.607 0.0000000000
38647  14.325  -39.576  49.954 0.0000000000
36782  15.862  -41.695  48.760 0.0000000000
50564  42.677  -26.312  28.487 0.0000000000
48823  42.584  -28.469  26.722 0.0000000000
48824  41.219  -27.905  26.223 0.0000000000
34973  14.661  -43.632  54.345 0.0000000000
42339  22.789  -35.169  56.557 0.0000000000
40467  22.546  -38.243  55.614 0.0000000000
40508  21.635  -37.072  53.234 0.0000000000
41450  20.597  -36.580  54.553 0.0000000000
42362  17.269  -35.908  54.070 0.0000000000
40489  15.514  -37.458  53.397 0.0000000000
105496  14.966  -37.921  56.927 0.0000000000
38621  14.604  -39.131  54.974 0.0000000000
109924  14.573  -39.568  53.281 0.0000000000
36707  16.544  -41.628  53.396 0.0000000000
35870  18.178  -42.075  52.814 0.0000000000
48776  35.401  -28.558  30.422 0.0000000000
48818  34.595  -28.840  27.429 0.0000000000
47966  33.317  -29.732  28.327 0.0000000000
37621  7.272  -40.482  59.727 0.0000000000
37658  7.155  -40.333  56.600 0.0000000000
37660  5.449  -40.638  56.364 0.0000000000
109941  6.224  -40.623  54.225 0.0000000000
52226  42.944  -25.199  31.366 0.0000000000
101458  41.465  -25.333  31.252 0.0000000000
50515  39.815  -26.687  31.276 0.0000000000
108705  38.309  -28.242  31.552 0.0000000000
103149  36.615  -29.525  32.646 0.0000000000
47105  34.931  -30.853  33.278 0.0000000000
45268  33.684  -32.321  33.909 0.0000000000
45247  37.071  -32.401  36.882 0.0000000000
45250  34.700  -32.934  35.849 0.0000000000
45264  32.348  -33.103  34.248 0.0000000000
44350  29.905  -33.476  34.632 0.0000000000
44352  27.862  -33.431  34.642 0.0000000000
43316  33.576  -34.219  43.226 0.0000000000
43258  31.592  -35.024  47.292 0.0000000000
43318  31.357  -34.377  43.942 0.0000000000
43348  31.301  -33.855  41.755 0.0000000000
44273  28.575  -33.621  40.401 0.0000000000
44320  26.207  -33.461  38.052 0.0000000000
41641  20.125  -36.802  41.085 0.0000000000
41504  20.443  -36.746  50.741 0.0000000000
111967  18.079  -36.535  48.116 0.0000000000
41601  16.149  -35.971  45.908 0.0000000000
106362  14.404  -38.595  47.730 0.0000000000
106953  14.701  -37.319  46.400 0.0000000000
38539  10.817  -40.290  61.893 0.0000000000
102886  10.229  -38.607  61.845 0.0000000000
39532  24.430  -39.513  54.500 0.0000000000
40484  25.747  -38.981  53.949 0.0000000000
39549  25.265  -39.901  52.979 0.0000000000
38633  25.406  -39.872  51.354 0.0000000000
39566  24.398  -38.861  51.401 0.0000000000
40554  23.727  -38.146  50.019 0.0000000000
40531  23.611  -38.041  51.779 0.0000000000
50550  38.038  -26.784  28.991 0.0000000000
50579  37.780  -26.787  27.378 0.0000000000
49706  37.094  -27.110  27.848 0.0000000000
34956  19.606  -44.881  58.065 0.0000000000
34083  19.280  -45.343  56.843 0.0000000000
113750  18.224  -45.426  57.012 0.0000000000
36694  10.598  -41.019  54.582 0.0000000000
111685  10.983  -41.421  53.367 0.0000000000
36711  9.747  -40.974  53.059 0.0000000000
36741  9.872  -41.425  51.505 0.0000000000
37694  9.063  -40.825  52.958 0.0000000000
113025  16.979  -33.324  59.183 0.0000000000
44942  18.123  -33.130  58.702 0.0000000000
44941  18.826  -33.490  58.526 0.0000000000
43131  18.130  -34.053  58.657 0.0000000000
43141  18.272  -34.385  58.049 0.0000000000
42310  17.424  -34.398  58.808 0.0000000000
35806  18.440  -43.823  58.949 0.0000000000
35807  17.968  -42.938  58.481 0.0000000000
34957  19.069  -43.925  58.206 0.0000000000
35822  18.920  -43.381  57.033 0.0000000000
46283  31.747  -31.974  31.763 0.0000000000
45285  31.279  -32.169  30.290 0.0000000000
45286  30.735  -32.824  30.670 0.0000000000
47031  43.413  -30.515  37.117 0.0000000000
47033  40.727  -30.864  36.174 0.0000000000
46225  41.825  -31.435  37.595 0.0000000000
100086  35.125  -33.664  40.532 0.0000000000
44284  34.547  -33.593  39.368 0.0000000000
44268  33.481  -33.620  40.146 0.0000000000
44286  32.913  -33.604  39.357 0.0000000000
44269  32.729  -33.589  40.227 0.0000000000
41610  24.652  -35.928  44.254 0.0000000000
43306  25.995  -34.929  44.103 0.0000000000
42485  24.940  -34.985  43.017 0.0000000000
42491  24.878  -34.753  42.194 0.0000000000
42501  23.749  -35.463  41.669 0.0000000000
98851  23.415  -35.279  40.856 0.0000000000
98864  22.973  -36.183  41.375 0.0000000000
40536  15.683  -37.680  51.609 0.0000000000
40558  15.841  -37.763  50.716 0.0000000000
39580  15.192  -38.279  51.057 0.0000000000
48809  46.088  -29.750  29.737 0.0000000000
48815  44.185  -29.112  27.833 0.0000000000
34924  14.705  -44.067  60.403 0.0000000000
113364  15.091  -44.670  59.738 0.0000000000
34932  14.342  -44.175  60.245 0.0000000000
36631  11.242  -42.493  60.350 0.0000000000
35785  11.992  -42.671  59.792 0.0000000000
114336  10.743  -41.831  59.399 0.0000000000
36654  10.698  -41.349  57.763 0.0000000000
37629  9.534  -41.061  58.484 0.0000000000
42296  14.800  -35.008  60.832 0.0000000000
41403  16.387  -36.161  60.670 0.0000000000
107062  14.875  -36.485  60.749 0.0000000000
37607  13.668  -40.536  60.651 0.0000000000
37606  15.060  -40.252  60.518 0.0000000000
36620  15.168  -42.073  60.496 0.0000000000
35771  16.389  -43.113  60.182 0.0000000000
100121  27.793  -37.001  52.539 0.0000000000
102628  28.557  -35.178  52.476 0.0000000000
41470  29.781  -36.502  51.973 0.0000000000
114752  29.910  -36.389  51.520 0.0000000000
40529  28.716  -37.711  51.873 0.0000000000
39602  25.398  -39.069  48.610 0.0000000000
40585  25.884  -38.032  48.629 0.0000000000
40600  24.881  -38.247  47.262 0.0000000000
40617  24.973  -37.354  46.843 0.0000000000
39623  24.021  -39.097  46.291 0.0000000000
40631  23.583  -38.513  44.989 0.0000000000
39624  23.337  -39.337  46.407 0.0000000000
41557  21.671  -36.836  47.630 0.0000000000
40619  21.555  -38.247  46.219 0.0000000000
41579  20.670  -36.508  46.406 0.0000000000
41599  19.701  -36.413  45.315 0.0000000000
42427  20.259  -36.075  46.747 0.0000000000
36754  16.460  -41.656  50.957 0.0000000000
36755  15.659  -41.308  50.539 0.0000000000
36766  16.400  -41.749  50.109 0.0000000000
50565  41.806  -25.967  28.267 0.0000000000
111264  41.890  -27.060  27.322 0.0000000000
50588  41.089  -26.790  27.103 0.0000000000
48847  38.763  -28.981  24.680 0.0000000000
35847  20.637  -43.479  54.877 0.0000000000
34093  21.017  -44.125  55.502 0.0000000000
34951  14.186  -43.486  56.758 0.0000000000
34964  15.618  -44.353  55.931 0.0000000000
34966  14.089  -43.261  54.787 0.0000000000
34998  12.850  -43.015  51.724 0.0000000000
34997  13.584  -43.287  52.149 0.0000000000
43137  21.199  -34.654  57.554 0.0000000000
44016  22.163  -34.000  56.494 0.0000000000
42328  22.285  -35.859  57.064 0.0000000000
40430  22.992  -37.601  56.678 0.0000000000
41439  21.708  -37.164  56.392 0.0000000000
40468  21.700  -37.485  55.255 0.0000000000
41440  21.185  -36.777  55.960 0.0000000000
42342  17.571  -35.115  55.581 0.0000000000
42353  17.707  -35.464  54.837 0.0000000000
41453  16.395  -36.233  54.405 0.0000000000
41464  16.557  -36.508  53.527 0.0000000000
41454  15.822  -36.647  54.727 0.0000000000
40407  15.888  -38.018  59.467 0.0000000000
40419  15.637  -37.196  58.804 0.0000000000
39450  15.353  -38.584  58.721 0.0000000000
37663  15.282  -40.806  56.082 0.0000000000
38610  14.525  -39.367  56.205 0.0000000000
101641  15.066  -40.466  55.176 0.0000000000
38625  14.587  -39.185  54.041 0.0000000000
37682  15.216  -40.753  53.645 0.0000000000
99311  15.306  -40.961  52.973 0.0000000000
100836  16.223  -41.555  53.987 0.0000000000
35848  19.569  -42.869  54.869 0.0000000000
35858  18.535  -42.313  53.829 0.0000000000
35857  19.343  -42.676  53.688 0.0000000000
47936  34.659  -28.985  30.666 0.0000000000
48801  34.296  -28.622  29.129 0.0000000000
47938  33.307  -29.398  29.909 0.0000000000
45305  32.806  -32.788  28.187 0.0000000000
38585  6.118  -40.084  59.794 0.0000000000
37631  7.802  -40.484  58.495 0.0000000000
37647  6.560  -40.231  57.476 0.0000000000
36682  3.831  -42.335  55.719 0.0000000000
36681  4.545  -41.957  55.548 0.0000000000
111261  5.644  -40.807  55.352 0.0000000000
36695  5.109  -41.118  54.244 0.0000000000
37698  6.036  -40.825  52.997 0.0000000000
36713  4.335  -41.401  53.326 0.0000000000
52225  43.858  -25.354  31.454 0.0000000000
52198  42.209  -24.656  32.732 0.0000000000
51332  41.074  -25.170  32.833 0.0000000000
50534  40.116  -26.086  31.011 0.0000000000
50514  40.298  -26.307  31.694 0.0000000000
48739  40.524  -28.269  32.912 0.0000000000
48751  40.065  -27.833  32.220 0.0000000000
48741  38.774  -28.546  32.306 0.0000000000
48742  37.862  -28.746  32.196 0.0000000000
47905  38.297  -29.092  32.878 0.0000000000
46267  37.290  -31.330  35.116 0.0000000000
47103  36.592  -30.515  33.732 0.0000000000
47085  36.129  -31.090  34.176 0.0000000000
46273  34.401  -31.644  33.709 0.0000000000
45261  35.152  -32.128  34.673 0.0000000000
45228  40.268  -32.413  39.436 0.0000000000
45240  38.415  -32.416  37.957 0.0000000000
45230  37.742  -32.804  38.491 0.0000000000
100113  33.977  -33.507  37.133 0.0000000000
44326  35.057  -33.246  36.968 0.0000000000
109616  33.786  -33.442  36.500 0.0000000000
45263  33.649  -32.836  34.748 0.0000000000
44348  32.376  -33.298  34.946 0.0000000000
44349  31.691  -33.342  34.540 0.0000000000
44338  31.528  -33.484  35.741 0.0000000000
44316  29.699  -33.521  37.444 0.0000000000
103545  29.821  -33.492  36.108 0.0000000000
114224  28.695  -33.482  36.655 0.0000000000
103542  27.030  -33.453  36.302 0.0000000000
103637  33.626  -34.526  45.261 0.0000000000
42423  29.416  -35.321  48.124 0.0000000000
42422  31.056  -35.251  48.054 0.0000000000
42438  30.052  -35.168  47.548 0.0000000000
43321  28.498  -34.427  43.746 0.0000000000
43302  29.972  -34.597  44.817 0.0000000000
43320  29.719  -34.387  43.373 0.0000000000
43334  30.994  -34.248  43.111 0.0000000000
97120  29.895  -34.110  42.190 0.0000000000
110985  30.053  -33.678  40.771 0.0000000000
44253  28.655  -33.811  41.233 0.0000000000
44293  24.926  -33.815  39.192 0.0000000000
100091  26.118  -33.543  38.902 0.0000000000
44321  24.555  -33.594  37.569 0.0000000000
44332  24.568  -33.481  36.743 0.0000000000
44322  23.683  -33.699  37.148 0.0000000000
43388  22.885  -34.074  37.185 0.0000000000
42524  21.457  -35.877  38.644 0.0000000000
42531  21.289  -35.277  37.042 0.0000000000
40653  21.595  -37.899  43.299 0.0000000000
40676  21.447  -37.199  41.539 0.0000000000
40665  20.236  -37.403  42.625 0.0000000000
41654  18.635  -36.547  40.481 0.0000000000
41477  20.341  -36.748  52.599 0.0000000000
113495  20.966  -36.723  51.437 0.0000000000
98536  19.710  -36.973  51.319 0.0000000000
41528  17.168  -37.135  48.932 0.0000000000
41527  17.840  -37.085  49.240 0.0000000000
41545  17.659  -36.866  48.546 0.0000000000
41581  17.159  -36.182  47.051 0.0000000000
41562  16.561  -36.597  47.568 0.0000000000
104685  14.636  -40.454  48.832 0.0000000000
38653  14.304  -39.665  48.949 0.0000000000
38664  14.312  -39.412  47.922 0.0000000000
115345  14.124  -38.499  46.363 0.0000000000
41603  14.552  -36.812  45.144 0.0000000000
47983  42.053  -29.567  25.512 0.0000000000
47982  42.811  -29.858  25.838 0.0000000000
47175  35.355  -30.099  26.494 0.0000000000
37608  12.604  -40.946  61.277 0.0000000000
116030  12.620  -43.212  61.263 0.0000000000
37592  11.620  -41.457  61.785 0.0000000000
103325  10.410  -42.472  62.044 0.0000000000
36624  9.998  -42.382  61.776 0.0000000000
38556  12.882  -39.710  60.794 0.0000000000
42361  24.040  -34.992  53.770 0.0000000000
109427  25.134  -33.547  53.211 0.0000000000
41475  25.208  -36.208  52.905 0.0000000000
98369  26.051  -36.772  52.697 0.0000000000
39546  27.355  -38.904  52.211 0.0000000000
40552  27.763  -38.307  51.371 0.0000000000
38637  26.470  -39.740  51.307 0.0000000000
38644  25.374  -39.801  49.920 0.0000000000
38651  24.394  -39.455  48.606 0.0000000000
39613  23.304  -39.123  47.451 0.0000000000
39603  23.669  -39.082  48.385 0.0000000000
40586  22.620  -37.414  48.576 0.0000000000
41541  22.081  -36.640  49.032 0.0000000000
106028  18.013  -42.348  50.858 0.0000000000
97907  16.979  -42.267  49.649 0.0000000000
35022  18.494  -43.079  49.938 0.0000000000
51403  39.969  -25.744  28.209 0.0000000000
50590  39.371  -26.619  26.839 0.0000000000
50591  38.465  -26.694  26.886 0.0000000000
49724  38.091  -27.264  26.190 0.0000000000
34963  20.263  -44.211  56.192 0.0000000000
34094  20.449  -44.692  55.761 0.0000000000
34082  20.051  -44.759  56.314 0.0000000000
34095  18.583  -45.215  55.698 0.0000000000
34096  17.145  -44.864  54.980 0.0000000000
36678  12.456  -42.005  55.686 0.0000000000
35851  13.367  -42.773  54.351 0.0000000000
36692  12.133  -41.891  54.208 0.0000000000
35872  11.794  -42.028  52.663 0.0000000000
36757  9.291  -41.433  50.677 0.0000000000
43999  20.348  -33.969  57.981 0.0000000000
42318  20.540  -35.261  57.338 0.0000000000
116292  20.015  -35.678  56.254 0.0000000000
42320  19.079  -34.598  57.194 0.0000000000
42330  17.443  -34.855  56.530 0.0000000000
41431  16.139  -35.906  56.215 0.0000000000
36639  16.374  -41.443  59.125 0.0000000000
37642  15.050  -40.036  57.673 0.0000000000
36651  16.116  -41.488  58.007 0.0000000000
36662  16.037  -41.449  56.916 0.0000000000
36676  16.668  -41.806  55.658 0.0000000000
36690  16.432  -41.639  54.724 0.0000000000
35837  17.746  -42.458  56.274 0.0000000000
35835  20.007  -43.457  55.915 0.0000000000
47138  32.617  -30.463  31.021 0.0000000000
47143  32.605  -30.020  30.120 0.0000000000
46288  32.142  -30.740  30.299 0.0000000000
45293  31.418  -32.366  29.462 0.0000000000
35840  2.381  -42.667  55.758 0.0000000000
36698  2.193  -42.044  54.174 0.0000000000
36714  3.585  -41.532  53.327 0.0000000000
36716  1.421  -41.553  53.525 0.0000000000
47881  41.214  -29.443  34.432 0.0000000000
47883  38.765  -29.801  33.902 0.0000000000
47081  39.634  -30.338  34.899 0.0000000000
47059  39.104  -30.741  35.372 0.0000000000
98226  37.916  -31.495  35.793 0.0000000000
44281  37.362  -33.269  39.912 0.0000000000
44297  37.092  -33.199  39.002 0.0000000000
44283  35.434  -33.496  39.233 0.0000000000
100090  34.801  -33.488  38.587 0.0000000000
44313  33.516  -33.559  37.672 0.0000000000
110216  31.726  -33.562  36.497 0.0000000000
97670  32.026  -33.606  38.214 0.0000000000
44314  31.305  -33.617  37.887 0.0000000000
97672  30.406  -33.554  38.788 0.0000000000
42441  27.349  -35.221  46.767 0.0000000000
43270  28.917  -34.825  46.402 0.0000000000
43285  27.018  -34.883  45.256 0.0000000000
43304  27.957  -34.528  44.330 0.0000000000
43338  27.271  -34.287  42.539 0.0000000000
43350  27.388  -34.037  41.677 0.0000000000
43351  26.608  -34.163  41.753 0.0000000000
43363  25.381  -34.165  40.803 0.0000000000
43371  23.666  -34.473  39.520 0.0000000000
43378  22.695  -34.710  38.511 0.0000000000
43372  22.941  -34.848  39.271 0.0000000000
99529  22.415  -35.586  39.737 0.0000000000
42516  21.773  -36.224  39.815 0.0000000000
40655  19.023  -37.779  43.627 0.0000000000
40666  19.206  -37.606  42.854 0.0000000000
40667  18.268  -37.623  42.943 0.0000000000
40680  17.301  -37.353  41.764 0.0000000000
40681  16.593  -37.231  41.307 0.0000000000
41480  17.568  -36.913  52.262 0.0000000000
41493  18.553  -37.185  51.204 0.0000000000
117695  17.119  -37.245  51.258 0.0000000000
40557  16.558  -37.549  50.369 0.0000000000
40587  16.260  -37.309  48.887 0.0000000000
104745  14.177  -40.012  46.522 0.0000000000
37726  14.225  -40.817  45.870 0.0000000000
47964  46.443  -30.696  29.531 0.0000000000
97453  45.718  -31.179  28.605 0.0000000000
47172  45.171  -31.564  27.728 0.0000000000
34064  16.939  -44.879  59.129 0.0000000000
34077  16.692  -44.984  57.797 0.0000000000
34071  16.547  -44.914  58.617 0.0000000000
34950  14.948  -44.178  57.432 0.0000000000
113445  13.343  -42.856  57.303 0.0000000000
35784  12.720  -43.351  60.608 0.0000000000
114831  13.081  -42.809  58.136 0.0000000000
35808  12.621  -42.250  57.008 0.0000000000
36664  11.554  -41.466  56.666 0.0000000000
36680  11.013  -41.109  56.049 0.0000000000
105926  9.560  -40.633  55.336 0.0000000000
43123  16.706  -34.519  59.908 0.0000000000
42311  16.865  -34.794  59.441 0.0000000000
41409  16.555  -35.952  60.304 0.0000000000
41410  16.339  -36.642  60.470 0.0000000000
39438  16.164  -38.640  60.380 0.0000000000
39425  15.127  -38.253  60.519 0.0000000000
38553  16.188  -39.258  60.351 0.0000000000
37618  16.260  -40.149  60.185 0.0000000000
36629  16.846  -42.164  59.510 0.0000000000
35793  17.719  -43.793  59.412 0.0000000000
44374  29.953  -33.327  31.743 0.0000000000
44385  30.083  -33.269  30.947 0.0000000000
44386  29.388  -33.625  31.143 0.0000000000
114595  42.867  -31.217  38.589 0.0000000000
103660  38.979  -32.977  41.218 0.0000000000
44264  37.778  -33.319  41.029 0.0000000000
44248  36.605  -33.573  41.459 0.0000000000
44236  34.962  -33.741  41.953 0.0000000000
42399  30.012  -35.830  50.092 0.0000000000
42411  28.764  -35.562  48.817 0.0000000000
40571  27.608  -37.548  50.472 0.0000000000
41538  27.243  -36.282  49.185 0.0000000000
42413  26.866  -35.915  48.262 0.0000000000
41575  25.917  -35.987  46.964 0.0000000000
41596  24.829  -36.318  45.139 0.0000000000
106767  24.338  -36.858  44.468 0.0000000000
41620  23.632  -36.884  43.222 0.0000000000
40651  23.247  -37.632  43.592 0.0000000000
40641  22.796  -38.231  44.118 0.0000000000
99640  20.870  -38.221  44.085 0.0000000000
39625  22.738  -39.206  46.582 0.0000000000
39633  21.159  -38.367  45.400 0.0000000000
40643  20.389  -38.154  44.681 0.0000000000
41612  19.250  -36.970  44.560 0.0000000000
41613  18.511  -36.523  44.291 0.0000000000
42477  18.124  -35.682  44.776 0.0000000000
38634  14.445  -39.508  51.715 0.0000000000
38640  14.398  -39.509  50.858 0.0000000000
37708  14.473  -40.245  50.450 0.0000000000
36768  15.078  -40.987  49.188 0.0000000000
36783  15.109  -41.054  48.238 0.0000000000
35910  16.678  -42.343  48.890 0.0000000000
103773  15.699  -41.818  47.855 0.0000000000
50563  43.571  -26.680  28.773 0.0000000000
49711  44.113  -28.294  28.122 0.0000000000
49712  43.105  -27.498  27.730 0.0000000000
49720  41.915  -28.035  26.591 0.0000000000
47984  41.066  -29.319  25.098 0.0000000000
49734  40.368  -27.741  25.908 0.0000000000
47985  40.341  -28.885  24.986 0.0000000000
34085  16.789  -44.975  56.702 0.0000000000
34097  16.343  -44.609  55.469 0.0000000000
34982  15.238  -43.944  53.863 0.0000000000
34974  13.914  -43.203  53.871 0.0000000000
34983  14.488  -43.555  53.423 0.0000000000
43166  23.183  -33.902  54.778 0.0000000000
41449  24.033  -36.417  55.554 0.0000000000
39496  24.065  -39.095  56.012 0.0000000000
40466  23.079  -38.668  54.957 0.0000000000
40507  22.695  -37.624  53.130 0.0000000000
103146  22.252  -37.885  54.841 0.0000000000
40509  20.735  -36.785  53.522 0.0000000000
41460  19.891  -36.650  53.046 0.0000000000
42340  19.870  -35.793  55.564 0.0000000000
41452  19.218  -36.078  53.972 0.0000000000
98858  18.311  -36.668  52.710 0.0000000000
41481  16.742  -36.845  52.644 0.0000000000
41482  16.039  -37.047  53.019 0.0000000000
39551  14.992  -38.188  52.976 0.0000000000
42323  16.285  -35.815  58.610 0.0000000000
42332  16.133  -35.845  57.422 0.0000000000
40451  15.313  -37.200  55.752 0.0000000000
38601  14.672  -39.320  57.039 0.0000000000
40433  14.931  -37.878  55.951 0.0000000000
40452  15.110  -37.781  55.025 0.0000000000
40471  15.062  -37.982  54.281 0.0000000000
104707  14.546  -38.928  53.137 0.0000000000
38629  14.495  -39.528  52.548 0.0000000000
109951  14.545  -40.180  52.050 0.0000000000
37692  15.109  -40.802  52.277 0.0000000000
36738  16.617  -41.651  51.835 0.0000000000
36689  17.062  -41.813  54.196 0.0000000000
36722  17.010  -41.759  52.684 0.0000000000
97979  18.190  -42.152  51.768 0.0000000000
35882  18.908  -42.702  51.329 0.0000000000
48799  35.833  -28.175  29.819 0.0000000000
49708  35.571  -27.894  28.241 0.0000000000
48810  34.941  -28.245  28.620 0.0000000000
47162  32.668  -30.594  28.588 0.0000000000
45314  33.372  -32.090  27.820 0.0000000000
43445  30.169  -34.028  30.015 0.0000000000
39414  9.520  -38.544  62.108 0.0000000000
37595  8.348  -41.362  62.508 0.0000000000
111451  8.401  -42.076  62.014 0.0000000000
37611  7.026  -41.345  62.201 0.0000000000
37619  8.978  -41.132  59.630 0.0000000000
98896  8.634  -40.696  58.340 0.0000000000
37645  8.446  -40.513  57.367 0.0000000000
37667  8.361  -40.469  55.307 0.0000000000
37648  5.539  -40.292  57.515 0.0000000000
37659  6.256  -40.352  56.541 0.0000000000
37668  6.926  -40.429  55.242 0.0000000000
98794  7.954  -40.426  54.143 0.0000000000
37696  7.797  -40.631  52.618 0.0000000000
51378  44.712  -26.075  30.546 0.0000000000
51379  43.593  -25.828  29.991 0.0000000000
51380  42.618  -25.596  29.725 0.0000000000
51381  41.687  -25.474  29.620 0.0000000000
52197  43.877  -24.140  33.447 0.0000000000
51363  41.992  -25.306  30.994 0.0000000000
51382  40.710  -25.555  29.537 0.0000000000
51365  40.016  -25.814  29.778 0.0000000000
50536  39.104  -26.582  30.112 0.0000000000
49675  38.598  -27.029  30.220 0.0000000000
49652  40.192  -27.122  31.988 0.0000000000
49654  38.535  -27.633  30.914 0.0000000000
49676  37.221  -27.851  30.247 0.0000000000
48774  37.105  -28.223  30.889 0.0000000000
48755  35.926  -28.656  31.126 0.0000000000
47908  35.196  -29.624  32.117 0.0000000000
47896  37.036  -29.916  33.305 0.0000000000
47121  36.229  -30.087  33.135 0.0000000000
47123  34.601  -30.295  32.442 0.0000000000
47124  33.849  -30.544  32.263 0.0000000000
107574  32.906  -31.853  32.807 0.0000000000
45274  32.191  -32.445  32.749 0.0000000000
107388  40.102  -31.669  37.320 0.0000000000
46246  38.641  -31.671  36.577 0.0000000000
46248  36.775  -32.170  36.171 0.0000000000
45242  36.515  -32.771  37.406 0.0000000000
45248  36.233  -32.605  36.630 0.0000000000
45255  35.272  -32.535  35.491 0.0000000000
45256  34.520  -32.695  35.139 0.0000000000
96988  32.997  -32.768  34.090 0.0000000000
115545  31.946  -32.879  33.264 0.0000000000
45271  30.766  -33.279  33.270 0.0000000000
44363  29.948  -33.398  33.682 0.0000000000
102873  30.803  -33.505  36.126 0.0000000000
44351  28.826  -33.460  34.650 0.0000000000
43330  35.417  -33.862  43.047 0.0000000000
43332  33.519  -33.910  42.190 0.0000000000
43268  32.099  -34.760  46.480 0.0000000000
43282  29.605  -34.689  45.758 0.0000000000
43280  31.394  -34.572  45.598 0.0000000000
43299  32.608  -34.512  44.945 0.0000000000
43317  32.241  -34.377  44.049 0.0000000000
43333  32.783  -34.125  42.613 0.0000000000
43347  32.800  -33.797  41.677 0.0000000000
43360  31.667  -33.684  40.955 0.0000000000
115260  30.240  -33.524  39.821 0.0000000000
110734  28.660  -33.498  38.739 0.0000000000
44274  27.496  -33.640  40.347 0.0000000000
110742  27.941  -33.489  39.440 0.0000000000
44319  27.220  -33.444  37.865 0.0000000000
103541  26.156  -33.423  36.401 0.0000000000
43384  21.872  -34.756  37.142 0.0000000000
42537  21.030  -35.051  36.004 0.0000000000
41630  22.735  -36.952  41.998 0.0000000000
101375  21.870  -36.949  41.125 0.0000000000
41652  20.415  -36.653  40.199 0.0000000000
41642  19.139  -36.768  41.270 0.0000000000
114231  19.536  -36.543  40.413 0.0000000000
41490  21.804  -36.841  51.539 0.0000000000
41503  21.524  -36.675  50.687 0.0000000000
115068  20.710  -36.475  49.068 0.0000000000
41506  18.745  -37.071  50.420 0.0000000000
98138  19.310  -36.759  49.139 0.0000000000
41559  19.749  -36.143  47.551 0.0000000000
42428  18.986  -36.025  47.222 0.0000000000
42462  17.570  -35.617  45.453 0.0000000000
42464  16.135  -35.705  44.925 0.0000000000
39594  14.415  -38.902  49.413 0.0000000000
39605  14.706  -38.353  48.957 0.0000000000
40589  14.822  -37.984  48.214 0.0000000000
38673  14.209  -39.377  47.101 0.0000000000
40604  14.649  -37.813  47.190 0.0000000000
40621  15.112  -37.083  46.892 0.0000000000
41583  15.489  -36.519  46.401 0.0000000000
41602  15.201  -36.216  44.899 0.0000000000
48822  43.410  -29.106  27.043 0.0000000000
107111  43.273  -30.528  25.825 0.0000000000
46324  43.893  -31.423  25.825 0.0000000000
49727  35.957  -28.029  26.721 0.0000000000
39533  24.126  -39.412  53.905 0.0000000000
109640  24.782  -39.787  53.690 0.0000000000
39550  24.458  -39.139  52.701 0.0000000000
102196  37.467  -27.038  28.658 0.0000000000
99203  36.818  -27.381  28.717 0.0000000000
34075  19.334  -45.301  57.747 0.0000000000
34076  17.953  -45.336  57.728 0.0000000000
37674  9.809  -40.718  54.724 0.0000000000
37684  9.998  -40.906  53.897 0.0000000000
37685  9.210  -40.732  53.609 0.0000000000
43988  17.671  -33.662  59.037 0.0000000000
44943  17.409  -32.804  58.739 0.0000000000
43987  18.295  -33.751  58.739 0.0000000000
34948  18.909  -44.604  58.588 0.0000000000
45279  31.155  -32.376  31.220 0.0000000000
47032  42.120  -30.943  36.692 0.0000000000
47012  43.105  -31.049  37.691 0.0000000000
44250  34.630  -33.703  41.054 0.0000000000
44267  34.332  -33.658  40.188 0.0000000000
43358  33.159  -33.660  40.871 0.0000000000
42486  24.523  -35.671  43.405 0.0000000000
42476  25.164  -35.253  43.823 0.0000000000
42492  24.263  -35.447  42.496 0.0000000000
41629  23.483  -36.350  42.352 0.0000000000
39567  15.074  -38.232  51.973 0.0000000000
49704  45.123  -28.459  29.248 0.0000000000
35773  14.253  -43.332  60.742 0.0000000000
34925  13.749  -43.675  60.682 0.0000000000
36632  10.417  -42.219  60.659 0.0000000000
36642  10.333  -41.388  58.491 0.0000000000
36643  9.941  -41.516  59.541 0.0000000000
43117  14.217  -34.368  60.482 0.0000000000
41404  15.578  -35.860  60.922 0.0000000000
106994  14.405  -41.284  60.570 0.0000000000
35772  15.428  -43.244  60.470 0.0000000000
41472  28.627  -37.111  52.400 0.0000000000
42369  28.088  -36.132  52.580 0.0000000000
117137  28.870  -36.347  52.468 0.0000000000
42368  29.414  -36.035  52.319 0.0000000000
41471  29.283  -36.936  52.196 0.0000000000
41489  29.365  -37.093  51.963 0.0000000000
38660  24.758  -39.369  48.380 0.0000000000
39611  24.825  -38.946  47.843 0.0000000000
39612  24.383  -38.975  47.065 0.0000000000
38672  23.840  -39.362  46.953 0.0000000000
41578  21.329  -37.051  46.760 0.0000000000
103158  41.432  -26.364  27.678 0.0000000000
50576  40.547  -26.177  27.561 0.0000000000
34960  14.182  -43.366  55.722 0.0000000000
42317  21.105  -35.444  57.420 0.0000000000
42316  21.629  -35.438  57.283 0.0000000000
42329  21.613  -36.124  57.120 0.0000000000
41429  22.206  -36.926  56.960 0.0000000000
112293  21.553  -36.605  56.767 0.0000000000
102733  21.190  -36.509  56.528 0.0000000000
42354  16.904  -35.621  54.981 0.0000000000
37672  15.157  -40.606  54.451 0.0000000000
36691  15.678  -41.259  54.227 0.0000000000
103092  33.970  -29.389  30.790 0.0000000000
47937  34.067  -28.943  29.968 0.0000000000
38570  5.192  -39.888  61.239 0.0000000000
37632  6.887  -40.202  58.534 0.0000000000
38602  5.895  -40.065  58.552 0.0000000000
36697  3.905  -41.976  54.837 0.0000000000
36696  4.596  -41.555  54.659 0.0000000000
37680  5.112  -41.378  55.006 0.0000000000
114751  4.645  -41.268  53.973 0.0000000000
36712  5.173  -41.172  53.327 0.0000000000
52206  45.928  -24.181  33.065 0.0000000000
52195  46.127  -23.162  33.478 0.0000000000
52185  41.691  -24.625  33.599 0.0000000000
100639  40.669  -25.758  32.221 0.0000000000
98681  40.723  -25.748  32.975 0.0000000000
48731  40.091  -28.825  33.190 0.0000000000
48740  39.700  -28.404  32.520 0.0000000000
47904  39.154  -28.890  33.011 0.0000000000
106892  38.705  -29.370  33.382 0.0000000000
47084  36.925  -30.890  34.381 0.0000000000
46268  36.436  -31.498  34.795 0.0000000000
46269  35.770  -31.624  34.565 0.0000000000
45215  39.331  -32.699  39.859 0.0000000000
45229  38.882  -32.569  38.881 0.0000000000
44328  33.301  -33.548  37.002 0.0000000000
44336  33.084  -33.285  35.319 0.0000000000
99973  31.788  -33.418  35.206 0.0000000000
44337  32.332  -33.480  35.796 0.0000000000
98559  29.387  -33.497  36.731 0.0000000000
103543  28.020  -33.463  36.267 0.0000000000
98558  28.246  -33.476  36.968 0.0000000000
42439  29.143  -34.986  47.278 0.0000000000
97868  29.090  -34.351  43.221 0.0000000000
43336  29.594  -34.294  42.823 0.0000000000
43335  30.210  -34.286  42.941 0.0000000000
105456  29.202  -33.934  41.702 0.0000000000
43376  24.191  -34.027  38.951 0.0000000000
44306  24.733  -33.695  38.385 0.0000000000
44333  22.927  -33.747  36.307 0.0000000000
40664  21.318  -37.479  42.380 0.0000000000
103654  19.726  -36.904  52.115 0.0000000000
41492  19.131  -37.068  51.672 0.0000000000
41546  16.878  -36.953  48.307 0.0000000000
41563  15.740  -36.727  47.252 0.0000000000
37713  14.532  -40.241  48.144 0.0000000000
107735  14.388  -40.097  47.334 0.0000000000
47180  41.578  -30.148  24.837 0.0000000000
47191  42.018  -30.928  24.732 0.0000000000
36611  12.293  -42.263  61.656 0.0000000000
116357  10.808  -41.980  62.159 0.0000000000
36613  9.480  -42.313  62.112 0.0000000000
108224  12.136  -38.688  61.220 0.0000000000
42349  24.324  -36.044  54.413 0.0000000000
42360  24.593  -35.637  53.314 0.0000000000
41459  24.954  -36.771  53.897 0.0000000000
102154  26.026  -39.495  53.312 0.0000000000
41474  25.659  -37.467  53.450 0.0000000000
107640  26.385  -38.336  53.073 0.0000000000
40505  27.105  -38.483  52.553 0.0000000000
39547  26.651  -39.304  52.698 0.0000000000
39564  26.734  -39.628  52.063 0.0000000000
39578  24.841  -39.655  50.861 0.0000000000
38638  25.738  -39.917  50.876 0.0000000000
38639  25.103  -39.843  50.391 0.0000000000
38645  24.706  -39.611  49.399 0.0000000000
38646  24.163  -39.422  48.722 0.0000000000
39592  24.105  -39.152  49.344 0.0000000000
40572  23.301  -38.125  49.054 0.0000000000
101916  22.713  -37.148  49.287 0.0000000000
41522  22.242  -36.727  49.887 0.0000000000
35897  18.485  -42.787  50.489 0.0000000000
35898  17.839  -42.628  49.952 0.0000000000
50566  39.293  -26.028  28.767 0.0000000000
98805  39.130  -26.051  27.986 0.0000000000
50578  38.457  -26.431  27.727 0.0000000000
49714  37.153  -27.199  26.916 0.0000000000
50592  37.766  -27.024  26.725 0.0000000000
49725  37.414  -27.398  26.321 0.0000000000
48836  36.739  -28.485  25.649 0.0000000000
100657  12.002  -41.650  55.028 0.0000000000
35852  12.729  -42.303  54.872 0.0000000000
98914  11.061  -41.559  52.892 0.0000000000
36709  11.520  -41.660  53.530 0.0000000000
35886  11.556  -42.187  51.765 0.0000000000
103078  11.235  -42.276  50.781 0.0000000000
36740  10.745  -41.761  51.546 0.0000000000
105742  9.178  -41.220  51.504 0.0000000000
36758  8.364  -41.315  50.298 0.0000000000
112935  19.235  -31.882  57.944 0.0000000000
44000  19.551  -33.939  58.301 0.0000000000
43138  20.081  -34.515  57.916 0.0000000000
42319  19.802  -34.664  57.635 0.0000000000
106976  20.085  -35.386  56.851 0.0000000000
42321  17.430  -34.700  57.689 0.0000000000
43148  18.140  -34.579  57.151 0.0000000000
36638  17.033  -42.183  58.758 0.0000000000
36650  16.911  -42.129  57.659 0.0000000000
36661  16.831  -41.972  56.616 0.0000000000
35821  19.850  -44.019  56.722 0.0000000000
46281  32.732  -30.936  31.735 0.0000000000
45294  30.943  -32.877  29.929 0.0000000000
105870  31.304  -33.125  29.280 0.0000000000
44423  31.771  -33.378  28.782 0.0000000000
44406  31.307  -33.872  29.136 0.0000000000
36683  1.713  -42.497  55.311 0.0000000000
99558  2.998  -42.427  55.102 0.0000000000
97078  2.132  -42.476  54.912 0.0000000000
47882  39.803  -29.772  34.312 0.0000000000
47080  40.665  -30.053  34.964 0.0000000000
46260  38.669  -31.224  35.813 0.0000000000
44265  36.562  -33.501  40.433 0.0000000000
44282  36.382  -33.436  39.538 0.0000000000
44285  33.782  -33.625  39.400 0.0000000000
44300  34.117  -33.591  38.776 0.0000000000
44312  34.195  -33.520  37.950 0.0000000000
97826  32.768  -33.597  37.744 0.0000000000
44302  32.649  -33.599  38.563 0.0000000000
44303  32.119  -33.580  38.983 0.0000000000
97669  31.295  -33.582  38.706 0.0000000000
115418  30.740  -33.591  38.237 0.0000000000
42457  27.195  -35.118  45.981 0.0000000000
43305  26.985  -34.665  44.375 0.0000000000
43322  27.599  -34.459  43.546 0.0000000000
43339  26.197  -34.439  42.559 0.0000000000
43353  24.813  -34.526  41.378 0.0000000000
43364  24.627  -34.375  40.555 0.0000000000
43370  24.418  -34.212  39.748 0.0000000000
42507  22.719  -35.772  40.544 0.0000000000
42508  22.195  -36.183  40.288 0.0000000000
40656  18.394  -37.581  43.411 0.0000000000
40669  16.773  -37.212  42.066 0.0000000000
41494  17.722  -37.195  51.403 0.0000000000
47970  45.071  -30.144  28.594 0.0000000000
47173  44.464  -30.639  27.378 0.0000000000
34065  15.859  -44.831  59.264 0.0000000000
98993  14.319  -44.113  59.283 0.0000000000
34941  15.004  -44.469  58.644 0.0000000000
34942  14.222  -43.734  57.963 0.0000000000
35775  12.335  -43.195  61.304 0.0000000000
36640  11.939  -42.066  58.396 0.0000000000
112808  12.792  -42.859  59.022 0.0000000000
113646  12.639  -42.402  57.813 0.0000000000
36663  12.252  -41.847  56.460 0.0000000000
36665  10.691  -41.153  56.934 0.0000000000
113712  10.315  -40.865  56.236 0.0000000000
101236  10.324  -40.833  55.445 0.0000000000
37665  9.665  -40.672  55.995 0.0000000000
43124  16.078  -34.069  60.197 0.0000000000
43976  15.748  -33.446  59.439 0.0000000000
43975  16.553  -33.769  59.621 0.0000000000
42304  16.707  -35.184  60.062 0.0000000000
41402  16.515  -35.844  60.386 0.0000000000
105479  16.221  -36.783  60.614 0.0000000000
40398  16.087  -37.772  60.412 0.0000000000
106285  16.254  -38.217  60.333 0.0000000000
39426  13.613  -37.931  60.639 0.0000000000
108506  15.657  -40.893  60.469 0.0000000000
37605  16.060  -40.114  60.432 0.0000000000
36630  16.454  -41.288  59.952 0.0000000000
36618  16.606  -42.105  59.993 0.0000000000
34923  15.796  -44.174  60.269 0.0000000000
34922  16.820  -43.987  59.913 0.0000000000
34940  17.373  -44.481  59.339 0.0000000000
44234  37.106  -33.588  42.579 0.0000000000
44249  35.483  -33.678  41.297 0.0000000000
43191  25.457  -34.376  52.737 0.0000000000
41518  29.707  -36.354  50.730 0.0000000000
42400  29.198  -35.925  49.775 0.0000000000
42401  28.179  -36.023  49.484 0.0000000000
39577  26.976  -39.220  50.951 0.0000000000
40553  27.062  -38.190  50.299 0.0000000000
41540  25.646  -37.179  48.037 0.0000000000
41539  26.341  -36.857  48.797 0.0000000000
42426  26.676  -35.657  47.334 0.0000000000
41577  24.731  -37.159  45.934 0.0000000000
41597  24.439  -37.319  45.123 0.0000000000
41611  23.832  -37.302  43.980 0.0000000000
39630  22.936  -38.991  45.223 0.0000000000
39637  23.071  -38.545  44.648 0.0000000000
39638  22.442  -38.703  44.795 0.0000000000
40642  21.852  -38.377  44.210 0.0000000000
39639  21.758  -38.717  45.166 0.0000000000
40620  20.934  -37.515  45.935 0.0000000000
40644  19.529  -37.859  44.237 0.0000000000
40633  19.908  -37.587  44.910 0.0000000000
42460  19.360  -35.780  45.795 0.0000000000
41600  19.005  -35.923  44.983 0.0000000000
37702  14.479  -40.172  51.269 0.0000000000
37701  14.970  -40.763  50.910 0.0000000000
36767  15.698  -41.417  49.673 0.0000000000
37707  14.981  -40.880  50.063 0.0000000000
35924  16.375  -42.371  48.116 0.0000000000
35936  16.041  -42.465  47.358 0.0000000000
50574  43.125  -26.920  28.187 0.0000000000
49721  41.570  -27.449  26.803 0.0000000000
48831  41.787  -28.659  25.974 0.0000000000
48832  40.804  -28.448  25.575 0.0000000000
49722  39.868  -27.149  26.339 0.0000000000
49735  39.474  -27.680  25.698 0.0000000000
48846  39.633  -28.893  24.752 0.0000000000
34110  19.474  -45.215  54.815 0.0000000000
34965  14.804  -43.780  55.309 0.0000000000
34972  15.409  -44.122  54.870 0.0000000000
34112  16.073  -44.375  54.376 0.0000000000
34996  14.303  -43.565  52.566 0.0000000000
44970  20.962  -32.314  56.994 0.0000000000
44017  21.562  -33.138  56.757 0.0000000000
112548  22.355  -33.498  55.843 0.0000000000
43167  22.677  -34.084  55.705 0.0000000000
43156  23.166  -34.841  55.607 0.0000000000
42350  23.634  -35.195  54.818 0.0000000000
42338  23.482  -35.762  56.003 0.0000000000
40448  22.934  -38.329  56.206 0.0000000000
40447  23.722  -38.292  56.298 0.0000000000
39497  23.603  -38.956  56.005 0.0000000000
39517  23.821  -39.281  55.414 0.0000000000
40469  21.175  -36.859  55.269 0.0000000000
40488  21.000  -36.855  54.487 0.0000000000
117119  20.413  -36.648  53.891 0.0000000000
105653  19.919  -36.478  53.833 0.0000000000
42352  18.378  -35.693  54.362 0.0000000000
41462  18.260  -36.162  53.520 0.0000000000
41463  17.381  -36.454  53.110 0.0000000000
41465  15.912  -36.828  53.890 0.0000000000
40511  15.552  -37.595  52.512 0.0000000000
41416  16.611  -35.466  59.559 0.0000000000
40432  15.268  -37.218  57.478 0.0000000000
41424  15.703  -36.470  58.071 0.0000000000
41432  15.565  -36.625  56.661 0.0000000000
111428  15.200  -37.362  56.502 0.0000000000
37654  14.776  -40.061  56.603 0.0000000000
38615  14.491  -39.067  55.670 0.0000000000
39499  14.713  -38.477  55.396 0.0000000000
39518  14.799  -38.483  54.580 0.0000000000
37693  14.770  -40.262  52.931 0.0000000000
36708  15.766  -41.325  53.462 0.0000000000
36723  15.934  -41.403  52.591 0.0000000000
35850  17.651  -42.180  55.207 0.0000000000
36706  17.574  -41.907  53.535 0.0000000000
36737  17.477  -41.864  52.046 0.0000000000
35869  19.093  -42.526  52.490 0.0000000000
49693  35.670  -27.978  29.085 0.0000000000
48800  35.123  -28.338  29.516 0.0000000000
48802  33.737  -29.074  28.536 0.0000000000
47973  33.854  -29.869  27.605 0.0000000000
46296  32.045  -31.146  29.095 0.0000000000
47150  32.300  -30.515  29.474 0.0000000000
46306  32.412  -31.507  28.537 0.0000000000
98888  32.756  -31.995  28.160 0.0000000000
44429  33.666  -32.937  27.896 0.0000000000
44397  29.739  -33.790  30.586 0.0000000000
44396  30.401  -33.390  30.306 0.0000000000
38542  8.318  -39.126  62.427 0.0000000000
37581  7.818  -40.451  62.642 0.0000000000
36614  8.480  -42.028  62.125 0.0000000000
37596  7.589  -41.586  62.364 0.0000000000
100184  7.408  -40.730  60.992 0.0000000000
37610  7.936  -41.396  61.500 0.0000000000
37620  8.122  -40.964  60.284 0.0000000000
37630  8.179  -40.715  59.223 0.0000000000
37646  7.586  -40.368  57.519 0.0000000000
115292  8.129  -40.518  57.902 0.0000000000
37657  8.037  -40.417  56.596 0.0000000000
117799  8.402  -40.478  55.961 0.0000000000
105103  7.639  -40.414  55.778 0.0000000000
37661  4.736  -41.589  56.557 0.0000000000
36655  4.208  -41.941  57.434 0.0000000000
97211  4.787  -40.739  57.362 0.0000000000
99707  4.835  -40.363  58.172 0.0000000000
37678  6.244  -40.590  54.887 0.0000000000
37677  7.014  -40.469  54.343 0.0000000000
37676  7.716  -40.427  54.911 0.0000000000
37687  7.450  -40.517  53.467 0.0000000000
37688  6.563  -40.608  53.598 0.0000000000
36728  6.376  -40.856  52.106 0.0000000000
36731  3.770  -41.469  52.561 0.0000000000
50533  46.069  -26.399  31.410 0.0000000000
51361  44.233  -25.641  30.986 0.0000000000
51362  43.180  -25.500  30.555 0.0000000000
99405  42.246  -25.403  30.401 0.0000000000
52182  45.293  -23.185  34.253 0.0000000000
51331  41.298  -25.233  31.958 0.0000000000
52209  42.161  -25.084  31.715 0.0000000000
100462  41.277  -25.415  30.468 0.0000000000
51364  40.380  -25.745  30.402 0.0000000000
50535  39.684  -26.259  30.427 0.0000000000
50505  40.574  -26.546  32.606 0.0000000000
49643  40.628  -27.592  32.755 0.0000000000
48752  39.234  -27.906  31.704 0.0000000000
49655  37.786  -28.002  30.873 0.0000000000
48753  37.447  -28.451  31.487 0.0000000000
48743  36.989  -28.918  32.095 0.0000000000
48754  36.639  -28.576  31.347 0.0000000000
47923  36.055  -29.110  31.925 0.0000000000
47924  35.289  -29.044  31.309 0.0000000000
47895  37.943  -29.705  33.490 0.0000000000
47102  37.398  -30.343  33.898 0.0000000000
47104  35.766  -30.678  33.552 0.0000000000
47122  35.453  -30.229  32.844 0.0000000000
46274  33.557  -31.710  33.217 0.0000000000
46275  32.963  -32.334  33.401 0.0000000000
108390  41.478  -31.806  38.476 0.0000000000
46226  38.930  -32.021  37.445 0.0000000000
46227  37.978  -32.203  37.128 0.0000000000
46247  37.573  -31.942  36.392 0.0000000000
44298  36.200  -33.302  38.708 0.0000000000
45231  36.806  -32.970  38.194 0.0000000000
44310  35.968  -33.117  37.933 0.0000000000
45249  35.348  -32.870  36.348 0.0000000000
45254  36.022  -32.380  35.862 0.0000000000
44347  32.899  -33.067  34.668 0.0000000000
45269  32.365  -32.797  33.588 0.0000000000
45270  31.662  -33.162  33.714 0.0000000000
103008  31.461  -32.978  32.942 0.0000000000
44362  30.853  -33.400  34.152 0.0000000000
44364  29.078  -33.420  33.269 0.0000000000
110765  29.209  -33.452  34.015 0.0000000000
44340  28.389  -33.454  35.411 0.0000000000
44339  29.347  -33.485  35.395 0.0000000000
99168  28.306  -33.455  33.787 0.0000000000
43315  34.602  -34.117  43.587 0.0000000000
43331  34.339  -33.915  42.590 0.0000000000
111405  30.646  -35.001  47.031 0.0000000000
42421  32.126  -35.039  48.276 0.0000000000
43257  32.553  -34.874  47.603 0.0000000000
43283  28.660  -34.758  45.622 0.0000000000
43301  30.884  -34.491  44.770 0.0000000000
43281  30.527  -34.594  45.602 0.0000000000
113678  32.127  -34.576  45.548 0.0000000000
43300  31.756  -34.471  44.799 0.0000000000
115427  31.401  -34.071  42.495 0.0000000000
97828  31.941  -34.235  43.101 0.0000000000
100021  32.052  -33.937  42.196 0.0000000000
104156  32.050  -33.752  41.503 0.0000000000
43359  32.430  -33.658  40.929 0.0000000000
44271  30.490  -33.579  40.248 0.0000000000
44272  29.681  -33.561  40.165 0.0000000000
44289  29.961  -33.524  39.410 0.0000000000
44290  29.060  -33.537  39.488 0.0000000000
44255  27.014  -33.887  41.033 0.0000000000
44254  27.879  -33.815  41.115 0.0000000000
44275  26.644  -33.715  40.312 0.0000000000
110711  26.955  -33.472  38.860 0.0000000000
44304  27.899  -33.459  38.469 0.0000000000
44330  26.642  -33.437  37.130 0.0000000000
44331  25.798  -33.448  37.177 0.0000000000
108375  23.873  -33.468  36.132 0.0000000000
43383  22.372  -34.604  37.680 0.0000000000
42530  21.766  -35.100  37.665 0.0000000000
42538  20.553  -35.713  36.499 0.0000000000
42543  20.453  -35.555  35.492 0.0000000000
40662  23.053  -37.285  42.773 0.0000000000
41640  21.108  -36.986  40.825 0.0000000000
98626  21.173  -36.595  39.964 0.0000000000
40678  19.700  -37.073  41.979 0.0000000000
117129  18.294  -36.457  39.815 0.0000000000
104427  19.004  -36.369  39.738 0.0000000000
40533  22.151  -37.118  52.353 0.0000000000
41523  21.221  -36.519  49.648 0.0000000000
41524  20.071  -36.673  49.659 0.0000000000
97153  18.080  -37.243  50.730 0.0000000000
41544  18.502  -36.765  48.725 0.0000000000
41543  19.298  -36.476  48.421 0.0000000000
41560  18.769  -36.321  47.937 0.0000000000
42429  18.108  -36.153  47.342 0.0000000000
42446  17.820  -35.781  46.382 0.0000000000
42447  16.936  -35.872  46.187 0.0000000000
42463  16.777  -35.671  45.410 0.0000000000
39581  14.644  -38.819  50.369 0.0000000000
39606  14.390  -38.794  48.557 0.0000000000
38674  13.983  -39.125  46.300 0.0000000000
40622  14.299  -37.973  46.406 0.0000000000
117743  15.024  -36.900  46.390 0.0000000000
41614  15.197  -35.966  44.090 0.0000000000
48816  43.279  -28.327  27.393 0.0000000000
47976  43.551  -29.950  26.618 0.0000000000
48817  35.006  -28.317  27.734 0.0000000000
49716  35.695  -27.941  27.401 0.0000000000
48826  35.313  -28.528  26.923 0.0000000000
107615  11.164  -38.685  61.560 0.0000000000
38540  9.807  -39.985  62.336 0.0000000000
114190  24.944  -38.593  55.314 0.0000000000
40465  25.360  -38.158  54.590 0.0000000000
39515  25.055  -39.282  54.695 0.0000000000
97399  25.268  -39.734  53.728 0.0000000000
38628  25.571  -39.903  52.219 0.0000000000
39565  25.068  -39.642  51.945 0.0000000000
39579  24.301  -38.956  50.364 0.0000000000
108135  23.888  -38.228  50.844 0.0000000000
40555  23.316  -37.521  50.794 0.0000000000
50568  37.896  -26.705  28.193 0.0000000000
49715  36.402  -27.536  27.132 0.0000000000
36693  11.398  -41.424  54.395 0.0000000000
97382  10.829  -41.255  53.833 0.0000000000
36710  10.493  -41.227  53.238 0.0000000000
36725  10.347  -41.377  52.388 0.0000000000
36726  9.370  -41.088  52.259 0.0000000000
36727  8.769  -41.012  51.851 0.0000000000
44957  18.734  -32.518  58.328 0.0000000000
43130  18.868  -33.990  58.432 0.0000000000
43140  18.954  -34.322  58.046 0.0000000000
42322  16.760  -35.127  58.365 0.0000000000
112824  19.688  -44.464  57.549 0.0000000000
101521  32.479  -31.571  32.152 0.0000000000
104807  31.499  -31.776  30.961 0.0000000000
36684  0.906  -42.168  55.456 0.0000000000
47056  42.812  -30.214  36.057 0.0000000000
47057  41.387  -30.433  35.706 0.0000000000
46245  40.842  -31.291  36.762 0.0000000000
99805  34.996  -33.632  39.896 0.0000000000
44287  32.151  -33.563  39.740 0.0000000000
103996  25.372  -35.491  44.648 0.0000000000
42475  26.207  -35.108  44.940 0.0000000000
43324  25.697  -34.750  43.281 0.0000000000
43340  25.448  -34.628  42.582 0.0000000000
42500  24.354  -34.961  41.775 0.0000000000
43354  24.119  -34.823  41.106 0.0000000000
40510  16.212  -37.250  52.138 0.0000000000
40535  16.499  -37.396  51.222 0.0000000000
100350  15.319  -38.209  50.279 0.0000000000
48814  45.069  -29.470  28.913 0.0000000000
113966  15.255  -44.648  60.100 0.0000000000
115577  15.556  -44.786  59.834 0.0000000000
35795  13.533  -43.739  59.913 0.0000000000
36623  11.089  -42.648  61.557 0.0000000000
36641  11.400  -42.099  59.208 0.0000000000
110157  11.094  -41.653  58.419 0.0000000000
36653  11.363  -41.550  57.544 0.0000000000
37643  10.055  -41.056  57.629 0.0000000000
43116  15.497  -34.509  60.614 0.0000000000
42295  16.125  -35.402  60.873 0.0000000000
40388  15.878  -37.581  60.628 0.0000000000
38555  14.100  -39.554  60.528 0.0000000000
115987  16.150  -42.280  60.307 0.0000000000
42370  26.869  -36.084  52.469 0.0000000000
103533  27.386  -34.870  52.517 0.0000000000
41488  30.149  -36.109  51.664 0.0000000000
41501  29.243  -36.970  51.428 0.0000000000
40551  28.434  -37.436  51.026 0.0000000000
39590  25.752  -39.470  49.463 0.0000000000
40584  26.459  -37.998  49.395 0.0000000000
39601  26.026  -38.828  49.147 0.0000000000
40599  25.310  -38.186  47.972 0.0000000000
116994  25.240  -37.491  47.488 0.0000000000
41555  25.456  -36.724  47.310 0.0000000000
40618  24.559  -38.258  46.452 0.0000000000
40630  24.197  -38.276  45.539 0.0000000000
106413  23.500  -39.091  45.694 0.0000000000
110143  22.724  -39.308  45.918 0.0000000000
40601  22.312  -37.599  47.803 0.0000000000
40602  21.927  -37.831  47.023 0.0000000000
41598  20.377  -36.820  45.635 0.0000000000
41580  20.131  -36.007  46.024 0.0000000000
36739  15.615  -41.223  51.530 0.0000000000
117363  16.330  -41.878  49.414 0.0000000000
50575  42.368  -26.732  27.816 0.0000000000
103151  40.736  -27.273  26.547 0.0000000000
48835  38.166  -28.430  25.109 0.0000000000
48834  39.072  -28.314  25.120 0.0000000000
100281  18.171  -45.104  54.673 0.0000000000
34959  14.912  -43.932  56.329 0.0000000000
35871  13.016  -42.896  52.524 0.0000000000
34984  13.750  -43.198  52.984 0.0000000000
43147  21.653  -34.072  57.180 0.0000000000
43146  22.011  -34.910  57.149 0.0000000000
42327  23.137  -36.482  56.800 0.0000000000
40431  22.362  -37.634  56.479 0.0000000000
40449  22.059  -37.821  56.073 0.0000000000
40450  21.548  -37.280  55.854 0.0000000000
97725  20.650  -36.438  55.387 0.0000000000
42341  18.651  -35.289  55.325 0.0000000000
40470  15.432  -37.367  54.294 0.0000000000
40406  16.279  -37.458  60.196 0.0000000000
40420  15.135  -37.865  58.112 0.0000000000
37664  14.658  -39.832  55.592 0.0000000000
37673  14.731  -39.870  54.676 0.0000000000
37683  14.752  -40.039  53.839 0.0000000000
109432  18.855  -42.728  55.304 0.0000000000
35856  20.185  -43.123  53.508 0.0000000000
48777  34.679  -28.641  29.950 0.0000000000
47954  33.696  -29.031  29.289 0.0000000000
47955  33.272  -29.340  28.990 0.0000000000
106009  32.180  -32.933  28.536 0.0000000000
45306  32.270  -32.282  28.512 0.0000000000
44422  32.381  -33.509  28.512 0.0000000000
37612  6.337  -40.370  61.318 0.0000000000
36668  3.269  -42.677  56.428 0.0000000000
115007  4.655  -41.963  56.103 0.0000000000
37670  5.039  -41.375  55.772 0.0000000000
37679  5.633  -40.837  54.553 0.0000000000
37689  5.754  -40.813  53.815 0.0000000000
51343  45.047  -25.175  32.196 0.0000000000
52207  44.374  -24.848  32.435 0.0000000000
52183  43.070  -23.988  33.878 0.0000000000
51344  40.697  -25.644  31.287 0.0000000000
47906  37.453  -29.337  32.774 0.0000000000
47083  37.755  -30.667  34.538 0.0000000000
46272  35.287  -31.418  34.016 0.0000000000
115840  34.800  -31.862  34.208 0.0000000000
46200  39.837  -32.168  38.350 0.0000000000
45241  37.398  -32.600  37.661 0.0000000000
111113  34.568  -33.407  37.243 0.0000000000
44327  34.486  -33.275  36.520 0.0000000000
44335  33.931  -33.204  35.733 0.0000000000
109926  30.970  -33.464  35.109 0.0000000000
98560  30.235  -33.530  36.854 0.0000000000
103544  28.945  -33.479  36.091 0.0000000000
44341  27.426  -33.440  35.456 0.0000000000
43298  34.032  -34.349  44.273 0.0000000000
42409  30.850  -35.327  49.077 0.0000000000
100382  30.244  -35.331  48.335 0.0000000000
111653  28.662  -34.523  44.411 0.0000000000
43303  29.113  -34.634  44.938 0.0000000000
98189  29.347  -34.448  44.057 0.0000000000
43319  30.354  -34.417  43.855 0.0000000000
98425  30.714  -34.088  42.364 0.0000000000
111746  30.519  -33.917  41.744 0.0000000000
43361  30.764  -33.739  41.013 0.0000000000
44252  29.966  -33.848  41.402 0.0000000000
116162  29.357  -33.732  40.954 0.0000000000
44291  26.364  -33.599  39.570 0.0000000000
44292  25.641  -33.694  39.414 0.0000000000
44305  25.484  -33.593  38.627 0.0000000000
110879  25.317  -33.527  37.825 0.0000000000
115938  25.124  -33.483  37.164 0.0000000000
43394  22.159  -34.106  35.909 0.0000000000
100260  21.344  -35.644  37.954 0.0000000000
42532  20.695  -35.946  37.484 0.0000000000
40652  22.512  -37.842  43.387 0.0000000000
40677  20.698  -37.178  41.719 0.0000000000
41643  18.057  -37.052  41.338 0.0000000000
41655  17.770  -36.704  40.325 0.0000000000
111684  20.860  -36.769  52.921 0.0000000000
41476  21.084  -36.794  52.284 0.0000000000
41491  20.307  -36.833  51.766 0.0000000000
41505  19.564  -36.908  50.522 0.0000000000
40556  17.036  -37.340  49.682 0.0000000000
41561  17.411  -36.569  47.851 0.0000000000
41582  16.279  -36.259  46.764 0.0000000000
38676  13.701  -39.184  45.475 0.0000000000
40634  14.315  -37.468  45.660 0.0000000000
47977  42.695  -29.215  26.281 0.0000000000
47972  34.404  -29.380  27.266 0.0000000000
48827  34.861  -29.025  26.923 0.0000000000
47979  34.874  -29.519  26.798 0.0000000000
36622  13.249  -41.746  61.111 0.0000000000
35774  13.263  -43.325  61.068 0.0000000000
35764  12.828  -42.812  61.376 0.0000000000
35765  12.151  -43.016  61.559 0.0000000000
35766  11.799  -43.024  61.548 0.0000000000
36612  11.388  -42.612  61.743 0.0000000000
107074  13.183  -38.744  60.659 0.0000000000
43177  24.241  -33.867  53.497 0.0000000000
115355  24.562  -34.619  52.979 0.0000000000
42372  24.990  -35.258  52.667 0.0000000000
41473  26.975  -37.450  52.532 0.0000000000
40504  28.008  -37.998  52.306 0.0000000000
40530  28.058  -38.329  51.998 0.0000000000
39576  27.310  -39.086  51.764 0.0000000000
38632  26.034  -39.952  51.820 0.0000000000
38643  26.162  -39.662  50.374 0.0000000000
38650  25.049  -39.653  49.040 0.0000000000
38662  23.696  -39.323  47.418 0.0000000000
38652  23.877  -39.367  48.059 0.0000000000
39604  23.002  -38.412  48.028 0.0000000000
41556  22.044  -36.819  48.312 0.0000000000
41542  21.304  -36.468  48.497 0.0000000000
35034  18.113  -43.233  49.308 0.0000000000
50577  39.692  -26.175  27.456 0.0000000000
49736  38.522  -27.753  25.593 0.0000000000
34081  20.686  -44.195  55.955 0.0000000000
34111  16.942  -44.556  53.897 0.0000000000
35839  13.024  -42.509  55.631 0.0000000000
35838  13.521  -42.834  55.227 0.0000000000
104624  12.715  -42.376  54.042 0.0000000000
35860  12.299  -42.185  53.429 0.0000000000
103950  12.504  -42.477  52.812 0.0000000000
97279  12.306  -42.557  52.119 0.0000000000
35885  12.112  -42.671  51.290 0.0000000000
36756  10.260  -41.755  50.690 0.0000000000
102139  19.611  -32.894  58.224 0.0000000000
44956  20.415  -32.620  57.663 0.0000000000
105051  20.643  -34.786  57.675 0.0000000000
41430  20.762  -35.926  56.786 0.0000000000
43157  18.336  -34.807  56.272 0.0000000000
42343  16.740  -35.339  55.846 0.0000000000
37628  15.512  -40.015  58.865 0.0000000000
37641  15.624  -40.773  58.430 0.0000000000
36677  15.992  -41.487  56.058 0.0000000000
35836  18.863  -42.997  56.077 0.0000000000
47151  31.916  -31.066  29.731 0.0000000000
46289  31.690  -31.402  30.328 0.0000000000
46297  31.655  -31.644  29.606 0.0000000000
100725  3.095  -41.759  53.934 0.0000000000
36715  2.174  -41.625  53.400 0.0000000000
47893  40.537  -29.181  33.804 0.0000000000
47082  38.736  -30.379  34.576 0.0000000000
47058  40.106  -30.570  35.547 0.0000000000
47060  38.211  -30.955  35.197 0.0000000000
106630  37.209  -31.751  35.795 0.0000000000
44299  35.500  -33.354  38.435 0.0000000000
44329  32.557  -33.579  36.778 0.0000000000
98159  31.936  -33.625  37.386 0.0000000000
44315  30.546  -33.574  37.626 0.0000000000
97668  30.023  -33.548  38.157 0.0000000000
42440  28.220  -34.973  47.032 0.0000000000
43271  28.036  -34.926  46.197 0.0000000000
43284  27.823  -34.800  45.500 0.0000000000
109801  27.628  -34.660  44.899 0.0000000000
43337  28.299  -34.320  42.898 0.0000000000
43349  28.250  -34.055  41.945 0.0000000000
43362  26.186  -33.997  40.975 0.0000000000
43352  25.637  -34.362  41.752 0.0000000000
43369  25.146  -33.990  39.983 0.0000000000
43382  23.170  -34.178  37.904 0.0000000000
43377  23.446  -34.326  38.715 0.0000000000
42515  22.369  -35.250  39.008 0.0000000000
42514  23.151  -35.040  40.058 0.0000000000
99263  21.868  -35.765  39.145 0.0000000000
41661  21.296  -36.263  39.221 0.0000000000
40654  19.920  -38.077  44.017 0.0000000000
110869  19.763  -37.738  43.368 0.0000000000
111531  17.916  -37.418  42.193 0.0000000000
41479  18.405  -37.059  51.941 0.0000000000
40534  17.302  -37.325  50.647 0.0000000000
36799  15.051  -41.411  46.936 0.0000000000
37720  14.571  -40.771  46.715 0.0000000000
37727  13.753  -40.534  45.155 0.0000000000
103793  44.809  -31.832  26.945 0.0000000000
46338  41.573  -31.669  24.574 0.0000000000
34063  18.128  -44.806  58.848 0.0000000000
34070  17.560  -45.063  58.466 0.0000000000
34949  15.790  -44.713  58.149 0.0000000000
34926  12.998  -43.447  61.044 0.0000000000
35783  13.526  -43.615  60.666 0.0000000000
35825  12.855  -42.397  56.345 0.0000000000
36679  11.784  -41.500  55.842 0.0000000000
37675  9.023  -40.558  54.869 0.0000000000
43122  17.137  -34.065  59.446 0.0000000000
42303  16.921  -34.479  59.459 0.0000000000
39449  16.294  -38.715  59.969 0.0000000000
38554  15.630  -39.268  60.558 0.0000000000
38569  16.306  -39.312  60.236 0.0000000000
109785  16.317  -39.847  59.899 0.0000000000
37627  16.249  -40.610  59.676 0.0000000000
35782  17.067  -42.999  59.737 0.0000000000
111960  18.275  -44.350  59.048 0.0000000000
45280  30.633  -32.931  31.499 0.0000000000
43429  29.478  -34.484  30.342 0.0000000000
46175  41.501  -32.053  40.005 0.0000000000
45198  39.786  -32.710  40.871 0.0000000000
45199  38.500  -33.005  40.339 0.0000000000
44247  37.859  -33.403  42.111 0.0000000000
112421  35.841  -33.638  40.736 0.0000000000
42398  30.706  -35.676  49.915 0.0000000000
42410  29.870  -35.510  49.148 0.0000000000
41520  27.768  -36.737  50.075 0.0000000000
41521  27.015  -37.148  49.719 0.0000000000
42412  27.773  -35.613  48.580 0.0000000000
42425  27.527  -35.371  47.644 0.0000000000
42442  26.528  -35.481  46.492 0.0000000000
42443  25.782  -35.785  46.180 0.0000000000
41576  25.294  -36.484  46.525 0.0000000000
104272  25.207  -36.239  45.851 0.0000000000
42459  25.591  -35.645  45.436 0.0000000000
101672  24.169  -36.467  43.717 0.0000000000
40640  23.450  -38.022  44.315 0.0000000000
38663  23.356  -39.327  46.946 0.0000000000
39632  21.963  -39.046  45.916 0.0000000000
39626  22.131  -38.759  46.539 0.0000000000
103442  21.143  -38.431  44.744 0.0000000000
40645  18.757  -37.559  43.892 0.0000000000
37711  14.517  -40.329  49.591 0.0000000000
117600  15.248  -41.398  47.525 0.0000000000
49705  43.917  -27.461  28.464 0.0000000000
116577  42.433  -27.264  27.480 0.0000000000
49713  42.402  -27.718  27.131 0.0000000000
50589  40.226  -26.621  26.925 0.0000000000
48833  39.967  -28.299  25.324 0.0000000000
34109  20.754  -44.764  55.312 0.0000000000
44029  21.987  -32.888  55.998 0.0000000000
43178  23.696  -34.284  54.101 0.0000000000
104540  23.726  -36.685  56.308 0.0000000000
41438  24.167  -37.436  56.157 0.0000000000
40446  24.474  -38.453  55.941 0.0000000000
39516  24.443  -39.215  55.408 0.0000000000
113630  23.806  -39.379  54.660 0.0000000000
40485  23.278  -38.542  53.948 0.0000000000
40486  22.421  -37.806  54.049 0.0000000000
40487  21.590  -37.292  54.245 0.0000000000
41441  20.595  -36.161  56.235 0.0000000000
41451  19.996  -36.186  54.632 0.0000000000
42351  19.273  -35.733  54.729 0.0000000000
41461  19.141  -36.493  53.201 0.0000000000
41443  15.707  -36.555  55.567 0.0000000000
38584  15.088  -39.291  58.146 0.0000000000
39465  14.876  -38.576  57.502 0.0000000000
39480  14.623  -38.634  56.341 0.0000000000
101386  15.465  -37.085  55.050 0.0000000000
39534  15.163  -37.883  53.746 0.0000000000
109155  14.817  -38.434  53.790 0.0000000000
39552  14.613  -38.851  52.276 0.0000000000
35883  17.333  -41.924  51.300 0.0000000000
35008  19.613  -43.214  51.313 0.0000000000
49677  36.516  -27.791  29.521 0.0000000000
107797  36.153  -27.689  28.719 0.0000000000
48811  34.315  -28.664  28.122 0.0000000000
47956  32.780  -29.828  29.179 0.0000000000
46305  33.005  -31.311  28.023 0.0000000000
47161  33.363  -30.521  27.881 0.0000000000
46315  33.755  -31.283  27.613 0.0000000000
43444  30.777  -34.423  29.551 0.0000000000
39429  9.986  -37.758  61.558 0.0000000000
38541  8.898  -39.814  62.484 0.0000000000
37594  9.172  -41.446  62.444 0.0000000000
36625  9.083  -42.243  61.900 0.0000000000
37597  7.026  -41.235  62.556 0.0000000000
98828  7.751  -41.693  62.332 0.0000000000
37609  8.762  -41.495  61.051 0.0000000000
37644  9.257  -40.725  57.499 0.0000000000
37656  8.953  -40.568  56.533 0.0000000000
37666  8.991  -40.562  55.661 0.0000000000
38603  5.185  -40.098  58.589 0.0000000000
37669  6.183  -40.509  55.698 0.0000000000
107859  6.825  -40.395  55.944 0.0000000000
112780  8.360  -40.469  54.677 0.0000000000
99660  8.718  -40.558  54.146 0.0000000000
37686  8.404  -40.589  53.345 0.0000000000
37703  8.116  -40.836  51.803 0.0000000000
37697  6.916  -40.645  52.775 0.0000000000
37704  7.264  -40.774  51.888 0.0000000000
50546  45.293  -26.744  30.198 0.0000000000
50547  44.086  -26.388  29.562 0.0000000000
51399  43.095  -26.020  29.180 0.0000000000
51400  42.175  -25.698  28.963 0.0000000000
51401  41.279  -25.575  28.853 0.0000000000
52196  45.200  -23.986  33.399 0.0000000000
52208  43.346  -24.673  32.479 0.0000000000
51402  40.544  -25.637  28.757 0.0000000000
51383  39.983  -25.716  29.062 0.0000000000
50548  39.450  -26.117  29.571 0.0000000000
50549  38.725  -26.527  29.410 0.0000000000
49691  38.153  -27.007  29.668 0.0000000000
49653  39.700  -27.358  31.635 0.0000000000
49674  39.218  -27.077  30.910 0.0000000000
103450  37.958  -27.462  30.233 0.0000000000
48775  36.390  -28.262  30.482 0.0000000000
103399  34.614  -29.451  31.447 0.0000000000
47907  35.898  -29.697  32.562 0.0000000000
117415  34.593  -29.797  31.960 0.0000000000
47136  34.005  -29.930  31.682 0.0000000000
47137  33.278  -30.451  31.696 0.0000000000
46278  34.119  -31.040  32.894 0.0000000000
46279  33.282  -31.151  32.415 0.0000000000
45243  35.707  -33.019  37.152 0.0000000000
46262  35.875  -32.030  35.135 0.0000000000
45262  34.381  -32.290  34.387 0.0000000000
45276  30.674  -33.127  32.398 0.0000000000
112154  30.174  -33.492  35.468 0.0000000000
43345  34.127  -33.765  41.658 0.0000000000
43267  33.158  -34.692  47.044 0.0000000000
43279  32.890  -34.628  45.956 0.0000000000
43269  29.782  -34.842  46.716 0.0000000000
116078  30.315  -34.716  46.302 0.0000000000
107253  31.077  -34.741  46.381 0.0000000000
98823  33.120  -34.394  44.169 0.0000000000
111351  32.734  -34.324  43.400 0.0000000000
43346  33.508  -33.739  41.440 0.0000000000
106025  32.087  -33.591  40.395 0.0000000000
44270  31.369  -33.583  40.173 0.0000000000
44288  30.776  -33.552  39.493 0.0000000000
97671  29.537  -33.528  38.767 0.0000000000
97667  29.071  -33.495  38.042 0.0000000000
100088  27.057  -33.554  39.712 0.0000000000
115225  28.459  -33.482  38.233 0.0000000000
44318  28.183  -33.472  37.690 0.0000000000
98557  27.535  -33.457  37.028 0.0000000000
107393  25.354  -33.431  36.520 0.0000000000
43389  22.320  -34.310  36.792 0.0000000000
43390  21.683  -34.641  36.409 0.0000000000
41639  22.406  -36.799  41.409 0.0000000000
40675  22.059  -37.220  41.780 0.0000000000
41651  21.747  -36.614  40.481 0.0000000000
41662  20.546  -36.503  39.312 0.0000000000
112650  22.965  -37.568  52.341 0.0000000000
40532  22.747  -37.244  51.583 0.0000000000
41502  22.508  -36.921  50.749 0.0000000000
112691  19.168  -37.094  51.039 0.0000000000
41526  18.602  -36.976  49.566 0.0000000000
41525  19.260  -36.851  49.875 0.0000000000
100773  20.188  -36.439  48.542 0.0000000000
42444  19.610  -35.886  46.593 0.0000000000
42445  18.734  -35.783  46.514 0.0000000000
42478  17.149  -35.584  44.562 0.0000000000
39593  15.009  -38.321  49.635 0.0000000000
40588  15.306  -37.793  48.984 0.0000000000
113811  15.513  -37.447  48.365 0.0000000000
114889  14.228  -39.001  47.459 0.0000000000
39615  14.257  -38.614  46.950 0.0000000000
40603  15.278  -37.319  47.664 0.0000000000
41584  14.915  -36.737  45.818 0.0000000000
106809  15.546  -36.209  45.607 0.0000000000
42480  15.753  -35.695  44.222 0.0000000000
42488  15.726  -35.689  43.431 0.0000000000
47178  44.151  -30.892  26.603 0.0000000000
45324  44.071  -32.252  25.589 0.0000000000
49707  36.249  -27.536  27.991 0.0000000000
48825  35.997  -28.489  26.221 0.0000000000
47978  35.432  -29.153  26.390 0.0000000000
37695  8.592  -40.800  52.478 0.0000000000
39498  23.248  -38.852  55.750 0.0000000000
41428  23.569  -37.324  56.514 0.0000000000
42605  30.110  -34.654  29.917 0.0000000000
45307  31.739  -32.638  28.858 0.0000000000
106159  39.005  -26.342  27.379 0.0000000000
115724  26.931  -39.510  51.565 0.0000000000
