#!ascii label  , from subject sub-v2s9x29159_ses-1 vox2ras=TkReg
496
52809  13.061  -24.814  -21.071 0.0000000000
57265  21.597  -19.919  -27.474 0.0000000000
65646  19.876  -8.645  -29.675 0.0000000000
63075  13.895  -12.330  -26.249 0.0000000000
49294  14.007  -29.121  -19.301 0.0000000000
51068  17.625  -26.664  -19.687 0.0000000000
54752  17.031  -22.425  -23.300 0.0000000000
103885  15.323  -17.554  -25.476 0.0000000000
62212  20.063  -13.505  -26.336 0.0000000000
65002  24.384  -8.999  -28.463 0.0000000000
68808  20.142  -4.236  -33.163 0.0000000000
50161  13.571  -27.370  -20.418 0.0000000000
49305  15.372  -28.316  -19.553 0.0000000000
51089  15.367  -26.308  -21.551 0.0000000000
57223  13.462  -19.185  -23.493 0.0000000000
101825  12.798  -16.380  -23.708 0.0000000000
113970  16.690  -11.014  -29.019 0.0000000000
63072  17.246  -12.822  -26.901 0.0000000000
63801  19.266  -11.093  -27.184 0.0000000000
63799  22.431  -11.600  -27.013 0.0000000000
65632  22.231  -8.333  -27.395 0.0000000000
70315  19.470  -2.838  -29.392 0.0000000000
68797  19.260  -4.949  -31.095 0.0000000000
70332  20.346  -2.666  -32.750 0.0000000000
56436  19.578  -21.541  -25.519 0.0000000000
53763  19.287  -23.609  -23.787 0.0000000000
55615  21.819  -21.289  -24.306 0.0000000000
65648  17.748  -8.926  -29.181 0.0000000000
58764  24.198  -17.838  -28.083 0.0000000000
54725  12.779  -22.854  -21.868 0.0000000000
52836  15.028  -24.163  -22.136 0.0000000000
113329  14.246  -21.716  -23.214 0.0000000000
57236  16.398  -19.561  -24.519 0.0000000000
101942  18.924  -18.068  -25.335 0.0000000000
60435  14.749  -15.199  -26.106 0.0000000000
60431  17.844  -15.431  -26.069 0.0000000000
59535  21.079  -17.032  -26.361 0.0000000000
101489  23.051  -14.084  -28.109 0.0000000000
67158  18.816  -6.958  -29.738 0.0000000000
67156  20.174  -7.235  -31.056 0.0000000000
71735  22.770  -0.878  -33.127 0.0000000000
69572  23.395  -3.088  -30.127 0.0000000000
67982  22.412  -5.594  -28.375 0.0000000000
102853  25.363  -5.471  -29.043 0.0000000000
51941  17.142  -25.460  -22.496 0.0000000000
52810  12.467  -24.366  -20.621 0.0000000000
103934  12.653  -25.786  -20.202 0.0000000000
51083  13.422  -26.408  -20.559 0.0000000000
51082  14.855  -26.858  -21.145 0.0000000000
51090  14.675  -26.037  -21.330 0.0000000000
112813  18.109  -10.053  -29.555 0.0000000000
63802  18.130  -11.041  -27.649 0.0000000000
65005  19.204  -9.997  -28.528 0.0000000000
64408  20.280  -9.989  -27.445 0.0000000000
65633  21.232  -8.390  -27.663 0.0000000000
71042  19.989  -1.293  -30.639 0.0000000000
70323  19.935  -2.299  -31.532 0.0000000000
107226  20.498  -0.950  -31.958 0.0000000000
107989  20.498  -20.521  -26.644 0.0000000000
56435  20.697  -21.903  -26.022 0.0000000000
56453  21.288  -21.201  -26.551 0.0000000000
65006  16.084  -9.303  -27.916 0.0000000000
65635  15.879  -8.011  -27.344 0.0000000000
49308  12.394  -28.985  -19.205 0.0000000000
48447  12.640  -29.851  -18.885 0.0000000000
48430  14.553  -29.975  -17.923 0.0000000000
48429  15.401  -29.512  -17.939 0.0000000000
50147  16.698  -27.333  -19.615 0.0000000000
49291  16.587  -28.320  -18.496 0.0000000000
54740  13.104  -22.231  -22.423 0.0000000000
56408  13.049  -20.746  -22.848 0.0000000000
57983  14.442  -18.438  -24.572 0.0000000000
57238  14.752  -19.236  -24.389 0.0000000000
57981  15.945  -18.781  -24.920 0.0000000000
57979  17.644  -18.716  -24.851 0.0000000000
57992  17.096  -18.076  -25.207 0.0000000000
110888  13.418  -13.997  -25.324 0.0000000000
62218  14.298  -13.142  -26.343 0.0000000000
62213  19.045  -13.519  -26.441 0.0000000000
61311  17.743  -14.525  -26.393 0.0000000000
113551  19.366  -14.909  -25.994 0.0000000000
60430  19.440  -15.618  -25.812 0.0000000000
60429  20.327  -15.249  -25.901 0.0000000000
106306  22.190  -15.712  -26.573 0.0000000000
62211  21.720  -13.788  -26.511 0.0000000000
65003  23.201  -9.908  -27.471 0.0000000000
63812  24.167  -11.291  -29.865 0.0000000000
68810  19.818  -5.184  -32.891 0.0000000000
67997  18.652  -6.009  -29.719 0.0000000000
102133  19.658  -6.633  -31.614 0.0000000000
67157  19.610  -7.335  -31.066 0.0000000000
68002  20.282  -5.937  -32.089 0.0000000000
117375  23.093  -4.247  -29.181 0.0000000000
69561  24.511  -3.782  -29.289 0.0000000000
67980  24.185  -4.946  -28.445 0.0000000000
54738  15.541  -22.984  -22.664 0.0000000000
52835  15.850  -24.404  -22.322 0.0000000000
53754  17.153  -23.996  -22.955 0.0000000000
53750  20.122  -23.417  -22.577 0.0000000000
52818  19.061  -24.478  -22.403 0.0000000000
50151  12.375  -27.673  -19.585 0.0000000000
109808  13.840  -28.636  -19.859 0.0000000000
49293  14.946  -28.794  -19.041 0.0000000000
50148  14.994  -28.116  -20.315 0.0000000000
50159  15.351  -27.486  -20.782 0.0000000000
51080  16.528  -26.610  -21.385 0.0000000000
57972  12.619  -18.137  -22.765 0.0000000000
58721  13.413  -17.691  -23.991 0.0000000000
58746  14.223  -16.941  -25.204 0.0000000000
63805  15.622  -11.545  -27.962 0.0000000000
63090  15.611  -12.312  -27.480 0.0000000000
63089  16.784  -11.991  -27.513 0.0000000000
110072  18.716  -11.790  -26.874 0.0000000000
63087  19.790  -12.036  -26.750 0.0000000000
63085  22.086  -12.506  -26.823 0.0000000000
111455  21.156  -11.613  -26.755 0.0000000000
105716  21.710  -9.744  -27.072 0.0000000000
65631  23.453  -8.446  -27.513 0.0000000000
108281  19.123  -3.517  -28.890 0.0000000000
69564  19.288  -3.761  -30.177 0.0000000000
69575  19.585  -4.118  -31.952 0.0000000000
107532  20.161  -3.546  -33.184 0.0000000000
55604  18.475  -22.305  -24.170 0.0000000000
53765  18.281  -23.476  -23.682 0.0000000000
54768  19.312  -22.746  -24.716 0.0000000000
54748  20.498  -22.511  -23.998 0.0000000000
63791  13.756  -10.499  -26.245 0.0000000000
64413  15.318  -10.769  -27.726 0.0000000000
64421  17.534  -10.097  -29.533 0.0000000000
65014  18.253  -9.619  -29.566 0.0000000000
49273  16.201  -29.000  -18.059 0.0000000000
58017  22.700  -18.914  -27.617 0.0000000000
57249  22.481  -20.222  -26.823 0.0000000000
52825  12.799  -24.048  -21.277 0.0000000000
52823  14.566  -24.671  -21.728 0.0000000000
53757  13.797  -23.048  -22.363 0.0000000000
109608  14.629  -22.795  -22.688 0.0000000000
55607  15.659  -21.506  -23.516 0.0000000000
56422  13.613  -20.171  -23.409 0.0000000000
56420  15.458  -20.697  -23.921 0.0000000000
56418  17.012  -21.000  -23.815 0.0000000000
56438  17.407  -20.217  -24.291 0.0000000000
57233  19.194  -19.503  -24.996 0.0000000000
57989  19.911  -18.901  -26.188 0.0000000000
60409  13.577  -15.684  -24.874 0.0000000000
59540  15.131  -16.102  -26.079 0.0000000000
62216  16.237  -13.751  -26.815 0.0000000000
60433  16.365  -15.687  -26.337 0.0000000000
59538  16.452  -16.326  -26.094 0.0000000000
59521  18.573  -16.574  -25.598 0.0000000000
59519  20.254  -17.217  -25.948 0.0000000000
58754  21.477  -17.894  -26.950 0.0000000000
59533  22.916  -17.287  -27.072 0.0000000000
59547  23.394  -16.339  -27.647 0.0000000000
62227  22.917  -13.318  -27.778 0.0000000000
100138  17.816  -8.023  -28.923 0.0000000000
65659  19.708  -8.287  -30.068 0.0000000000
65658  19.997  -8.176  -30.255 0.0000000000
70337  21.329  -1.761  -32.816 0.0000000000
99986  21.180  -2.469  -32.623 0.0000000000
71057  22.996  -1.733  -32.091 0.0000000000
69573  22.194  -3.338  -30.908 0.0000000000
68796  21.093  -5.066  -30.741 0.0000000000
67993  21.592  -5.346  -29.405 0.0000000000
66350  21.216  -7.138  -28.151 0.0000000000
67138  22.513  -6.937  -27.653 0.0000000000
67137  23.351  -6.989  -27.613 0.0000000000
105393  24.859  -7.092  -28.381 0.0000000000
52822  15.425  -24.955  -21.985 0.0000000000
51932  16.466  -26.044  -22.110 0.0000000000
51931  17.213  -26.019  -21.774 0.0000000000
52832  18.324  -24.725  -22.906 0.0000000000
52819  18.421  -25.050  -22.192 0.0000000000
51935  12.601  -25.060  -20.447 0.0000000000
51934  13.293  -25.586  -20.774 0.0000000000
51933  14.084  -26.181  -20.985 0.0000000000
51944  14.031  -25.300  -21.298 0.0000000000
65013  18.722  -9.689  -29.313 0.0000000000
64420  18.448  -10.148  -29.124 0.0000000000
65012  19.718  -9.319  -28.845 0.0000000000
65004  20.787  -9.164  -27.610 0.0000000000
65634  20.369  -8.724  -28.612 0.0000000000
57250  21.260  -20.643  -27.051 0.0000000000
116597  20.959  -21.067  -26.773 0.0000000000
106026  21.858  -20.570  -27.073 0.0000000000
48455  13.186  -29.432  -19.249 0.0000000000
48446  13.657  -29.864  -18.653 0.0000000000
48431  13.754  -30.473  -18.022 0.0000000000
48445  14.664  -29.367  -18.539 0.0000000000
104840  16.832  -27.747  -18.819 0.0000000000
109842  17.534  -27.352  -18.776 0.0000000000
55593  12.650  -21.351  -22.256 0.0000000000
56409  12.293  -20.512  -22.052 0.0000000000
57995  14.936  -17.976  -25.153 0.0000000000
57982  15.203  -18.669  -24.809 0.0000000000
57994  15.595  -18.118  -25.252 0.0000000000
57993  16.284  -18.136  -25.291 0.0000000000
58743  16.607  -17.451  -25.533 0.0000000000
63076  13.434  -12.696  -25.762 0.0000000000
63074  14.832  -12.560  -26.884 0.0000000000
61309  19.745  -14.291  -26.133 0.0000000000
61308  20.929  -14.316  -26.165 0.0000000000
65011  24.446  -9.941  -29.168 0.0000000000
68809  19.817  -5.165  -32.798 0.0000000000
68004  19.723  -5.868  -32.148 0.0000000000
68803  19.974  -5.798  -32.882 0.0000000000
68003  20.027  -6.152  -32.188 0.0000000000
68802  20.447  -5.014  -32.425 0.0000000000
69571  24.392  -3.266  -29.923 0.0000000000
69570  25.142  -3.721  -30.457 0.0000000000
69560  24.944  -3.814  -29.685 0.0000000000
54737  16.593  -23.071  -22.901 0.0000000000
54736  17.519  -23.324  -23.315 0.0000000000
54724  20.904  -23.010  -22.296 0.0000000000
53740  20.586  -23.603  -21.776 0.0000000000
50162  12.787  -27.335  -19.944 0.0000000000
50150  13.202  -28.125  -19.984 0.0000000000
50149  14.156  -28.190  -20.292 0.0000000000
49306  14.564  -28.592  -19.809 0.0000000000
51081  15.724  -26.933  -21.351 0.0000000000
50158  16.167  -27.224  -20.680 0.0000000000
58722  12.819  -17.311  -23.357 0.0000000000
58731  13.226  -16.864  -24.107 0.0000000000
58730  13.782  -17.287  -24.624 0.0000000000
59512  13.664  -16.511  -24.770 0.0000000000
63804  16.296  -11.397  -28.365 0.0000000000
105894  16.068  -11.976  -27.828 0.0000000000
116298  20.221  -11.582  -26.868 0.0000000000
63800  20.259  -10.915  -27.120 0.0000000000
108815  21.669  -8.940  -27.352 0.0000000000
104865  22.603  -9.103  -27.258 0.0000000000
70314  19.726  -1.968  -29.891 0.0000000000
70324  19.587  -3.031  -30.867 0.0000000000
70333  19.835  -3.319  -32.738 0.0000000000
70331  20.545  -2.982  -33.011 0.0000000000
55618  19.078  -21.881  -24.744 0.0000000000
55617  19.774  -22.412  -25.445 0.0000000000
55603  20.737  -22.123  -25.236 0.0000000000
54766  20.220  -22.725  -25.010 0.0000000000
117243  20.591  -22.369  -24.640 0.0000000000
64401  14.374  -10.111  -26.590 0.0000000000
64414  14.975  -9.657  -26.850 0.0000000000
65649  16.805  -8.918  -28.549 0.0000000000
64422  16.799  -9.911  -29.231 0.0000000000
65015  17.466  -9.662  -29.460 0.0000000000
48444  15.409  -29.040  -18.476 0.0000000000
49292  15.787  -28.569  -18.802 0.0000000000
49272  17.220  -28.604  -17.859 0.0000000000
58765  23.292  -17.967  -27.575 0.0000000000
106418  12.175  -22.674  -21.053 0.0000000000
53744  12.617  -23.365  -21.381 0.0000000000
53743  13.273  -23.633  -21.824 0.0000000000
110175  13.478  -21.609  -22.912 0.0000000000
54739  14.036  -22.306  -22.863 0.0000000000
54754  14.976  -22.154  -23.161 0.0000000000
57222  14.239  -19.722  -23.944 0.0000000000
56440  15.739  -20.034  -24.298 0.0000000000
56441  15.029  -19.971  -24.195 0.0000000000
56419  16.187  -21.033  -23.770 0.0000000000
56439  16.336  -20.425  -24.133 0.0000000000
57978  18.626  -18.741  -24.956 0.0000000000
57234  18.262  -19.549  -24.631 0.0000000000
57990  19.389  -18.839  -25.435 0.0000000000
57251  19.715  -19.868  -26.047 0.0000000000
103249  19.588  -18.222  -25.688 0.0000000000
61302  14.008  -14.507  -25.704 0.0000000000
60420  13.419  -14.764  -24.986 0.0000000000
108162  14.085  -15.377  -25.490 0.0000000000
60419  14.576  -15.909  -25.782 0.0000000000
63073  16.317  -12.784  -27.216 0.0000000000
62229  15.631  -13.117  -27.025 0.0000000000
60432  17.018  -15.124  -26.350 0.0000000000
59537  17.157  -15.987  -26.009 0.0000000000
59522  17.714  -16.639  -25.625 0.0000000000
59536  17.961  -16.048  -25.769 0.0000000000
60417  20.279  -16.270  -25.867 0.0000000000
59520  19.438  -16.455  -25.688 0.0000000000
58755  20.799  -17.987  -26.694 0.0000000000
59534  22.006  -17.248  -26.787 0.0000000000
61323  22.974  -14.689  -27.696 0.0000000000
105693  22.873  -15.543  -27.198 0.0000000000
60444  23.504  -15.323  -28.368 0.0000000000
61330  23.541  -14.532  -28.817 0.0000000000
63084  23.166  -12.392  -27.982 0.0000000000
69553  18.871  -4.330  -29.376 0.0000000000
68798  18.735  -5.171  -29.633 0.0000000000
101681  19.159  -6.695  -30.922 0.0000000000
67147  17.871  -6.066  -28.565 0.0000000000
113767  17.845  -6.755  -28.663 0.0000000000
101556  17.302  -7.104  -28.289 0.0000000000
66352  18.357  -7.650  -29.302 0.0000000000
66370  19.939  -7.136  -31.336 0.0000000000
66365  19.446  -7.918  -30.196 0.0000000000
66364  19.901  -7.778  -30.731 0.0000000000
66363  20.035  -7.719  -30.750 0.0000000000
71064  21.445  -1.085  -33.306 0.0000000000
71063  22.329  -1.404  -32.698 0.0000000000
116194  22.006  -1.868  -32.412 0.0000000000
70328  24.239  -2.389  -31.406 0.0000000000
71056  23.897  -1.797  -31.944 0.0000000000
70329  23.506  -2.165  -31.437 0.0000000000
70322  22.922  -2.614  -31.032 0.0000000000
68801  21.571  -4.219  -30.902 0.0000000000
69563  22.734  -3.851  -29.954 0.0000000000
68788  22.761  -4.845  -28.808 0.0000000000
99531  21.516  -5.963  -28.737 0.0000000000
67145  20.958  -6.657  -28.856 0.0000000000
67139  21.922  -6.403  -28.003 0.0000000000
115235  21.859  -6.990  -27.774 0.0000000000
97906  24.707  -5.607  -28.555 0.0000000000
109319  24.050  -5.789  -28.096 0.0000000000
113683  24.585  -6.318  -28.312 0.0000000000
117413  24.365  -7.263  -27.945 0.0000000000
52834  16.716  -24.654  -22.633 0.0000000000
52821  16.239  -25.272  -22.316 0.0000000000
51940  17.843  -25.522  -22.026 0.0000000000
53764  18.811  -23.700  -23.827 0.0000000000
53752  18.828  -24.170  -23.307 0.0000000000
113693  19.615  -24.393  -21.589 0.0000000000
52808  19.054  -24.881  -21.364 0.0000000000
114772  18.394  -25.342  -21.511 0.0000000000
114205  14.122  -26.929  -20.798 0.0000000000
50160  14.546  -27.569  -20.675 0.0000000000
64410  17.644  -10.568  -29.060 0.0000000000
63803  17.118  -11.205  -28.159 0.0000000000
107631  18.675  -10.506  -28.127 0.0000000000
64409  19.522  -10.453  -27.588 0.0000000000
71048  20.316  -1.575  -31.733 0.0000000000
71058  20.696  -1.726  -32.639 0.0000000000
56455  19.900  -21.066  -26.177 0.0000000000
55628  20.113  -21.984  -26.017 0.0000000000
56454  20.615  -21.388  -26.410 0.0000000000
56434  21.407  -21.453  -25.752 0.0000000000
49309  11.950  -28.099  -19.187 0.0000000000
49295  11.617  -28.561  -18.677 0.0000000000
46756  14.417  -30.739  -17.477 0.0000000000
47638  15.465  -30.243  -17.340 0.0000000000
50139  16.194  -28.032  -19.234 0.0000000000
54726  12.268  -21.900  -21.551 0.0000000000
57239  14.131  -19.036  -24.108 0.0000000000
57237  15.516  -19.391  -24.526 0.0000000000
57235  17.264  -19.339  -24.603 0.0000000000
57980  16.738  -18.748  -24.877 0.0000000000
57991  18.004  -18.037  -25.189 0.0000000000
62201  13.797  -13.625  -25.834 0.0000000000
61315  14.680  -14.097  -26.335 0.0000000000
63071  18.219  -12.627  -26.727 0.0000000000
62215  17.032  -13.644  -26.726 0.0000000000
62214  18.018  -13.583  -26.564 0.0000000000
61310  18.760  -14.334  -26.291 0.0000000000
104734  18.624  -15.106  -26.056 0.0000000000
60418  18.635  -15.835  -25.775 0.0000000000
106982  20.979  -16.060  -26.074 0.0000000000
108554  21.739  -16.335  -26.396 0.0000000000
60428  21.418  -15.395  -26.188 0.0000000000
61307  22.189  -14.757  -26.607 0.0000000000
62210  22.612  -13.978  -27.084 0.0000000000
64407  22.747  -10.686  -27.200 0.0000000000
63798  23.440  -11.484  -28.356 0.0000000000
63797  23.804  -10.663  -28.854 0.0000000000
64419  24.464  -10.622  -29.933 0.0000000000
67996  19.112  -5.985  -31.033 0.0000000000
67995  20.182  -6.686  -31.560 0.0000000000
70321  23.956  -2.585  -30.643 0.0000000000
69562  23.792  -3.720  -29.249 0.0000000000
68787  23.659  -4.471  -28.695 0.0000000000
67981  23.419  -5.258  -28.284 0.0000000000
68786  24.343  -4.239  -28.846 0.0000000000
67979  24.843  -4.808  -28.797 0.0000000000
105223  15.465  -23.727  -22.394 0.0000000000
53755  16.227  -23.759  -22.567 0.0000000000
52833  17.573  -24.762  -22.903 0.0000000000
54735  19.744  -23.413  -23.428 0.0000000000
53751  19.444  -23.857  -22.960 0.0000000000
53741  19.822  -23.915  -22.045 0.0000000000
100071  12.599  -28.361  -19.546 0.0000000000
49307  13.192  -28.842  -19.613 0.0000000000
102830  15.776  -27.720  -20.002 0.0000000000
51069  16.875  -26.829  -20.432 0.0000000000
57224  12.796  -18.815  -22.879 0.0000000000
57971  13.113  -18.266  -23.374 0.0000000000
57984  13.737  -18.452  -24.029 0.0000000000
108768  13.938  -17.925  -24.461 0.0000000000
58729  14.359  -17.648  -24.941 0.0000000000
58745  14.804  -17.284  -25.447 0.0000000000
113599  15.017  -11.905  -27.340 0.0000000000
63088  17.698  -11.751  -27.209 0.0000000000
115428  17.447  -12.289  -27.010 0.0000000000
63070  19.377  -12.717  -26.582 0.0000000000
63069  20.369  -12.819  -26.522 0.0000000000
63068  21.352  -13.014  -26.568 0.0000000000
63086  20.795  -12.254  -26.652 0.0000000000
107611  21.359  -10.738  -26.859 0.0000000000
108082  23.639  -9.282  -27.731 0.0000000000
65630  24.321  -8.274  -27.999 0.0000000000
69581  19.945  -4.302  -33.205 0.0000000000
55605  17.513  -21.823  -23.671 0.0000000000
54751  17.930  -22.752  -23.692 0.0000000000
54750  18.736  -23.165  -24.175 0.0000000000
107522  19.361  -23.203  -24.330 0.0000000000
55616  20.194  -22.444  -25.596 0.0000000000
54767  19.853  -22.817  -25.020 0.0000000000
54749  19.828  -23.115  -24.288 0.0000000000
54734  20.358  -22.900  -23.206 0.0000000000
100847  14.018  -11.508  -26.425 0.0000000000
63790  14.778  -11.143  -27.073 0.0000000000
102422  16.026  -10.937  -28.785 0.0000000000
100684  15.724  -10.191  -28.023 0.0000000000
64412  16.273  -10.316  -28.880 0.0000000000
64411  16.807  -10.500  -29.198 0.0000000000
65647  19.183  -9.007  -29.558 0.0000000000
58003  22.145  -19.365  -27.608 0.0000000000
57264  22.285  -19.955  -27.395 0.0000000000
58002  22.832  -19.388  -27.527 0.0000000000
52824  13.643  -24.391  -21.555 0.0000000000
53742  14.160  -23.891  -22.034 0.0000000000
53756  14.755  -23.436  -22.406 0.0000000000
54753  16.057  -22.257  -23.124 0.0000000000
55592  13.941  -21.037  -23.343 0.0000000000
56421  14.516  -20.510  -23.759 0.0000000000
55608  14.802  -21.296  -23.535 0.0000000000
55606  16.568  -21.640  -23.506 0.0000000000
55619  18.051  -21.260  -24.110 0.0000000000
56437  18.756  -20.654  -24.588 0.0000000000
117497  18.978  -19.976  -24.748 0.0000000000
110777  19.406  -20.432  -25.319 0.0000000000
109159  20.266  -19.591  -26.605 0.0000000000
111421  20.863  -19.867  -27.090 0.0000000000
99092  12.753  -15.740  -23.958 0.0000000000
59513  13.103  -16.059  -24.291 0.0000000000
59526  14.146  -16.180  -25.338 0.0000000000
111529  14.714  -16.574  -25.672 0.0000000000
59525  15.401  -16.896  -25.831 0.0000000000
62217  15.038  -13.387  -26.715 0.0000000000
102224  15.540  -13.959  -26.694 0.0000000000
61314  15.353  -14.711  -26.454 0.0000000000
61312  16.829  -14.358  -26.578 0.0000000000
61313  16.136  -14.752  -26.587 0.0000000000
60434  15.597  -15.491  -26.365 0.0000000000
59539  15.831  -16.274  -26.201 0.0000000000
59524  16.146  -16.882  -25.909 0.0000000000
59523  16.885  -16.741  -25.738 0.0000000000
58742  17.436  -17.366  -25.440 0.0000000000
58741  18.344  -17.324  -25.432 0.0000000000
58740  19.375  -17.391  -25.594 0.0000000000
58739  20.135  -18.085  -26.155 0.0000000000
58005  20.598  -18.921  -26.822 0.0000000000
58004  21.399  -18.855  -27.328 0.0000000000
58753  22.247  -18.306  -27.320 0.0000000000
116084  23.477  -17.125  -27.502 0.0000000000
60427  22.579  -16.444  -26.813 0.0000000000
59546  23.946  -16.852  -28.244 0.0000000000
62228  22.194  -13.305  -26.811 0.0000000000
62237  23.516  -13.821  -28.990 0.0000000000
66342  16.736  -7.713  -28.080 0.0000000000
111456  18.831  -8.681  -29.647 0.0000000000
71737  20.718  -0.832  -32.805 0.0000000000
71065  20.963  -1.504  -33.077 0.0000000000
70338  20.808  -2.302  -32.762 0.0000000000
69580  20.616  -3.322  -32.964 0.0000000000
71062  23.403  -1.341  -32.543 0.0000000000
70330  22.382  -2.199  -31.872 0.0000000000
69579  21.624  -2.864  -31.852 0.0000000000
69574  20.984  -3.839  -32.251 0.0000000000
67994  20.734  -5.805  -30.656 0.0000000000
68795  22.168  -4.572  -29.748 0.0000000000
67983  20.710  -6.281  -29.888 0.0000000000
67146  20.388  -7.134  -30.025 0.0000000000
66351  20.467  -7.682  -29.457 0.0000000000
106955  20.270  -8.370  -29.430 0.0000000000
66340  20.759  -7.917  -28.271 0.0000000000
66339  21.763  -7.581  -27.654 0.0000000000
67144  23.157  -6.186  -27.842 0.0000000000
66338  22.878  -7.626  -27.474 0.0000000000
66337  23.893  -7.567  -27.702 0.0000000000
66336  24.662  -7.759  -28.261 0.0000000000
67155  25.885  -6.111  -29.576 0.0000000000
67143  25.299  -6.425  -28.851 0.0000000000
105676  25.532  -7.267  -28.947 0.0000000000
66349  25.329  -7.827  -28.803 0.0000000000
51943  14.995  -25.492  -21.604 0.0000000000
51942  15.766  -25.855  -22.011 0.0000000000
51088  15.963  -26.465  -21.842 0.0000000000
51079  17.400  -26.337  -20.813 0.0000000000
53753  18.116  -24.127  -23.343 0.0000000000
52820  17.868  -25.174  -22.614 0.0000000000
103497  17.953  -25.793  -21.214 0.0000000000
51078  18.193  -26.019  -20.290 0.0000000000
56452  21.997  -20.824  -26.310 0.0000000000
58744  15.881  -17.517  -25.604 0.0000000000
67136  24.072  -6.713  -27.836 0.0000000000
68008  20.004  -5.783  -32.993 0.0000000000
68794  24.968  -4.216  -29.189 0.0000000000
69544  18.694  -4.087  -28.355 0.0000000000
103902  20.889  -13.464  -26.374 0.0000000000
117207  21.071  -19.408  -27.331 0.0000000000
