#!ascii label  , from subject sub-v2s9x29156_ses-1 vox2ras=TkReg
1452
57401  17.800  -29.382  53.152 0.0000000000
49854  1.017  -35.540  33.998 0.0000000000
50985  4.138  -34.558  53.783 0.0000000000
171275  4.547  -25.584  53.680 0.0000000000
62695  1.425  -24.866  45.522 0.0000000000
54817  11.379  -31.714  54.339 0.0000000000
58696  9.638  -28.272  56.062 0.0000000000
168100  16.968  -28.843  49.622 0.0000000000
51004  13.419  -34.098  50.009 0.0000000000
45560  7.347  -37.693  51.313 0.0000000000
66390  7.053  -22.862  49.994 0.0000000000
62644  3.343  -24.850  48.913 0.0000000000
66435  5.706  -22.449  45.329 0.0000000000
168820  -0.519  -35.687  47.743 0.0000000000
147651  2.542  -32.364  47.954 0.0000000000
167996  2.819  -29.850  54.077 0.0000000000
63866  8.259  -24.598  53.920 0.0000000000
53546  5.987  -32.871  45.677 0.0000000000
56172  8.123  -30.736  42.559 0.0000000000
58824  9.171  -28.458  39.942 0.0000000000
63994  -0.571  -24.672  40.628 0.0000000000
54804  14.727  -31.586  54.129 0.0000000000
58713  14.728  -28.437  54.689 0.0000000000
57412  17.633  -29.291  51.837 0.0000000000
54835  16.178  -31.588  50.097 0.0000000000
54822  16.089  -31.821  52.691 0.0000000000
151295  12.627  -33.145  52.204 0.0000000000
66411  6.164  -22.406  47.861 0.0000000000
49640  0.565  -34.636  50.219 0.0000000000
53500  1.052  -32.597  50.979 0.0000000000
53472  3.217  -32.100  54.368 0.0000000000
60008  12.444  -27.054  53.260 0.0000000000
61277  8.595  -26.542  56.104 0.0000000000
48318  5.538  -36.134  52.863 0.0000000000
46962  4.747  -36.775  49.221 0.0000000000
48336  2.533  -35.584  49.480 0.0000000000
46965  0.422  -36.772  48.214 0.0000000000
56083  4.397  -30.404  51.263 0.0000000000
53524  4.296  -32.649  47.562 0.0000000000
145290  6.603  -29.426  50.103 0.0000000000
62671  2.249  -24.677  47.182 0.0000000000
60043  7.100  -27.579  46.430 0.0000000000
61376  6.322  -26.440  44.689 0.0000000000
56204  8.519  -29.972  40.701 0.0000000000
61401  6.196  -26.104  42.818 0.0000000000
53494  6.504  -33.074  52.939 0.0000000000
56070  6.757  -30.319  53.839 0.0000000000
56066  10.548  -30.410  54.975 0.0000000000
59992  13.570  -27.348  54.562 0.0000000000
57440  17.842  -28.921  46.874 0.0000000000
54863  16.383  -31.194  44.995 0.0000000000
56105  16.281  -31.471  47.612 0.0000000000
52283  13.204  -33.050  48.427 0.0000000000
49635  10.037  -35.208  50.193 0.0000000000
52273  8.943  -33.686  51.663 0.0000000000
176099  3.909  -22.127  54.289 0.0000000000
62624  4.568  -25.438  51.132 0.0000000000
67715  2.692  -21.728  51.922 0.0000000000
67740  1.620  -21.977  48.794 0.0000000000
165599  1.441  -22.268  46.117 0.0000000000
58722  18.665  -28.512  52.408 0.0000000000
56136  20.831  -28.759  43.913 0.0000000000
57446  23.213  -29.390  46.820 0.0000000000
58756  19.837  -28.083  48.395 0.0000000000
58737  18.660  -28.154  50.755 0.0000000000
158405  -0.448  -36.001  45.042 0.0000000000
51049  -0.677  -34.336  43.872 0.0000000000
164327  0.070  -32.435  48.258 0.0000000000
168840  2.877  -31.135  51.069 0.0000000000
58720  3.972  -28.246  53.715 0.0000000000
164396  6.425  -28.425  55.459 0.0000000000
170902  5.341  -26.620  56.631 0.0000000000
65080  4.036  -23.717  56.547 0.0000000000
65099  7.440  -23.496  52.613 0.0000000000
53584  0.124  -32.881  42.558 0.0000000000
52364  1.613  -33.681  40.967 0.0000000000
171658  2.996  -34.421  39.948 0.0000000000
150941  7.085  -28.404  48.847 0.0000000000
54890  7.019  -31.963  43.938 0.0000000000
52404  3.843  -34.060  37.853 0.0000000000
52442  5.088  -33.296  36.854 0.0000000000
54978  6.844  -32.236  35.826 0.0000000000
67783  5.123  -22.047  42.040 0.0000000000
69138  0.902  -21.144  43.389 0.0000000000
70460  0.567  -19.696  40.876 0.0000000000
62719  0.093  -25.334  42.815 0.0000000000
61442  4.408  -26.243  40.733 0.0000000000
57397  17.030  -29.727  53.514 0.0000000000
57387  16.491  -29.204  54.245 0.0000000000
57396  17.350  -28.904  53.965 0.0000000000
57407  17.811  -29.398  52.468 0.0000000000
164273  16.585  -30.633  51.737 0.0000000000
57402  17.249  -30.011  52.690 0.0000000000
54815  15.642  -31.948  53.333 0.0000000000
47231  1.179  -37.070  32.317 0.0000000000
51223  0.994  -35.388  33.427 0.0000000000
169309  2.407  -34.829  51.125 0.0000000000
50991  1.905  -33.973  51.885 0.0000000000
52248  4.265  -33.226  54.456 0.0000000000
56151  17.331  -29.880  43.404 0.0000000000
49622  4.624  -35.237  53.467 0.0000000000
48328  4.058  -35.807  51.359 0.0000000000
49626  3.368  -35.396  51.780 0.0000000000
49638  2.202  -35.033  50.454 0.0000000000
58724  5.266  -28.280  52.441 0.0000000000
56082  5.472  -30.103  50.733 0.0000000000
60016  5.876  -27.830  51.737 0.0000000000
62684  2.071  -24.773  46.309 0.0000000000
61368  4.586  -25.762  45.622 0.0000000000
61379  3.994  -25.496  44.998 0.0000000000
61386  6.548  -26.313  43.552 0.0000000000
150472  3.653  -25.448  44.103 0.0000000000
54824  9.053  -31.443  52.808 0.0000000000
54820  8.520  -30.811  53.213 0.0000000000
54809  11.027  -30.934  54.685 0.0000000000
153821  14.191  -27.640  54.748 0.0000000000
61290  14.566  -26.106  53.824 0.0000000000
58758  17.752  -28.486  47.721 0.0000000000
162174  16.864  -30.204  46.841 0.0000000000
57433  16.738  -29.989  47.899 0.0000000000
52276  15.203  -33.919  50.444 0.0000000000
53511  15.422  -33.150  48.923 0.0000000000
174775  13.602  -33.783  49.233 0.0000000000
51006  11.726  -34.163  50.314 0.0000000000
53489  11.551  -32.457  53.082 0.0000000000
52272  10.015  -33.498  51.689 0.0000000000
52261  9.333  -32.681  51.891 0.0000000000
52263  7.216  -33.395  52.339 0.0000000000
166915  5.855  -22.438  51.817 0.0000000000
67708  2.890  -21.935  52.733 0.0000000000
67713  5.032  -22.161  50.840 0.0000000000
66424  5.846  -22.383  46.266 0.0000000000
66402  3.712  -22.254  48.395 0.0000000000
167847  3.706  -22.386  47.150 0.0000000000
66414  1.546  -22.164  47.473 0.0000000000
66437  3.334  -22.418  45.654 0.0000000000
58764  19.753  -28.247  47.400 0.0000000000
158561  -0.472  -35.787  46.070 0.0000000000
51028  -0.518  -34.183  45.957 0.0000000000
51025  -0.551  -34.127  47.194 0.0000000000
54826  2.101  -30.964  52.610 0.0000000000
165765  1.574  -31.913  50.609 0.0000000000
56081  2.373  -30.663  52.473 0.0000000000
57405  3.181  -29.697  52.853 0.0000000000
58721  3.229  -28.851  54.071 0.0000000000
57391  8.694  -29.311  55.081 0.0000000000
57393  6.430  -29.561  54.419 0.0000000000
58707  7.445  -28.208  55.684 0.0000000000
61284  8.685  -25.823  55.416 0.0000000000
61271  7.101  -26.377  56.519 0.0000000000
62593  6.870  -25.246  56.279 0.0000000000
62588  4.855  -25.182  56.681 0.0000000000
63868  6.851  -24.000  55.229 0.0000000000
65087  6.339  -23.350  54.715 0.0000000000
63871  7.871  -23.998  53.196 0.0000000000
53543  15.119  -32.029  45.181 0.0000000000
146811  14.946  -31.657  43.736 0.0000000000
45562  8.153  -38.191  50.035 0.0000000000
44239  7.996  -39.019  48.400 0.0000000000
45569  7.011  -38.275  49.625 0.0000000000
48351  2.992  -36.248  47.943 0.0000000000
46975  3.948  -36.770  47.392 0.0000000000
48345  -0.349  -36.113  48.296 0.0000000000
48366  -0.449  -36.551  46.734 0.0000000000
53550  0.005  -32.749  45.452 0.0000000000
52337  -0.630  -33.774  42.680 0.0000000000
146061  1.769  -32.663  45.743 0.0000000000
52293  5.009  -33.281  45.999 0.0000000000
52311  3.552  -33.365  44.751 0.0000000000
52334  3.850  -33.691  43.104 0.0000000000
51094  2.441  -34.181  40.685 0.0000000000
52333  4.545  -33.611  42.765 0.0000000000
62633  4.236  -25.448  50.225 0.0000000000
60030  5.998  -27.412  49.953 0.0000000000
61339  4.828  -26.240  49.213 0.0000000000
154097  8.437  -29.451  44.716 0.0000000000
57452  8.225  -29.207  46.003 0.0000000000
54889  7.494  -31.447  43.611 0.0000000000
163753  5.685  -33.007  41.205 0.0000000000
53602  6.062  -32.593  40.624 0.0000000000
52424  4.484  -33.663  37.370 0.0000000000
53609  6.411  -32.245  39.335 0.0000000000
57509  8.856  -29.199  40.332 0.0000000000
54950  7.615  -31.301  38.448 0.0000000000
56242  8.218  -30.882  37.941 0.0000000000
155751  5.351  -21.486  40.442 0.0000000000
67785  3.449  -21.613  42.469 0.0000000000
69163  3.371  -20.910  40.919 0.0000000000
67826  -0.781  -20.909  39.843 0.0000000000
66505  -0.582  -22.140  41.303 0.0000000000
66493  -0.608  -22.282  42.243 0.0000000000
62729  -0.501  -25.360  41.710 0.0000000000
165868  1.693  -26.357  41.961 0.0000000000
146004  2.117  -26.467  40.705 0.0000000000
53467  13.042  -32.139  54.410 0.0000000000
54801  12.656  -31.220  55.119 0.0000000000
150110  14.587  -30.625  54.460 0.0000000000
57420  17.276  -29.077  50.826 0.0000000000
56088  16.316  -30.677  49.635 0.0000000000
56086  16.329  -30.599  50.721 0.0000000000
54831  16.120  -31.566  51.099 0.0000000000
52268  14.677  -34.233  51.636 0.0000000000
52269  13.337  -33.852  51.617 0.0000000000
53487  14.694  -33.002  52.899 0.0000000000
149958  14.098  -32.758  53.477 0.0000000000
65137  8.455  -23.606  47.846 0.0000000000
66400  6.271  -22.439  48.702 0.0000000000
65144  8.034  -23.210  47.089 0.0000000000
66432  7.840  -22.613  45.568 0.0000000000
66445  7.324  -22.441  44.508 0.0000000000
49646  -0.317  -34.765  49.140 0.0000000000
51016  -0.457  -33.823  49.270 0.0000000000
51001  0.502  -33.485  50.866 0.0000000000
53496  1.855  -31.977  52.374 0.0000000000
54814  2.936  -31.164  54.258 0.0000000000
59994  11.716  -27.473  54.501 0.0000000000
59978  9.135  -27.556  56.079 0.0000000000
61293  11.054  -27.011  54.021 0.0000000000
61295  9.916  -26.032  54.087 0.0000000000
155220  9.416  -25.302  52.955 0.0000000000
62615  9.038  -24.865  52.507 0.0000000000
48322  6.517  -37.198  52.443 0.0000000000
46952  5.901  -37.536  50.404 0.0000000000
48330  4.556  -36.349  50.827 0.0000000000
48341  3.185  -35.891  48.910 0.0000000000
48342  2.191  -36.026  48.656 0.0000000000
46977  1.130  -37.263  47.364 0.0000000000
48343  1.062  -36.400  48.606 0.0000000000
48338  0.641  -35.804  49.229 0.0000000000
53508  3.395  -31.964  49.213 0.0000000000
53525  3.397  -32.518  47.694 0.0000000000
54842  4.648  -31.983  49.073 0.0000000000
54841  5.510  -31.954  48.489 0.0000000000
54847  6.102  -31.833  47.891 0.0000000000
62656  3.166  -24.830  48.140 0.0000000000
61352  5.286  -26.621  47.567 0.0000000000
152949  4.876  -26.139  46.949 0.0000000000
60049  6.587  -26.998  45.892 0.0000000000
58779  8.493  -28.490  44.181 0.0000000000
56191  8.216  -30.557  41.862 0.0000000000
60057  8.316  -27.688  43.597 0.0000000000
60077  8.655  -27.596  42.071 0.0000000000
61417  8.487  -26.960  41.462 0.0000000000
160852  -0.660  -24.329  39.186 0.0000000000
61467  1.126  -26.699  39.383 0.0000000000
148000  0.869  -26.905  38.648 0.0000000000
52253  5.196  -33.833  53.823 0.0000000000
53482  5.377  -32.483  54.064 0.0000000000
156708  6.176  -32.046  53.545 0.0000000000
56068  8.902  -29.786  54.487 0.0000000000
57380  10.094  -29.732  55.593 0.0000000000
57377  13.149  -29.932  55.796 0.0000000000
149770  12.713  -29.349  55.933 0.0000000000
58705  11.645  -28.425  55.777 0.0000000000
60001  13.157  -26.978  53.998 0.0000000000
145207  18.758  -29.273  45.283 0.0000000000
145198  17.578  -30.021  44.432 0.0000000000
149842  16.949  -30.484  45.859 0.0000000000
161284  16.108  -31.855  48.504 0.0000000000
53520  15.433  -32.752  48.042 0.0000000000
174119  12.657  -32.651  46.614 0.0000000000
48333  9.183  -36.860  49.699 0.0000000000
49629  8.925  -36.105  50.758 0.0000000000
50995  11.460  -34.147  50.957 0.0000000000
50997  9.583  -34.509  51.396 0.0000000000
49631  7.499  -36.095  51.972 0.0000000000
152800  6.804  -35.782  52.484 0.0000000000
50982  5.612  -34.389  53.404 0.0000000000
63873  3.516  -23.980  54.534 0.0000000000
62606  4.473  -25.029  53.176 0.0000000000
65093  3.033  -23.265  53.617 0.0000000000
63893  2.246  -23.634  51.909 0.0000000000
63904  1.448  -23.286  50.925 0.0000000000
67720  4.742  -22.141  49.882 0.0000000000
146296  1.956  -21.823  50.152 0.0000000000
147151  1.343  -23.660  49.854 0.0000000000
63923  1.108  -23.924  48.685 0.0000000000
63935  0.281  -23.230  47.621 0.0000000000
164394  0.095  -23.789  46.317 0.0000000000
58723  18.304  -28.976  52.770 0.0000000000
57466  20.224  -29.000  44.276 0.0000000000
56120  24.381  -29.643  45.767 0.0000000000
56114  23.974  -29.843  47.050 0.0000000000
56122  23.301  -29.209  45.705 0.0000000000
56123  22.467  -28.956  45.074 0.0000000000
57458  20.722  -29.009  45.049 0.0000000000
57459  19.538  -29.188  44.712 0.0000000000
58765  18.579  -28.456  47.092 0.0000000000
58757  18.677  -28.028  48.103 0.0000000000
167097  18.898  -27.993  49.427 0.0000000000
156118  17.871  -28.414  50.202 0.0000000000
58738  18.068  -28.700  51.380 0.0000000000
58729  18.222  -28.924  52.163 0.0000000000
52305  -0.513  -33.632  45.604 0.0000000000
53527  1.183  -32.346  47.858 0.0000000000
53509  -0.131  -32.383  49.446 0.0000000000
54844  1.523  -31.950  49.301 0.0000000000
158180  2.454  -31.779  49.664 0.0000000000
56084  3.302  -30.604  51.608 0.0000000000
152520  3.924  -29.320  52.757 0.0000000000
60004  4.249  -27.308  53.961 0.0000000000
54812  4.937  -31.552  54.346 0.0000000000
167619  4.353  -30.770  54.827 0.0000000000
57385  4.153  -29.599  55.350 0.0000000000
58698  7.762  -27.442  56.284 0.0000000000
58700  4.865  -28.016  56.065 0.0000000000
58701  4.014  -28.292  56.064 0.0000000000
59988  3.586  -27.072  56.091 0.0000000000
61286  3.539  -26.154  55.310 0.0000000000
62599  3.492  -24.989  55.059 0.0000000000
66354  3.677  -23.023  55.163 0.0000000000
66367  5.896  -22.569  53.359 0.0000000000
65116  7.164  -23.099  50.988 0.0000000000
63888  9.309  -24.588  50.902 0.0000000000
63901  8.758  -24.096  50.353 0.0000000000
156227  8.527  -23.779  49.516 0.0000000000
44259  6.793  -38.635  46.314 0.0000000000
46974  5.158  -37.553  47.658 0.0000000000
52304  2.828  -33.133  44.988 0.0000000000
171403  0.619  -33.005  41.686 0.0000000000
51173  0.913  -33.799  36.640 0.0000000000
60015  5.964  -27.565  50.852 0.0000000000
58749  6.887  -28.745  49.732 0.0000000000
56106  7.128  -30.973  47.122 0.0000000000
60038  6.433  -27.471  47.609 0.0000000000
56117  7.525  -30.657  46.376 0.0000000000
156657  6.451  -32.445  45.019 0.0000000000
52332  5.232  -33.344  42.424 0.0000000000
51134  3.156  -34.339  38.386 0.0000000000
51172  1.602  -33.791  36.002 0.0000000000
51205  2.002  -33.994  34.359 0.0000000000
54951  6.990  -31.764  38.918 0.0000000000
53649  5.692  -32.941  36.328 0.0000000000
155717  8.102  -22.451  42.954 0.0000000000
67801  7.280  -21.952  41.362 0.0000000000
165816  5.262  -22.449  43.607 0.0000000000
146201  3.705  -22.301  43.906 0.0000000000
67761  0.988  -21.675  44.515 0.0000000000
155026  -0.780  -23.387  45.157 0.0000000000
152816  0.827  -20.475  42.076 0.0000000000
66467  -0.509  -22.327  43.709 0.0000000000
62710  0.981  -25.434  44.079 0.0000000000
61389  3.243  -25.743  43.169 0.0000000000
146008  5.066  -26.155  41.908 0.0000000000
61440  6.771  -26.014  40.835 0.0000000000
61461  7.540  -25.770  39.738 0.0000000000
58719  18.027  -28.573  53.622 0.0000000000
146119  16.658  -30.568  53.190 0.0000000000
47207  1.915  -37.078  33.262 0.0000000000
47208  0.841  -36.662  32.698 0.0000000000
169387  0.438  -36.813  31.936 0.0000000000
49875  0.634  -36.078  33.055 0.0000000000
50986  3.533  -34.653  53.349 0.0000000000
50990  2.659  -34.577  52.408 0.0000000000
50981  3.810  -33.875  54.002 0.0000000000
56137  18.248  -29.617  43.811 0.0000000000
56150  18.115  -29.546  43.364 0.0000000000
56138  17.422  -29.956  43.821 0.0000000000
49623  4.052  -35.182  53.430 0.0000000000
161453  3.837  -35.495  52.690 0.0000000000
49624  3.310  -35.149  52.608 0.0000000000
49632  2.666  -35.000  51.070 0.0000000000
60003  5.074  -26.920  53.171 0.0000000000
57403  5.600  -28.760  51.743 0.0000000000
60009  5.487  -27.387  52.465 0.0000000000
62694  2.339  -25.030  45.487 0.0000000000
172600  3.492  -25.297  45.419 0.0000000000
62700  3.071  -25.263  44.944 0.0000000000
145712  4.353  -25.558  44.226 0.0000000000
62701  2.101  -25.225  44.809 0.0000000000
53479  10.065  -31.558  53.070 0.0000000000
54818  10.597  -31.265  53.984 0.0000000000
57432  17.018  -28.954  48.380 0.0000000000
51003  13.972  -34.293  50.162 0.0000000000
51002  14.517  -34.125  49.955 0.0000000000
51012  13.511  -33.909  49.567 0.0000000000
51013  12.988  -33.626  49.513 0.0000000000
51014  12.149  -33.626  49.424 0.0000000000
175925  11.767  -34.050  49.780 0.0000000000
51005  12.668  -33.938  50.005 0.0000000000
53477  11.819  -32.417  53.917 0.0000000000
53490  10.965  -32.467  52.675 0.0000000000
53478  10.941  -32.011  53.393 0.0000000000
53491  9.457  -31.999  52.443 0.0000000000
145478  5.776  -22.399  51.077 0.0000000000
160243  5.204  -22.200  51.725 0.0000000000
150745  4.455  -22.431  46.630 0.0000000000
146002  5.048  -22.436  46.057 0.0000000000
66425  3.763  -22.432  46.377 0.0000000000
66436  4.754  -22.482  45.261 0.0000000000
157000  -0.518  -35.710  46.992 0.0000000000
49652  -0.530  -34.887  47.307 0.0000000000
170377  -0.563  -34.364  47.784 0.0000000000
56078  2.367  -30.445  53.040 0.0000000000
57400  2.718  -29.913  53.489 0.0000000000
57399  2.990  -29.527  53.466 0.0000000000
58717  2.980  -29.385  54.083 0.0000000000
57381  8.898  -28.836  55.718 0.0000000000
57382  8.071  -28.687  55.373 0.0000000000
58697  8.960  -28.070  56.094 0.0000000000
156114  8.263  -25.104  54.845 0.0000000000
62592  7.593  -25.422  56.156 0.0000000000
63862  7.275  -24.804  55.735 0.0000000000
63863  6.459  -24.379  55.929 0.0000000000
63867  7.621  -24.522  54.817 0.0000000000
65086  7.083  -23.731  54.354 0.0000000000
167099  7.647  -24.048  53.952 0.0000000000
46947  7.809  -37.957  50.673 0.0000000000
170421  7.769  -38.291  50.046 0.0000000000
45564  7.357  -38.051  50.378 0.0000000000
46976  2.739  -36.758  47.027 0.0000000000
48354  -0.388  -36.400  47.558 0.0000000000
53539  0.861  -32.565  46.077 0.0000000000
53549  0.991  -32.665  45.203 0.0000000000
53538  1.733  -32.518  46.570 0.0000000000
53535  5.544  -32.810  46.632 0.0000000000
52310  4.418  -33.456  44.491 0.0000000000
52301  5.196  -33.331  45.080 0.0000000000
52319  4.499  -33.518  43.618 0.0000000000
52309  5.227  -33.328  44.165 0.0000000000
62634  3.454  -24.899  49.740 0.0000000000
62643  4.197  -25.553  49.282 0.0000000000
56139  8.275  -30.242  43.983 0.0000000000
172566  7.888  -30.971  44.048 0.0000000000
54905  7.557  -31.370  42.775 0.0000000000
54921  6.978  -31.815  42.158 0.0000000000
169658  6.571  -32.169  40.787 0.0000000000
53601  6.478  -32.244  40.130 0.0000000000
54934  7.083  -31.725  41.196 0.0000000000
57527  8.911  -29.240  39.480 0.0000000000
151705  8.607  -30.021  39.069 0.0000000000
56231  8.680  -30.220  38.269 0.0000000000
67847  5.666  -21.386  39.794 0.0000000000
67848  4.888  -21.197  39.943 0.0000000000
67824  4.115  -21.243  41.025 0.0000000000
69185  4.080  -20.920  40.288 0.0000000000
155803  -0.563  -23.014  40.489 0.0000000000
67825  -0.594  -21.792  40.351 0.0000000000
154637  -0.617  -23.997  41.032 0.0000000000
65184  -0.542  -23.122  41.577 0.0000000000
63986  -0.641  -24.811  41.403 0.0000000000
61426  -0.137  -25.875  41.276 0.0000000000
61425  0.539  -26.291  40.808 0.0000000000
54805  14.237  -32.044  54.126 0.0000000000
155748  14.016  -31.433  54.529 0.0000000000
58711  16.688  -28.237  54.418 0.0000000000
164750  16.566  -29.693  50.242 0.0000000000
57413  16.830  -29.783  51.320 0.0000000000
54828  16.224  -31.665  51.961 0.0000000000
53497  16.019  -32.559  51.481 0.0000000000
53485  15.907  -32.543  52.306 0.0000000000
52255  15.124  -33.660  52.219 0.0000000000
53486  15.399  -32.986  52.635 0.0000000000
169129  15.338  -31.637  53.770 0.0000000000
53474  14.463  -32.492  53.627 0.0000000000
53466  13.747  -32.290  54.134 0.0000000000
65138  7.735  -23.157  47.973 0.0000000000
65151  8.575  -22.969  45.447 0.0000000000
66444  8.641  -22.751  44.648 0.0000000000
145197  8.005  -22.516  44.927 0.0000000000
66443  9.056  -22.762  44.055 0.0000000000
49645  0.284  -35.106  49.589 0.0000000000
154093  -0.119  -34.358  49.895 0.0000000000
147373  0.816  -34.287  50.707 0.0000000000
52265  2.528  -33.135  53.147 0.0000000000
52266  1.967  -32.928  52.284 0.0000000000
53495  2.128  -32.204  53.041 0.0000000000
53483  2.358  -31.644  53.644 0.0000000000
150323  12.315  -27.311  53.946 0.0000000000
59995  10.823  -27.186  54.977 0.0000000000
60002  11.720  -27.153  53.537 0.0000000000
61294  10.572  -26.427  53.596 0.0000000000
61305  10.031  -25.834  53.050 0.0000000000
62613  10.407  -25.936  52.159 0.0000000000
46943  6.150  -36.916  52.468 0.0000000000
46953  5.485  -37.003  51.112 0.0000000000
46946  5.407  -36.699  51.805 0.0000000000
48332  2.806  -35.394  50.236 0.0000000000
48335  3.398  -35.761  49.780 0.0000000000
48337  1.613  -35.700  49.317 0.0000000000
49644  1.239  -35.175  49.890 0.0000000000
49649  -0.141  -35.674  48.959 0.0000000000
170272  4.044  -31.524  50.016 0.0000000000
152249  4.728  -30.864  50.459 0.0000000000
57414  6.173  -29.572  50.504 0.0000000000
157285  5.504  -30.682  50.083 0.0000000000
56089  6.252  -30.178  49.998 0.0000000000
56098  6.206  -31.273  48.650 0.0000000000
149193  6.637  -30.495  49.165 0.0000000000
62657  2.352  -24.548  47.926 0.0000000000
62669  3.863  -25.258  47.582 0.0000000000
62682  3.782  -25.246  46.805 0.0000000000
61367  5.296  -26.136  45.434 0.0000000000
147526  5.075  -26.185  46.200 0.0000000000
60053  6.837  -26.873  45.114 0.0000000000
162237  7.597  -27.398  44.822 0.0000000000
58780  8.184  -27.820  44.416 0.0000000000
58785  8.670  -28.509  43.267 0.0000000000
60058  7.742  -27.284  44.125 0.0000000000
61387  5.636  -25.928  43.518 0.0000000000
155598  6.950  -26.365  42.978 0.0000000000
61400  7.539  -26.648  42.726 0.0000000000
61399  7.949  -26.683  42.057 0.0000000000
145649  6.973  -26.290  42.274 0.0000000000
172400  -0.590  -23.560  38.956 0.0000000000
168600  -0.515  -24.809  38.742 0.0000000000
62779  -0.458  -26.020  38.960 0.0000000000
62778  -0.374  -25.649  38.551 0.0000000000
52252  5.753  -33.607  53.518 0.0000000000
53481  5.962  -32.851  53.581 0.0000000000
53480  6.785  -32.213  53.028 0.0000000000
148391  9.766  -30.459  54.310 0.0000000000
56076  9.190  -30.278  54.004 0.0000000000
56067  9.787  -30.170  54.775 0.0000000000
167203  9.451  -29.769  55.093 0.0000000000
56059  10.027  -29.995  55.233 0.0000000000
56064  13.430  -30.571  55.457 0.0000000000
56055  12.969  -30.867  55.805 0.0000000000
57390  13.629  -29.712  55.240 0.0000000000
58703  13.233  -28.857  55.436 0.0000000000
58715  12.988  -28.009  55.121 0.0000000000
58704  12.486  -28.623  55.661 0.0000000000
59993  12.673  -27.535  54.570 0.0000000000
175342  13.771  -26.823  54.195 0.0000000000
57450  18.404  -29.024  46.149 0.0000000000
171010  17.987  -29.551  45.517 0.0000000000
57451  17.489  -29.634  46.220 0.0000000000
174837  16.552  -30.759  47.466 0.0000000000
56116  16.517  -31.110  46.573 0.0000000000
156995  16.198  -31.526  49.216 0.0000000000
52282  14.700  -33.651  48.757 0.0000000000
52281  14.985  -33.244  48.230 0.0000000000
52285  14.328  -33.239  47.995 0.0000000000
173192  13.949  -33.033  47.560 0.0000000000
52286  13.155  -32.796  47.619 0.0000000000
52292  11.968  -32.934  47.613 0.0000000000
52287  11.199  -33.339  47.774 0.0000000000
49636  9.367  -36.085  50.180 0.0000000000
48329  8.816  -36.959  50.327 0.0000000000
171580  9.535  -35.563  50.628 0.0000000000
50994  12.541  -33.948  50.787 0.0000000000
52270  12.160  -33.516  51.529 0.0000000000
50998  8.572  -34.730  51.528 0.0000000000
49630  8.239  -35.840  51.396 0.0000000000
50999  7.454  -34.996  51.920 0.0000000000
53493  7.482  -32.517  52.416 0.0000000000
52264  6.314  -33.884  52.843 0.0000000000
65089  3.375  -22.947  54.543 0.0000000000
63872  3.709  -24.226  53.428 0.0000000000
65094  2.934  -23.071  53.903 0.0000000000
66370  2.291  -22.588  52.515 0.0000000000
171937  1.771  -22.819  52.144 0.0000000000
168009  1.673  -23.253  51.682 0.0000000000
66371  1.670  -22.568  51.902 0.0000000000
66392  5.510  -22.329  49.163 0.0000000000
172475  5.182  -22.332  48.628 0.0000000000
67738  2.880  -22.137  48.742 0.0000000000
151993  2.940  -21.946  49.734 0.0000000000
173278  1.449  -21.917  49.634 0.0000000000
167961  0.886  -22.744  50.178 0.0000000000
67732  0.714  -22.320  49.412 0.0000000000
160003  1.012  -23.764  49.245 0.0000000000
66404  0.297  -22.591  48.708 0.0000000000
66427  0.943  -22.334  46.886 0.0000000000
164639  0.367  -22.452  47.455 0.0000000000
66416  0.164  -22.789  47.376 0.0000000000
65145  0.128  -23.287  46.719 0.0000000000
66429  -0.127  -22.932  46.316 0.0000000000
58718  18.557  -28.206  53.241 0.0000000000
60007  19.045  -27.715  52.821 0.0000000000
56147  21.293  -28.725  43.478 0.0000000000
56148  20.178  -28.910  43.348 0.0000000000
57445  23.648  -29.703  47.158 0.0000000000
56115  23.573  -29.469  46.558 0.0000000000
56121  23.903  -29.542  46.236 0.0000000000
57456  22.911  -29.123  45.979 0.0000000000
57448  21.243  -28.816  45.945 0.0000000000
57449  19.895  -28.831  45.644 0.0000000000
167804  20.401  -28.305  47.893 0.0000000000
58736  19.518  -27.898  50.178 0.0000000000
60014  19.075  -28.073  51.946 0.0000000000
58728  18.626  -28.407  51.702 0.0000000000
152426  -0.454  -36.866  44.440 0.0000000000
52295  -0.529  -33.643  46.570 0.0000000000
51030  -0.595  -34.071  45.242 0.0000000000
53541  -0.427  -32.930  46.994 0.0000000000
53540  0.037  -32.624  46.483 0.0000000000
164477  0.594  -32.403  47.841 0.0000000000
53505  -0.246  -32.779  50.075 0.0000000000
52280  -0.508  -32.971  49.404 0.0000000000
54834  0.344  -32.294  50.020 0.0000000000
54833  2.147  -31.488  51.063 0.0000000000
54839  1.124  -32.020  50.007 0.0000000000
54838  1.887  -31.782  50.199 0.0000000000
145807  2.619  -31.520  50.421 0.0000000000
54832  3.305  -31.358  50.476 0.0000000000
58726  3.478  -29.058  53.354 0.0000000000
58725  4.417  -28.640  52.959 0.0000000000
54811  5.905  -31.337  53.829 0.0000000000
53469  4.673  -32.437  54.482 0.0000000000
151543  5.551  -30.553  54.208 0.0000000000
158050  5.783  -29.120  54.940 0.0000000000
57394  5.148  -29.949  54.681 0.0000000000
57384  4.830  -29.478  55.153 0.0000000000
56061  4.123  -30.295  55.117 0.0000000000
61268  8.760  -27.051  56.203 0.0000000000
59979  8.602  -27.285  56.244 0.0000000000
61269  8.299  -26.807  56.355 0.0000000000
159324  6.189  -26.425  56.634 0.0000000000
59982  5.690  -27.190  56.478 0.0000000000
171083  4.070  -27.753  56.309 0.0000000000
58702  3.730  -27.841  56.079 0.0000000000
59984  3.923  -27.155  56.381 0.0000000000
63860  3.994  -24.482  56.703 0.0000000000
62590  3.450  -25.340  56.254 0.0000000000
63861  3.544  -24.710  56.456 0.0000000000
62594  3.270  -25.210  55.824 0.0000000000
160981  3.294  -23.874  55.997 0.0000000000
63869  3.355  -24.138  55.498 0.0000000000
65085  3.617  -23.385  56.059 0.0000000000
65091  6.542  -23.184  53.834 0.0000000000
65092  5.873  -22.847  54.250 0.0000000000
65100  6.762  -23.027  52.934 0.0000000000
66377  6.268  -22.635  52.347 0.0000000000
65110  6.980  -23.021  52.015 0.0000000000
63877  9.178  -24.723  51.694 0.0000000000
54862  16.845  -30.504  44.342 0.0000000000
54874  16.317  -31.032  44.210 0.0000000000
45586  6.924  -38.585  47.912 0.0000000000
44258  7.378  -38.742  46.868 0.0000000000
46961  5.463  -37.476  48.698 0.0000000000
152731  4.696  -36.970  48.263 0.0000000000
154584  -0.507  -37.070  45.273 0.0000000000
53585  -0.315  -33.299  43.111 0.0000000000
51063  -0.673  -34.340  42.326 0.0000000000
146425  -0.575  -33.756  41.822 0.0000000000
168212  -0.385  -33.854  40.853 0.0000000000
53537  3.689  -32.806  46.904 0.0000000000
53547  3.120  -32.885  46.230 0.0000000000
52303  3.391  -33.193  45.530 0.0000000000
52335  2.601  -33.513  42.526 0.0000000000
52322  2.117  -33.208  43.214 0.0000000000
52347  1.175  -33.225  41.522 0.0000000000
52385  -0.112  -33.845  39.953 0.0000000000
51114  0.251  -34.163  39.070 0.0000000000
171398  2.108  -34.259  39.866 0.0000000000
159992  1.023  -34.204  38.394 0.0000000000
52426  0.058  -33.746  36.641 0.0000000000
173307  1.445  -34.241  37.775 0.0000000000
62616  4.643  -25.250  52.195 0.0000000000
159867  5.292  -25.960  51.908 0.0000000000
61318  5.162  -26.188  50.949 0.0000000000
60029  6.526  -27.908  49.405 0.0000000000
173829  7.339  -29.080  49.080 0.0000000000
57434  7.291  -29.878  48.634 0.0000000000
57442  7.616  -29.645  47.778 0.0000000000
60039  5.846  -27.018  47.341 0.0000000000
60037  6.885  -27.687  47.111 0.0000000000
56128  7.736  -30.659  45.594 0.0000000000
153961  7.915  -29.765  46.602 0.0000000000
54864  7.430  -31.253  45.124 0.0000000000
54854  7.267  -31.282  45.748 0.0000000000
53558  6.483  -32.451  44.278 0.0000000000
53568  5.909  -32.956  43.794 0.0000000000
53582  5.878  -32.928  42.921 0.0000000000
52382  4.413  -33.794  39.206 0.0000000000
52363  4.710  -33.630  40.137 0.0000000000
52383  3.933  -34.083  38.587 0.0000000000
51152  2.941  -34.304  37.509 0.0000000000
51171  2.740  -34.168  36.582 0.0000000000
167218  2.600  -33.998  35.743 0.0000000000
52425  3.696  -34.104  36.985 0.0000000000
52468  5.045  -33.489  35.978 0.0000000000
56190  8.513  -29.950  41.526 0.0000000000
54933  7.528  -31.348  40.477 0.0000000000
56219  8.140  -30.668  40.179 0.0000000000
54970  6.987  -31.890  37.174 0.0000000000
54960  6.953  -31.807  38.034 0.0000000000
152557  6.225  -32.659  35.869 0.0000000000
67820  7.743  -21.722  40.729 0.0000000000
66492  5.932  -22.114  41.944 0.0000000000
66476  6.271  -22.330  42.623 0.0000000000
66477  5.596  -22.272  42.519 0.0000000000
66465  4.553  -22.406  43.727 0.0000000000
67771  4.006  -22.115  43.079 0.0000000000
67786  2.556  -21.410  42.716 0.0000000000
67773  2.299  -21.661  43.560 0.0000000000
67774  1.421  -21.500  43.784 0.0000000000
67763  -0.450  -22.291  44.870 0.0000000000
67762  0.081  -21.807  44.558 0.0000000000
70476  0.083  -19.414  40.478 0.0000000000
70474  1.890  -19.806  40.207 0.0000000000
69186  1.364  -20.027  40.858 0.0000000000
168664  2.376  -20.518  40.894 0.0000000000
69165  0.676  -20.059  41.420 0.0000000000
157673  -0.436  -24.024  42.798 0.0000000000
66479  -0.574  -22.502  43.028 0.0000000000
63967  -0.519  -24.291  43.756 0.0000000000
62704  -0.203  -24.870  44.180 0.0000000000
62711  0.399  -25.344  43.584 0.0000000000
61390  2.166  -25.801  43.319 0.0000000000
61391  1.235  -25.666  43.408 0.0000000000
61422  3.305  -26.396  41.520 0.0000000000
146007  3.906  -26.226  41.917 0.0000000000
61441  5.246  -26.221  41.164 0.0000000000
145690  6.104  -26.120  41.202 0.0000000000
145258  5.923  -25.974  40.550 0.0000000000
61465  3.159  -26.245  39.621 0.0000000000
57398  16.242  -30.208  53.875 0.0000000000
56075  15.408  -30.856  54.051 0.0000000000
58710  17.443  -28.001  54.249 0.0000000000
57408  17.218  -29.852  52.124 0.0000000000
172495  16.935  -30.280  52.269 0.0000000000
56079  16.604  -30.885  52.494 0.0000000000
166654  16.286  -31.312  53.079 0.0000000000
56074  15.991  -31.132  53.559 0.0000000000
49892  0.673  -35.894  32.620 0.0000000000
171121  1.547  -34.524  50.792 0.0000000000
51000  1.318  -34.074  51.132 0.0000000000
153907  2.086  -34.597  51.317 0.0000000000
175857  3.129  -33.328  53.777 0.0000000000
52254  3.569  -32.971  54.364 0.0000000000
48319  4.857  -35.840  52.987 0.0000000000
48327  4.690  -36.134  51.861 0.0000000000
48325  4.190  -35.756  52.235 0.0000000000
49637  3.117  -35.334  50.923 0.0000000000
49643  2.068  -35.290  49.879 0.0000000000
49633  2.078  -34.771  50.799 0.0000000000
57410  5.030  -29.616  51.559 0.0000000000
57409  5.889  -29.227  51.059 0.0000000000
58730  6.110  -28.366  51.046 0.0000000000
62683  2.995  -24.971  46.563 0.0000000000
61369  3.787  -25.347  45.935 0.0000000000
61378  4.801  -25.757  44.792 0.0000000000
145560  6.189  -26.250  44.139 0.0000000000
61377  5.584  -26.062  44.555 0.0000000000
61388  4.920  -25.687  43.911 0.0000000000
146009  4.236  -25.580  43.392 0.0000000000
54825  7.868  -31.629  52.663 0.0000000000
54819  9.706  -30.835  53.663 0.0000000000
54810  10.277  -30.639  54.459 0.0000000000
58714  13.899  -28.656  54.929 0.0000000000
60000  14.279  -26.761  54.358 0.0000000000
57441  17.239  -29.309  47.289 0.0000000000
53501  16.000  -32.529  50.510 0.0000000000
53506  15.981  -32.399  49.400 0.0000000000
52279  15.015  -33.775  49.553 0.0000000000
51010  14.383  -34.008  49.270 0.0000000000
145657  13.837  -33.627  48.767 0.0000000000
49634  10.978  -34.520  49.955 0.0000000000
51007  10.763  -34.602  50.569 0.0000000000
53488  12.496  -32.671  53.071 0.0000000000
52259  11.652  -32.863  52.283 0.0000000000
52260  10.634  -32.840  52.047 0.0000000000
174789  10.029  -32.784  51.958 0.0000000000
52274  7.869  -33.924  51.799 0.0000000000
52262  8.215  -32.957  51.882 0.0000000000
53492  8.546  -32.122  52.190 0.0000000000
66360  4.209  -21.905  53.681 0.0000000000
67700  3.604  -21.831  53.163 0.0000000000
66369  4.545  -21.909  52.610 0.0000000000
66378  4.421  -21.891  51.558 0.0000000000
67714  3.622  -21.705  51.254 0.0000000000
146451  5.998  -22.364  47.068 0.0000000000
165674  4.856  -22.332  48.157 0.0000000000
66413  4.636  -22.383  47.382 0.0000000000
164225  4.096  -22.304  47.889 0.0000000000
67739  2.199  -22.050  48.015 0.0000000000
67747  1.186  -21.896  48.066 0.0000000000
150423  2.627  -22.287  47.293 0.0000000000
66426  2.971  -22.391  46.508 0.0000000000
66438  2.298  -22.327  45.862 0.0000000000
56135  22.009  -28.768  44.188 0.0000000000
58769  20.504  -28.622  46.600 0.0000000000
58727  19.170  -27.906  51.144 0.0000000000
49658  -0.464  -34.917  46.388 0.0000000000
167716  -0.529  -34.316  46.679 0.0000000000
52288  -0.565  -33.557  47.643 0.0000000000
54827  1.928  -31.524  52.063 0.0000000000
54830  1.657  -31.850  51.210 0.0000000000
54829  2.121  -31.221  51.906 0.0000000000
56085  2.510  -30.877  51.777 0.0000000000
56080  2.911  -30.332  52.339 0.0000000000
56069  7.756  -29.504  54.197 0.0000000000
57392  7.616  -29.013  54.720 0.0000000000
57383  6.942  -28.713  54.951 0.0000000000
62585  8.026  -26.381  56.370 0.0000000000
62591  8.089  -25.871  56.163 0.0000000000
62587  6.399  -25.806  56.612 0.0000000000
174153  5.668  -25.508  56.652 0.0000000000
158420  4.432  -25.828  56.687 0.0000000000
63858  5.850  -24.896  56.470 0.0000000000
63859  4.839  -24.274  56.530 0.0000000000
63864  5.539  -23.920  56.143 0.0000000000
65083  5.008  -23.119  55.843 0.0000000000
65090  7.245  -23.560  53.472 0.0000000000
53542  15.802  -31.553  44.657 0.0000000000
53553  15.188  -31.722  44.283 0.0000000000
53554  14.374  -31.952  44.120 0.0000000000
45566  8.419  -38.176  49.354 0.0000000000
44233  7.876  -38.712  48.918 0.0000000000
44234  7.529  -38.555  49.050 0.0000000000
45578  6.964  -38.441  48.750 0.0000000000
48353  -0.095  -36.785  48.040 0.0000000000
46978  0.395  -37.136  47.651 0.0000000000
48381  -0.504  -36.783  45.958 0.0000000000
164796  -0.437  -33.536  44.332 0.0000000000
151847  -0.683  -34.342  43.095 0.0000000000
170519  -0.202  -33.083  44.735 0.0000000000
53571  -0.059  -33.147  43.959 0.0000000000
53570  0.712  -32.907  43.895 0.0000000000
53536  4.635  -32.981  46.802 0.0000000000
52294  4.031  -33.200  46.169 0.0000000000
52302  4.280  -33.380  45.354 0.0000000000
52320  3.676  -33.492  43.912 0.0000000000
168760  3.330  -33.699  42.655 0.0000000000
51095  1.343  -33.816  40.264 0.0000000000
52345  3.163  -33.905  42.017 0.0000000000
51076  3.742  -34.120  41.541 0.0000000000
51093  3.424  -34.284  40.749 0.0000000000
62625  3.553  -24.731  50.739 0.0000000000
173534  4.718  -25.826  50.564 0.0000000000
162635  4.866  -26.169  50.045 0.0000000000
61338  5.437  -26.754  49.568 0.0000000000
60033  5.984  -27.213  49.025 0.0000000000
58771  7.766  -28.271  46.187 0.0000000000
174091  8.381  -29.221  45.390 0.0000000000
156648  7.966  -30.601  44.786 0.0000000000
54875  7.476  -31.385  44.400 0.0000000000
53581  6.415  -32.393  42.527 0.0000000000
52362  5.446  -33.128  40.349 0.0000000000
52381  5.212  -33.218  39.387 0.0000000000
170354  4.572  -33.603  38.301 0.0000000000
52403  5.226  -33.125  38.539 0.0000000000
53618  5.786  -32.683  38.927 0.0000000000
149694  5.732  -32.685  38.083 0.0000000000
57493  8.825  -29.188  41.171 0.0000000000
171863  8.253  -30.544  39.469 0.0000000000
54959  7.605  -31.397  37.568 0.0000000000
171410  7.081  -31.936  36.437 0.0000000000
67822  6.041  -21.652  40.531 0.0000000000
67803  5.448  -21.759  41.224 0.0000000000
67784  4.313  -21.851  42.272 0.0000000000
67804  4.587  -21.613  41.506 0.0000000000
67805  3.780  -21.393  41.667 0.0000000000
69164  2.802  -21.074  41.769 0.0000000000
69187  -0.634  -20.228  40.709 0.0000000000
69167  -0.309  -20.120  41.399 0.0000000000
69151  -0.338  -20.573  42.194 0.0000000000
169952  -0.631  -21.283  42.031 0.0000000000
157681  -0.534  -24.046  41.913 0.0000000000
62720  -0.317  -25.159  42.449 0.0000000000
61405  1.465  -26.075  42.641 0.0000000000
149655  0.704  -26.172  41.849 0.0000000000
61423  2.482  -26.439  41.559 0.0000000000
146005  2.984  -26.417  40.690 0.0000000000
53468  12.205  -32.039  54.548 0.0000000000
54807  12.491  -31.544  54.792 0.0000000000
158348  13.156  -31.743  54.661 0.0000000000
56063  13.833  -30.602  54.904 0.0000000000
57389  14.288  -29.590  54.726 0.0000000000
57388  15.364  -29.609  54.391 0.0000000000
57421  16.577  -29.803  49.040 0.0000000000
53502  15.736  -33.370  50.981 0.0000000000
52267  15.291  -33.954  51.377 0.0000000000
50992  14.164  -34.473  50.983 0.0000000000
149972  13.327  -34.186  50.627 0.0000000000
50987  14.104  -34.215  51.733 0.0000000000
52256  14.500  -33.717  52.352 0.0000000000
52257  13.976  -33.624  52.465 0.0000000000
53473  15.133  -32.551  53.234 0.0000000000
52250  13.851  -32.918  53.140 0.0000000000
52251  13.355  -32.777  53.477 0.0000000000
53476  12.773  -32.553  54.049 0.0000000000
65123  7.728  -23.272  49.475 0.0000000000
66391  6.325  -22.506  49.602 0.0000000000
65130  7.520  -23.057  48.672 0.0000000000
66410  6.982  -22.614  48.158 0.0000000000
146598  6.738  -22.491  47.306 0.0000000000
65143  8.675  -23.428  46.340 0.0000000000
66421  7.984  -22.831  46.200 0.0000000000
66422  7.330  -22.658  46.759 0.0000000000
66423  6.602  -22.442  46.520 0.0000000000
66434  6.525  -22.429  45.726 0.0000000000
146001  6.564  -22.435  44.934 0.0000000000
49650  -0.477  -35.140  48.294 0.0000000000
51021  -0.517  -34.147  48.465 0.0000000000
51009  -0.355  -33.532  50.033 0.0000000000
52275  1.407  -33.240  51.415 0.0000000000
53499  1.645  -32.292  51.663 0.0000000000
53484  1.987  -31.418  52.840 0.0000000000
54821  2.204  -30.918  53.326 0.0000000000
56072  3.159  -30.392  54.467 0.0000000000
58695  10.297  -28.311  56.063 0.0000000000
171171  9.705  -27.758  56.031 0.0000000000
59987  10.334  -27.585  55.736 0.0000000000
61275  9.962  -26.871  55.359 0.0000000000
152310  9.225  -26.489  55.605 0.0000000000
146376  11.206  -26.770  53.251 0.0000000000
61282  10.355  -26.606  54.521 0.0000000000
61283  9.662  -26.309  54.916 0.0000000000
62595  9.295  -25.827  54.620 0.0000000000
62596  8.827  -25.281  54.331 0.0000000000
62605  8.914  -24.987  53.386 0.0000000000
62614  9.700  -25.362  52.125 0.0000000000
46944  7.023  -37.762  52.088 0.0000000000
158324  6.972  -37.755  51.033 0.0000000000
162305  6.355  -37.547  51.118 0.0000000000
46956  5.106  -36.932  50.224 0.0000000000
48334  4.253  -36.219  50.002 0.0000000000
48340  3.938  -36.127  49.283 0.0000000000
48352  1.835  -36.639  47.762 0.0000000000
46964  0.930  -36.906  47.959 0.0000000000
48344  0.139  -36.371  48.623 0.0000000000
53514  3.151  -32.270  48.415 0.0000000000
53526  2.676  -32.561  46.979 0.0000000000
53513  3.981  -32.374  48.380 0.0000000000
54836  5.062  -31.305  49.728 0.0000000000
157675  5.497  -31.539  49.115 0.0000000000
53512  4.866  -32.398  48.153 0.0000000000
172849  5.520  -32.295  47.855 0.0000000000
53522  5.890  -32.321  47.258 0.0000000000
54846  6.531  -31.683  47.160 0.0000000000
62655  3.998  -25.368  48.368 0.0000000000
61353  4.548  -26.021  47.808 0.0000000000
61359  5.499  -26.638  46.792 0.0000000000
61360  4.438  -25.699  46.402 0.0000000000
61358  5.769  -26.596  46.075 0.0000000000
60048  7.395  -27.532  45.626 0.0000000000
58775  8.214  -28.380  45.222 0.0000000000
153994  8.428  -30.080  43.130 0.0000000000
54920  7.705  -31.215  41.824 0.0000000000
56171  8.486  -29.971  42.315 0.0000000000
160713  8.715  -29.258  42.818 0.0000000000
158766  8.788  -29.206  41.996 0.0000000000
61385  7.502  -26.832  43.462 0.0000000000
150739  8.610  -27.879  42.843 0.0000000000
168446  8.952  -28.421  41.624 0.0000000000
156050  8.930  -27.645  41.172 0.0000000000
170330  9.176  -27.584  40.271 0.0000000000
65205  -0.570  -23.391  39.459 0.0000000000
64006  -0.507  -24.939  39.887 0.0000000000
61445  -0.227  -26.114  40.291 0.0000000000
61469  -0.232  -26.307  39.410 0.0000000000
61483  1.023  -27.105  38.008 0.0000000000
48566  1.226  -35.972  34.285 0.0000000000
50979  4.826  -33.863  53.915 0.0000000000
50980  4.464  -33.994  53.948 0.0000000000
52246  5.005  -33.295  54.218 0.0000000000
163280  7.109  -31.163  53.286 0.0000000000
56077  8.062  -30.111  53.632 0.0000000000
157032  9.481  -29.507  55.479 0.0000000000
57376  9.556  -28.976  55.919 0.0000000000
54808  11.757  -31.271  54.821 0.0000000000
56065  11.256  -30.708  55.064 0.0000000000
56057  11.388  -30.586  55.454 0.0000000000
57378  12.470  -30.126  56.095 0.0000000000
57379  11.633  -30.166  56.050 0.0000000000
57374  11.134  -29.509  56.029 0.0000000000
58694  11.023  -28.829  56.102 0.0000000000
168833  10.910  -28.185  55.875 0.0000000000
59986  11.285  -27.795  55.369 0.0000000000
61291  13.846  -26.478  53.703 0.0000000000
56125  18.502  -29.567  44.429 0.0000000000
57460  18.039  -29.781  44.905 0.0000000000
56126  17.504  -30.108  45.264 0.0000000000
148610  16.953  -30.599  45.027 0.0000000000
56127  16.614  -31.038  45.635 0.0000000000
53530  15.779  -31.786  45.468 0.0000000000
170190  13.792  -32.390  45.681 0.0000000000
56095  16.387  -30.885  48.477 0.0000000000
163580  15.816  -32.497  48.536 0.0000000000
53510  15.918  -32.166  47.799 0.0000000000
53519  15.530  -32.363  47.220 0.0000000000
53532  14.341  -32.762  47.060 0.0000000000
52290  13.234  -32.569  46.499 0.0000000000
162539  9.295  -36.511  49.209 0.0000000000
46950  8.611  -37.687  49.841 0.0000000000
46951  8.198  -37.755  50.576 0.0000000000
48326  8.267  -36.908  51.011 0.0000000000
52271  11.079  -33.582  51.584 0.0000000000
50996  10.517  -34.417  51.207 0.0000000000
49628  9.981  -35.013  50.875 0.0000000000
157181  9.191  -35.310  51.145 0.0000000000
174724  7.745  -36.800  51.659 0.0000000000
48321  7.107  -37.041  52.302 0.0000000000
49625  6.072  -35.177  52.912 0.0000000000
50988  7.055  -34.169  52.290 0.0000000000
50989  6.473  -34.727  52.651 0.0000000000
49620  5.627  -35.719  53.025 0.0000000000
50983  5.335  -34.936  53.479 0.0000000000
50984  4.833  -34.608  53.686 0.0000000000
62607  4.104  -24.873  54.079 0.0000000000
61307  5.060  -25.921  52.976 0.0000000000
63880  3.885  -24.547  52.421 0.0000000000
66362  2.973  -22.547  53.356 0.0000000000
170564  2.491  -23.126  52.679 0.0000000000
63892  3.168  -24.311  51.706 0.0000000000
63902  2.694  -24.378  50.116 0.0000000000
66384  5.641  -22.335  50.165 0.0000000000
67721  3.764  -21.903  50.255 0.0000000000
67730  3.905  -22.213  49.184 0.0000000000
67722  2.660  -21.742  50.826 0.0000000000
67724  1.431  -22.416  51.038 0.0000000000
65117  0.976  -23.129  50.232 0.0000000000
63912  2.013  -24.210  49.599 0.0000000000
146116  1.513  -24.096  49.098 0.0000000000
63922  1.669  -24.248  48.368 0.0000000000
169986  1.754  -24.389  47.716 0.0000000000
66415  0.129  -22.339  48.023 0.0000000000
65131  0.384  -23.328  48.381 0.0000000000
62672  1.482  -24.466  47.134 0.0000000000
63945  0.888  -24.140  47.116 0.0000000000
62685  1.099  -24.523  46.400 0.0000000000
62686  0.564  -24.536  45.722 0.0000000000
59998  18.614  -27.419  53.486 0.0000000000
56124  19.201  -29.350  43.973 0.0000000000
57465  21.400  -28.862  44.614 0.0000000000
57457  21.922  -28.893  45.440 0.0000000000
58770  19.372  -28.615  46.429 0.0000000000
58748  17.756  -28.293  48.886 0.0000000000
58755  20.975  -28.388  48.279 0.0000000000
58747  20.162  -28.025  49.194 0.0000000000
156569  -0.455  -34.831  45.358 0.0000000000
51038  -0.619  -34.257  44.616 0.0000000000
52314  -0.578  -33.762  44.847 0.0000000000
53561  -0.409  -33.264  45.154 0.0000000000
155472  0.849  -32.420  47.079 0.0000000000
169970  1.805  -32.393  47.451 0.0000000000
52284  -0.562  -33.235  48.598 0.0000000000
53517  0.051  -32.206  48.913 0.0000000000
54840  0.557  -32.093  49.385 0.0000000000
53516  0.794  -32.195  48.566 0.0000000000
53515  1.718  -32.208  48.336 0.0000000000
54843  2.424  -32.033  48.826 0.0000000000
54837  3.149  -31.619  49.968 0.0000000000
56087  3.794  -31.036  50.858 0.0000000000
57411  3.906  -29.898  52.122 0.0000000000
57404  4.720  -29.118  52.286 0.0000000000
60010  4.840  -27.809  53.133 0.0000000000
61296  4.584  -26.370  53.788 0.0000000000
52247  4.628  -33.278  54.346 0.0000000000
53470  4.404  -32.673  54.563 0.0000000000
146841  4.239  -31.854  54.704 0.0000000000
56071  4.679  -30.757  54.611 0.0000000000
54803  4.174  -30.988  54.916 0.0000000000
54813  3.735  -31.112  54.838 0.0000000000
56062  3.744  -30.343  54.954 0.0000000000
57386  3.706  -29.568  55.161 0.0000000000
158470  8.405  -27.524  56.243 0.0000000000
170886  6.933  -27.785  55.945 0.0000000000
163793  7.602  -26.812  56.481 0.0000000000
59981  6.836  -27.054  56.464 0.0000000000
58699  6.048  -27.913  56.020 0.0000000000
58709  4.424  -28.848  55.606 0.0000000000
152911  3.743  -28.691  55.586 0.0000000000
58716  3.259  -28.845  54.923 0.0000000000
59997  3.472  -27.861  55.556 0.0000000000
60005  3.505  -28.042  54.633 0.0000000000
61274  3.754  -26.202  56.420 0.0000000000
155715  3.468  -26.942  55.690 0.0000000000
59996  3.548  -27.199  54.983 0.0000000000
61285  3.932  -26.591  54.468 0.0000000000
62598  4.046  -25.762  54.378 0.0000000000
152653  3.530  -23.457  55.351 0.0000000000
66356  4.049  -22.581  54.873 0.0000000000
66355  4.737  -22.743  55.171 0.0000000000
66359  4.925  -22.402  54.266 0.0000000000
160671  5.035  -22.152  53.303 0.0000000000
66368  5.498  -22.296  52.523 0.0000000000
153440  6.422  -22.681  51.457 0.0000000000
63870  8.465  -24.450  52.897 0.0000000000
63878  8.616  -24.342  52.063 0.0000000000
63890  8.245  -23.900  51.679 0.0000000000
63889  8.712  -24.191  51.274 0.0000000000
65109  7.660  -23.514  51.758 0.0000000000
65108  8.079  -23.635  50.928 0.0000000000
65115  7.632  -23.303  50.294 0.0000000000
65129  8.265  -23.527  48.665 0.0000000000
54873  16.759  -30.423  43.785 0.0000000000
150329  15.750  -31.171  43.249 0.0000000000
54888  15.528  -31.403  43.698 0.0000000000
160839  6.317  -37.938  49.832 0.0000000000
45570  6.254  -38.039  49.169 0.0000000000
45579  6.155  -38.070  48.272 0.0000000000
45588  5.236  -37.885  46.842 0.0000000000
173823  -0.607  -34.861  42.050 0.0000000000
174233  2.382  -32.685  46.212 0.0000000000
52312  1.955  -32.878  44.874 0.0000000000
52313  1.610  -32.994  43.951 0.0000000000
161251  2.683  -33.244  44.150 0.0000000000
53593  0.126  -32.926  41.837 0.0000000000
146158  -0.326  -34.263  40.087 0.0000000000
49756  -0.119  -35.313  38.958 0.0000000000
51113  1.095  -34.053  39.444 0.0000000000
49855  0.443  -34.709  34.763 0.0000000000
61306  5.414  -26.585  52.433 0.0000000000
61317  5.651  -26.869  51.573 0.0000000000
58739  6.417  -28.891  50.487 0.0000000000
61330  5.576  -26.836  50.515 0.0000000000
60024  6.380  -28.118  50.263 0.0000000000
57423  6.920  -29.660  49.506 0.0000000000
56097  6.845  -30.699  48.427 0.0000000000
145324  6.688  -31.169  47.835 0.0000000000
53534  6.310  -32.238  46.477 0.0000000000
61346  5.210  -26.594  48.558 0.0000000000
151013  5.863  -27.133  48.092 0.0000000000
58759  7.135  -28.159  47.849 0.0000000000
145780  7.925  -28.929  46.773 0.0000000000
150502  7.677  -28.841  47.499 0.0000000000
147931  7.579  -30.196  47.142 0.0000000000
54855  6.943  -31.476  46.412 0.0000000000
53559  5.930  -32.982  44.682 0.0000000000
52318  5.234  -33.322  43.276 0.0000000000
52344  4.556  -33.734  41.819 0.0000000000
51075  4.242  -34.015  40.892 0.0000000000
148802  4.986  -33.484  41.015 0.0000000000
51110  3.906  -34.188  40.028 0.0000000000
51111  3.488  -34.295  39.206 0.0000000000
51153  1.835  -34.196  37.161 0.0000000000
52469  0.688  -33.606  35.146 0.0000000000
51206  1.011  -34.525  34.239 0.0000000000
51222  1.953  -34.525  33.479 0.0000000000
173048  7.613  -31.275  41.145 0.0000000000
54944  7.011  -31.793  39.795 0.0000000000
53617  6.354  -32.252  38.483 0.0000000000
53633  6.344  -32.304  37.612 0.0000000000
155092  4.985  -33.733  35.208 0.0000000000
159791  8.811  -22.598  43.426 0.0000000000
66462  7.300  -22.438  43.642 0.0000000000
147258  6.592  -22.439  44.155 0.0000000000
66490  7.667  -22.207  42.093 0.0000000000
66463  6.482  -22.430  43.372 0.0000000000
66446  5.207  -22.489  44.421 0.0000000000
66447  4.276  -22.464  44.547 0.0000000000
66448  3.454  -22.377  44.734 0.0000000000
66449  2.561  -22.243  44.990 0.0000000000
67772  3.159  -21.864  43.312 0.0000000000
66466  2.853  -22.119  44.133 0.0000000000
66450  1.474  -22.053  45.270 0.0000000000
67756  -0.075  -22.166  45.330 0.0000000000
165507  -0.505  -22.800  45.450 0.0000000000
63955  -0.079  -24.617  45.051 0.0000000000
173320  2.174  -20.718  41.595 0.0000000000
69149  0.882  -20.771  42.822 0.0000000000
173835  -0.517  -20.989  42.574 0.0000000000
69140  -0.260  -20.825  42.935 0.0000000000
67776  -0.154  -21.565  43.655 0.0000000000
66451  -0.761  -22.848  44.584 0.0000000000
63963  -0.536  -24.326  44.587 0.0000000000
62702  1.211  -25.184  44.695 0.0000000000
62708  2.712  -25.453  44.059 0.0000000000
172851  4.420  -25.702  42.842 0.0000000000
61404  2.402  -26.203  42.505 0.0000000000
61402  4.566  -25.967  42.343 0.0000000000
145860  5.341  -25.930  42.588 0.0000000000
61419  6.825  -26.174  41.534 0.0000000000
61418  7.788  -26.302  41.158 0.0000000000
61443  1.325  -26.479  40.296 0.0000000000
173682  3.696  -26.212  40.398 0.0000000000
61462  6.676  -25.825  40.097 0.0000000000
153947  7.410  -25.973  40.424 0.0000000000
58816  9.361  -27.844  39.572 0.0000000000
44231  7.644  -38.431  49.583 0.0000000000
44232  8.054  -38.737  48.773 0.0000000000
44240  7.667  -38.863  48.369 0.0000000000
44249  7.555  -38.889  47.556 0.0000000000
45558  7.052  -37.772  51.912 0.0000000000
45559  6.713  -37.686  51.765 0.0000000000
45561  7.233  -37.744  51.209 0.0000000000
45563  7.653  -37.950  50.621 0.0000000000
45565  6.667  -37.860  50.419 0.0000000000
45567  8.087  -38.454  49.451 0.0000000000
45568  7.923  -38.511  49.478 0.0000000000
46945  6.700  -37.537  52.213 0.0000000000
46948  7.576  -37.567  51.398 0.0000000000
46949  6.101  -37.337  51.731 0.0000000000
46955  5.631  -37.489  49.593 0.0000000000
48317  6.033  -36.419  52.740 0.0000000000
48320  4.422  -35.616  53.028 0.0000000000
48323  5.607  -36.482  52.509 0.0000000000
48324  4.907  -36.091  52.516 0.0000000000
48331  3.677  -35.745  50.580 0.0000000000
48587  0.799  -36.257  33.183 0.0000000000
48606  0.584  -36.576  32.245 0.0000000000
49621  5.114  -35.396  53.368 0.0000000000
49627  2.700  -35.010  51.695 0.0000000000
49639  1.402  -34.759  50.462 0.0000000000
50993  13.769  -34.379  51.084 0.0000000000
51008  0.040  -33.980  50.530 0.0000000000
51011  13.907  -34.078  49.477 0.0000000000
51017  13.221  -33.418  49.060 0.0000000000
51077  3.042  -34.185  41.342 0.0000000000
51078  -0.591  -34.413  41.560 0.0000000000
51112  2.342  -34.378  39.048 0.0000000000
51135  2.179  -34.371  38.058 0.0000000000
51154  0.624  -34.010  37.420 0.0000000000
51192  1.782  -33.736  35.067 0.0000000000
51207  0.325  -33.928  34.889 0.0000000000
52249  14.234  -33.131  52.838 0.0000000000
52258  13.374  -33.119  52.650 0.0000000000
52277  14.671  -34.335  50.757 0.0000000000
52278  -0.099  -33.299  50.513 0.0000000000
52289  13.676  -32.792  47.194 0.0000000000
52321  3.047  -33.473  43.270 0.0000000000
52323  -0.616  -33.822  43.579 0.0000000000
52336  1.675  -33.205  42.335 0.0000000000
52343  5.272  -33.333  41.704 0.0000000000
52346  2.261  -33.696  41.628 0.0000000000
52348  0.382  -33.195  41.294 0.0000000000
52349  -0.189  -33.355  41.424 0.0000000000
52365  0.765  -33.434  40.753 0.0000000000
52366  0.029  -33.486  40.663 0.0000000000
52423  5.142  -33.177  37.727 0.0000000000
52445  0.399  -33.611  35.913 0.0000000000
52446  -0.493  -33.763  35.971 0.0000000000
52470  -0.159  -33.724  35.361 0.0000000000
52491  1.061  -33.807  34.681 0.0000000000
53471  4.042  -32.452  54.689 0.0000000000
53475  13.546  -32.604  53.875 0.0000000000
53498  15.698  -33.326  51.912 0.0000000000
53503  1.017  -32.251  50.509 0.0000000000
53504  0.265  -32.726  50.552 0.0000000000
53507  15.648  -33.286  49.976 0.0000000000
53518  -0.325  -32.604  48.793 0.0000000000
53521  14.957  -32.870  47.537 0.0000000000
53523  5.152  -32.652  47.405 0.0000000000
53528  0.024  -32.552  47.414 0.0000000000
53529  -0.366  -32.816  47.949 0.0000000000
53533  13.974  -32.498  46.331 0.0000000000
53545  6.728  -31.947  45.635 0.0000000000
53548  2.571  -32.897  45.596 0.0000000000
53551  -0.371  -33.052  46.019 0.0000000000
53552  15.829  -31.360  44.065 0.0000000000
53560  0.331  -32.824  44.626 0.0000000000
53567  6.460  -32.439  43.421 0.0000000000
53569  1.037  -32.974  43.046 0.0000000000
53583  0.775  -32.915  42.132 0.0000000000
53591  6.367  -32.370  41.515 0.0000000000
53592  5.835  -32.915  42.055 0.0000000000
53594  -0.347  -33.253  42.204 0.0000000000
53610  5.883  -32.670  39.784 0.0000000000
53634  5.716  -32.774  37.215 0.0000000000
53648  6.408  -32.399  36.649 0.0000000000
54802  11.955  -31.043  55.150 0.0000000000
54806  13.333  -31.252  54.957 0.0000000000
54816  14.929  -32.142  53.745 0.0000000000
54823  15.627  -32.446  52.901 0.0000000000
54876  6.955  -31.852  44.820 0.0000000000
54906  6.964  -31.897  43.071 0.0000000000
54943  7.696  -31.185  39.440 0.0000000000
56054  10.815  -29.998  55.751 0.0000000000
56056  12.181  -30.813  55.761 0.0000000000
56058  10.675  -30.258  55.301 0.0000000000
56060  4.470  -30.182  54.915 0.0000000000
56073  2.585  -30.366  53.743 0.0000000000
56090  5.893  -30.935  49.475 0.0000000000
56096  7.232  -30.456  47.821 0.0000000000
56152  8.020  -30.874  43.368 0.0000000000
56205  8.081  -30.754  41.102 0.0000000000
56218  8.533  -29.951  39.871 0.0000000000
56232  8.197  -30.723  38.777 0.0000000000
57373  11.911  -29.306  56.108 0.0000000000
57375  10.325  -29.129  56.038 0.0000000000
57395  3.231  -29.676  54.645 0.0000000000
57406  2.663  -30.090  52.935 0.0000000000
57422  7.540  -28.943  48.340 0.0000000000
57461  8.206  -29.889  45.459 0.0000000000
57472  8.585  -29.328  43.707 0.0000000000
58706  8.331  -28.151  56.010 0.0000000000
58708  5.384  -28.703  55.520 0.0000000000
58766  7.418  -28.222  46.965 0.0000000000
58797  8.801  -28.478  42.443 0.0000000000
58808  9.086  -28.407  40.778 0.0000000000
58823  9.305  -28.452  39.119 0.0000000000
59980  8.124  -27.022  56.448 0.0000000000
59983  4.692  -27.225  56.465 0.0000000000
59985  12.152  -27.948  55.207 0.0000000000
60032  6.532  -27.705  48.487 0.0000000000
60044  6.296  -27.137  46.743 0.0000000000
60066  8.169  -27.213  42.795 0.0000000000
61270  7.789  -26.554  56.450 0.0000000000
61272  5.395  -25.959  56.721 0.0000000000
61273  4.558  -26.499  56.614 0.0000000000
61276  9.329  -27.150  55.944 0.0000000000
61278  3.387  -26.179  56.041 0.0000000000
61347  4.527  -26.009  48.635 0.0000000000
61366  6.064  -26.465  45.306 0.0000000000
61375  6.981  -26.702  44.295 0.0000000000
61403  3.962  -25.836  42.640 0.0000000000
61406  0.614  -25.732  42.741 0.0000000000
61407  -0.097  -25.700  42.140 0.0000000000
61420  5.921  -26.139  41.932 0.0000000000
61421  4.489  -26.277  41.541 0.0000000000
61424  1.474  -26.416  41.202 0.0000000000
61438  8.670  -26.843  40.735 0.0000000000
61444  0.385  -26.507  39.877 0.0000000000
61466  2.181  -26.450  39.783 0.0000000000
61484  0.254  -26.750  38.172 0.0000000000
61485  -0.125  -26.434  38.754 0.0000000000
61497  -0.139  -26.249  38.254 0.0000000000
62586  7.446  -25.981  56.471 0.0000000000
62589  3.868  -25.283  56.649 0.0000000000
62597  7.981  -25.218  55.678 0.0000000000
62604  9.425  -25.503  53.744 0.0000000000
62645  2.344  -24.456  48.776 0.0000000000
62670  3.067  -24.876  47.360 0.0000000000
62693  2.974  -25.105  45.787 0.0000000000
62696  0.682  -24.875  45.114 0.0000000000
62703  0.435  -25.121  44.477 0.0000000000
62709  1.754  -25.456  44.067 0.0000000000
62712  -0.125  -24.921  43.288 0.0000000000
62741  -0.481  -25.443  40.718 0.0000000000
62758  -0.500  -25.773  39.688 0.0000000000
63865  3.283  -24.522  56.123 0.0000000000
63879  8.066  -23.931  52.364 0.0000000000
63881  3.118  -23.799  52.609 0.0000000000
63891  4.019  -24.809  51.589 0.0000000000
63903  1.943  -23.905  50.445 0.0000000000
63913  0.760  -23.388  49.571 0.0000000000
63924  0.586  -23.524  48.980 0.0000000000
63933  1.201  -24.069  47.895 0.0000000000
63934  0.690  -23.693  47.753 0.0000000000
63946  0.475  -24.157  46.397 0.0000000000
63947  0.469  -23.707  46.981 0.0000000000
63956  -0.087  -24.135  45.777 0.0000000000
63975  -0.573  -24.772  42.156 0.0000000000
64020  -0.648  -25.310  39.117 0.0000000000
65079  4.754  -23.575  56.315 0.0000000000
65081  3.462  -24.052  56.406 0.0000000000
65082  5.996  -23.560  55.511 0.0000000000
65084  4.258  -23.218  56.215 0.0000000000
65088  5.522  -22.944  55.005 0.0000000000
65101  2.714  -22.779  52.988 0.0000000000
65102  1.936  -22.968  52.265 0.0000000000
65111  1.531  -22.966  51.778 0.0000000000
65114  8.170  -23.596  50.115 0.0000000000
65118  0.589  -23.062  49.752 0.0000000000
65124  0.422  -23.182  49.352 0.0000000000
65132  0.087  -22.808  48.243 0.0000000000
65152  -0.334  -23.470  45.819 0.0000000000
65161  -0.798  -23.714  44.556 0.0000000000
65169  -0.633  -23.275  43.603 0.0000000000
65175  -0.506  -23.205  42.529 0.0000000000
66353  4.111  -22.898  55.729 0.0000000000
66357  3.470  -22.550  54.337 0.0000000000
66358  3.182  -22.644  53.987 0.0000000000
66361  3.228  -22.412  53.812 0.0000000000
66379  1.284  -22.878  51.083 0.0000000000
66383  6.404  -22.622  50.536 0.0000000000
66393  4.774  -22.290  48.898 0.0000000000
66394  0.378  -22.902  49.421 0.0000000000
66399  6.988  -22.718  49.099 0.0000000000
66401  4.293  -22.307  48.472 0.0000000000
66403  3.231  -22.229  47.897 0.0000000000
66412  5.405  -22.371  47.602 0.0000000000
66428  0.279  -22.606  46.661 0.0000000000
66433  7.254  -22.462  45.280 0.0000000000
66439  0.575  -22.236  45.895 0.0000000000
66461  8.194  -22.514  44.037 0.0000000000
66464  5.883  -22.458  43.879 0.0000000000
66475  7.097  -22.371  42.776 0.0000000000
66478  4.927  -22.303  42.885 0.0000000000
66491  6.772  -22.180  42.008 0.0000000000
66517  -0.555  -22.526  39.696 0.0000000000
67699  3.686  -21.927  53.817 0.0000000000
67701  3.121  -22.216  53.370 0.0000000000
67707  3.620  -21.726  52.235 0.0000000000
67709  2.719  -22.333  52.840 0.0000000000
67716  1.827  -21.961  51.642 0.0000000000
67723  1.715  -21.935  50.845 0.0000000000
67731  1.199  -22.131  50.284 0.0000000000
67748  0.565  -22.065  48.429 0.0000000000
67755  0.561  -21.899  45.125 0.0000000000
67760  1.950  -21.859  44.372 0.0000000000
67775  0.538  -21.452  43.853 0.0000000000
67787  1.674  -21.255  43.055 0.0000000000
67788  -0.549  -21.574  42.930 0.0000000000
67806  -0.592  -20.689  41.380 0.0000000000
67823  4.737  -21.391  40.734 0.0000000000
67846  6.507  -21.522  39.834 0.0000000000
69139  0.147  -20.861  43.268 0.0000000000
69148  1.817  -20.862  42.221 0.0000000000
69150  0.026  -20.435  42.679 0.0000000000
69166  -0.022  -20.114  41.931 0.0000000000
70461  -0.056  -19.745  41.204 0.0000000000
70475  0.972  -19.491  40.330 0.0000000000
70477  -0.373  -19.761  40.604 0.0000000000
145307  12.609  -32.837  48.051 0.0000000000
145725  3.239  -26.223  42.244 0.0000000000
146006  3.811  -26.400  41.144 0.0000000000
146284  4.240  -22.446  45.884 0.0000000000
146317  2.538  -24.115  51.003 0.0000000000
147075  -0.618  -23.997  45.205 0.0000000000
147079  8.013  -30.069  46.042 0.0000000000
147148  3.887  -33.918  42.339 0.0000000000
147209  1.571  -20.458  41.497 0.0000000000
147513  7.932  -38.288  50.083 0.0000000000
147637  5.236  -22.395  46.842 0.0000000000
147641  0.796  -23.721  48.375 0.0000000000
147703  7.256  -22.537  46.008 0.0000000000
148357  13.664  -31.821  54.478 0.0000000000
149147  14.620  -32.063  44.744 0.0000000000
149836  4.439  -31.433  54.655 0.0000000000
150755  6.195  -37.222  52.187 0.0000000000
151569  2.208  -21.941  49.387 0.0000000000
151940  -0.418  -22.152  44.284 0.0000000000
152268  -0.656  -33.937  44.241 0.0000000000
152269  2.163  -22.115  52.371 0.0000000000
152851  0.174  -23.079  48.934 0.0000000000
153134  3.745  -31.750  54.726 0.0000000000
153260  2.997  -33.936  53.253 0.0000000000
153776  5.737  -22.414  43.140 0.0000000000
156119  3.403  -23.322  54.614 0.0000000000
156702  4.337  -25.627  47.085 0.0000000000
156962  4.447  -34.715  53.702 0.0000000000
157271  2.379  -33.752  52.607 0.0000000000
160353  6.289  -36.278  52.699 0.0000000000
161071  1.887  -23.643  51.215 0.0000000000
161201  8.251  -38.491  48.918 0.0000000000
161708  1.980  -22.311  46.691 0.0000000000
162155  0.577  -22.094  47.792 0.0000000000
162460  13.760  -34.364  50.530 0.0000000000
163317  10.208  -32.289  52.470 0.0000000000
164772  -0.726  -20.861  40.613 0.0000000000
164836  4.836  -36.414  51.401 0.0000000000
165528  -0.068  -22.510  45.944 0.0000000000
165815  7.360  -22.766  47.454 0.0000000000
166176  -0.271  -24.600  42.867 0.0000000000
166667  5.993  -22.464  44.551 0.0000000000
166986  5.391  -33.319  53.959 0.0000000000
167291  4.860  -25.682  43.073 0.0000000000
167539  4.011  -22.478  45.220 0.0000000000
168124  13.658  -33.090  47.969 0.0000000000
168364  1.125  -32.792  44.506 0.0000000000
169668  5.563  -22.364  48.345 0.0000000000
169759  2.739  -24.507  49.390 0.0000000000
170109  0.201  -32.947  43.287 0.0000000000
170218  2.747  -32.561  53.825 0.0000000000
170916  7.789  -29.475  47.155 0.0000000000
171717  4.352  -21.918  50.742 0.0000000000
171925  1.771  -26.990  37.802 0.0000000000
172042  7.094  -31.580  45.332 0.0000000000
172459  -0.502  -24.058  40.094 0.0000000000
172543  6.921  -31.866  40.478 0.0000000000
172948  -0.662  -21.342  41.148 0.0000000000
173150  -0.383  -33.478  43.743 0.0000000000
173649  8.720  -23.830  48.320 0.0000000000
173733  4.867  -33.415  38.850 0.0000000000
173959  5.100  -34.315  53.690 0.0000000000
174007  7.395  -26.356  41.761 0.0000000000
174010  9.199  -26.132  55.178 0.0000000000
