#!ascii label  , from subject sub-v2s9x29175_ses-1 vox2ras=TkReg
1067
50787  28.408  -22.703  -3.008 0.0000000000
70608  37.868  -2.163  -17.716 0.0000000000
58738  30.510  -14.418  -10.928 0.0000000000
44905  10.558  -28.323  4.706 0.0000000000
53568  22.812  -18.878  0.168 0.0000000000
63624  30.317  -9.537  -12.984 0.0000000000
116512  16.238  -24.521  1.277 0.0000000000
132387  15.636  -28.473  4.755 0.0000000000
50767  18.787  -21.801  -0.295 0.0000000000
71493  42.630  -1.364  -18.243 0.0000000000
136898  25.818  -18.327  -1.264 0.0000000000
57673  27.352  -15.764  -3.594 0.0000000000
54653  31.181  -19.271  -2.201 0.0000000000
136085  39.601  2.838  -18.740 0.0000000000
75168  43.028  2.967  -21.236 0.0000000000
129423  34.592  -2.647  -14.886 0.0000000000
67783  38.340  -5.736  -14.849 0.0000000000
65670  33.885  -7.854  -14.977 0.0000000000
61658  35.333  -12.094  -11.712 0.0000000000
48795  26.425  -25.199  1.228 0.0000000000
42076  9.006  -32.034  7.291 0.0000000000
40371  4.492  -33.952  6.540 0.0000000000
38489  3.414  -35.513  10.487 0.0000000000
51709  24.777  -22.039  -1.266 0.0000000000
138788  22.350  -23.466  0.257 0.0000000000
58692  26.333  -14.284  -7.533 0.0000000000
136634  31.540  -15.451  -4.815 0.0000000000
114889  46.042  6.978  -21.660 0.0000000000
70618  39.850  -1.933  -18.149 0.0000000000
69688  40.007  -3.362  -16.402 0.0000000000
53603  26.976  -20.092  -2.986 0.0000000000
54667  28.167  -18.584  -3.905 0.0000000000
51726  29.975  -21.081  -3.288 0.0000000000
72324  36.930  -0.273  -17.035 0.0000000000
75130  38.683  2.058  -17.024 0.0000000000
73284  38.505  0.720  -18.587 0.0000000000
134563  40.555  0.542  -19.783 0.0000000000
35138  4.703  -39.996  7.996 0.0000000000
67794  33.810  -5.584  -15.561 0.0000000000
66777  32.143  -6.320  -14.188 0.0000000000
61679  30.296  -11.981  -12.712 0.0000000000
61696  32.427  -11.199  -13.705 0.0000000000
59699  33.126  -13.626  -11.540 0.0000000000
133228  33.694  -14.633  -8.443 0.0000000000
119474  12.702  -28.447  4.409 0.0000000000
43857  14.060  -29.082  6.578 0.0000000000
43860  11.730  -29.788  6.050 0.0000000000
42075  11.070  -31.012  7.773 0.0000000000
42978  9.346  -30.148  5.576 0.0000000000
42967  4.921  -31.112  6.987 0.0000000000
39461  3.590  -34.493  8.353 0.0000000000
117342  23.779  -20.414  -0.587 0.0000000000
49832  23.568  -23.048  -1.407 0.0000000000
51696  21.790  -21.186  -1.356 0.0000000000
48800  19.132  -24.542  1.595 0.0000000000
51655  19.933  -21.624  2.755 0.0000000000
57638  29.470  -15.429  -1.604 0.0000000000
57688  28.753  -15.286  -4.073 0.0000000000
65654  31.958  -7.029  -12.427 0.0000000000
63597  30.111  -9.599  -10.604 0.0000000000
60660  28.606  -12.583  -11.210 0.0000000000
47775  18.429  -26.105  1.673 0.0000000000
45889  17.672  -27.919  4.460 0.0000000000
45907  16.420  -27.046  2.409 0.0000000000
45902  13.618  -27.152  3.357 0.0000000000
46798  11.761  -26.193  4.853 0.0000000000
53583  20.340  -19.178  -1.289 0.0000000000
54602  17.906  -19.050  0.076 0.0000000000
50757  16.969  -23.130  0.269 0.0000000000
56646  24.511  -16.363  -0.622 0.0000000000
57676  23.868  -15.226  -3.616 0.0000000000
138489  25.978  -17.506  -3.320 0.0000000000
55679  29.223  -17.283  -2.444 0.0000000000
77854  42.733  5.302  -20.493 0.0000000000
75162  41.449  2.945  -20.536 0.0000000000
73303  42.744  0.913  -20.364 0.0000000000
70597  35.624  -2.686  -16.506 0.0000000000
68748  37.782  -3.902  -16.255 0.0000000000
68742  35.177  -4.596  -16.130 0.0000000000
66775  36.591  -6.999  -15.235 0.0000000000
63641  36.851  -9.030  -13.596 0.0000000000
64666  31.852  -8.366  -14.163 0.0000000000
62654  34.579  -10.609  -13.957 0.0000000000
48838  27.784  -24.330  -1.189 0.0000000000
50764  29.887  -23.089  -0.896 0.0000000000
71452  36.090  -0.893  -14.612 0.0000000000
45885  7.737  -27.993  5.936 0.0000000000
42980  7.201  -30.045  5.595 0.0000000000
41225  6.732  -32.762  6.230 0.0000000000
119519  6.659  -34.717  7.493 0.0000000000
37585  5.347  -36.301  7.062 0.0000000000
118652  3.803  -37.475  7.619 0.0000000000
36760  3.151  -38.079  9.937 0.0000000000
35089  1.805  -39.740  11.429 0.0000000000
50789  26.761  -22.831  -2.463 0.0000000000
48864  25.363  -24.348  -1.389 0.0000000000
48797  24.547  -24.892  1.048 0.0000000000
51681  20.090  -21.478  0.266 0.0000000000
58725  27.885  -14.424  -9.421 0.0000000000
57706  25.995  -15.964  -5.901 0.0000000000
56743  28.845  -16.149  -6.771 0.0000000000
57755  31.513  -15.279  -8.278 0.0000000000
51675  31.752  -21.524  0.386 0.0000000000
79648  47.534  7.265  -23.180 0.0000000000
77858  44.780  5.518  -21.714 0.0000000000
115123  46.956  5.401  -22.978 0.0000000000
135040  38.579  -2.137  -17.915 0.0000000000
70606  40.104  -2.462  -17.574 0.0000000000
70595  38.582  -2.728  -17.321 0.0000000000
51729  27.787  -21.367  -3.418 0.0000000000
52669  28.132  -20.652  -3.720 0.0000000000
50796  28.904  -22.031  -3.365 0.0000000000
71485  36.783  -1.031  -17.290 0.0000000000
73275  37.510  0.372  -17.483 0.0000000000
72350  38.003  -0.816  -18.310 0.0000000000
71497  38.784  -1.071  -18.605 0.0000000000
34325  3.820  -40.739  8.361 0.0000000000
67776  32.755  -4.964  -13.545 0.0000000000
67768  32.571  -5.581  -12.974 0.0000000000
59701  30.776  -13.559  -11.869 0.0000000000
59717  31.143  -13.051  -12.329 0.0000000000
58755  31.779  -14.188  -11.170 0.0000000000
59668  33.696  -14.196  -10.093 0.0000000000
58720  32.518  -14.629  -9.585 0.0000000000
44904  11.382  -28.612  4.690 0.0000000000
43873  12.277  -29.357  5.655 0.0000000000
43874  11.588  -29.300  5.344 0.0000000000
42977  10.579  -30.201  5.995 0.0000000000
44879  9.943  -28.880  5.030 0.0000000000
53580  23.349  -19.600  -0.312 0.0000000000
52642  23.148  -20.023  -1.126 0.0000000000
53581  22.597  -19.169  -0.905 0.0000000000
47762  19.307  -25.392  3.330 0.0000000000
59592  23.865  -13.591  -3.488 0.0000000000
126076  30.144  -14.798  -1.669 0.0000000000
61641  28.734  -11.103  -11.136 0.0000000000
130525  28.720  -10.982  -9.330 0.0000000000
47790  17.248  -25.480  1.065 0.0000000000
46830  17.195  -26.792  1.919 0.0000000000
47791  16.130  -25.824  1.838 0.0000000000
47764  14.553  -25.434  3.359 0.0000000000
47765  13.841  -25.631  3.843 0.0000000000
46823  12.810  -27.113  3.620 0.0000000000
131851  19.202  -18.297  0.382 0.0000000000
50744  16.131  -22.373  1.390 0.0000000000
124108  16.612  -22.298  0.554 0.0000000000
48823  16.675  -24.044  0.643 0.0000000000
48822  17.420  -24.739  0.693 0.0000000000
56656  24.751  -16.857  -2.137 0.0000000000
55662  25.126  -17.530  -2.077 0.0000000000
54665  29.950  -19.167  -3.508 0.0000000000
55693  28.748  -17.955  -3.367 0.0000000000
54655  29.695  -18.337  -3.147 0.0000000000
55659  30.340  -17.529  -1.345 0.0000000000
54639  30.858  -18.426  -1.878 0.0000000000
75136  39.165  2.522  -17.525 0.0000000000
76050  40.908  4.110  -19.741 0.0000000000
125044  40.359  2.972  -19.750 0.0000000000
72346  41.141  -0.943  -19.096 0.0000000000
73292  41.263  0.418  -19.936 0.0000000000
72354  42.640  -0.336  -19.478 0.0000000000
70583  35.176  -2.415  -15.709 0.0000000000
69693  35.607  -3.413  -16.450 0.0000000000
69694  34.866  -3.732  -16.139 0.0000000000
66788  33.595  -6.283  -15.307 0.0000000000
66787  34.545  -6.260  -15.550 0.0000000000
65669  35.193  -7.885  -15.132 0.0000000000
64662  36.901  -8.286  -14.362 0.0000000000
64663  35.465  -8.648  -14.814 0.0000000000
64639  31.058  -8.214  -12.628 0.0000000000
130521  31.356  -7.888  -13.352 0.0000000000
64653  30.944  -8.771  -13.314 0.0000000000
61676  33.941  -11.985  -12.969 0.0000000000
61695  33.373  -11.332  -13.614 0.0000000000
61675  34.994  -11.576  -12.687 0.0000000000
62635  35.726  -10.811  -12.796 0.0000000000
48816  27.343  -24.814  0.086 0.0000000000
48814  28.818  -24.464  0.637 0.0000000000
70562  35.266  -2.212  -13.510 0.0000000000
70571  35.202  -1.932  -14.913 0.0000000000
71465  35.607  -1.670  -15.524 0.0000000000
44899  16.283  -28.363  4.521 0.0000000000
134213  16.087  -28.559  6.090 0.0000000000
135963  10.231  -31.385  7.508 0.0000000000
42066  10.678  -31.451  8.526 0.0000000000
42068  9.109  -32.096  8.260 0.0000000000
41213  8.681  -32.583  7.763 0.0000000000
44856  7.227  -28.422  6.424 0.0000000000
44882  7.344  -28.722  5.816 0.0000000000
43861  6.192  -29.617  6.696 0.0000000000
42077  4.523  -31.844  7.167 0.0000000000
42090  5.673  -31.672  6.232 0.0000000000
41226  5.659  -32.702  6.251 0.0000000000
39467  6.909  -33.975  7.211 0.0000000000
39479  6.134  -34.284  6.731 0.0000000000
38519  6.365  -35.479  7.637 0.0000000000
39480  4.453  -34.821  6.563 0.0000000000
124221  3.503  -35.067  9.075 0.0000000000
115730  3.485  -36.135  7.866 0.0000000000
37568  3.429  -36.678  8.539 0.0000000000
127184  3.544  -38.134  7.973 0.0000000000
36743  3.248  -37.226  10.169 0.0000000000
51678  26.014  -21.728  0.128 0.0000000000
51691  26.400  -21.612  -0.798 0.0000000000
51708  25.638  -22.255  -1.652 0.0000000000
49847  26.342  -23.532  -2.187 0.0000000000
50777  24.991  -22.865  -1.829 0.0000000000
138087  22.806  -23.632  -0.505 0.0000000000
48843  23.898  -24.291  -0.747 0.0000000000
49801  22.735  -23.838  0.087 0.0000000000
123642  19.527  -19.659  -1.109 0.0000000000
52645  20.341  -20.097  -1.269 0.0000000000
118370  19.741  -21.543  -0.011 0.0000000000
51654  20.300  -21.522  2.376 0.0000000000
67790  37.784  -5.205  -15.471 0.0000000000
133193  39.295  -4.277  -15.440 0.0000000000
67782  39.146  -5.281  -14.431 0.0000000000
117140  27.105  -12.714  -8.124 0.0000000000
59654  27.224  -13.576  -8.961 0.0000000000
58707  27.451  -14.563  -8.791 0.0000000000
57674  25.242  -16.122  -4.111 0.0000000000
57692  24.747  -15.726  -4.769 0.0000000000
57690  26.856  -15.947  -4.310 0.0000000000
57702  30.547  -15.415  -4.804 0.0000000000
56711  28.596  -16.116  -5.945 0.0000000000
135686  30.402  -15.801  -6.089 0.0000000000
118112  29.909  -15.785  -7.852 0.0000000000
57721  31.262  -15.720  -6.500 0.0000000000
57737  32.989  -15.273  -6.994 0.0000000000
50762  31.172  -22.197  0.036 0.0000000000
114888  47.058  7.413  -22.450 0.0000000000
76066  42.840  3.878  -21.190 0.0000000000
77859  43.340  5.217  -21.075 0.0000000000
77017  44.256  4.207  -21.700 0.0000000000
131735  46.331  4.006  -22.330 0.0000000000
114875  47.034  4.577  -22.752 0.0000000000
49781  15.638  -23.514  2.190 0.0000000000
48786  15.443  -24.431  2.409 0.0000000000
71495  40.603  -1.561  -18.521 0.0000000000
71479  42.270  -1.816  -17.519 0.0000000000
70605  40.937  -2.435  -17.337 0.0000000000
128842  26.675  -19.596  -2.333 0.0000000000
54640  26.249  -18.914  -2.644 0.0000000000
129877  27.700  -19.854  -3.690 0.0000000000
53609  29.291  -19.767  -3.989 0.0000000000
52661  30.478  -20.425  -3.070 0.0000000000
74194  38.352  1.536  -15.679 0.0000000000
74202  37.687  1.070  -16.962 0.0000000000
74208  38.279  1.278  -18.027 0.0000000000
74217  38.838  1.601  -18.544 0.0000000000
74225  39.651  1.346  -19.429 0.0000000000
72358  39.382  0.041  -19.243 0.0000000000
72347  40.195  -0.853  -19.096 0.0000000000
35123  5.353  -39.528  9.176 0.0000000000
128265  34.116  -3.221  -14.350 0.0000000000
69682  33.663  -4.049  -15.383 0.0000000000
130025  33.465  -3.962  -14.576 0.0000000000
67785  32.517  -5.612  -14.554 0.0000000000
118227  32.475  -6.987  -14.555 0.0000000000
62636  29.991  -10.377  -12.789 0.0000000000
130582  31.065  -10.618  -13.474 0.0000000000
60677  31.331  -12.224  -12.902 0.0000000000
60676  32.413  -12.483  -12.827 0.0000000000
60657  33.692  -13.096  -11.903 0.0000000000
59667  34.417  -13.932  -9.909 0.0000000000
58704  34.580  -14.322  -8.602 0.0000000000
47772  26.278  -25.400  2.763 0.0000000000
116672  14.004  -28.656  4.906 0.0000000000
44876  14.512  -28.718  5.653 0.0000000000
43871  13.731  -28.948  5.817 0.0000000000
43858  13.318  -29.374  6.530 0.0000000000
42948  12.323  -30.236  7.379 0.0000000000
42963  10.531  -30.568  6.380 0.0000000000
42964  9.277  -31.048  6.011 0.0000000000
43846  5.777  -30.016  7.385 0.0000000000
42069  4.585  -31.602  8.245 0.0000000000
41216  3.966  -33.164  7.848 0.0000000000
40361  3.742  -33.957  7.585 0.0000000000
40357  3.774  -33.696  8.560 0.0000000000
39456  3.641  -34.181  9.397 0.0000000000
39440  3.437  -34.879  10.946 0.0000000000
51694  24.187  -21.286  -0.840 0.0000000000
50778  24.174  -22.598  -1.495 0.0000000000
51710  23.472  -20.940  -1.229 0.0000000000
51695  22.394  -21.820  -1.323 0.0000000000
50766  21.682  -21.952  -1.046 0.0000000000
49803  19.148  -23.105  0.865 0.0000000000
50754  19.637  -21.990  1.079 0.0000000000
127671  19.344  -22.868  1.688 0.0000000000
125098  38.340  -7.182  -13.672 0.0000000000
59627  25.353  -14.125  -6.417 0.0000000000
57654  28.502  -15.331  -2.642 0.0000000000
57689  27.784  -15.533  -4.041 0.0000000000
57671  28.953  -14.987  -3.068 0.0000000000
57652  29.910  -14.835  -2.724 0.0000000000
114873  45.528  6.858  -21.182 0.0000000000
33479  1.983  -42.128  9.771 0.0000000000
64622  31.935  -7.779  -11.278 0.0000000000
64624  30.650  -8.677  -11.985 0.0000000000
63611  30.133  -9.338  -11.651 0.0000000000
62637  29.442  -10.521  -12.190 0.0000000000
60659  29.206  -12.492  -11.886 0.0000000000
59703  29.087  -13.368  -11.365 0.0000000000
46818  19.070  -26.365  3.181 0.0000000000
46797  18.952  -27.081  5.125 0.0000000000
45897  17.980  -27.346  2.982 0.0000000000
44918  16.755  -27.860  3.403 0.0000000000
44919  16.094  -28.167  3.737 0.0000000000
47763  15.131  -25.632  2.793 0.0000000000
45900  15.564  -27.146  2.838 0.0000000000
44921  14.700  -28.037  3.531 0.0000000000
135496  13.284  -27.703  3.637 0.0000000000
45890  12.061  -27.295  3.968 0.0000000000
45891  11.148  -27.537  4.372 0.0000000000
54620  21.332  -18.310  -0.666 0.0000000000
54601  19.971  -18.062  0.168 0.0000000000
54623  18.490  -18.929  -0.320 0.0000000000
52647  17.695  -20.446  -0.356 0.0000000000
53570  16.898  -20.036  0.713 0.0000000000
52634  17.063  -20.587  0.110 0.0000000000
132657  18.100  -22.234  -0.232 0.0000000000
49804  18.575  -23.785  0.463 0.0000000000
47788  18.875  -25.327  1.551 0.0000000000
58610  23.631  -14.410  -0.597 0.0000000000
58633  23.541  -14.559  -2.368 0.0000000000
57657  23.873  -15.540  -2.098 0.0000000000
56672  24.806  -16.622  -2.851 0.0000000000
56685  26.415  -16.286  -3.653 0.0000000000
54668  27.219  -18.427  -3.712 0.0000000000
55681  27.398  -16.581  -3.160 0.0000000000
56669  28.088  -15.913  -2.574 0.0000000000
56654  29.219  -16.352  -1.740 0.0000000000
134065  29.853  -16.369  -1.012 0.0000000000
77845  42.204  5.365  -19.745 0.0000000000
134619  41.523  3.958  -20.385 0.0000000000
76058  42.185  3.409  -20.873 0.0000000000
73305  40.820  1.293  -20.116 0.0000000000
74239  41.517  1.983  -20.533 0.0000000000
70610  36.315  -2.281  -16.990 0.0000000000
70596  37.600  -2.788  -17.203 0.0000000000
69692  36.270  -3.104  -16.816 0.0000000000
68749  37.115  -4.204  -16.145 0.0000000000
67791  37.039  -5.437  -15.634 0.0000000000
67793  34.614  -5.301  -15.864 0.0000000000
67792  36.306  -5.728  -15.709 0.0000000000
135471  37.276  -6.842  -14.984 0.0000000000
65660  37.682  -7.739  -13.975 0.0000000000
64652  37.505  -8.436  -13.409 0.0000000000
66760  31.861  -6.779  -13.065 0.0000000000
66778  31.930  -7.093  -14.149 0.0000000000
64664  33.494  -8.545  -14.719 0.0000000000
62656  32.438  -10.381  -14.116 0.0000000000
62671  33.234  -10.070  -14.354 0.0000000000
125962  34.551  -9.477  -14.559 0.0000000000
63643  35.706  -9.799  -14.119 0.0000000000
49845  27.937  -23.359  -2.600 0.0000000000
50775  28.759  -23.195  -2.313 0.0000000000
49814  28.583  -24.070  -0.902 0.0000000000
49788  29.656  -24.056  1.006 0.0000000000
72316  36.358  -0.596  -15.598 0.0000000000
71472  36.325  -1.501  -16.786 0.0000000000
45882  9.914  -27.244  4.918 0.0000000000
45873  8.934  -26.969  5.832 0.0000000000
45883  9.268  -27.555  5.228 0.0000000000
43877  8.523  -29.456  5.374 0.0000000000
42979  8.523  -30.454  5.576 0.0000000000
42099  8.192  -31.356  5.854 0.0000000000
42965  6.047  -30.301  6.291 0.0000000000
42089  6.520  -31.372  5.914 0.0000000000
41223  8.294  -32.290  6.557 0.0000000000
41214  8.030  -33.013  7.192 0.0000000000
40356  7.795  -33.612  8.728 0.0000000000
36774  5.800  -37.455  8.196 0.0000000000
38537  3.961  -35.733  6.910 0.0000000000
37586  4.558  -37.013  7.218 0.0000000000
122366  5.533  -38.242  8.148 0.0000000000
135171  4.349  -38.715  7.611 0.0000000000
35972  3.540  -38.974  8.139 0.0000000000
35124  2.858  -39.897  9.609 0.0000000000
36744  2.931  -37.956  10.886 0.0000000000
35940  2.663  -38.840  10.731 0.0000000000
34308  2.453  -40.987  9.698 0.0000000000
51719  27.203  -21.407  -3.001 0.0000000000
51706  26.863  -21.423  -2.285 0.0000000000
50788  27.593  -22.663  -2.891 0.0000000000
49828  26.888  -23.954  -2.119 0.0000000000
48862  26.903  -24.424  -1.402 0.0000000000
48841  25.620  -24.758  -0.608 0.0000000000
48865  24.503  -24.089  -1.379 0.0000000000
48842  24.732  -24.562  -0.734 0.0000000000
48796  25.458  -25.134  1.118 0.0000000000
52656  21.129  -19.687  -1.413 0.0000000000
134455  21.156  -21.377  -1.109 0.0000000000
129349  21.311  -22.266  0.400 0.0000000000
51668  20.170  -21.554  1.588 0.0000000000
51653  20.795  -21.719  1.895 0.0000000000
49790  21.962  -22.959  1.469 0.0000000000
69689  39.084  -3.357  -16.593 0.0000000000
60630  27.766  -12.342  -9.802 0.0000000000
58740  28.384  -14.077  -10.251 0.0000000000
58739  29.244  -14.504  -10.429 0.0000000000
58656  23.777  -14.497  -4.051 0.0000000000
58666  24.877  -14.691  -5.950 0.0000000000
57724  26.247  -15.665  -6.611 0.0000000000
133780  27.411  -15.927  -4.879 0.0000000000
56730  27.516  -16.232  -6.716 0.0000000000
56745  27.344  -15.742  -7.478 0.0000000000
57758  28.240  -15.359  -8.709 0.0000000000
57771  29.677  -15.335  -9.268 0.0000000000
57769  31.193  -15.113  -9.188 0.0000000000
57754  32.296  -15.061  -8.281 0.0000000000
51705  30.047  -22.105  -2.219 0.0000000000
51704  30.735  -21.585  -1.729 0.0000000000
52640  31.907  -20.031  -1.095 0.0000000000
52628  32.445  -20.372  0.250 0.0000000000
53578  31.972  -19.270  -0.899 0.0000000000
80550  47.856  7.979  -23.522 0.0000000000
77857  44.872  6.242  -21.362 0.0000000000
114867  45.337  5.942  -21.951 0.0000000000
76072  44.940  4.074  -21.927 0.0000000000
115202  45.544  5.313  -22.275 0.0000000000
114872  45.906  6.041  -22.383 0.0000000000
138052  47.184  6.050  -23.144 0.0000000000
78722  48.007  6.102  -24.056 0.0000000000
50797  28.109  -22.080  -3.382 0.0000000000
51728  28.531  -21.354  -3.632 0.0000000000
71484  37.391  -1.441  -17.775 0.0000000000
72335  37.370  -0.535  -17.759 0.0000000000
71483  38.238  -1.578  -18.161 0.0000000000
33496  3.705  -41.522  8.767 0.0000000000
58757  30.379  -13.941  -11.457 0.0000000000
58756  31.086  -14.124  -11.371 0.0000000000
58736  32.288  -14.406  -10.517 0.0000000000
58737  31.353  -14.497  -10.674 0.0000000000
43875  10.773  -29.141  5.116 0.0000000000
120132  19.313  -25.916  4.056 0.0000000000
115894  19.399  -24.961  4.317 0.0000000000
58643  23.848  -13.198  -2.636 0.0000000000
126347  16.500  -25.329  1.352 0.0000000000
46847  16.880  -26.149  1.453 0.0000000000
47792  15.849  -24.972  1.806 0.0000000000
124210  15.929  -23.072  1.543 0.0000000000
50743  16.340  -23.144  0.835 0.0000000000
49792  16.021  -23.757  1.316 0.0000000000
131492  16.774  -24.844  0.901 0.0000000000
55661  25.677  -18.287  -2.189 0.0000000000
53602  30.619  -19.560  -3.020 0.0000000000
54654  30.506  -18.761  -2.767 0.0000000000
54638  31.499  -18.832  -1.398 0.0000000000
75145  39.179  2.368  -18.341 0.0000000000
76039  39.604  3.031  -18.048 0.0000000000
76046  40.095  3.500  -18.681 0.0000000000
76051  40.422  3.540  -19.456 0.0000000000
75153  39.942  2.952  -19.283 0.0000000000
72345  42.158  -0.953  -18.999 0.0000000000
72355  41.658  -0.310  -19.548 0.0000000000
72344  43.184  -0.858  -18.711 0.0000000000
118770  6.165  -37.208  9.735 0.0000000000
70584  34.567  -3.093  -15.650 0.0000000000
65682  34.351  -7.186  -15.255 0.0000000000
136192  34.514  -7.893  -15.068 0.0000000000
135405  34.540  -8.624  -14.826 0.0000000000
135878  30.548  -8.860  -12.705 0.0000000000
61659  34.602  -12.239  -12.266 0.0000000000
128147  26.712  -24.995  0.422 0.0000000000
118928  27.960  -24.848  0.670 0.0000000000
48794  27.228  -25.054  0.913 0.0000000000
133043  35.046  -2.197  -14.276 0.0000000000
44874  16.198  -28.480  5.374 0.0000000000
115420  9.526  -31.543  6.837 0.0000000000
133174  9.508  -31.826  7.676 0.0000000000
44839  6.692  -28.888  6.943 0.0000000000
41227  4.429  -32.653  6.798 0.0000000000
122364  4.898  -32.222  6.488 0.0000000000
120808  4.704  -33.076  6.508 0.0000000000
40370  5.368  -33.680  6.375 0.0000000000
124435  5.259  -34.575  6.489 0.0000000000
38495  3.444  -35.692  9.735 0.0000000000
124830  3.435  -35.887  8.799 0.0000000000
37557  3.386  -36.514  9.493 0.0000000000
37550  3.311  -36.364  10.511 0.0000000000
51692  25.552  -21.750  -0.648 0.0000000000
50752  22.376  -23.269  -0.357 0.0000000000
48799  22.959  -24.107  1.117 0.0000000000
120381  22.398  -23.552  0.854 0.0000000000
51699  18.839  -21.046  -0.667 0.0000000000
51698  19.600  -20.616  -0.921 0.0000000000
68731  38.659  -4.836  -15.293 0.0000000000
59626  25.916  -13.680  -6.959 0.0000000000
59640  26.530  -13.266  -7.534 0.0000000000
135886  26.825  -14.073  -8.279 0.0000000000
115264  26.214  -16.126  -3.973 0.0000000000
129781  29.858  -15.660  -5.408 0.0000000000
57701  31.303  -15.628  -5.609 0.0000000000
115830  31.881  -15.660  -6.035 0.0000000000
114882  46.583  7.463  -21.730 0.0000000000
114887  46.394  6.731  -22.287 0.0000000000
77018  43.457  4.440  -21.372 0.0000000000
76065  43.665  3.611  -21.502 0.0000000000
50725  15.607  -22.873  3.020 0.0000000000
126911  15.762  -22.316  3.754 0.0000000000
51640  15.829  -22.019  2.932 0.0000000000
71480  41.291  -2.000  -17.866 0.0000000000
71481  40.542  -2.102  -17.925 0.0000000000
70594  39.588  -2.882  -17.126 0.0000000000
70593  40.519  -2.875  -16.818 0.0000000000
54656  26.867  -19.199  -3.411 0.0000000000
51727  29.326  -21.256  -3.569 0.0000000000
52668  28.939  -20.617  -3.926 0.0000000000
52667  29.716  -20.503  -3.663 0.0000000000
53608  30.082  -19.870  -3.581 0.0000000000
73264  37.188  0.444  -16.474 0.0000000000
74195  37.728  1.102  -16.090 0.0000000000
73285  37.948  0.036  -18.231 0.0000000000
73274  37.994  0.699  -18.008 0.0000000000
74226  39.144  1.157  -19.055 0.0000000000
73295  39.025  0.469  -19.042 0.0000000000
71496  39.625  -1.319  -18.654 0.0000000000
72348  39.401  -0.622  -18.996 0.0000000000
35137  5.165  -39.503  8.327 0.0000000000
69662  33.860  -3.624  -13.619 0.0000000000
68723  33.267  -4.302  -13.587 0.0000000000
67777  32.364  -5.532  -13.898 0.0000000000
68733  32.768  -4.839  -14.456 0.0000000000
66776  32.737  -6.219  -14.853 0.0000000000
61680  29.763  -11.224  -12.605 0.0000000000
61698  30.572  -11.157  -13.139 0.0000000000
122343  32.421  -13.500  -11.872 0.0000000000
59716  31.978  -13.030  -12.367 0.0000000000
60658  32.836  -13.099  -12.245 0.0000000000
121738  34.081  -13.585  -10.878 0.0000000000
58719  33.303  -14.508  -9.387 0.0000000000
58718  34.081  -14.309  -9.302 0.0000000000
58688  34.399  -14.600  -7.647 0.0000000000
136656  34.376  -3.137  -13.575 0.0000000000
44902  13.441  -28.320  4.153 0.0000000000
44877  13.110  -28.826  5.045 0.0000000000
43872  12.921  -29.219  5.822 0.0000000000
43859  12.475  -29.706  6.468 0.0000000000
43844  12.986  -29.752  7.128 0.0000000000
42961  11.834  -30.132  6.700 0.0000000000
119587  10.020  -30.493  5.974 0.0000000000
42086  10.078  -30.980  6.594 0.0000000000
41205  4.400  -32.170  9.104 0.0000000000
129293  4.263  -32.395  8.060 0.0000000000
41206  4.080  -32.978  8.778 0.0000000000
39449  3.607  -34.203  10.371 0.0000000000
52633  23.974  -20.114  0.345 0.0000000000
52632  24.520  -20.990  0.058 0.0000000000
51711  22.614  -20.816  -1.415 0.0000000000
50765  22.323  -22.630  -0.983 0.0000000000
49791  19.145  -23.876  1.201 0.0000000000
116720  19.302  -23.783  2.092 0.0000000000
60592  25.402  -13.100  -5.314 0.0000000000
59615  24.972  -13.791  -5.749 0.0000000000
56655  28.745  -15.652  -2.046 0.0000000000
57653  29.104  -14.996  -2.270 0.0000000000
58618  30.990  -14.594  -1.450 0.0000000000
57651  31.053  -14.747  -2.425 0.0000000000
34289  1.501  -41.415  10.310 0.0000000000
64623  31.362  -8.290  -11.310 0.0000000000
63598  29.562  -9.975  -11.506 0.0000000000
62618  29.109  -10.611  -11.496 0.0000000000
61642  28.421  -11.744  -10.769 0.0000000000
61661  28.716  -11.887  -11.474 0.0000000000
126976  18.458  -26.708  2.460 0.0000000000
46819  18.662  -27.071  3.391 0.0000000000
45898  17.121  -27.439  2.717 0.0000000000
45899  16.228  -27.622  3.033 0.0000000000
48769  15.047  -24.705  3.139 0.0000000000
47776  15.483  -25.330  2.383 0.0000000000
46821  14.114  -26.401  3.270 0.0000000000
46820  14.945  -26.398  2.880 0.0000000000
45901  14.582  -27.330  3.168 0.0000000000
44922  13.975  -27.885  3.546 0.0000000000
46809  12.392  -26.395  4.185 0.0000000000
138362  11.638  -26.749  4.350 0.0000000000
54600  20.887  -17.959  0.039 0.0000000000
54578  20.651  -18.013  1.006 0.0000000000
119942  18.557  -18.602  0.195 0.0000000000
53585  18.090  -19.563  -0.457 0.0000000000
51683  16.842  -21.417  0.292 0.0000000000
128774  17.321  -22.124  -0.023 0.0000000000
132389  17.346  -21.197  -0.136 0.0000000000
50756  17.834  -23.048  -0.027 0.0000000000
49805  17.566  -23.938  0.322 0.0000000000
47789  18.111  -25.355  1.051 0.0000000000
47774  19.050  -25.923  2.296 0.0000000000
57639  23.849  -15.550  -1.067 0.0000000000
58619  23.551  -14.729  -1.558 0.0000000000
55683  25.052  -17.162  -2.689 0.0000000000
56671  25.437  -16.831  -3.295 0.0000000000
115357  27.671  -19.071  -3.900 0.0000000000
54657  26.206  -18.300  -3.263 0.0000000000
55694  27.763  -17.658  -3.512 0.0000000000
55680  28.305  -16.844  -2.831 0.0000000000
132733  28.669  -16.361  -2.217 0.0000000000
55660  29.730  -17.096  -1.710 0.0000000000
75112  39.505  2.399  -15.847 0.0000000000
77839  42.234  5.571  -18.746 0.0000000000
77840  41.583  5.027  -19.140 0.0000000000
76059  40.815  3.366  -20.075 0.0000000000
73293  40.095  0.973  -19.701 0.0000000000
74224  40.109  1.768  -19.745 0.0000000000
73291  42.186  0.298  -19.999 0.0000000000
73304  41.800  1.074  -20.338 0.0000000000
74238  42.420  1.699  -20.664 0.0000000000
120675  36.851  -2.782  -17.101 0.0000000000
68751  35.626  -4.082  -16.324 0.0000000000
68750  36.334  -3.852  -16.456 0.0000000000
68741  36.309  -4.773  -16.051 0.0000000000
68740  37.225  -4.816  -15.801 0.0000000000
68744  33.626  -4.816  -15.598 0.0000000000
68743  34.273  -4.332  -15.896 0.0000000000
65680  35.941  -6.806  -15.457 0.0000000000
66786  35.529  -6.131  -15.669 0.0000000000
66785  36.281  -6.388  -15.512 0.0000000000
65667  37.175  -7.463  -14.694 0.0000000000
66759  32.235  -6.345  -12.713 0.0000000000
138881  31.434  -8.336  -13.737 0.0000000000
65661  31.652  -7.691  -13.929 0.0000000000
65672  32.173  -7.691  -14.342 0.0000000000
64665  32.599  -8.446  -14.496 0.0000000000
61697  31.523  -11.307  -13.462 0.0000000000
62657  31.706  -10.556  -13.825 0.0000000000
62655  33.759  -10.708  -14.024 0.0000000000
129514  33.026  -10.755  -13.993 0.0000000000
62670  34.152  -10.072  -14.376 0.0000000000
63659  33.836  -9.351  -14.595 0.0000000000
62669  34.951  -9.998  -14.307 0.0000000000
62653  35.352  -10.422  -13.684 0.0000000000
49827  28.171  -23.855  -1.863 0.0000000000
73258  36.857  0.138  -15.612 0.0000000000
72307  36.695  -0.209  -14.762 0.0000000000
71473  35.779  -1.943  -16.306 0.0000000000
71464  36.058  -1.264  -16.017 0.0000000000
117054  18.391  -27.578  4.817 0.0000000000
45880  18.590  -27.540  5.834 0.0000000000
45881  17.903  -28.017  5.411 0.0000000000
138164  14.272  -28.862  6.141 0.0000000000
136848  11.372  -31.115  8.461 0.0000000000
46800  10.260  -26.539  5.315 0.0000000000
45874  8.241  -27.288  6.388 0.0000000000
45884  8.497  -27.753  5.604 0.0000000000
44880  9.048  -28.512  5.210 0.0000000000
44881  8.065  -28.565  5.520 0.0000000000
44883  7.040  -29.334  5.766 0.0000000000
43878  7.638  -29.319  5.545 0.0000000000
42100  7.809  -30.578  5.566 0.0000000000
42951  5.282  -30.577  7.195 0.0000000000
43862  5.696  -30.237  6.811 0.0000000000
42966  5.464  -30.874  6.582 0.0000000000
124403  6.367  -32.109  6.052 0.0000000000
42088  7.254  -31.991  5.928 0.0000000000
41224  7.536  -32.725  6.432 0.0000000000
40368  7.249  -33.327  6.815 0.0000000000
39459  7.258  -34.256  8.141 0.0000000000
38520  5.839  -35.743  7.134 0.0000000000
38504  6.428  -35.912  8.378 0.0000000000
37584  6.019  -36.208  7.620 0.0000000000
37566  6.130  -36.693  8.279 0.0000000000
37567  5.573  -36.937  7.569 0.0000000000
39469  3.670  -34.803  7.409 0.0000000000
39481  3.921  -35.131  6.859 0.0000000000
129973  3.570  -36.833  7.790 0.0000000000
37587  3.855  -36.383  7.292 0.0000000000
36791  5.211  -37.737  7.580 0.0000000000
36792  4.392  -37.997  7.474 0.0000000000
35985  5.032  -38.533  7.699 0.0000000000
35986  3.810  -38.439  7.712 0.0000000000
35955  3.333  -38.274  8.847 0.0000000000
35973  3.271  -39.131  9.002 0.0000000000
35140  3.369  -39.662  8.681 0.0000000000
35956  3.032  -38.951  9.788 0.0000000000
37551  3.107  -37.187  10.966 0.0000000000
36727  2.620  -37.684  11.728 0.0000000000
35925  2.241  -38.710  11.646 0.0000000000
124659  2.498  -39.611  10.510 0.0000000000
52655  27.083  -20.801  -2.525 0.0000000000
51707  26.368  -22.060  -2.148 0.0000000000
51720  27.026  -22.105  -2.753 0.0000000000
49846  27.186  -23.381  -2.433 0.0000000000
49830  25.326  -23.665  -1.873 0.0000000000
49829  26.115  -24.134  -1.845 0.0000000000
48863  26.100  -24.545  -1.229 0.0000000000
48840  26.578  -24.782  -0.472 0.0000000000
129071  24.349  -23.376  -1.608 0.0000000000
49831  23.695  -23.761  -1.220 0.0000000000
48819  24.188  -24.643  0.109 0.0000000000
48818  25.056  -24.913  0.157 0.0000000000
116141  24.920  -25.150  1.964 0.0000000000
54621  20.337  -18.389  -0.752 0.0000000000
53582  21.159  -18.825  -1.251 0.0000000000
51697  20.395  -21.034  -0.970 0.0000000000
51680  20.923  -21.792  -0.330 0.0000000000
51669  19.966  -21.556  1.964 0.0000000000
133899  19.998  -21.558  1.166 0.0000000000
51637  20.958  -21.696  2.686 0.0000000000
50732  21.491  -22.224  2.100 0.0000000000
50741  21.364  -22.243  1.255 0.0000000000
69690  38.146  -3.384  -16.703 0.0000000000
68738  38.622  -3.989  -15.988 0.0000000000
61615  27.986  -11.551  -9.017 0.0000000000
60620  27.376  -12.453  -9.033 0.0000000000
59670  27.633  -13.333  -9.694 0.0000000000
58724  28.879  -15.042  -9.623 0.0000000000
120106  23.713  -15.177  -2.878 0.0000000000
58642  23.591  -14.490  -3.203 0.0000000000
57707  25.103  -15.557  -5.609 0.0000000000
57708  24.412  -15.034  -5.235 0.0000000000
57725  25.494  -15.297  -6.283 0.0000000000
57704  28.223  -15.809  -4.977 0.0000000000
56729  28.157  -16.289  -6.538 0.0000000000
56744  28.145  -16.192  -7.217 0.0000000000
57741  28.030  -15.791  -7.904 0.0000000000
57740  28.915  -15.971  -7.757 0.0000000000
117099  30.721  -15.553  -7.976 0.0000000000
127433  30.795  -15.361  -8.673 0.0000000000
57770  30.380  -15.236  -9.305 0.0000000000
58706  32.010  -14.926  -8.963 0.0000000000
50774  29.607  -22.829  -1.809 0.0000000000
50773  30.349  -22.388  -1.295 0.0000000000
51689  31.014  -21.934  -0.833 0.0000000000
51688  31.469  -21.486  -0.382 0.0000000000
51703  31.420  -20.947  -1.229 0.0000000000
52629  32.005  -20.713  -0.345 0.0000000000
116466  32.326  -19.802  -0.367 0.0000000000
53577  32.364  -19.025  -0.203 0.0000000000
80533  47.583  8.127  -22.695 0.0000000000
79647  47.964  6.994  -24.051 0.0000000000
138677  42.901  5.826  -20.027 0.0000000000
118689  44.099  4.993  -21.531 0.0000000000
77852  44.048  5.718  -21.178 0.0000000000
114866  46.252  4.874  -22.613 0.0000000000
114876  46.230  5.554  -22.641 0.0000000000
116582  46.584  6.084  -22.763 0.0000000000
71482  39.030  -1.768  -18.284 0.0000000000
70607  39.272  -2.338  -17.779 0.0000000000
52662  27.431  -20.694  -3.265 0.0000000000
51718  29.679  -21.763  -3.034 0.0000000000
72349  38.670  -0.191  -18.789 0.0000000000
34324  4.341  -40.541  8.259 0.0000000000
68715  33.339  -4.809  -12.652 0.0000000000
59718  30.475  -13.057  -12.224 0.0000000000
128777  30.651  -12.591  -12.520 0.0000000000
59700  31.672  -13.652  -11.774 0.0000000000
59684  32.427  -13.978  -11.315 0.0000000000
59683  33.138  -14.131  -10.799 0.0000000000
58735  32.993  -14.399  -10.099 0.0000000000
44903  12.013  -28.154  4.247 0.0000000000
138208  12.651  -29.074  5.377 0.0000000000
44878  12.260  -28.869  4.939 0.0000000000
42976  11.007  -29.770  5.738 0.0000000000
123682  10.157  -29.751  5.500 0.0000000000
41198  4.008  -32.865  9.631 0.0000000000
52643  22.461  -19.878  -1.356 0.0000000000
48785  19.279  -24.773  2.470 0.0000000000
48768  19.398  -24.384  3.624 0.0000000000
59591  24.607  -13.089  -4.039 0.0000000000
57637  30.145  -15.388  -0.936 0.0000000000
138574  29.579  -14.832  -2.012 0.0000000000
62602  29.297  -10.348  -10.610 0.0000000000
61627  28.716  -10.982  -10.222 0.0000000000
46846  17.665  -26.152  1.434 0.0000000000
46829  17.919  -26.623  1.864 0.0000000000
46831  16.511  -26.519  1.923 0.0000000000
46822  13.260  -26.376  3.679 0.0000000000
54581  17.989  -18.712  0.777 0.0000000000
51656  16.216  -21.017  2.013 0.0000000000
51670  16.352  -21.438  1.189 0.0000000000
56657  24.378  -16.292  -1.576 0.0000000000
56645  24.843  -17.036  -1.272 0.0000000000
55682  25.525  -17.674  -2.911 0.0000000000
54666  29.109  -18.836  -3.861 0.0000000000
55678  30.105  -17.933  -2.247 0.0000000000
55658  31.097  -18.064  -0.982 0.0000000000
76030  39.695  3.076  -17.202 0.0000000000
127570  41.106  4.543  -19.326 0.0000000000
76999  40.628  4.140  -19.072 0.0000000000
72356  40.656  -0.197  -19.527 0.0000000000
73290  43.109  0.261  -19.928 0.0000000000
70598  35.094  -3.047  -16.175 0.0000000000
65681  35.275  -6.973  -15.421 0.0000000000
65668  35.956  -7.467  -15.260 0.0000000000
124172  36.545  -7.711  -14.970 0.0000000000
124627  36.079  -8.242  -14.938 0.0000000000
63657  36.132  -9.063  -14.439 0.0000000000
65640  31.519  -7.708  -12.040 0.0000000000
65655  31.523  -7.418  -12.890 0.0000000000
130066  31.513  -9.028  -13.918 0.0000000000
61677  32.914  -11.959  -13.262 0.0000000000
61694  34.277  -11.238  -13.494 0.0000000000
61693  35.010  -10.983  -13.378 0.0000000000
48839  27.364  -24.612  -0.671 0.0000000000
48815  28.126  -24.531  -0.242 0.0000000000
71453  35.553  -1.558  -14.123 0.0000000000
133697  35.632  -1.403  -14.887 0.0000000000
137095  35.929  -1.144  -15.312 0.0000000000
44873  17.035  -28.319  5.097 0.0000000000
44872  17.408  -28.324  5.921 0.0000000000
44854  16.747  -28.501  5.992 0.0000000000
42067  9.779  -31.800  8.387 0.0000000000
41203  9.340  -32.086  9.178 0.0000000000
41204  8.715  -32.588  8.782 0.0000000000
45866  7.662  -27.826  6.621 0.0000000000
44857  6.740  -29.048  6.202 0.0000000000
43879  6.545  -29.757  5.954 0.0000000000
42091  5.004  -31.505  6.628 0.0000000000
40369  6.361  -33.489  6.508 0.0000000000
39468  5.966  -35.081  6.949 0.0000000000
38536  5.138  -35.488  6.657 0.0000000000
38505  3.483  -35.331  8.092 0.0000000000
36775  3.454  -37.450  8.242 0.0000000000
36759  3.343  -37.348  9.191 0.0000000000
35926  1.356  -39.299  12.169 0.0000000000
50776  25.861  -22.943  -2.206 0.0000000000
49816  22.949  -23.323  -1.019 0.0000000000
49815  23.201  -23.926  -0.613 0.0000000000
48820  23.394  -24.303  0.128 0.0000000000
48798  23.714  -24.563  1.048 0.0000000000
51638  20.399  -21.576  3.163 0.0000000000
68739  37.869  -4.500  -15.819 0.0000000000
60612  27.038  -12.334  -7.174 0.0000000000
57675  24.503  -15.763  -3.924 0.0000000000
57691  25.769  -16.043  -4.920 0.0000000000
57705  26.709  -16.106  -5.462 0.0000000000
115500  29.622  -15.425  -4.687 0.0000000000
57703  29.113  -15.707  -5.215 0.0000000000
57722  29.446  -15.934  -6.086 0.0000000000
115179  29.696  -15.993  -6.946 0.0000000000
57739  30.568  -15.808  -7.117 0.0000000000
57738  31.380  -15.575  -7.362 0.0000000000
127127  32.192  -15.308  -7.584 0.0000000000
57720  32.056  -15.566  -6.741 0.0000000000
49812  30.045  -23.319  -0.056 0.0000000000
50763  30.550  -22.654  -0.394 0.0000000000
50751  30.664  -22.952  0.542 0.0000000000
50750  31.334  -22.354  0.891 0.0000000000
51662  31.847  -21.808  1.271 0.0000000000
77019  42.737  4.655  -20.930 0.0000000000
114879  47.725  4.905  -23.219 0.0000000000
48802  15.764  -24.233  1.773 0.0000000000
49770  15.331  -23.743  3.114 0.0000000000
51657  16.040  -21.743  2.121 0.0000000000
50734  15.816  -22.584  2.200 0.0000000000
71494  41.685  -1.499  -18.441 0.0000000000
123069  28.500  -20.052  -4.026 0.0000000000
53610  28.412  -19.354  -4.068 0.0000000000
131360  31.077  -19.995  -2.559 0.0000000000
74201  38.203  1.591  -16.553 0.0000000000
126864  38.201  1.501  -17.355 0.0000000000
75137  38.659  1.930  -17.834 0.0000000000
124280  39.490  2.097  -19.170 0.0000000000
73294  39.533  0.699  -19.363 0.0000000000
72357  39.996  0.274  -19.541 0.0000000000
138594  39.903  -0.287  -19.325 0.0000000000
35954  5.539  -38.757  8.827 0.0000000000
69673  34.008  -3.384  -15.106 0.0000000000
68732  33.163  -4.547  -15.130 0.0000000000
127379  32.989  -5.357  -15.214 0.0000000000
125554  33.317  -7.049  -14.993 0.0000000000
62658  30.533  -10.260  -13.218 0.0000000000
61678  32.113  -11.878  -13.311 0.0000000000
60675  33.311  -12.559  -12.625 0.0000000000
60674  34.041  -12.570  -12.295 0.0000000000
60656  34.578  -12.780  -11.568 0.0000000000
59682  34.901  -13.451  -10.211 0.0000000000
121029  34.974  -13.774  -9.595 0.0000000000
59653  34.695  -14.088  -9.278 0.0000000000
59652  35.338  -13.875  -8.883 0.0000000000
130529  26.573  -25.331  2.077 0.0000000000
48780  27.169  -25.232  1.716 0.0000000000
47771  27.156  -25.348  2.654 0.0000000000
70572  34.654  -2.660  -13.956 0.0000000000
130212  14.866  -28.557  4.824 0.0000000000
42962  11.150  -30.294  6.419 0.0000000000
42950  10.779  -30.823  6.962 0.0000000000
42087  8.864  -31.714  6.421 0.0000000000
42952  4.870  -31.027  7.631 0.0000000000
41215  4.183  -32.667  7.278 0.0000000000
40360  4.054  -33.375  6.888 0.0000000000
138396  3.850  -33.453  9.293 0.0000000000
124207  3.521  -34.909  10.008 0.0000000000
51693  24.885  -21.586  -0.484 0.0000000000
125653  23.861  -21.809  -1.285 0.0000000000
135074  23.519  -22.339  -1.400 0.0000000000
123588  23.111  -21.694  -1.403 0.0000000000
50779  22.945  -22.509  -1.317 0.0000000000
50755  18.847  -22.649  0.156 0.0000000000
137515  19.321  -21.998  0.190 0.0000000000
50742  19.674  -21.977  2.271 0.0000000000
117732  19.417  -23.712  3.044 0.0000000000
49780  19.456  -22.824  2.642 0.0000000000
50733  19.680  -22.066  3.143 0.0000000000
66773  38.388  -6.477  -14.249 0.0000000000
67775  38.920  -5.926  -14.134 0.0000000000
59614  25.777  -13.209  -6.077 0.0000000000
57655  27.993  -15.575  -2.998 0.0000000000
57672  28.223  -15.326  -3.296 0.0000000000
57687  29.687  -15.106  -3.826 0.0000000000
57670  30.476  -15.087  -3.745 0.0000000000
57686  31.293  -15.247  -4.059 0.0000000000
138067  43.465  2.485  -21.209 0.0000000000
75167  43.987  2.776  -21.454 0.0000000000
65639  32.236  -7.293  -11.631 0.0000000000
136221  31.107  -8.200  -12.001 0.0000000000
64640  30.240  -9.224  -12.366 0.0000000000
63625  29.867  -9.810  -12.315 0.0000000000
60679  29.609  -11.955  -12.376 0.0000000000
61660  29.066  -11.409  -12.012 0.0000000000
59702  29.898  -13.350  -11.827 0.0000000000
59685  29.673  -14.076  -11.121 0.0000000000
46807  19.160  -26.456  4.634 0.0000000000
138611  19.073  -26.655  3.893 0.0000000000
46808  18.803  -27.167  4.262 0.0000000000
45888  18.207  -27.527  3.876 0.0000000000
132859  17.727  -27.032  2.322 0.0000000000
124307  17.450  -27.746  3.550 0.0000000000
44898  16.890  -28.149  4.081 0.0000000000
44900  15.266  -28.350  3.988 0.0000000000
46832  15.743  -26.300  2.417 0.0000000000
44920  15.381  -27.827  3.310 0.0000000000
44901  14.372  -28.369  4.094 0.0000000000
44923  12.692  -27.868  3.905 0.0000000000
45892  10.370  -27.638  4.642 0.0000000000
54598  22.113  -18.511  -0.370 0.0000000000
54599  21.609  -18.125  0.069 0.0000000000
54622  19.263  -18.539  -0.376 0.0000000000
131528  19.615  -18.878  -1.008 0.0000000000
53584  18.871  -19.240  -0.790 0.0000000000
52646  18.605  -20.243  -0.750 0.0000000000
51682  18.019  -21.313  -0.398 0.0000000000
53569  17.376  -19.281  0.732 0.0000000000
52635  16.670  -20.781  0.704 0.0000000000
53586  17.404  -19.755  0.032 0.0000000000
48821  18.096  -24.550  0.624 0.0000000000
48801  18.729  -24.655  0.963 0.0000000000
59574  23.604  -13.577  -1.720 0.0000000000
57656  24.312  -15.867  -3.021 0.0000000000
56673  24.438  -16.256  -2.329 0.0000000000
56686  24.957  -16.325  -3.480 0.0000000000
133207  25.618  -16.355  -3.701 0.0000000000
131703  26.756  -17.517  -3.516 0.0000000000
55695  26.437  -16.637  -3.470 0.0000000000
56670  27.347  -16.015  -3.232 0.0000000000
77004  41.487  4.701  -19.835 0.0000000000
77003  42.101  4.733  -20.402 0.0000000000
77013  42.240  4.146  -20.786 0.0000000000
75152  40.096  2.463  -19.627 0.0000000000
75163  40.693  2.405  -20.135 0.0000000000
75161  42.247  2.538  -20.836 0.0000000000
75160  43.033  2.203  -20.980 0.0000000000
70609  37.085  -2.195  -17.408 0.0000000000
69691  37.149  -3.450  -16.711 0.0000000000
67784  37.570  -5.807  -15.293 0.0000000000
69681  34.198  -3.675  -15.678 0.0000000000
128772  35.591  -5.325  -15.937 0.0000000000
66784  36.984  -6.246  -15.388 0.0000000000
66774  37.746  -6.378  -14.897 0.0000000000
65666  37.795  -7.028  -14.419 0.0000000000
66767  32.105  -6.235  -13.446 0.0000000000
66768  31.759  -7.032  -13.605 0.0000000000
65671  32.986  -7.760  -14.711 0.0000000000
63645  31.085  -9.791  -13.590 0.0000000000
63644  31.860  -9.796  -14.115 0.0000000000
62672  32.524  -9.744  -14.326 0.0000000000
63660  32.980  -9.228  -14.530 0.0000000000
63658  35.255  -9.305  -14.565 0.0000000000
63642  36.314  -9.559  -13.703 0.0000000000
62652  36.067  -10.125  -13.314 0.0000000000
63623  36.676  -9.632  -12.940 0.0000000000
49826  29.099  -23.502  -1.396 0.0000000000
49813  29.362  -23.697  -0.512 0.0000000000
49800  28.898  -24.203  -0.163 0.0000000000
49799  29.493  -23.898  0.260 0.0000000000
73265  36.714  -0.201  -16.292 0.0000000000
72325  36.493  -0.805  -16.544 0.0000000000
133951  36.742  -1.697  -17.305 0.0000000000
44852  18.002  -28.089  6.326 0.0000000000
44875  15.398  -28.586  5.699 0.0000000000
46810  11.032  -26.600  4.763 0.0000000000
46811  10.493  -27.063  4.721 0.0000000000
46801  9.558  -26.888  5.429 0.0000000000
44906  9.834  -28.065  4.822 0.0000000000
43876  9.398  -29.376  5.284 0.0000000000
42981  6.567  -30.545  5.856 0.0000000000
124784  6.035  -30.933  6.117 0.0000000000
42101  7.247  -31.000  5.685 0.0000000000
40355  8.213  -33.046  8.298 0.0000000000
124426  7.656  -33.614  7.683 0.0000000000
36757  6.105  -37.130  8.889 0.0000000000
119483  5.851  -37.884  9.046 0.0000000000
40372  3.927  -34.317  6.848 0.0000000000
135168  4.348  -35.464  6.683 0.0000000000
37599  4.460  -36.087  6.847 0.0000000000
38521  3.699  -35.613  7.300 0.0000000000
35971  5.282  -38.910  8.079 0.0000000000
35156  4.734  -39.322  7.804 0.0000000000
35157  3.919  -39.253  7.738 0.0000000000
34340  4.125  -40.012  7.863 0.0000000000
35139  3.706  -39.876  8.099 0.0000000000
34326  3.250  -40.424  8.850 0.0000000000
38483  3.271  -35.802  11.242 0.0000000000
57627  24.072  -15.555  -0.106 0.0000000000
50798  27.547  -21.962  -3.170 0.0000000000
123853  27.516  -23.774  -2.230 0.0000000000
48861  27.457  -24.120  -1.817 0.0000000000
48817  25.974  -25.024  0.305 0.0000000000
48781  25.838  -25.292  2.013 0.0000000000
132455  21.841  -18.726  -1.062 0.0000000000
53595  21.870  -19.348  -1.352 0.0000000000
51712  21.839  -20.266  -1.435 0.0000000000
52644  21.115  -20.621  -1.340 0.0000000000
50753  21.755  -22.513  -0.364 0.0000000000
49802  21.902  -22.962  0.494 0.0000000000
51667  20.660  -21.792  0.960 0.0000000000
49789  22.507  -23.569  1.733 0.0000000000
69680  39.568  -3.790  -15.870 0.0000000000
67774  39.524  -5.670  -13.739 0.0000000000
61628  28.246  -11.620  -9.942 0.0000000000
60643  28.180  -12.445  -10.512 0.0000000000
59669  27.982  -13.122  -10.296 0.0000000000
59687  28.484  -13.307  -10.808 0.0000000000
59686  28.949  -13.958  -10.865 0.0000000000
128462  29.952  -14.619  -10.540 0.0000000000
131366  23.578  -13.823  -2.706 0.0000000000
59604  24.135  -13.854  -4.473 0.0000000000
57693  24.111  -15.193  -4.450 0.0000000000
133349  24.103  -14.572  -4.743 0.0000000000
59616  24.441  -14.227  -5.252 0.0000000000
58678  25.831  -14.707  -6.861 0.0000000000
56712  27.632  -16.265  -5.882 0.0000000000
56713  26.836  -16.177  -6.265 0.0000000000
131351  26.903  -15.952  -6.868 0.0000000000
57723  26.553  -15.266  -7.253 0.0000000000
58691  26.831  -14.935  -7.835 0.0000000000
57759  27.407  -15.150  -8.242 0.0000000000
57757  29.302  -15.595  -8.673 0.0000000000
58723  29.770  -15.000  -9.927 0.0000000000
58722  30.698  -14.834  -10.063 0.0000000000
58721  31.689  -14.735  -9.819 0.0000000000
58705  32.799  -14.799  -8.751 0.0000000000
58690  32.932  -14.970  -7.912 0.0000000000
58689  33.603  -14.878  -7.562 0.0000000000
50786  29.259  -22.502  -2.714 0.0000000000
51717  30.371  -21.308  -2.620 0.0000000000
52654  31.022  -20.725  -2.235 0.0000000000
52653  31.478  -20.057  -1.868 0.0000000000
136735  32.177  -20.902  0.276 0.0000000000
53593  31.631  -19.470  -1.504 0.0000000000
54617  31.820  -18.562  -0.637 0.0000000000
77853  43.408  5.820  -20.581 0.0000000000
78712  44.168  6.282  -20.631 0.0000000000
114878  45.668  6.449  -21.841 0.0000000000
76064  44.534  3.496  -21.706 0.0000000000
123841  44.869  4.742  -21.925 0.0000000000
114868  45.564  4.418  -22.209 0.0000000000
115276  47.077  6.654  -22.880 0.0000000000
115222  47.588  6.450  -23.481 0.0000000000
34323  4.938  -40.186  8.591 0.0000000000
57756  30.141  -15.504  -8.626 0.0000000000
60678  29.984  -12.600  -12.328 0.0000000000
63661  32.187  -9.114  -14.308 0.0000000000
74209  37.891  1.007  -17.592 0.0000000000
123243  7.907  -29.958  5.459 0.0000000000
133340  25.340  -14.707  -6.406 0.0000000000
137503  15.818  -28.372  4.209 0.0000000000
