#Insight Transform File V1.0
#Transform 0
Transform: AffineTransform_float_3_3
Parameters: 0.999999 -0.000532823 -0.0004722 0.000533177 1 0.000375748 0.0004718 -0.000375251 1 -0.010057 -0.0438715 -0.0895169
FixedParameters: 0 0 0

#Transform 1
Transform: AffineTransform_float_3_3
Parameters: 0.999999 0.000926882 -0.000151722 -0.000927117 1 -0.00077886 0.000150278 0.00077914 0.999999 0.0896887 0.0304255 -0.0825713
FixedParameters: 0 0 0

#Transform 2
Transform: AffineTransform_float_3_3
Parameters: 0.999999 0.00140975 -0.000601581 -0.00141025 0.999999 -0.000412152 0.000601418 0.000412848 0.999999 0.139912 0.0614106 -0.0976022
FixedParameters: 0 0 0

#Transform 3
Transform: AffineTransform_float_3_3
Parameters: 0.999998 0.00159483 -0.00117024 -0.00159517 0.999998 -0.000147134 0.00116976 0.000148866 1 0.139918 0.0754812 -0.135203
FixedParameters: 0 0 0

#Transform 4
Transform: AffineTransform_float_3_3
Parameters: 0.999999 0.00145784 -0.00103023 -0.00145816 0.999999 -0.000157498 0.00102977 0.000158501 0.999999 0.120302 0.0826696 -0.139911
FixedParameters: 0 0 0

#Transform 5
Transform: AffineTransform_float_3_3
Parameters: 0.999999 0.00148386 -0.00112519 -0.00148415 0.999999 -0.00012833 0.00112481 0.000129669 1 0.134513 0.0906285 -0.110183
FixedParameters: 0 0 0

#Transform 6
Transform: AffineTransform_float_3_3
Parameters: 1 0.00105923 -0.000600593 -0.00105977 1 0.000384637 0.000601408 -0.000384363 0.999999 0.118857 0.0883695 -0.124139
FixedParameters: 0 0 0

#Transform 7
Transform: AffineTransform_float_3_3
Parameters: 1 0.000880206 -0.000600698 -0.000879794 0.999999 0.000343528 0.000601302 -0.000342471 1 0.144527 0.111351 -0.131731
FixedParameters: 0 0 0

#Transform 8
Transform: AffineTransform_float_3_3
Parameters: 0.999999 0.00137527 -0.000600385 -0.00137573 0.999999 0.000447826 0.000601616 -0.000447173 0.999999 0.114791 0.085641 -0.130013
FixedParameters: 0 0 0

#Transform 9
Transform: AffineTransform_float_3_3
Parameters: 1 0.000996435 -0.000600279 -0.000996566 0.999999 0.000723599 0.000601721 -0.000723401 0.999999 0.116116 0.0914514 -0.136534
FixedParameters: 0 0 0

#Transform 10
Transform: AffineTransform_float_3_3
Parameters: 1 0.000961183 -0.000600708 -0.000961818 1 0.000304578 0.000601292 -0.000303422 1 0.131977 0.112783 -0.144854
FixedParameters: 0 0 0

#Transform 11
Transform: AffineTransform_float_3_3
Parameters: 0.999999 0.00112909 -0.00060084 -0.00112892 1 0.000141678 0.000601159 -0.000140321 1 0.14251 0.107054 -0.131015
FixedParameters: 0 0 0

#Transform 12
Transform: AffineTransform_float_3_3
Parameters: 1 0.00103937 -0.000600359 -0.00103863 1 0.000616624 0.00060164 -0.000615375 0.999999 0.143177 0.0995337 -0.133025
FixedParameters: 0 0 0

#Transform 13
Transform: AffineTransform_float_3_3
Parameters: 0.999999 0.00107834 -0.00093861 -0.00107766 1 0.000362012 0.000939389 -0.000360987 0.999999 0.165581 0.0610008 -0.148391
FixedParameters: 0 0 0

#Transform 14
Transform: AffineTransform_float_3_3
Parameters: 0.999999 0.000622198 -0.000600794 -0.000621801 1 0.000330374 0.000601205 -0.000329626 1 0.162562 0.0753737 -0.153321
FixedParameters: 0 0 0

#Transform 15
Transform: AffineTransform_float_3_3
Parameters: 0.999999 0.000569194 -0.000505781 -0.000568805 1 0.000385288 0.000506219 -0.000384712 1 0.151176 0.0673079 -0.149673
FixedParameters: 0 0 0

#Transform 16
Transform: AffineTransform_float_3_3
Parameters: 0.999999 0.000419347 -0.000629436 -0.000419653 1 -0.00103774 0.000628565 0.00103826 1 0.175117 0.0911705 -0.199473
FixedParameters: 0 0 0

#Transform 17
Transform: AffineTransform_float_3_3
Parameters: 1 0.00104994 -3.6806e-05 -0.00105006 0.999998 -0.00171996 3.5194e-05 0.00172004 0.999999 0.147943 0.107489 -0.235906
FixedParameters: 0 0 0

#Transform 18
Transform: AffineTransform_float_3_3
Parameters: 0.999999 0.000773509 -0.000541702 -0.000773491 1 -0.000907582 0.000540299 0.000907419 1 0.152684 0.0936247 -0.181171
FixedParameters: 0 0 0

#Transform 19
Transform: AffineTransform_float_3_3
Parameters: 1 0.000787542 -0.0006026 -0.00078746 1 -0.000761526 0.000602401 0.000761475 0.999999 0.161311 0.0885723 -0.176814
FixedParameters: 0 0 0

#Transform 20
Transform: AffineTransform_float_3_3
Parameters: 0.999999 0.000627558 -0.000555499 -0.000627442 0.999999 -0.000795651 0.000555501 0.000795348 0.999999 0.161599 0.0750798 -0.196297
FixedParameters: 0 0 0

#Transform 21
Transform: AffineTransform_float_3_3
Parameters: 0.999999 0.000651579 -0.000555494 -0.000652422 1 -0.000758638 0.000555505 0.000758362 0.999999 0.161438 0.0987925 -0.200983
FixedParameters: 0 0 0

#Transform 22
Transform: AffineTransform_float_3_3
Parameters: 0.999999 0.000591824 -0.000477218 -0.000592176 1 -0.000368717 0.000477781 0.000369283 1 0.160364 0.0933221 -0.191003
FixedParameters: 0 0 0

#Transform 23
Transform: AffineTransform_float_3_3
Parameters: 0.999999 0.00128958 -0.00085064 -0.00129042 0.999999 -0.000495903 0.000849359 0.000497096 0.999999 0.16201 0.0742221 -0.168386
FixedParameters: 0 0 0

#Transform 24
Transform: AffineTransform_float_3_3
Parameters: 0.999998 0.00126565 -0.000958467 -0.00126635 0.999999 -0.000367787 0.000957533 0.000369213 1 0.164382 0.0654107 -0.14552
FixedParameters: 0 0 0

#Transform 25
Transform: AffineTransform_float_3_3
Parameters: 0.999999 0.00120074 -0.000708442 -0.00120126 0.999999 -0.000368149 0.000707557 0.00036885 0.999999 0.15997 0.0829995 -0.127099
FixedParameters: 0 0 0

#Transform 26
Transform: AffineTransform_float_3_3
Parameters: 1 0.000928278 -0.000707636 -0.000927722 0.999999 0.000392656 0.000707364 -0.000392343 0.999999 0.162195 0.0842737 -0.136114
FixedParameters: 0 0 0

#Transform 27
Transform: AffineTransform_float_3_3
Parameters: 0.999999 0.000890088 -0.000909914 -0.000889912 0.999999 9.68097e-05 0.000910086 -9.61899e-05 0.999999 0.166585 0.0957697 -0.128071
FixedParameters: 0 0 0

#Transform 28
Transform: AffineTransform_float_3_3
Parameters: 0.999999 0.000562346 -0.000693719 -0.000561654 0.999999 0.00049939 0.00069328 -0.00049861 0.999999 0.164872 0.0982226 -0.116701
FixedParameters: 0 0 0

#Transform 29
Transform: AffineTransform_float_3_3
Parameters: 0.999999 0.000989429 -0.000976567 -0.000988572 1 0.000438966 0.000977434 -0.000438034 1 0.184652 0.0761677 -0.097547
FixedParameters: 0 0 0

#Transform 30
Transform: AffineTransform_float_3_3
Parameters: 0.999999 0.000516319 -0.000726773 -0.00051568 1 0.000439375 0.000727226 -0.000438624 0.999999 0.165969 0.0867774 -0.102502
FixedParameters: 0 0 0

#Transform 31
Transform: AffineTransform_float_3_3
Parameters: 1 0.000516688 -0.000903608 -0.000515313 0.999999 0.000760466 0.000904393 -0.000760533 1 0.16955 0.103081 -0.0927902
FixedParameters: 0 0 0

#Transform 32
Transform: AffineTransform_float_3_3
Parameters: 0.999999 0.000469176 -0.000630869 -0.000468824 1 0.000279296 0.00063113 -0.000278704 1 0.164422 0.110039 -0.124278
FixedParameters: 0 0 0

#Transform 33
Transform: AffineTransform_float_3_3
Parameters: 1 0.000191246 -0.000569917 -0.000191754 1 0.000432109 0.000570083 -0.000431891 0.999999 0.165606 0.109752 -0.128944
FixedParameters: 0 0 0

#Transform 34
Transform: AffineTransform_float_3_3
Parameters: 0.999999 0.000169264 -0.000824945 -0.000168736 1 0.000320139 0.000825053 -0.00031986 0.999999 0.170835 0.11722 -0.123877
FixedParameters: 0 0 0

#Transform 35
Transform: AffineTransform_float_3_3
Parameters: 1 0.000271743 -0.000976794 -0.000271257 0.999999 0.000760265 0.000977207 -0.000760735 0.999999 0.161798 0.100142 -0.107919
FixedParameters: 0 0 0

#Transform 36
Transform: AffineTransform_float_3_3
Parameters: 0.999999 0.000536219 -0.000739841 -0.000535781 1 0.000296396 0.000739159 -0.000296604 0.999999 0.166075 0.11259 -0.12292
FixedParameters: 0 0 0

#Transform 37
Transform: AffineTransform_float_3_3
Parameters: 0.999999 0.000688482 -0.000540387 -0.000687518 1 0.000890373 0.000541613 -0.000890628 1 0.135736 0.0991821 -0.0968413
FixedParameters: 0 0 0

#Transform 38
Transform: AffineTransform_float_3_3
Parameters: 1 0.000229571 -0.000442704 -0.00022843 0.999999 0.0012901 0.000442295 -0.0012899 0.999999 0.174808 0.127938 -0.139389
FixedParameters: 0 0 0

#Transform 39
Transform: AffineTransform_float_3_3
Parameters: 1 -0.000429925 0.000118273 0.000429075 0.999999 -0.000635949 -0.000117728 0.00063505 1 0.234801 0.176131 -0.370549
FixedParameters: 0 0 0

#Transform 40
Transform: AffineTransform_float_3_3
Parameters: 1 -0.000511895 0.000113474 0.000512105 1 -0.000925942 -0.000112526 0.000926058 0.999999 0.218216 0.175065 -0.31829
FixedParameters: 0 0 0

#Transform 41
Transform: AffineTransform_float_3_3
Parameters: 1 -4.70041e-05 9.98087e-06 4.69959e-05 1 0.000407 -1.00191e-05 -0.000406999 1 0.166854 0.138203 -0.205502
FixedParameters: 0 0 0

#Transform 42
Transform: AffineTransform_float_3_3
Parameters: 1 -0.000200994 -0.000240005 0.000201006 1 2.59518e-05 0.000239995 -2.60482e-05 1 0.173103 0.149157 -0.233065
FixedParameters: 0 0 0

#Transform 43
Transform: AffineTransform_float_3_3
Parameters: 1 7.72467e-05 0.000664971 -7.67532e-05 1 -0.000371051 -0.000665028 0.000370949 0.999999 0.231005 0.189654 -0.504861
FixedParameters: 0 0 0

#Transform 44
Transform: AffineTransform_float_3_3
Parameters: 0.999982 0.00157588 0.00576398 -0.00153512 0.999973 -0.00708997 -0.00577502 0.00708103 0.999959 0.147992 0.226897 -0.958963
FixedParameters: 0 0 0

#Transform 45
Transform: AffineTransform_float_3_3
Parameters: 0.999999 0.000351219 0.000711419 -0.000348778 0.999989 -0.00452025 -0.000713583 0.00451975 0.999989 0.187429 0.21916 -0.549684
FixedParameters: 0 0 0

#Transform 46
Transform: AffineTransform_float_3_3
Parameters: 1 0.00051541 -0.000159915 -0.000516591 0.999993 -0.00371392 0.000158082 0.00371408 0.999993 0.176881 0.182522 -0.338072
FixedParameters: 0 0 0

#Transform 47
Transform: AffineTransform_float_3_3
Parameters: 1 0.000546111 -0.000938519 -0.00054689 1 -0.000948488 0.000937482 0.000948513 0.999999 0.17671 0.125204 -0.0913742
FixedParameters: 0 0 0

#Transform 48
Transform: AffineTransform_float_3_3
Parameters: 1 0.00101683 -0.000193892 -0.00101717 0.999999 -0.000876803 0.000193108 0.000877197 0.999999 0.148002 0.12268 -0.107172
FixedParameters: 0 0 0

#Transform 49
Transform: AffineTransform_float_3_3
Parameters: 0.999999 0.000570685 -0.000671267 -0.000571314 0.999999 -0.000468616 0.000670732 0.000469383 0.999999 0.156953 0.12027 -0.0787814
FixedParameters: 0 0 0

#Transform 50
Transform: AffineTransform_float_3_3
Parameters: 0.999999 0.000557646 -0.000534369 -0.000557353 0.999999 -0.000661702 0.000533631 0.000662297 0.999999 0.162616 0.128458 -0.077882
FixedParameters: 0 0 0

#Transform 51
Transform: AffineTransform_float_3_3
Parameters: 1 0.000204595 0.000575789 -0.000204405 0.999999 -0.00103412 -0.000575212 0.00103388 1 0.208793 0.165594 -0.286491
FixedParameters: 0 0 0

#Transform 52
Transform: AffineTransform_float_3_3
Parameters: 0.999999 -0.000700109 0.000406275 0.000702889 0.999989 -0.00467172 -0.00040272 0.00467228 0.999989 0.275206 0.27251 -0.445957
FixedParameters: 0 0 0

#Transform 53
Transform: AffineTransform_float_3_3
Parameters: 1 0.000212307 0.00107874 -0.000210693 0.999999 -0.00121123 -0.00107926 0.00121077 0.999998 0.176639 0.145313 -0.101789
FixedParameters: 0 0 0

#Transform 54
Transform: AffineTransform_float_3_3
Parameters: 1 2.76878e-05 0.00100698 -2.73122e-05 1 -0.000683028 -0.00100702 0.000682972 1 0.179698 0.158949 -0.11799
FixedParameters: 0 0 0

#Transform 55
Transform: AffineTransform_float_3_3
Parameters: 0.999999 -4.00858e-05 0.001751 3.99142e-05 1 4.907e-05 -0.001751 -4.89299e-05 0.999999 0.177322 0.149866 -0.117998
FixedParameters: 0 0 0

#Transform 56
Transform: AffineTransform_float_3_3
Parameters: 0.999997 -0.00164764 0.00175322 0.00165036 0.999997 -0.00134411 -0.00175178 0.00134689 0.999997 0.263562 0.286244 -0.52042
FixedParameters: 0 0 0

#Transform 57
Transform: AffineTransform_float_3_3
Parameters: 0.999997 0.000249248 0.00218129 -0.000242754 0.999996 -0.00286353 -0.0021817 0.00286346 0.999993 0.132067 0.266084 -0.408032
FixedParameters: 0 0 0

#Transform 58
Transform: AffineTransform_float_3_3
Parameters: 0.999999 0.000609368 0.00129789 -0.000606631 0.999998 -0.00182479 -0.00129911 0.00182321 0.999998 0.14706 0.216399 -0.279471
FixedParameters: 0 0 0

#Transform 59
Transform: AffineTransform_float_3_3
Parameters: 0.999999 0.000600029 0.000487964 -0.00059997 1 -6.02928e-05 -0.000488036 5.97072e-05 1 0.163296 0.181282 -0.192725
FixedParameters: 0 0 0

#Transform 60
Transform: AffineTransform_float_3_3
Parameters: 1 0.000623094 0.000196702 -0.000622905 0.999999 -0.000478122 -0.000197298 0.000477877 1 0.192912 0.189095 -0.238743
FixedParameters: 0 0 0

#Transform 61
Transform: AffineTransform_float_3_3
Parameters: 1 0.000161223 0.000678711 -0.000159778 0.999999 -0.00180211 -0.000678289 0.00180189 0.999998 0.203469 0.225723 -0.370788
FixedParameters: 0 0 0

#Transform 62
Transform: AffineTransform_float_3_3
Parameters: 1 0.000376185 0.000242713 -0.000376815 0.999999 -0.000762091 -0.000243287 0.000761908 0.999999 0.187883 0.172222 -0.216491
FixedParameters: 0 0 0

#Transform 63
Transform: AffineTransform_float_3_3
Parameters: 1 0.000211471 -0.00038629 -0.000212529 0.999999 -0.00137092 0.000385709 0.00137108 0.999999 0.244681 0.238964 -0.411125
FixedParameters: 0 0 0

#Transform 64
Transform: AffineTransform_float_3_3
Parameters: 0.999999 0.000794479 -0.000328265 -0.000794521 0.999999 -0.00159174 0.000326736 0.00159126 0.999998 0.194466 0.166931 -0.278713
FixedParameters: 0 0 0

#Transform 65
Transform: AffineTransform_float_3_3
Parameters: 1 5.08829e-05 -0.000190031 -5.1117e-05 1 -0.00061599 0.000189969 0.000616009 1 0.209703 0.190019 -0.20757
FixedParameters: 0 0 0

#Transform 66
Transform: AffineTransform_float_3_3
Parameters: 1 -0.000229042 -0.00018995 0.000229958 1 -0.000220044 0.000190051 0.000219956 1 0.228541 0.185871 -0.152833
FixedParameters: 0 0 0

#Transform 67
Transform: AffineTransform_float_3_3
Parameters: 1 0.000448782 -0.000318308 -0.000449218 0.999999 -0.000685857 0.000317692 0.000685142 0.999999 0.225583 0.198088 -0.311407
FixedParameters: 0 0 0

#Transform 68
Transform: AffineTransform_float_3_3
Parameters: 0.999999 -0.000162532 -0.00141137 0.000157465 0.999993 -0.00391923 0.00141263 0.00391878 0.999992 0.338857 0.260362 -0.550621
FixedParameters: 0 0 0

#Transform 69
Transform: AffineTransform_float_3_3
Parameters: 0.999999 -0.000466899 0.00129086 0.000472101 0.999992 -0.0039534 -0.00128914 0.00395461 0.999992 0.257809 0.267936 -0.414432
FixedParameters: 0 0 0

#Transform 70
Transform: AffineTransform_float_3_3
Parameters: 0.999999 -0.000592317 0.00137616 0.000595681 0.999998 -0.00194918 -0.00137484 0.00195082 0.999997 0.239347 0.230847 -0.257977
FixedParameters: 0 0 0

#Transform 71
Transform: AffineTransform_float_3_3
Parameters: 0.999999 -0.000600891 0.00127305 0.000601109 1 -8.52348e-05 -0.00127295 8.5765e-05 0.999999 0.25373 0.228143 -0.360516
FixedParameters: 0 0 0

#Transform 72
Transform: AffineTransform_float_3_3
Parameters: 1 0.00107978 0.000348815 -0.00108123 0.999993 0.00353062 -0.000345184 -0.00353137 0.999993 0.221141 0.0998059 -0.239472
FixedParameters: 0 0 0

#Transform 73
Transform: AffineTransform_float_3_3
Parameters: 1 0.000379175 0.00115693 -0.000381825 0.999997 0.00244256 -0.00115607 -0.00244344 0.999997 0.171294 0.183402 -0.120191
FixedParameters: 0 0 0

#Transform 74
Transform: AffineTransform_float_3_3
Parameters: 0.999999 0.000645787 0.00127863 -0.00064921 0.999996 0.00251317 -0.00127637 -0.00251483 0.999996 0.198555 0.1876 -0.103858
FixedParameters: 0 0 0

#Transform 75
Transform: AffineTransform_float_3_3
Parameters: 0.999998 -0.000570365 0.00180257 0.000569635 0.999999 0.000758028 -0.00180243 -0.000756973 0.999998 0.230932 0.239616 -0.261794
FixedParameters: 0 0 0

#Transform 76
Transform: AffineTransform_float_3_3
Parameters: 0.999997 2.05516e-05 0.002378 -1.94482e-05 1 -0.000232047 -0.00237801 0.000231952 0.999997 0.231049 0.184602 -0.271043
FixedParameters: 0 0 0

#Transform 77
Transform: AffineTransform_float_3_3
Parameters: 0.999994 -0.000252923 0.00340308 0.000254077 1 -0.000316137 -0.00340292 0.000316863 0.999994 0.213958 0.197878 -0.262242
FixedParameters: 0 0 0

#Transform 78
Transform: AffineTransform_float_3_3
Parameters: 0.999995 -0.000613084 0.00290998 0.000612916 1 2.97837e-05 -0.00291002 -2.8216e-05 0.999996 0.226756 0.209813 -0.230142
FixedParameters: 0 0 0

#Transform 79
Transform: AffineTransform_float_3_3
Parameters: 0.999997 -0.000792598 0.00261382 0.000792401 0.999999 0.000230072 -0.00261318 -0.000227929 0.999996 0.234225 0.20208 -0.202091
FixedParameters: 0 0 0

#Transform 80
Transform: AffineTransform_float_3_3
Parameters: 0.999996 -0.000856167 0.00261394 0.000855832 0.999999 6.52373e-05 -0.00261405 -6.27621e-05 0.999996 0.25015 0.206693 -0.203615
FixedParameters: 0 0 0

#Transform 81
Transform: AffineTransform_float_3_3
Parameters: 0.999995 -0.000594156 0.00304878 0.000592845 1 0.000379809 -0.00304923 -0.00037819 0.999996 0.231478 0.202249 -0.22079
FixedParameters: 0 0 0

#Transform 82
Transform: AffineTransform_float_3_3
Parameters: 0.999994 -0.00159886 0.00309766 0.00160414 0.999998 -0.00165904 -0.00309434 0.00166396 0.999994 0.322061 0.304128 -0.636151
FixedParameters: 0 0 0

#Transform 83
Transform: AffineTransform_float_3_3
Parameters: 0.999988 -0.00225369 0.00418047 0.00227231 0.999986 -0.00462055 -0.00416953 0.00463045 0.99998 0.288459 0.365074 -0.52544
FixedParameters: 0 0 0

#Transform 84
Transform: AffineTransform_float_3_3
Parameters: 0.999994 -0.00201735 0.00272671 0.00202065 0.999997 -0.0013375 -0.0027243 0.0013425 0.999996 0.274735 0.250939 -0.338123
FixedParameters: 0 0 0

#Transform 85
Transform: AffineTransform_float_3_3
Parameters: 0.999984 -0.00572573 -0.000624331 0.00572527 0.999983 -0.00116659 0.000630666 0.00116241 0.999999 0.422602 0.357903 -0.248168
FixedParameters: 0 0 0

#Transform 86
Transform: AffineTransform_float_3_3
Parameters: 0.999997 -0.00147774 0.00164913 0.00147926 0.999998 -0.000762562 -0.00164787 0.000765437 0.999999 0.26237 0.247824 -0.276109
FixedParameters: 0 0 0

#Transform 87
Transform: AffineTransform_float_3_3
Parameters: 0.999997 -0.001517 0.00203074 0.001518 0.999998 -0.000489919 -0.00202925 0.00049308 0.999998 0.245244 0.245147 -0.263973
FixedParameters: 0 0 0

#Transform 88
Transform: AffineTransform_float_3_3
Parameters: 0.999996 -0.00114782 0.00228059 0.00114918 0.999999 -0.000516381 -0.0022804 0.000519619 0.999998 0.242733 0.23669 -0.265091
FixedParameters: 0 0 0

#Transform 89
Transform: AffineTransform_float_3_3
Parameters: 0.999995 -0.00125681 0.00269443 0.00126219 0.999998 -0.00192661 -0.00269257 0.00193039 0.999994 0.222611 0.310232 -0.273152
FixedParameters: 0 0 0

#Transform 90
Transform: AffineTransform_float_3_3
Parameters: 0.999996 -0.0013515 0.00271375 0.0013545 0.999999 -0.00128933 -0.00271126 0.00129267 0.999996 0.237057 0.319173 -0.223763
FixedParameters: 0 0 0

#Transform 91
Transform: AffineTransform_float_3_3
Parameters: 0.999993 -0.00159904 0.00343784 0.00160295 0.999998 -0.0011475 -0.00343616 0.0011535 0.999994 0.265023 0.33715 -0.314658
FixedParameters: 0 0 0

#Transform 92
Transform: AffineTransform_float_3_3
Parameters: 0.999992 -0.00156018 0.00361938 0.00156782 0.999997 -0.00215934 -0.00361562 0.00216466 0.999991 0.261022 0.268548 -0.396974
FixedParameters: 0 0 0

#Transform 93
Transform: AffineTransform_float_3_3
Parameters: 0.999995 -0.000947174 0.00306019 0.000950827 0.999999 -0.0012491 -0.00305981 0.0012519 0.999994 0.241377 0.241143 -0.306335
FixedParameters: 0 0 0

#Transform 94
Transform: AffineTransform_float_3_3
Parameters: 0.999993 -0.00128138 0.00346397 0.00128462 0.999999 -0.000754555 -0.00346303 0.000758442 0.999993 0.234288 0.238555 -0.278429
FixedParameters: 0 0 0

#Transform 95
Transform: AffineTransform_float_3_3
Parameters: 0.999994 -0.00181297 0.00274832 0.00181803 0.999996 -0.00183001 -0.00274467 0.00183498 0.999994 0.297635 0.296744 -0.417875
FixedParameters: 0 0 0

#Transform 96
Transform: AffineTransform_float_3_3
Parameters: 0.999993 -0.00112131 0.00360534 0.00113169 0.999995 -0.00296494 -0.00360266 0.00296806 0.999989 0.255281 0.275002 -0.45339
FixedParameters: 0 0 0

#Transform 97
Transform: AffineTransform_float_3_3
Parameters: 0.99999 0.000351364 0.00433733 -0.000343632 0.999998 -0.00192951 -0.00433867 0.00192749 0.999988 0.18452 0.221318 -0.345555
FixedParameters: 0 0 0

#Transform 98
Transform: AffineTransform_float_3_3
Parameters: 0.999992 -0.00275274 0.00268739 0.00275826 0.999995 -0.0019546 -0.0026826 0.0019614 0.999994 0.317602 0.307467 -0.317544
FixedParameters: 0 0 0

#Transform 99
Transform: AffineTransform_float_3_3
Parameters: 0.999995 -0.00237181 0.00199923 0.00237219 0.999997 -9.42579e-05 -0.00199977 9.87436e-05 0.999998 0.299775 0.284568 -0.359753
FixedParameters: 0 0 0

#Transform 100
Transform: AffineTransform_float_3_3
Parameters: 0.999992 -0.00218404 0.00317904 0.00218696 0.999997 -0.000928055 -0.00317696 0.000934946 0.999995 0.283083 0.289834 -0.392199
FixedParameters: 0 0 0

#Transform 101
Transform: AffineTransform_float_3_3
Parameters: 0.999993 -0.00226569 0.00276389 0.0022673 0.999997 -0.000830739 -0.00276211 0.000837263 0.999996 0.311576 0.294546 -0.471143
FixedParameters: 0 0 0

#Transform 102
Transform: AffineTransform_float_3_3
Parameters: 0.999989 -0.00159137 0.00437525 0.00160363 0.999995 -0.00265701 -0.00437075 0.00266398 0.999987 0.245419 0.299015 -0.526732
FixedParameters: 0 0 0

#Transform 103
Transform: AffineTransform_float_3_3
Parameters: 0.999987 -0.00223141 0.00461055 0.00224859 0.99999 -0.00381268 -0.00460245 0.00382332 0.999982 0.29802 0.363508 -0.670047
FixedParameters: 0 0 0

#Transform 104
Transform: AffineTransform_float_3_3
Parameters: 0.999989 -0.00216087 0.00422274 0.00217413 0.999993 -0.00310685 -0.00421526 0.00311614 0.999987 0.29711 0.337684 -0.532248
FixedParameters: 0 0 0

#Transform 105
Transform: AffineTransform_float_3_3
Parameters: 0.999992 -0.00194972 0.00364498 0.00195928 0.999995 -0.00254488 -0.00364002 0.00255212 0.99999 0.316038 0.307498 -0.451923
FixedParameters: 0 0 0

#Transform 106
Transform: AffineTransform_float_3_3
Parameters: 0.999992 -0.00195345 0.003624 0.00195855 0.999997 -0.00152792 -0.00362101 0.00153509 0.999993 0.301431 0.284977 -0.434086
FixedParameters: 0 0 0

#Transform 107
Transform: AffineTransform_float_3_3
Parameters: 0.999992 -0.00195305 0.00364919 0.00195895 0.999997 -0.00162886 -0.00364581 0.00163613 0.999992 0.293742 0.311267 -0.51166
FixedParameters: 0 0 0

#Transform 108
Transform: AffineTransform_float_3_3
Parameters: 0.999997 -0.00130024 0.00179983 0.00129976 0.999999 0.00013534 -0.00180017 -0.00013266 0.999999 0.308988 0.242725 -0.322723
FixedParameters: 0 0 0

#Transform 109
Transform: AffineTransform_float_3_3
Parameters: 0.999992 -0.00237046 0.00327594 0.00236954 0.999997 0.000448766 -0.00327705 -0.000441235 0.999994 0.326532 0.315189 -0.549195
FixedParameters: 0 0 0

#Transform 110
Transform: AffineTransform_float_3_3
Parameters: 0.999991 -0.00286944 0.00306772 0.00286755 0.999995 0.000800804 -0.00307029 -0.000792197 0.999995 0.334599 0.347097 -0.593315
FixedParameters: 0 0 0

#Transform 111
Transform: AffineTransform_float_3_3
Parameters: 0.999953 -0.00403902 0.00883838 0.00407898 0.999981 -0.00451016 -0.00881962 0.00454583 0.999951 0.408113 0.450736 -1.61502
FixedParameters: 0 0 0

#Transform 112
Transform: AffineTransform_float_3_3
Parameters: 0.99997 -0.00264963 0.00726485 0.00268937 0.999981 -0.00555263 -0.00725015 0.00557238 0.999958 0.316744 0.428916 -1.16555
FixedParameters: 0 0 0

#Transform 113
Transform: AffineTransform_float_3_3
Parameters: 0.99997 -0.00149612 0.00750473 0.00154888 0.999974 -0.00704458 -0.00749426 0.00705642 0.999947 0.215346 0.409328 -0.979569
FixedParameters: 0 0 0

#Transform 114
Transform: AffineTransform_float_3_3
Parameters: 0.999995 -0.00146103 0.00303285 0.00146897 0.999996 -0.00262756 -0.00302915 0.00263244 0.999992 0.243869 0.308147 -0.436876
FixedParameters: 0 0 0

#Transform 115
Transform: AffineTransform_float_3_3
Parameters: 0.999996 -0.000521028 0.00302917 0.00052197 1 -0.00031942 -0.00302983 0.00032158 0.999996 0.186834 0.259386 -0.222611
FixedParameters: 0 0 0

#Transform 116
Transform: AffineTransform_float_3_3
Parameters: 0.999998 -0.000443962 0.00151872 0.000443038 0.999999 0.000633673 -0.00151928 -0.000633326 0.999998 0.206333 0.230971 -0.16327
FixedParameters: 0 0 0

#Transform 117
Transform: AffineTransform_float_3_3
Parameters: 0.999995 -0.000444147 0.00299613 0.000444852 1 -0.000283669 -0.00299587 0.000285332 0.999996 0.192959 0.259569 -0.197099
FixedParameters: 0 0 0

#Transform 118
Transform: AffineTransform_float_3_3
Parameters: 0.999998 -0.000561018 0.001855 0.000560982 1 1.00406e-05 -0.00185501 -8.95933e-06 0.999999 0.225589 0.245917 -0.256445
FixedParameters: 0 0 0

#Transform 119
Transform: AffineTransform_float_3_3
Parameters: 0.999994 -0.00240363 0.0026895 0.00241237 0.999992 -0.00311253 -0.0026825 0.00311947 0.999991 0.371023 0.441902 -0.661897
FixedParameters: 0 0 0

#Transform 120
Transform: AffineTransform_float_3_3
Parameters: 0.999993 -0.00255634 0.00246976 0.00255866 0.999996 -0.00107469 -0.00246724 0.00108131 0.999997 0.307375 0.310581 -0.285977
FixedParameters: 0 0 0

#Transform 121
Transform: AffineTransform_float_3_3
Parameters: 0.999994 -0.00112391 0.00323338 0.00112409 1 -0.000335367 -0.00323362 0.000338636 0.999994 0.248291 0.298323 -0.279841
FixedParameters: 0 0 0

#Transform 122
Transform: AffineTransform_float_3_3
Parameters: 0.999995 -0.00126339 0.00309143 0.00126261 0.999999 0.000450906 -0.00309257 -0.000447095 0.999995 0.291764 0.30224 -0.395211
FixedParameters: 0 0 0

#Transform 123
Transform: AffineTransform_float_3_3
Parameters: 0.999992 -0.00150325 0.0037265 0.00150276 0.999999 0.000336603 -0.0037275 -0.000331399 0.999993 0.303901 0.323941 -0.516743
FixedParameters: 0 0 0

#Transform 124
Transform: AffineTransform_float_3_3
Parameters: 0.99998 -0.00247061 0.00571064 0.00251139 0.999972 -0.00707679 -0.00569335 0.0070912 0.999958 0.356289 0.45959 -0.987191
FixedParameters: 0 0 0

#Transform 125
Transform: AffineTransform_float_3_3
Parameters: 0.99999 -0.00097477 0.00435861 0.00097223 1 0.000408242 -0.0043594 -0.000403755 0.999991 0.278532 0.309797 -0.407106
FixedParameters: 0 0 0

#Transform 126
Transform: AffineTransform_float_3_3
Parameters: 0.999991 -0.0010011 0.00409827 0.000993897 0.999998 0.00173509 -0.00409973 -0.00173091 0.99999 0.304818 0.285675 -0.330432
FixedParameters: 0 0 0

#Transform 127
Transform: AffineTransform_float_3_3
Parameters: 0.999988 -0.00102061 0.00468543 0.00101839 1 0.000558778 -0.00468556 -0.000554224 0.999989 0.264522 0.297548 -0.329681
FixedParameters: 0 0 0

#Transform 128
Transform: AffineTransform_float_3_3
Parameters: 0.999989 -0.00134119 0.00434163 0.00133981 0.999999 0.00027782 -0.00434137 -0.00027218 0.99999 0.25807 0.305971 -0.282477
FixedParameters: 0 0 0

#Transform 129
Transform: AffineTransform_float_3_3
Parameters: 0.999992 -0.00102257 0.00381078 0.00101843 0.999999 0.00120189 -0.00381223 -0.00119811 0.999992 0.248102 0.26014 -0.157173
FixedParameters: 0 0 0

#Transform 130
Transform: AffineTransform_float_3_3
Parameters: 0.999991 -0.00155913 0.00381072 0.00155587 0.999999 0.000823937 -0.00381228 -0.000817064 0.999993 0.263851 0.288255 -0.197462
FixedParameters: 0 0 0

#Transform 131
Transform: AffineTransform_float_3_3
Parameters: 0.999991 -0.00143546 0.00381145 0.00143454 0.999999 0.000386471 -0.00381255 -0.00038053 0.999992 0.262913 0.285409 -0.175614
FixedParameters: 0 0 0

#Transform 132
Transform: AffineTransform_float_3_3
Parameters: 0.999986 -0.000699058 0.00537273 0.000696943 0.999999 0.00038475 -0.00537327 -0.000381249 0.999985 0.208429 0.32128 -0.0636386
FixedParameters: 0 0 0

#Transform 133
Transform: AffineTransform_float_3_3
Parameters: 0.999989 -0.000492329 0.00465928 0.000495673 0.999999 -0.000572697 -0.00465872 0.0005743 0.999989 0.188623 0.335826 -0.0823915
FixedParameters: 0 0 0

#Transform 134
Transform: AffineTransform_float_3_3
Parameters: 0.999986 -0.000650728 0.00527705 0.000643275 0.999998 0.00146541 -0.00527795 -0.00146259 0.999985 0.201279 0.325559 -0.0353872
FixedParameters: 0 0 0

#Transform 135
Transform: AffineTransform_float_3_3
Parameters: 0.999985 -0.000649904 0.00546542 0.000645099 1 0.000898539 -0.00546558 -0.000895462 0.999984 0.223846 0.338394 -0.057592
FixedParameters: 0 0 0

#Transform 136
Transform: AffineTransform_float_3_3
Parameters: 0.999984 -3.4905e-05 0.00566696 2.70939e-05 0.999999 0.00139518 -0.00566704 -0.00139482 0.999983 0.211473 0.317334 -0.0238891
FixedParameters: 0 0 0

#Transform 137
Transform: AffineTransform_float_3_3
Parameters: 0.999987 -0.000513814 0.00511612 0.000505186 0.999999 0.00172361 -0.00511788 -0.00172139 0.999986 0.218706 0.288103 -0.0250399
FixedParameters: 0 0 0

#Transform 138
Transform: AffineTransform_float_3_3
Parameters: 0.999986 -0.000858126 0.0053457 0.000849872 0.999999 0.00152257 -0.0053473 -0.00151743 0.999984 0.229113 0.29972 -0.040342
FixedParameters: 0 0 0

#Transform 139
Transform: AffineTransform_float_3_3
Parameters: 0.999984 -0.000792167 0.00548954 0.00078183 0.999998 0.00185432 -0.00549146 -0.00184968 0.999983 0.224005 0.291651 -0.0316946
FixedParameters: 0 0 0

#Transform 140
Transform: AffineTransform_float_3_3
Parameters: 0.999983 -0.00100965 0.00564757 0.00099634 0.999996 0.00242067 -0.00565042 -0.00241433 0.999981 0.225001 0.31133 -0.0973622
FixedParameters: 0 0 0

#Transform 141
Transform: AffineTransform_float_3_3
Parameters: 0.999976 -0.0015642 0.00682411 0.0015688 0.999998 -0.000698311 -0.0068229 0.00070869 0.999977 0.280197 0.393345 -0.457944
FixedParameters: 0 0 0

#Transform 142
Transform: AffineTransform_float_3_3
Parameters: 0.999974 -0.00230499 0.00682435 0.00230901 0.999997 -0.000580257 -0.00682264 0.000595741 0.999976 0.30833 0.412363 -0.370807
FixedParameters: 0 0 0

#Transform 143
Transform: AffineTransform_float_3_3
Parameters: 0.99998 -0.00159348 0.00621268 0.00159952 0.999998 -0.00104508 -0.00621133 0.00105492 0.99998 0.28047 0.39098 -0.273191
FixedParameters: 0 0 0

#Transform 144
Transform: AffineTransform_float_3_3
Parameters: 0.999972 -0.00192341 0.00724202 0.00193159 0.999997 -0.00104104 -0.00723998 0.00105495 0.999973 0.26948 0.375006 -0.301157
FixedParameters: 0 0 0

#Transform 145
Transform: AffineTransform_float_3_3
Parameters: 0.999984 -0.00187662 0.00519613 0.00187637 0.999998 -6.72511e-05 -0.00519586 7.77518e-05 0.999986 0.275709 0.354144 -0.115524
FixedParameters: 0 0 0

#Transform 146
Transform: AffineTransform_float_3_3
Parameters: 0.999982 -0.000875124 0.00593584 0.000873874 0.999999 0.000192191 -0.00593617 -0.000186808 0.999983 0.24527 0.322517 -0.11308
FixedParameters: 0 0 0

#Transform 147
Transform: AffineTransform_float_3_3
Parameters: 0.999983 -0.00159637 0.00564792 0.00158863 0.999998 0.001309 -0.00565008 -0.0013 0.999983 0.371675 0.415769 -0.701462
FixedParameters: 0 0 0

#Transform 148
Transform: AffineTransform_float_3_3
Parameters: 0.99998 -0.00174169 0.00618809 0.00174231 0.999999 -4.42194e-05 -0.00618791 5.57786e-05 0.999981 0.314267 0.372364 -0.289543
FixedParameters: 0 0 0

#Transform 149
Transform: AffineTransform_float_3_3
Parameters: 0.99998 -0.00102825 0.00620179 0.00102675 1 0.000204372 -0.00620221 -0.000198627 0.99998 0.294961 0.351946 -0.0644101
FixedParameters: 0 0 0

#Transform 150
Transform: AffineTransform_float_3_3
Parameters: 0.999981 -0.00127858 0.0060705 0.00128142 0.999999 -0.000394229 -0.00606949 0.000401768 0.999981 0.29967 0.365482 -0.118826
FixedParameters: 0 0 0

#Transform 151
Transform: AffineTransform_float_3_3
Parameters: 0.999979 -0.00117917 0.00639752 0.00118183 0.999999 -0.000438449 -0.00639748 0.000446553 0.99998 0.289234 0.367993 -0.142635
FixedParameters: 0 0 0

#Transform 152
Transform: AffineTransform_float_3_3
Parameters: 0.999983 -0.00134328 0.00564584 0.00135072 0.999998 -0.0013634 -0.00564416 0.00137061 0.999983 0.426221 0.487606 -0.588783
FixedParameters: 0 0 0

#Transform 153
Transform: AffineTransform_float_3_3
Parameters: 0.999982 -0.00175977 0.00573669 0.00177423 0.999995 -0.00264987 -0.00573231 0.00266014 0.99998 0.386603 0.461391 -0.456684
FixedParameters: 0 0 0

#Transform 154
Transform: AffineTransform_float_3_3
Parameters: 0.999981 -0.00108744 0.00605127 0.00109956 0.999997 -0.00207338 -0.00604873 0.00207962 0.999979 0.287548 0.365049 -0.173474
FixedParameters: 0 0 0

#Transform 155
Transform: AffineTransform_float_3_3
Parameters: 0.999983 -0.000467543 0.00571278 0.000476458 0.999998 -0.0016543 -0.00571222 0.0016567 0.999983 0.255897 0.345377 -0.0932095
FixedParameters: 0 0 0

#Transform 156
Transform: AffineTransform_float_3_3
Parameters: 0.999983 -0.000265502 0.00594957 0.000278496 0.999998 -0.00209938 -0.00594943 0.00210162 0.99998 0.251143 0.3678 -0.0823472
FixedParameters: 0 0 0

#Transform 157
Transform: AffineTransform_float_3_3
Parameters: 0.999982 -0.000486021 0.00587351 0.000503978 0.999995 -0.00306009 -0.00587148 0.00306291 0.999978 0.29345 0.440627 -0.315885
FixedParameters: 0 0 0

#Transform 158
Transform: AffineTransform_float_3_3
Parameters: 0.999985 -0.000442423 0.00549853 0.000449575 0.999999 -0.00119455 -0.00549847 0.00119745 0.999984 0.285347 0.362469 -0.127164
FixedParameters: 0 0 0

#Transform 159
Transform: AffineTransform_float_3_3
Parameters: 0.999983 -0.000416712 0.00593066 0.000425284 0.999998 -0.00156451 -0.00592934 0.0015675 0.999981 0.276576 0.369281 -0.166028
FixedParameters: 0 0 0

#Transform 160
Transform: AffineTransform_float_3_3
Parameters: 0.999983 -0.000384232 0.00590971 0.000394767 0.999999 -0.0018207 -0.00590929 0.0018233 0.999981 0.276777 0.373589 -0.151061
FixedParameters: 0 0 0

#Transform 161
Transform: AffineTransform_float_3_3
Parameters: 0.999978 -0.000474368 0.00658163 0.000482632 0.999999 -0.00130985 -0.00658137 0.00131315 0.999977 0.242996 0.365415 -0.154758
FixedParameters: 0 0 0

#Transform 162
Transform: AffineTransform_float_3_3
Parameters: 0.999977 -0.000249805 0.00677374 0.000269198 0.999996 -0.00283324 -0.00677326 0.00283476 0.999973 0.303422 0.418752 -0.347913
FixedParameters: 0 0 0

#Transform 163
Transform: AffineTransform_float_3_3
Parameters: 0.999976 -0.00198222 0.0065434 0.00201378 0.999987 -0.00470093 -0.00653459 0.00471406 0.999967 0.372332 0.469497 -0.445755
FixedParameters: 0 0 0

#Transform 164
Transform: AffineTransform_float_3_3
Parameters: 0.999975 -0.0025259 0.00670818 0.00255811 0.999986 -0.00478096 -0.00669683 0.00479804 0.999966 0.373819 0.483969 -0.413143
FixedParameters: 0 0 0

#Transform 165
Transform: AffineTransform_float_3_3
Parameters: 0.999972 -0.00211561 0.00718323 0.00214038 0.999992 -0.00338872 -0.00717577 0.00340428 0.999969 0.325457 0.45996 -0.349794
FixedParameters: 0 0 0

#Transform 166
Transform: AffineTransform_float_3_3
Parameters: 0.999967 -0.00111922 0.00806276 0.00115277 0.999991 -0.00418585 -0.00805724 0.00419516 0.999958 0.276916 0.466022 -0.435971
FixedParameters: 0 0 0

#Transform 167
Transform: AffineTransform_float_3_3
Parameters: 0.999967 -0.00121814 0.00796457 0.00125386 0.999989 -0.00449916 -0.00795943 0.00450884 0.999958 0.291887 0.437346 -0.42143
FixedParameters: 0 0 0

#Transform 168
Transform: AffineTransform_float_3_3
Parameters: 0.999968 -0.00118615 0.00798664 0.00121684 0.999992 -0.00385841 -0.00798136 0.00386859 0.99996 0.284406 0.471352 -0.3937
FixedParameters: 0 0 0

#Transform 169
Transform: AffineTransform_float_3_3
Parameters: 0.999964 -0.000825034 0.00837313 0.000865963 0.999987 -0.00488992 -0.00836886 0.00489708 0.999953 0.246767 0.507287 -0.431327
FixedParameters: 0 0 0

#Transform 170
Transform: AffineTransform_float_3_3
Parameters: 0.999959 -0.00118283 0.00898325 0.00122217 0.99999 -0.0043562 -0.00897776 0.0043668 0.99995 0.249286 0.466269 -0.341421
FixedParameters: 0 0 0

#Transform 171
Transform: AffineTransform_float_3_3
Parameters: 0.999963 -0.000969124 0.00863134 0.00100688 0.99999 -0.00438447 -0.00862767 0.00439353 0.999953 0.288694 0.456733 -0.343306
FixedParameters: 0 0 0

#Transform 172
Transform: AffineTransform_float_3_3
Parameters: 0.99996 -0.00125083 0.00878781 0.00129117 0.999988 -0.00456683 -0.00878218 0.00457816 0.999951 0.276736 0.450763 -0.317828
FixedParameters: 0 0 0

#Transform 173
Transform: AffineTransform_float_3_3
Parameters: 0.999961 -0.00172334 0.00865644 0.00177466 0.99998 -0.00596387 -0.00864555 0.00597913 0.999944 0.286523 0.477662 -0.370892
FixedParameters: 0 0 0

#Transform 174
Transform: AffineTransform_float_3_3
Parameters: 0.999966 -0.0011991 0.00823541 0.0012289 0.999992 -0.003626 -0.00823159 0.00363599 0.999959 0.259594 0.408821 -0.163814
FixedParameters: 0 0 0

#Transform 175
Transform: AffineTransform_float_3_3
Parameters: 0.99996 -0.001444 0.0088288 0.00148499 0.999988 -0.00463808 -0.0088222 0.00465193 0.999951 0.3113 0.489443 -0.348151
FixedParameters: 0 0 0

#Transform 176
Transform: AffineTransform_float_3_3
Parameters: 0.999957 -0.00185786 0.00911232 0.00190314 0.999986 -0.00494687 -0.00910368 0.00496413 0.999946 0.322673 0.505147 -0.395091
FixedParameters: 0 0 0

#Transform 177
Transform: AffineTransform_float_3_3
Parameters: 0.999957 -0.0018603 0.00906387 0.0019037 0.999987 -0.00470495 -0.00905413 0.00472205 0.999948 0.303495 0.479122 -0.393106
FixedParameters: 0 0 0

#Transform 178
Transform: AffineTransform_float_3_3
Parameters: 0.999921 0.00179103 0.0124341 -0.00172796 0.999985 -0.00507888 -0.0124429 0.00505611 0.99991 0.1676 0.419659 -0.517295
FixedParameters: 0 0 0

#Transform 179
Transform: AffineTransform_float_3_3
Parameters: 0.999965 -0.00123991 0.00828748 0.00127509 0.999989 -0.00435059 -0.00828252 0.00436142 0.999956 0.293077 0.456121 -0.403776
FixedParameters: 0 0 0
