#!ascii label  , from subject sub-v2s9x29150_ses-1 vox2ras=TkReg
677
12240  37.538  -56.571  -16.404 0.3000000119
19836  37.286  -46.584  -16.232 0.6000000238
21932  37.583  -43.711  -17.401 0.6999999881
22721  37.734  -42.976  -17.741 0.6999999881
12241  36.685  -56.728  -16.451 0.4000000060
15285  35.616  -52.620  -14.568 0.4000000060
12217  37.934  -55.903  -15.748 0.5000000000
12979  38.842  -55.734  -15.784 0.5000000000
19134  37.566  -47.305  -15.965 0.6999999881
20516  37.828  -45.248  -16.510 0.6999999881
103241  37.758  -46.037  -16.279 0.5000000000
21920  38.614  -43.868  -16.649 0.6000000238
109218  37.980  -43.922  -16.814 0.6000000238
21931  38.167  -43.357  -17.044 0.6999999881
98264  38.086  -42.278  -18.144 0.6999999881
12944  36.784  -55.165  -14.808 0.5000000000
15284  36.401  -52.257  -14.885 0.4000000060
12961  37.515  -55.394  -15.238 0.6000000238
16846  36.421  -50.632  -15.510 0.4000000060
17591  36.814  -49.902  -15.748 0.5000000000
12943  37.603  -54.746  -14.884 0.6000000238
17592  36.375  -49.265  -15.596 0.6000000238
19116  37.883  -47.929  -15.919 0.6000000238
12960  38.265  -55.179  -15.293 0.6000000238
19133  38.413  -47.404  -16.091 0.6000000238
104516  38.621  -45.124  -16.410 0.6000000238
21919  39.261  -43.834  -16.646 0.6000000238
22711  40.267  -42.764  -17.355 0.6999999881
22702  38.979  -43.250  -16.831 0.6999999881
100693  40.111  -42.089  -17.355 0.6999999881
23484  39.660  -41.650  -17.478 0.6999999881
23495  38.552  -41.594  -18.565 0.6999999881
23483  40.329  -41.471  -17.592 0.6999999881
24302  39.893  -40.847  -17.729 0.6999999881
23494  39.169  -41.154  -17.987 0.6999999881
24301  40.626  -40.785  -17.863 0.6999999881
12962  36.192  -55.645  -15.105 0.5000000000
14493  36.248  -53.969  -14.283 0.5000000000
98743  36.271  -53.166  -14.464 0.5000000000
16071  36.057  -51.334  -15.172 0.4000000060
13723  37.650  -54.022  -14.732 0.5000000000
17605  37.620  -49.636  -16.098 0.5000000000
18350  37.801  -48.700  -15.969 0.6000000238
107711  38.820  -53.310  -15.469 0.6000000238
14511  38.283  -53.649  -15.146 0.5000000000
15306  38.207  -52.752  -15.517 0.5000000000
103814  39.146  -46.213  -16.349 0.6999999881
20515  39.309  -45.478  -16.466 0.6000000238
103897  38.505  -45.927  -16.258 0.6999999881
21930  40.478  -43.544  -17.541 0.6000000238
21220  39.693  -44.165  -16.719 0.6000000238
21929  40.870  -42.929  -17.983 0.6000000238
21918  39.840  -43.453  -16.916 0.6000000238
22710  40.678  -42.148  -17.706 0.6000000238
23482  41.053  -41.499  -17.942 0.6999999881
24311  39.533  -40.445  -18.389 0.6999999881
102109  41.266  -40.894  -18.137 0.6000000238
103712  36.923  -51.486  -15.558 0.4000000060
13705  36.937  -54.358  -14.547 0.5000000000
111756  36.913  -52.938  -14.745 0.4000000060
16858  37.425  -50.394  -16.081 0.5000000000
18349  38.462  -48.266  -16.204 0.6000000238
14492  36.943  -53.626  -14.549 0.4000000060
96574  39.059  -47.230  -16.317 0.6000000238
14512  37.568  -53.246  -14.952 0.4000000060
16070  37.790  -51.886  -15.922 0.4000000060
16087  38.147  -51.546  -16.751 0.4000000060
97915  39.414  -46.770  -16.483 0.6999999881
108008  40.018  -45.502  -16.806 0.6000000238
21235  40.210  -44.222  -17.063 0.6000000238
22719  41.450  -42.333  -18.397 0.6000000238
25154  39.762  -39.802  -18.757 0.6999999881
24310  40.230  -40.048  -18.211 0.6999999881
24309  41.080  -40.207  -18.217 0.6000000238
16088  37.537  -51.118  -16.189 0.4000000060
96424  38.054  -50.527  -16.667 0.4000000060
92950  39.064  -47.851  -16.382 0.6999999881
19131  40.094  -46.840  -16.970 0.8000000119
15325  38.484  -52.197  -16.344 0.5000000000
20528  40.369  -45.077  -17.349 0.6000000238
99383  41.413  -43.151  -18.560 0.5000000000
21943  40.997  -43.700  -18.331 0.6000000238
25161  39.718  -39.516  -19.743 0.6999999881
23492  42.294  -41.235  -18.895 0.6000000238
23493  41.709  -41.460  -18.491 0.6000000238
25153  40.241  -39.269  -18.835 0.8000000119
101205  41.785  -40.637  -18.523 0.6000000238
17604  38.485  -49.299  -16.520 0.5000000000
16867  38.814  -50.227  -17.301 0.5000000000
17621  40.066  -49.513  -18.099 0.6999999881
19847  40.351  -46.008  -17.369 0.6999999881
20542  40.786  -45.159  -18.276 0.6999999881
21942  41.668  -43.801  -19.113 0.6000000238
21249  41.235  -44.518  -18.714 0.6000000238
21941  41.924  -42.998  -19.130 0.6000000238
25168  40.009  -38.956  -21.132 0.6000000238
22718  42.298  -42.144  -19.166 0.6000000238
25160  40.199  -38.826  -20.008 0.6999999881
24308  41.730  -39.715  -18.636 0.6999999881
25152  40.898  -39.340  -18.519 0.6999999881
17622  39.402  -49.198  -17.193 0.5000000000
18377  39.642  -48.227  -16.879 0.6000000238
110016  39.037  -48.548  -16.568 0.6000000238
18392  40.458  -48.989  -18.759 0.6999999881
18376  40.120  -48.637  -17.680 0.6000000238
19132  39.623  -47.442  -16.669 0.6999999881
16882  39.967  -50.513  -18.553 0.6999999881
95759  42.217  -43.583  -19.671 0.5000000000
21951  42.157  -44.162  -19.894 0.6000000238
109225  39.624  -39.086  -21.178 0.5000000000
22725  43.172  -42.367  -19.995 0.6000000238
100094  42.659  -43.079  -19.835 0.6000000238
26000  39.855  -38.625  -21.308 0.5000000000
23501  42.895  -41.467  -19.489 0.6000000238
25994  40.723  -38.178  -19.905 0.6000000238
95762  40.186  -38.092  -21.385 0.5000000000
26787  40.250  -37.438  -21.396 0.5000000000
24315  43.400  -40.787  -19.818 0.6999999881
24316  42.586  -40.399  -19.093 0.6999999881
25151  41.625  -38.619  -18.978 0.6999999881
25993  41.295  -37.987  -19.425 0.6999999881
96796  41.057  -37.707  -20.037 0.5000000000
25159  42.483  -39.279  -19.166 0.6999999881
94494  40.552  -46.896  -17.965 0.6000000238
95957  40.443  -48.280  -18.340 0.6999999881
19151  40.235  -47.712  -17.487 0.6000000238
19179  40.946  -48.074  -20.143 0.6999999881
19860  40.830  -46.095  -18.525 0.6999999881
21260  41.774  -44.689  -19.657 0.6999999881
20541  41.417  -45.532  -19.338 0.6999999881
21950  42.814  -44.061  -20.544 0.6000000238
26788  39.409  -37.795  -21.121 0.4000000060
21949  43.542  -43.408  -20.929 0.5000000000
27554  40.487  -36.752  -21.447 0.4000000060
24322  44.040  -40.132  -20.362 0.6000000238
23500  43.484  -41.664  -20.099 0.6000000238
26783  40.612  -37.975  -21.026 0.5000000000
106697  40.506  -37.590  -21.313 0.5000000000
98407  41.630  -36.389  -21.918 0.4000000060
99154  43.312  -39.608  -19.728 0.6000000238
25158  42.674  -38.365  -19.492 0.6999999881
26782  41.631  -37.457  -19.839 0.5000000000
19178  41.359  -47.748  -20.771 0.6000000238
19166  40.910  -47.140  -19.303 0.6999999881
19188  42.114  -48.400  -21.977 0.6999999881
20552  42.037  -45.621  -20.525 0.6000000238
21259  42.431  -44.878  -20.600 0.6000000238
22738  45.337  -42.636  -21.949 0.6000000238
22730  44.083  -42.347  -20.862 0.6000000238
24321  44.693  -40.514  -21.121 0.6000000238
23507  44.675  -41.589  -21.201 0.6000000238
26796  40.798  -37.076  -21.557 0.4000000060
28297  41.049  -36.497  -21.801 0.5000000000
108536  44.077  -39.129  -20.449 0.6000000238
112324  43.020  -38.929  -19.574 0.6000000238
25992  42.139  -37.660  -19.456 0.5000000000
20561  42.385  -46.780  -21.630 0.6999999881
101596  41.763  -46.328  -20.493 0.6000000238
19881  42.789  -47.868  -22.436 0.6999999881
20551  42.832  -45.975  -21.654 0.6000000238
19880  43.809  -47.881  -22.998 0.6999999881
21267  43.312  -45.174  -21.573 0.5000000000
22739  44.650  -43.571  -21.823 0.6000000238
23516  45.535  -41.070  -21.914 0.5000000000
102813  44.699  -39.248  -21.190 0.6000000238
25167  43.659  -38.434  -20.100 0.6000000238
20565  44.502  -46.434  -22.404 0.6999999881
102286  43.791  -46.522  -22.624 0.6999999881
21965  45.211  -44.638  -22.385 0.6000000238
104124  45.572  -43.907  -22.357 0.5000000000
23521  47.496  -40.658  -23.171 0.6000000238
22742  47.270  -42.138  -22.639 0.6000000238
24330  46.581  -40.097  -22.787 0.6000000238
25177  45.539  -38.016  -22.169 0.6000000238
25991  43.368  -37.596  -19.760 0.5000000000
15339  39.406  -52.297  -17.679 0.5000000000
109574  39.252  -52.068  -18.146 0.5000000000
15355  39.792  -52.258  -18.566 0.5000000000
16111  39.639  -51.968  -18.678 0.5000000000
101594  39.581  -51.403  -18.497 0.6999999881
16895  40.562  -51.069  -20.345 0.6999999881
16881  40.164  -51.413  -19.331 0.5000000000
102803  40.502  -51.874  -20.415 0.5000000000
17635  40.421  -49.824  -19.187 0.6999999881
96112  40.366  -50.565  -19.482 0.6999999881
109758  40.992  -48.788  -20.767 0.6999999881
12239  38.445  -56.434  -16.396 0.3000000119
22713  38.483  -42.679  -17.365 0.6999999881
21222  38.278  -44.495  -16.568 0.6000000238
23485  38.829  -41.927  -17.679 0.6999999881
103493  39.321  -40.202  -19.507 0.6999999881
16866  39.205  -50.922  -17.950 0.6000000238
25999  40.273  -38.526  -21.073 0.6000000238
25988  40.788  -38.588  -19.032 0.6999999881
27555  39.719  -36.874  -21.022 0.5000000000
26786  41.224  -37.344  -20.979 0.5000000000
20560  43.372  -47.281  -22.692 0.6999999881
21956  44.317  -44.327  -21.838 0.5000000000
24331  45.559  -39.498  -22.116 0.6000000238
25166  44.714  -38.242  -20.992 0.6000000238
21266  44.506  -45.550  -22.365 0.6000000238
21271  45.327  -45.178  -22.298 0.5000000000
16894  41.262  -51.136  -21.667 0.6000000238
17633  43.306  -49.991  -19.053 0.6000000238
18374  43.418  -48.580  -17.777 0.4000000060
17634  42.636  -50.102  -20.759 0.5000000000
17647  41.283  -50.234  -21.269 0.6000000238
18352  35.940  -48.820  -15.730 0.5000000000
18373  43.812  -48.755  -17.397 0.4000000060
19117  37.091  -48.097  -15.750 0.5000000000
19135  36.661  -47.315  -16.241 0.5000000000
16880  42.874  -50.729  -20.386 0.5000000000
95915  44.242  -48.267  -16.997 0.4000000060
18361  36.250  -48.149  -16.024 0.5000000000
19837  36.624  -46.508  -16.765 0.5000000000
18391  43.195  -49.456  -19.255 0.6000000238
99163  42.494  -49.703  -21.243 0.5000000000
18402  41.475  -49.385  -21.380 0.6000000238
19830  44.727  -46.614  -16.377 0.4000000060
19127  45.444  -47.156  -16.812 0.4000000060
19862  35.726  -46.716  -18.888 0.5000000000
19861  36.182  -46.137  -18.601 0.5000000000
17646  41.914  -49.899  -21.700 0.6000000238
18401  42.247  -49.199  -21.869 0.6000000238
18403  40.802  -49.364  -20.326 0.6000000238
21223  37.542  -44.410  -16.947 0.5000000000
21237  36.669  -45.063  -18.026 0.5000000000
20543  36.527  -45.576  -18.841 0.4000000060
96809  42.928  -49.335  -20.716 0.5000000000
19177  43.101  -48.763  -21.447 0.6000000238
19176  43.912  -48.041  -22.069 0.6000000238
19187  43.164  -48.103  -22.402 0.6000000238
104785  41.495  -48.711  -21.376 0.6000000238
19148  43.634  -48.050  -17.054 0.4000000060
19128  44.246  -47.517  -16.646 0.4000000060
21945  37.361  -43.482  -18.212 0.5000000000
21252  36.861  -44.827  -18.942 0.5000000000
20554  37.072  -45.484  -20.078 0.4000000060
21236  37.013  -44.288  -17.900 0.6000000238
19165  43.227  -48.234  -19.334 0.6000000238
19871  43.407  -47.729  -19.917 0.6000000238
21251  37.319  -44.035  -19.163 0.5000000000
21261  37.749  -44.304  -20.572 0.4000000060
20562  37.765  -45.488  -21.933 0.4000000060
19150  43.152  -47.427  -17.844 0.6000000238
19149  43.301  -47.724  -17.434 0.4000000060
19858  43.184  -47.054  -18.341 0.6000000238
18375  43.214  -48.416  -18.529 0.6000000238
19870  43.924  -46.944  -20.206 0.6000000238
19857  43.367  -46.697  -18.868 0.5000000000
19879  44.216  -47.790  -22.857 0.6000000238
19829  45.891  -46.283  -16.635 0.4000000060
19831  43.749  -46.742  -16.357 0.4000000060
21944  37.749  -42.861  -18.732 0.6000000238
21268  37.798  -44.663  -21.543 0.5000000000
21272  37.758  -44.947  -22.027 0.5000000000
19130  43.123  -47.078  -17.155 0.4000000060
19832  43.156  -46.616  -16.666 0.4000000060
19833  43.001  -46.509  -17.253 0.5000000000
21248  43.192  -45.223  -18.063 0.5000000000
20539  43.502  -45.888  -18.857 0.5000000000
109729  44.386  -46.520  -20.708 0.6000000238
20549  44.638  -46.057  -21.014 0.6000000238
19887  44.299  -47.437  -22.728 0.6000000238
20497  43.543  -45.498  -15.614 0.4000000060
20512  44.099  -46.119  -15.862 0.4000000060
20496  44.522  -45.382  -15.584 0.4000000060
20511  45.231  -45.797  -16.104 0.4000000060
24312  38.904  -40.873  -19.016 0.6000000238
21958  38.148  -42.861  -20.698 0.6000000238
21966  37.974  -42.970  -21.115 0.5000000000
21967  37.710  -44.001  -21.503 0.4000000060
20514  42.906  -45.914  -16.529 0.4000000060
20540  43.046  -45.986  -17.804 0.5000000000
20550  44.213  -45.913  -19.872 0.5000000000
21258  44.534  -45.301  -20.133 0.6000000238
20558  44.833  -46.287  -22.123 0.6000000238
21265  45.314  -45.357  -22.218 0.6000000238
21207  43.930  -44.914  -15.178 0.4000000060
23502  38.645  -41.577  -19.894 0.6000000238
22726  38.410  -42.241  -20.455 0.6000000238
22731  38.358  -42.385  -21.019 0.5000000000
22741  37.209  -42.714  -21.282 0.5000000000
20498  42.904  -45.388  -15.881 0.4000000060
20527  42.785  -45.722  -16.979 0.4000000060
21234  42.780  -45.051  -17.170 0.5000000000
21233  43.240  -44.443  -17.876 0.5000000000
21257  45.184  -45.249  -21.300 0.5000000000
99713  44.819  -44.769  -15.350 0.4000000060
24318  39.009  -40.985  -20.584 0.6000000238
24323  38.793  -41.088  -21.052 0.5000000000
23510  38.402  -41.698  -21.163 0.5000000000
21940  43.866  -43.919  -18.642 0.4000000060
21948  45.390  -44.146  -20.587 0.4000000060
96501  45.962  -44.616  -21.872 0.4000000060
21964  45.870  -44.351  -22.347 0.4000000060
21192  44.557  -44.230  -14.857 0.4000000060
21193  43.415  -44.351  -14.814 0.4000000060
21194  42.793  -44.290  -15.013 0.4000000060
25169  39.675  -39.334  -20.867 0.5000000000
95140  37.808  -41.501  -21.220 0.4000000060
21927  43.308  -43.553  -17.700 0.5000000000
22717  43.998  -42.973  -18.368 0.6000000238
111801  46.042  -43.780  -21.176 0.4000000060
21955  47.198  -43.034  -22.271 0.4000000060
22724  45.583  -43.019  -19.980 0.5000000000
101041  39.216  -39.569  -21.142 0.6000000238
22729  47.464  -42.784  -21.874 0.5000000000
21970  47.064  -43.026  -22.410 0.5000000000
22716  44.750  -42.453  -18.940 0.5000000000
21939  44.647  -43.457  -19.330 0.5000000000
22723  46.548  -43.022  -21.031 0.5000000000
21894  42.911  -43.731  -14.599 0.4000000060
23520  48.184  -41.035  -23.152 0.4000000060
22728  47.829  -42.261  -22.347 0.5000000000
110100  46.165  -42.239  -20.124 0.5000000000
23499  45.541  -41.894  -19.344 0.5000000000
26001  38.988  -38.745  -21.113 0.4000000060
25180  46.753  -38.579  -23.272 0.4000000060
25164  48.777  -38.726  -23.838 0.4000000060
24334  47.589  -39.290  -23.857 0.5000000000
23519  48.751  -40.029  -23.640 0.5000000000
23497  47.451  -40.738  -20.872 0.5000000000
23504  48.603  -40.473  -23.128 0.5000000000
23506  47.156  -42.009  -20.879 0.5000000000
24314  46.602  -40.188  -19.730 0.5000000000
20517  37.140  -45.839  -16.616 0.6000000238
18351  36.545  -48.639  -15.712 0.5000000000
21264  45.919  -44.493  -22.206 0.4000000060
20530  36.548  -45.806  -17.599 0.5000000000
20529  37.058  -45.081  -17.166 0.5000000000
21262  37.387  -44.773  -19.975 0.4000000060
20553  37.703  -45.179  -21.080 0.4000000060
21953  37.867  -43.403  -19.900 0.6000000238
20513  43.336  -46.072  -16.108 0.4000000060
22720  38.196  -42.158  -19.183 0.6000000238
21952  38.099  -42.691  -19.794 0.6000000238
21959  37.913  -43.698  -21.037 0.5000000000
104531  37.545  -44.475  -21.916 0.5000000000
104387  37.124  -45.715  -22.389 0.5000000000
21968  37.372  -43.673  -21.574 0.5000000000
23509  38.687  -41.808  -20.994 0.5000000000
22740  37.798  -42.994  -21.245 0.5000000000
23517  38.270  -42.323  -21.104 0.5000000000
21246  44.596  -44.485  -19.779 0.5000000000
23518  37.862  -42.169  -21.269 0.5000000000
21928  42.723  -44.146  -17.042 0.5000000000
24317  39.237  -40.156  -20.810 0.6000000238
107796  46.696  -43.819  -22.020 0.3000000119
24320  48.313  -39.885  -22.520 0.4000000060
8701  37.302  -60.840  -22.340 0.3000000119
100107  37.854  -61.089  -23.752 0.3000000119
9434  38.113  -60.470  -22.688 0.3000000119
109060  39.660  -59.992  -23.896 0.3000000119
9433  38.933  -60.207  -23.005 0.3000000119
9439  39.660  -59.709  -24.180 0.3000000119
9438  40.526  -59.513  -23.965 0.3000000119
8686  41.280  -60.902  -21.587 0.3000000119
9419  40.467  -60.500  -22.238 0.3000000119
9431  41.014  -59.764  -23.099 0.3000000119
10108  40.961  -58.776  -24.185 0.3000000119
9399  42.884  -60.410  -21.893 0.3000000119
9418  42.166  -60.390  -22.246 0.3000000119
9430  41.859  -59.635  -22.867 0.4000000060
10102  41.430  -59.113  -23.648 0.4000000060
10841  41.810  -58.410  -23.064 0.4000000060
10842  41.151  -57.969  -23.610 0.3000000119
109051  43.727  -59.721  -20.971 0.3000000119
109148  43.054  -59.711  -22.128 0.4000000060
98416  42.621  -59.024  -22.442 0.4000000060
10101  41.999  -58.974  -23.075 0.4000000060
9398  43.718  -60.329  -20.889 0.3000000119
10831  41.967  -58.558  -22.042 0.4000000060
10073  45.719  -59.200  -19.762 0.4000000060
10074  44.719  -59.554  -20.154 0.4000000060
10832  41.151  -58.131  -22.748 0.4000000060
10821  40.672  -58.475  -21.461 0.3000000119
10095  43.219  -59.414  -21.826 0.3000000119
10830  42.827  -58.915  -21.819 0.4000000060
10820  42.379  -58.775  -20.994 0.5000000000
101254  39.199  -54.910  -15.392 0.5000000000
10801  46.149  -58.641  -19.658 0.4000000060
12262  38.083  -57.000  -17.036 0.3000000119
12238  39.329  -56.323  -16.391 0.4000000060
10782  40.019  -58.166  -18.777 0.3000000119
17593  35.776  -49.575  -15.575 0.4000000060
17594  35.060  -49.916  -15.686 0.4000000060
16086  38.770  -51.965  -17.440 0.4000000060
15324  39.247  -52.436  -16.600 0.4000000060
15305  39.056  -52.782  -15.833 0.4000000060
10075  43.966  -59.421  -20.531 0.4000000060
10076  43.299  -59.181  -21.093 0.5000000000
14510  39.017  -54.026  -15.283 0.4000000060
10802  45.364  -58.961  -19.880 0.4000000060
108069  41.186  -58.659  -20.679 0.4000000060
12978  39.740  -55.625  -15.854 0.5000000000
12237  40.195  -56.220  -16.400 0.4000000060
12261  38.960  -56.896  -16.987 0.4000000060
105238  40.932  -58.424  -19.128 0.3000000119
12260  39.800  -56.820  -16.932 0.4000000060
17606  35.320  -49.209  -16.039 0.4000000060
108573  39.108  -51.731  -18.039 0.4000000060
10803  44.452  -59.196  -20.036 0.4000000060
10804  43.584  -59.041  -20.213 0.4000000060
15304  39.888  -52.914  -15.998 0.4000000060
13721  39.813  -54.253  -15.483 0.5000000000
13720  40.610  -54.374  -15.675 0.5000000000
10778  44.806  -58.658  -19.509 0.4000000060
10779  43.746  -58.703  -19.307 0.4000000060
10780  42.718  -58.609  -19.204 0.5000000000
10781  41.735  -58.499  -19.131 0.5000000000
14509  40.301  -53.588  -15.752 0.4000000060
11524  44.996  -58.046  -18.766 0.4000000060
12977  40.563  -55.577  -15.977 0.4000000060
100505  40.966  -58.062  -18.431 0.4000000060
11528  40.175  -57.649  -17.941 0.4000000060
110495  40.234  -57.191  -17.381 0.4000000060
11505  40.586  -56.770  -16.960 0.4000000060
15323  40.162  -52.603  -16.706 0.4000000060
15354  40.593  -52.612  -18.955 0.3000000119
11525  43.991  -58.094  -18.578 0.4000000060
11526  42.958  -58.029  -18.459 0.4000000060
14508  41.091  -53.775  -15.923 0.4000000060
112271  37.519  -46.101  -22.107 0.4000000060
11500  45.234  -57.319  -18.107 0.4000000060
11501  44.273  -57.389  -17.955 0.4000000060
11527  41.937  -58.002  -18.366 0.5000000000
14526  41.547  -53.300  -16.437 0.5000000000
13719  41.240  -54.476  -15.847 0.4000000060
12256  44.595  -56.647  -17.424 0.4000000060
11504  41.132  -57.329  -17.549 0.4000000060
101380  41.193  -55.486  -16.066 0.4000000060
109981  41.133  -56.732  -16.989 0.4000000060
12236  41.048  -56.175  -16.473 0.4000000060
16110  40.329  -52.281  -19.582 0.4000000060
15322  41.062  -52.730  -16.874 0.3000000119
11502  43.309  -57.378  -17.779 0.4000000060
12257  43.735  -56.658  -17.277 0.4000000060
11503  42.311  -57.345  -17.634 0.4000000060
12258  42.827  -56.629  -17.100 0.5000000000
12232  44.871  -56.056  -17.029 0.4000000060
12233  44.188  -55.982  -16.814 0.4000000060
12235  42.541  -55.828  -16.500 0.4000000060
103874  41.761  -55.685  -16.309 0.4000000060
12957  41.586  -54.982  -15.948 0.4000000060
10104  35.620  -59.583  -22.874 0.3000000119
95557  41.704  -61.307  -20.803 0.3000000119
8684  43.212  -60.650  -21.207 0.3000000119
9397  44.302  -60.065  -20.513 0.4000000060
10776  46.543  -58.254  -19.496 0.4000000060
10777  45.749  -58.506  -19.540 0.4000000060
103274  46.824  -57.818  -19.267 0.4000000060
11499  46.242  -57.180  -18.295 0.4000000060
15337  41.278  -52.677  -17.906 0.3000000119
12255  45.491  -56.492  -17.489 0.4000000060
15369  40.853  -52.749  -20.037 0.4000000060
15336  42.225  -52.794  -18.117 0.4000000060
15321  41.968  -52.881  -17.051 0.4000000060
13733  45.196  -54.893  -16.886 0.4000000060
12975  43.891  -55.250  -16.569 0.4000000060
12976  43.106  -55.120  -16.378 0.4000000060
14525  42.433  -53.503  -16.643 0.3000000119
13737  41.885  -54.166  -16.139 0.4000000060
13734  44.405  -54.669  -16.710 0.4000000060
16134  40.794  -51.644  -21.262 0.4000000060
98332  38.422  -60.689  -23.929 0.3000000119
9440  38.888  -60.267  -24.097 0.3000000119
10112  35.748  -59.699  -23.824 0.3000000119
10103  36.331  -59.176  -23.290 0.3000000119
9432  39.965  -60.102  -23.019 0.3000000119
110268  42.185  -60.938  -21.567 0.3000000119
104369  41.433  -60.308  -22.481 0.4000000060
10107  41.404  -58.448  -23.686 0.4000000060
9416  43.397  -60.027  -21.666 0.3000000119
9417  42.527  -59.670  -22.441 0.4000000060
9385  43.906  -60.803  -19.903 0.3000000119
10072  46.437  -58.918  -19.609 0.4000000060
10805  42.552  -58.860  -20.033 0.4000000060
105370  40.522  -58.495  -19.687 0.5000000000
10806  41.528  -58.699  -19.867 0.5000000000
11523  45.968  -57.907  -19.048 0.4000000060
12259  41.816  -56.576  -16.903 0.4000000060
95782  42.308  -55.002  -16.179 0.4000000060
16892  43.230  -51.542  -20.100 0.4000000060
17632  43.783  -49.947  -18.270 0.4000000060
16893  42.168  -51.597  -21.331 0.4000000060
100018  41.949  -50.560  -21.500 0.4000000060
16130  49.189  -51.352  -20.314 0.3000000119
108885  48.982  -50.857  -20.366 0.3000000119
18388  47.462  -48.532  -18.578 0.3000000119
18389  46.615  -48.856  -18.310 0.3000000119
18371  45.895  -48.438  -17.684 0.3000000119
16888  48.442  -50.485  -20.036 0.3000000119
17643  48.690  -49.642  -19.807 0.3000000119
18400  48.056  -49.070  -19.186 0.3000000119
16129  49.988  -51.168  -20.181 0.3000000119
16901  49.663  -50.642  -20.375 0.3000000119
19164  46.872  -48.052  -17.982 0.3000000119
19146  46.199  -47.575  -17.440 0.3000000119
18387  48.268  -48.254  -18.925 0.3000000119
18398  49.719  -48.523  -20.205 0.3000000119
19162  48.466  -47.440  -18.723 0.3000000119
19174  49.876  -47.669  -19.975 0.3000000119
19161  49.234  -47.176  -19.216 0.3000000119
18410  50.488  -49.036  -20.767 0.3000000119
19145  47.139  -47.240  -17.744 0.3000000119
20526  46.857  -45.984  -16.964 0.3000000119
20495  45.655  -44.969  -15.756 0.3000000119
19856  47.942  -46.935  -18.106 0.3000000119
98114  47.183  -45.255  -16.671 0.3000000119
105307  50.001  -46.942  -19.696 0.3000000119
19855  48.724  -46.633  -18.563 0.3000000119
19844  48.246  -46.168  -17.866 0.3000000119
20509  47.991  -44.999  -16.961 0.3000000119
21206  45.436  -44.367  -15.321 0.3000000119
20510  46.283  -45.489  -16.394 0.3000000119
21205  46.281  -44.179  -15.536 0.3000000119
21892  44.884  -43.404  -14.471 0.3000000119
21893  43.789  -43.675  -14.384 0.3000000119
22663  44.700  -42.311  -13.631 0.3000000119
22672  44.192  -43.006  -13.927 0.3000000119
22664  43.591  -42.429  -13.534 0.3000000119
17619  44.106  -49.431  -17.684 0.3000000119
16879  43.569  -50.632  -19.150 0.4000000060
19147  45.129  -48.006  -17.066 0.3000000119
19846  46.518  -46.744  -17.225 0.3000000119
16120  43.736  -52.088  -19.693 0.5000000000
17657  49.278  -50.174  -20.353 0.3000000119
19163  47.676  -47.709  -18.350 0.3000000119
18390  45.690  -49.270  -18.047 0.3000000119
18372  44.800  -48.836  -17.450 0.3000000119
18399  48.869  -48.800  -19.639 0.3000000119
17642  49.554  -49.363  -20.343 0.3000000119
19175  49.022  -47.967  -19.455 0.3000000119
20538  49.172  -45.770  -18.412 0.3000000119
20524  48.508  -45.392  -17.618 0.3000000119
19845  47.408  -46.447  -17.537 0.3000000119
19868  50.650  -46.265  -19.890 0.3000000119
20525  47.673  -45.688  -17.301 0.3000000119
14540  42.844  -53.089  -17.273 0.4000000060
14553  44.718  -52.981  -18.157 0.4000000060
15334  43.915  -52.870  -18.199 0.4000000060
15350  44.097  -52.648  -18.977 0.4000000060
15349  45.023  -52.577  -18.951 0.3000000119
15335  43.096  -52.884  -18.271 0.4000000060
16119  44.700  -51.916  -19.451 0.3000000119
95559  42.773  -52.941  -20.138 0.3000000119
15351  43.250  -52.872  -19.305 0.4000000060
15365  44.306  -52.275  -19.287 0.4000000060
16121  42.749  -52.437  -20.548 0.3000000119
16891  44.046  -51.384  -19.246 0.4000000060
15352  42.328  -53.055  -19.699 0.3000000119
16132  41.885  -52.432  -21.317 0.3000000119
16133  41.279  -52.106  -21.685 0.3000000119
15368  41.416  -52.921  -20.528 0.3000000119
15366  43.462  -52.609  -19.674 0.4000000060
14539  43.576  -53.156  -17.461 0.4000000060
9384  44.605  -60.388  -19.683 0.3000000119
13735  43.629  -54.471  -16.573 0.3000000119
10047  44.187  -59.782  -17.398 0.3000000119
9350  44.069  -60.718  -17.984 0.3000000119
9367  44.903  -60.687  -18.720 0.3000000119
9383  45.393  -60.037  -19.551 0.3000000119
102772  43.420  -53.679  -16.831 0.3000000119
10024  45.706  -59.112  -17.335 0.3000000119
9366  45.659  -60.246  -18.628 0.3000000119
9348  45.760  -59.910  -17.880 0.3000000119
10061  46.777  -59.385  -19.040 0.3000000119
10800  46.744  -58.174  -19.541 0.3000000119
14524  44.139  -54.027  -16.828 0.3000000119
10733  46.311  -57.815  -16.418 0.3000000119
10749  46.410  -58.658  -17.133 0.3000000119
10046  46.332  -59.815  -18.454 0.3000000119
95134  46.441  -59.445  -17.705 0.3000000119
10071  47.046  -58.721  -19.407 0.3000000119
10748  47.146  -58.257  -16.876 0.3000000119
10747  47.827  -58.380  -17.373 0.3000000119
10060  47.385  -59.046  -18.637 0.3000000119
10764  47.744  -58.847  -18.010 0.3000000119
98937  46.925  -57.927  -19.438 0.3000000119
12273  47.304  -57.153  -18.769 0.3000000119
12254  46.543  -56.190  -17.583 0.3000000119
10732  47.091  -57.635  -16.368 0.3000000119
11541  47.179  -57.792  -19.355 0.3000000119
11520  48.037  -57.701  -19.031 0.3000000119
11522  47.349  -57.602  -19.210 0.3000000119
13750  44.894  -54.097  -17.097 0.3000000119
11485  47.758  -57.792  -16.682 0.3000000119
11469  48.160  -57.159  -16.365 0.3000000119
11484  48.430  -57.675  -17.379 0.3000000119
10763  48.209  -58.223  -18.148 0.3000000119
12253  47.786  -56.209  -18.240 0.3000000119
13749  46.113  -55.123  -17.219 0.3000000119
108690  45.048  -53.480  -17.586 0.3000000119
13736  42.804  -54.302  -16.412 0.3000000119
12252  48.821  -56.938  -18.185 0.3000000119
12271  48.245  -56.760  -19.114 0.3000000119
10062  46.105  -59.666  -19.302 0.3000000119
9349  45.001  -60.324  -17.962 0.3000000119
10044  47.166  -58.951  -17.577 0.3000000119
10045  46.984  -59.451  -18.212 0.3000000119
10059  47.452  -58.480  -19.169 0.3000000119
10109  40.284  -59.208  -24.297 0.3000000119
10775  47.792  -58.417  -18.716 0.3000000119
10798  47.544  -57.896  -19.325 0.3000000119
10799  47.188  -58.123  -19.509 0.3000000119
11470  47.471  -57.269  -16.139 0.3000000119
11506  39.507  -57.289  -17.496 0.4000000060
11521  47.625  -57.359  -19.168 0.3000000119
12218  36.891  -56.063  -15.641 0.6000000238
12234  43.383  -55.906  -16.659 0.4000000060
12958  40.920  -55.003  -15.764 0.4000000060
12959  40.167  -54.988  -15.593 0.5000000000
12973  45.468  -55.689  -17.094 0.3000000119
12974  44.657  -55.399  -16.774 0.4000000060
13722  38.339  -54.437  -15.102 0.6000000238
14527  40.711  -53.100  -16.224 0.4000000060
14538  44.290  -53.443  -17.337 0.3000000119
15307  37.302  -52.421  -15.261 0.4000000060
15338  40.318  -52.524  -17.759 0.4000000060
15353  41.371  -52.924  -19.381 0.3000000119
15367  42.105  -52.904  -20.760 0.3000000119
15375  41.443  -52.634  -21.226 0.3000000119
16100  38.583  -51.274  -17.417 0.6000000238
16122  40.858  -52.454  -20.907 0.4000000060
16845  37.017  -50.709  -15.822 0.5000000000
16902  40.882  -50.863  -21.139 0.4000000060
17620  43.535  -49.344  -18.012 0.3000000119
17648  40.687  -50.238  -20.363 0.6999999881
17656  50.279  -49.876  -20.662 0.3000000119
19129  43.422  -47.304  -16.811 0.4000000060
19167  40.650  -47.724  -18.718 0.6999999881
19186  44.168  -47.832  -23.054 0.6000000238
19834  39.755  -46.150  -16.651 0.6999999881
19835  38.034  -46.639  -16.081 0.6999999881
19848  36.069  -46.543  -17.755 0.5000000000
19854  49.599  -46.398  -19.123 0.3000000119
19859  41.358  -46.641  -19.877 0.6000000238
19869  44.461  -47.170  -21.896 0.6000000238
19872  41.887  -47.417  -21.367 0.6999999881
19888  44.119  -47.840  -23.021 0.6999999881
20559  44.134  -47.421  -22.952 0.6999999881
20566  37.548  -45.647  -22.189 0.5000000000
21208  43.083  -44.853  -15.331 0.4000000060
21219  42.712  -45.203  -16.408 0.4000000060
21221  39.125  -44.524  -16.487 0.6000000238
21247  43.792  -44.949  -18.976 0.4000000060
21250  40.626  -44.347  -17.890 0.6000000238
21273  37.375  -45.070  -22.249 0.5000000000
21957  43.648  -44.450  -21.508 0.5000000000
21963  46.508  -43.736  -22.239 0.4000000060
22673  43.154  -43.073  -14.040 0.4000000060
22712  39.498  -42.545  -17.183 0.6999999881
22736  47.689  -42.224  -22.539 0.5000000000
22737  46.363  -43.297  -22.415 0.5000000000
23505  48.257  -41.531  -22.064 0.5000000000
23508  44.054  -41.218  -20.465 0.6000000238
23514  48.310  -41.287  -22.860 0.4000000060
23515  46.466  -41.773  -22.498 0.6000000238
24329  48.907  -39.487  -23.714 0.5000000000
24332  48.828  -38.950  -24.199 0.5000000000
24333  48.344  -39.628  -24.067 0.5000000000
25165  47.502  -38.788  -22.413 0.4000000060
25176  47.294  -39.242  -23.351 0.4000000060
25179  48.130  -38.729  -24.352 0.5000000000
94025  37.038  -48.992  -15.702 0.6000000238
95535  40.714  -48.490  -19.470 0.6999999881
97443  38.756  -46.695  -16.222 0.6999999881
99157  39.479  -50.053  -17.817 0.6999999881
103548  39.848  -44.821  -16.730 0.6000000238
103611  36.872  -58.652  -22.821 0.3000000119
104661  39.500  -53.440  -15.600 0.4000000060
107288  47.388  -59.202  -18.038 0.3000000119
108248  48.526  -38.601  -24.254 0.4000000060
111614  37.530  -43.419  -18.901 0.5000000000
111997  44.235  -46.655  -22.679 0.6999999881
112052  40.582  -45.563  -17.846 0.6999999881
