#!ascii label  , from subject sub-v2s9x29150_ses-1 vox2ras=TkReg
1286
2510  26.385  -73.065  -18.690 0.6999999881
2884  25.058  -72.713  -18.994 0.8000000119
2504  24.814  -72.853  -18.271 0.8000000119
2872  24.018  -72.672  -17.925 0.6999999881
2911  25.993  -72.301  -20.207 0.6000000238
2900  25.448  -72.535  -19.615 0.6000000238
2885  24.234  -72.573  -18.891 0.6000000238
3292  26.584  -71.959  -20.783 0.6000000238
103728  25.404  -73.140  -17.735 0.8000000119
2498  24.694  -72.933  -17.589 0.6999999881
110649  23.913  -72.640  -16.702 0.6999999881
2860  23.449  -72.676  -16.320 0.6999999881
2899  26.308  -72.721  -19.432 0.6000000238
2503  25.611  -72.999  -18.447 0.6999999881
97526  23.651  -72.686  -17.136 0.6999999881
3303  26.287  -71.452  -21.566 0.6000000238
97988  27.030  -71.380  -22.039 0.6000000238
3304  25.361  -71.023  -21.950 0.6000000238
99896  25.531  -70.385  -23.972 0.6000000238
3316  25.139  -70.527  -23.078 0.6000000238
2488  25.779  -73.322  -16.368 0.8000000119
2475  25.582  -73.124  -15.587 0.8000000119
2476  24.727  -72.837  -15.500 0.6999999881
2835  24.363  -72.723  -14.670 0.6999999881
2821  23.142  -72.829  -13.744 0.6999999881
2497  25.995  -73.413  -17.143 0.8000000119
2489  24.935  -73.011  -16.274 0.6999999881
101962  23.464  -72.739  -14.622 0.6999999881
2496  26.815  -73.465  -17.339 0.6999999881
102679  25.152  -73.160  -17.011 0.8000000119
2846  23.891  -72.626  -15.480 0.6999999881
2501  27.170  -73.328  -18.182 0.6999999881
2910  27.015  -72.451  -19.950 0.6999999881
97137  27.065  -71.699  -21.299 0.6000000238
3291  27.445  -71.946  -20.670 0.6000000238
3725  26.061  -70.817  -23.357 0.6000000238
3315  26.138  -71.080  -22.469 0.6000000238
3748  27.036  -71.110  -24.723 0.6000000238
2948  26.500  -72.608  -25.603 0.6999999881
3341  25.999  -71.900  -25.389 0.6000000238
2197  25.996  -74.884  -25.626 0.5000000000
2545  25.178  -73.713  -25.585 0.6000000238
1869  25.427  -75.666  -25.695 0.5000000000
2464  26.220  -73.094  -15.000 0.8999999762
2465  25.345  -72.867  -14.680 0.8000000119
97623  24.773  -72.722  -13.915 0.6999999881
2487  26.600  -73.424  -16.537 0.6999999881
2474  26.393  -73.285  -15.764 0.8999999762
108656  23.712  -72.740  -13.286 0.6999999881
2495  27.481  -73.391  -17.464 0.8000000119
2486  27.354  -73.387  -16.791 0.8000000119
2883  27.936  -72.930  -18.725 0.8000000119
96336  28.254  -72.418  -19.380 0.6999999881
99808  27.098  -72.920  -19.080 0.6999999881
2909  27.844  -72.230  -19.993 0.8000000119
3290  28.240  -71.757  -20.604 0.8000000119
3302  27.851  -71.516  -21.500 0.6999999881
3324  27.007  -71.156  -23.100 0.6999999881
3736  27.525  -71.002  -24.111 0.6000000238
3340  27.083  -71.899  -25.513 0.6999999881
2543  26.703  -73.252  -25.576 0.6999999881
103753  26.853  -72.909  -14.607 0.8999999762
2834  25.486  -72.719  -13.846 0.8000000119
98710  24.001  -72.569  -12.808 0.6999999881
111662  27.851  -73.168  -16.443 0.8000000119
2473  27.235  -73.234  -15.946 0.8000000119
2485  28.021  -73.278  -17.117 0.6999999881
2896  29.299  -72.140  -18.784 0.6999999881
2881  29.241  -72.469  -18.060 0.6000000238
96814  28.705  -72.495  -18.763 0.8000000119
96380  29.068  -71.575  -20.229 0.8000000119
3301  28.839  -71.258  -21.336 0.8000000119
3314  27.796  -71.272  -22.473 0.6999999881
3735  28.534  -70.850  -24.068 0.8000000119
3323  27.880  -71.095  -23.308 0.6999999881
3747  28.064  -71.031  -24.937 0.8000000119
2946  28.268  -72.461  -25.466 0.6999999881
3339  28.012  -71.866  -25.555 0.6999999881
2539  27.210  -73.508  -25.288 0.6999999881
2947  27.438  -72.469  -25.551 0.6999999881
5558  22.421  -66.794  -15.048 0.6000000238
6120  21.825  -65.772  -14.626 0.6000000238
6125  20.921  -65.330  -15.890 0.6000000238
6719  20.396  -64.481  -16.231 0.6999999881
2833  26.128  -72.821  -14.180 0.8999999762
2819  25.095  -72.609  -13.221 0.6999999881
2870  29.275  -72.411  -17.154 0.6000000238
3280  29.845  -71.899  -18.385 0.6000000238
101120  29.875  -71.968  -17.595 0.6000000238
93821  29.690  -71.659  -19.293 0.6999999881
3708  30.245  -70.695  -20.936 0.6999999881
3288  29.944  -71.218  -20.150 0.6999999881
3636  25.490  -70.077  -11.005 0.6999999881
3649  24.831  -70.247  -11.035 0.6999999881
3289  29.537  -71.105  -20.878 0.8000000119
4511  26.053  -68.891  -10.655 0.6000000238
4070  25.275  -69.432  -10.731 0.6000000238
4084  24.410  -69.596  -10.963 0.6999999881
104177  28.426  -71.185  -22.108 0.6999999881
4512  24.753  -68.793  -10.711 0.5000000000
99273  24.026  -68.907  -11.142 0.6999999881
3313  28.482  -70.997  -22.928 0.8000000119
111751  25.415  -68.631  -10.591 0.5000000000
103189  25.051  -68.001  -10.569 0.5000000000
2945  28.867  -71.984  -25.490 0.6999999881
5025  25.397  -67.197  -10.530 0.5000000000
5520  25.745  -66.389  -10.526 0.6000000238
5026  24.594  -67.268  -10.783 0.5000000000
5036  23.963  -67.384  -11.393 0.6000000238
5044  23.404  -67.494  -12.153 0.6999999881
5055  23.200  -68.165  -14.579 0.6999999881
5533  24.168  -66.543  -11.150 0.5000000000
5545  23.336  -66.933  -12.500 0.6000000238
5050  23.265  -67.594  -13.154 0.6000000238
6119  22.585  -66.364  -14.283 0.6000000238
5521  24.865  -66.460  -10.631 0.6000000238
5546  23.149  -66.783  -13.228 0.6000000238
6112  22.642  -66.045  -13.502 0.6000000238
6091  24.405  -65.741  -10.888 0.5000000000
5534  23.576  -66.688  -11.764 0.5000000000
107697  21.941  -65.469  -13.803 0.6000000238
6708  21.108  -65.139  -14.951 0.6000000238
6709  20.534  -64.435  -15.274 0.6999999881
7378  19.935  -63.693  -16.512 0.6000000238
7390  19.860  -63.691  -17.276 0.6999999881
6102  23.107  -66.045  -12.163 0.6000000238
101076  22.712  -65.800  -12.783 0.6000000238
6113  21.285  -64.941  -14.101 0.6000000238
7359  20.241  -63.658  -14.719 0.5000000000
2818  25.996  -72.509  -13.249 0.8999999762
2858  28.550  -72.788  -16.596 0.6000000238
2845  28.005  -72.858  -15.824 0.6999999881
2804  25.330  -72.183  -12.482 0.8000000119
2797  23.718  -72.239  -12.333 0.6999999881
3218  24.952  -71.641  -11.801 0.6999999881
3217  25.854  -71.472  -11.869 0.8000000119
3279  30.415  -71.408  -18.646 0.6999999881
4083  25.963  -70.248  -11.202 0.8000000119
3648  25.413  -70.808  -11.355 0.6000000238
4082  26.569  -69.965  -11.329 0.6999999881
4068  26.728  -69.171  -11.014 0.6000000238
3723  29.723  -70.445  -23.265 0.8000000119
3714  29.848  -70.518  -22.405 0.8000000119
3734  29.608  -70.608  -24.346 0.8000000119
4510  26.769  -68.338  -10.768 0.5000000000
3746  29.017  -70.920  -24.989 0.8000000119
102723  25.989  -67.985  -10.531 0.5000000000
98017  27.078  -66.999  -10.790 0.5000000000
5519  26.654  -66.304  -10.669 0.6000000238
5024  26.307  -67.090  -10.573 0.6000000238
102444  25.190  -65.708  -10.575 0.6000000238
7989  19.682  -62.223  -15.456 0.5000000000
6092  23.668  -65.825  -11.453 0.5000000000
7988  19.870  -62.965  -15.077 0.5000000000
7367  19.750  -62.941  -15.969 0.6000000238
6093  23.093  -65.106  -11.664 0.6000000238
6694  22.049  -65.109  -12.935 0.6999999881
109884  21.480  -64.768  -13.401 0.6999999881
6702  20.717  -64.328  -14.382 0.6999999881
6668  23.977  -64.883  -11.136 0.6000000238
6696  20.970  -64.204  -13.546 0.6000000238
6669  23.294  -64.212  -11.439 0.6999999881
6684  22.081  -64.469  -12.336 0.6000000238
6695  21.469  -64.113  -12.757 0.5000000000
2831  28.155  -72.401  -15.129 0.6999999881
107425  27.591  -72.388  -14.366 0.6999999881
3242  27.397  -71.972  -13.520 0.6999999881
3243  26.734  -72.207  -13.104 0.8000000119
3659  27.331  -70.758  -12.586 0.6999999881
3647  26.988  -70.429  -11.819 0.6999999881
3660  26.689  -71.205  -12.087 0.6999999881
9317  19.933  -60.704  -14.389 0.5000000000
6090  27.651  -65.274  -11.438 0.5000000000
6077  27.036  -65.507  -10.850 0.6000000238
8628  19.590  -61.605  -15.803 0.5000000000
6667  27.149  -64.644  -11.121 0.5000000000
6683  27.910  -64.303  -12.625 0.5000000000
99771  26.100  -65.605  -10.578 0.6000000238
103232  24.751  -65.137  -10.715 0.6000000238
7353  20.507  -63.564  -13.875 0.5000000000
6666  27.703  -64.485  -11.796 0.5000000000
6078  26.355  -64.820  -10.719 0.6000000238
6651  24.791  -64.449  -10.728 0.6000000238
6650  25.642  -64.221  -10.696 0.6000000238
3250  28.316  -71.715  -14.571 0.6999999881
3241  27.962  -71.640  -13.972 0.6999999881
3668  27.779  -71.007  -13.433 0.6999999881
7324  23.447  -63.397  -11.332 0.5000000000
110871  27.732  -63.606  -12.795 0.5000000000
7340  22.133  -63.606  -12.050 0.5000000000
102197  27.210  -63.853  -11.468 0.5000000000
7302  24.922  -63.648  -10.753 0.5000000000
99777  24.081  -63.919  -11.040 0.5000000000
6670  22.575  -64.378  -11.846 0.5000000000
7323  24.242  -63.110  -10.972 0.5000000000
7945  23.587  -62.591  -11.261 0.5000000000
7943  26.644  -62.539  -11.475 0.5000000000
7927  25.129  -62.892  -10.835 0.5000000000
7942  27.216  -63.068  -11.768 0.5000000000
7322  25.950  -62.737  -11.033 0.5000000000
7339  27.622  -63.686  -12.090 0.5000000000
7321  26.595  -63.272  -11.236 0.5000000000
104070  26.080  -62.145  -11.227 0.5000000000
94289  19.523  -59.068  -15.661 0.6000000238
9345  19.060  -60.286  -17.052 0.6000000238
103996  19.809  -59.420  -14.882 0.5000000000
10745  19.452  -58.141  -15.876 0.6999999881
10042  19.002  -59.370  -17.257 0.6000000238
111894  18.897  -59.759  -17.905 0.6000000238
96334  19.700  -58.846  -19.592 0.6999999881
11482  19.638  -57.416  -16.174 0.6000000238
10760  19.204  -58.699  -16.670 0.6999999881
10057  19.191  -59.117  -18.413 0.6999999881
101045  19.089  -59.556  -19.047 0.6999999881
12227  19.929  -56.830  -15.507 0.5000000000
11466  19.695  -57.592  -15.255 0.5000000000
10761  19.212  -58.728  -17.768 0.8000000119
11496  19.614  -58.170  -17.740 0.6000000238
11544  19.115  -58.450  -20.054 0.6999999881
12198  20.792  -56.001  -13.892 0.5000000000
11448  20.354  -57.224  -13.816 0.5000000000
10771  20.336  -58.188  -19.273 0.6999999881
10772  20.093  -58.555  -18.949 0.6999999881
11539  18.112  -57.749  -19.324 0.6999999881
11537  20.545  -57.636  -19.149 0.6999999881
102559  20.490  -56.284  -15.379 0.6000000238
11495  19.872  -57.552  -17.294 0.8000000119
111969  18.328  -53.776  -15.824 0.6999999881
103267  18.142  -54.543  -16.215 0.8000000119
12935  23.168  -54.892  -13.139 0.4000000060
12280  17.275  -57.260  -18.530 0.6999999881
12936  22.408  -55.258  -13.384 0.5000000000
12951  21.475  -55.540  -14.501 0.6000000238
112122  21.505  -55.562  -15.366 0.6000000238
11518  20.595  -57.855  -18.694 0.6999999881
12226  20.589  -56.467  -16.297 0.8000000119
12266  20.900  -57.317  -18.099 0.8000000119
112004  21.523  -51.399  -9.921 0.5000000000
16032  21.603  -52.260  -10.386 0.5000000000
110408  19.591  -50.919  -15.989 0.5000000000
16097  19.455  -51.214  -16.092 0.6000000238
16096  20.070  -50.660  -16.242 0.6000000238
16064  19.094  -51.497  -15.285 0.6000000238
98952  20.271  -53.491  -13.161 0.6000000238
15314  19.001  -51.755  -15.864 0.6999999881
14533  18.804  -52.923  -15.888 0.6999999881
15315  18.305  -52.050  -15.345 0.6999999881
12279  18.951  -56.660  -18.566 0.6999999881
12267  18.565  -55.903  -17.755 0.6999999881
12984  18.913  -55.148  -16.920 0.8000000119
13698  23.027  -54.815  -14.056 0.5000000000
94625  18.634  -57.241  -18.969 0.6999999881
12950  22.263  -55.173  -14.293 0.6000000238
103024  19.976  -57.154  -19.262 0.8000000119
108085  21.313  -56.293  -17.083 0.6999999881
12277  21.124  -56.817  -18.681 0.8000000119
11517  20.971  -57.311  -18.745 0.8000000119
16801  21.154  -50.846  -9.323 0.5000000000
16816  21.573  -50.764  -10.843 0.5000000000
16038  21.795  -51.640  -10.934 0.6000000238
15260  21.655  -52.531  -11.309 0.6000000238
16043  21.865  -51.874  -11.878 0.6000000238
15266  21.639  -52.723  -12.255 0.5000000000
16853  20.536  -49.974  -16.162 0.5000000000
16078  20.144  -50.517  -16.073 0.5000000000
16095  20.865  -51.166  -16.912 0.6000000238
16063  19.767  -51.207  -15.580 0.6000000238
15291  20.085  -52.444  -14.648 0.6999999881
14472  21.299  -53.232  -12.575 0.6000000238
15331  20.467  -51.852  -16.661 0.6000000238
15332  19.614  -51.925  -16.285 0.6999999881
15293  17.863  -51.851  -15.034 0.6999999881
16080  18.671  -51.667  -15.355 0.6999999881
15292  18.640  -52.039  -14.758 0.8000000119
107015  20.523  -53.205  -13.813 0.6999999881
95113  20.532  -53.175  -16.719 0.6999999881
14531  21.619  -53.052  -17.536 0.6999999881
96109  19.836  -53.744  -16.470 0.8000000119
13756  21.062  -54.783  -18.372 0.8000000119
13757  19.998  -54.780  -17.420 0.8000000119
13713  22.750  -54.677  -15.017 0.5000000000
13728  22.700  -54.752  -16.445 0.6000000238
13012  20.054  -56.316  -18.736 0.8000000119
12998  20.622  -55.590  -18.445 0.8000000119
12967  22.109  -55.157  -15.299 0.6000000238
13011  21.031  -56.332  -18.756 0.8000000119
12983  21.814  -55.874  -17.318 0.6999999881
12997  22.053  -55.851  -18.127 0.6999999881
12265  21.266  -56.878  -18.390 0.8000000119
17546  20.466  -49.898  -10.085 0.4000000060
16817  21.138  -50.523  -10.159 0.5000000000
16822  21.675  -50.194  -11.629 0.4000000060
98310  21.854  -51.028  -11.613 0.5000000000
16049  21.834  -52.072  -12.785 0.5000000000
96565  20.897  -50.404  -16.772 0.5000000000
16062  21.056  -51.031  -15.424 0.6000000238
15275  21.500  -52.905  -13.151 0.6000000238
16108  21.933  -51.304  -17.467 0.6000000238
15290  21.042  -52.046  -14.695 0.6999999881
15276  21.088  -52.873  -13.936 0.6999999881
15330  21.830  -52.193  -17.455 0.6000000238
13742  20.604  -54.122  -17.398 0.8000000119
13741  23.087  -54.697  -17.826 0.6999999881
13010  21.947  -55.692  -18.287 0.6999999881
13765  21.468  -55.618  -18.513 0.8000000119
110383  21.635  -55.066  -18.522 0.8000000119
12982  22.429  -55.304  -17.579 0.6999999881
17556  20.914  -49.697  -10.953 0.4000000060
17557  19.916  -49.152  -10.430 0.4000000060
17558  18.963  -48.877  -10.000 0.4000000060
17548  18.640  -49.216  -9.230 0.5000000000
95635  21.978  -51.132  -12.416 0.5000000000
16834  22.216  -50.707  -13.821 0.5000000000
16054  21.769  -51.421  -14.376 0.5000000000
17586  22.599  -49.045  -14.501 0.5000000000
104113  21.666  -52.228  -13.748 0.6999999881
13755  21.865  -54.619  -18.466 0.8000000119
13740  23.367  -54.097  -17.018 0.6000000238
13753  23.537  -53.991  -18.075 0.6000000238
14530  23.876  -53.369  -17.546 0.6999999881
14543  23.290  -53.821  -18.335 0.6999999881
12996  22.537  -55.117  -18.191 0.6999999881
18303  16.950  -48.550  -9.651 0.3000000119
17564  21.478  -49.360  -11.560 0.4000000060
17565  20.817  -48.987  -11.293 0.3000000119
108194  20.118  -48.776  -10.992 0.4000000060
18313  19.240  -48.474  -10.646 0.4000000060
18302  17.894  -48.738  -9.769 0.5000000000
17570  21.959  -49.646  -11.962 0.4000000060
18315  17.424  -48.133  -10.319 0.3000000119
16828  22.084  -50.272  -12.358 0.4000000060
17587  21.960  -49.458  -15.232 0.5000000000
16827  22.407  -50.083  -13.165 0.4000000060
17600  21.409  -48.873  -15.961 0.6000000238
17569  22.387  -49.523  -12.481 0.4000000060
17599  22.150  -48.721  -15.432 0.4000000060
16840  22.451  -49.886  -14.180 0.5000000000
14544  22.359  -53.921  -18.430 0.6999999881
13764  22.661  -54.587  -18.371 0.6999999881
17549  17.446  -49.019  -9.183 0.4000000060
18314  18.382  -48.418  -10.338 0.4000000060
110618  17.587  -47.543  -10.776 0.3000000119
18334  22.173  -48.933  -11.852 0.3000000119
17577  22.699  -49.333  -13.356 0.4000000060
18346  22.728  -48.339  -15.029 0.4000000060
18324  20.424  -48.298  -11.162 0.3000000119
18325  19.519  -48.041  -11.141 0.3000000119
19083  19.024  -47.296  -11.388 0.3000000119
18326  18.476  -47.859  -10.883 0.3000000119
18323  21.333  -48.629  -11.366 0.3000000119
18333  22.765  -48.839  -12.529 0.3000000119
18340  23.055  -48.527  -13.630 0.3000000119
19102  23.178  -47.847  -14.502 0.3000000119
19793  19.507  -46.537  -11.418 0.3000000119
18332  23.147  -48.158  -12.444 0.3000000119
19101  23.439  -47.791  -13.355 0.3000000119
104619  23.546  -47.391  -14.145 0.3000000119
19081  21.110  -47.632  -10.941 0.3000000119
19092  23.544  -47.584  -12.382 0.3000000119
4522  24.329  -68.099  -10.934 0.6000000238
4523  23.611  -68.204  -11.609 0.6999999881
5045  23.164  -68.008  -12.647 0.6999999881
5051  23.196  -68.211  -13.773 0.6999999881
16841  21.883  -50.469  -14.932 0.6000000238
19084  18.109  -47.165  -11.208 0.3000000119
2901  24.560  -72.389  -19.662 0.6999999881
2847  22.991  -72.731  -15.430 0.6999999881
2898  27.639  -72.612  -19.421 0.8000000119
3334  26.506  -71.391  -25.109 0.6000000238
3333  27.612  -71.443  -25.248 0.6999999881
2871  28.630  -72.901  -17.519 0.6000000238
2805  24.469  -72.187  -12.321 0.6999999881
3312  29.147  -70.835  -22.414 0.8000000119
3332  28.531  -71.364  -25.271 0.6999999881
107982  23.149  -66.883  -13.978 0.6000000238
7379  19.627  -62.913  -16.958 0.6000000238
6103  22.527  -65.156  -12.236 0.6999999881
5023  27.290  -67.691  -10.962 0.5000000000
109695  26.751  -67.636  -10.686 0.6000000238
6079  25.462  -64.983  -10.610 0.6000000238
410  26.345  -82.115  -20.930 0.4000000060
546  27.454  -81.303  -20.719 0.4000000060
553  26.150  -80.463  -22.824 0.3000000119
414  25.406  -81.960  -21.706 0.4000000060
411  24.708  -82.859  -20.967 0.4000000060
97920  27.002  -82.178  -20.228 0.4000000060
1276  29.770  -77.603  -22.127 0.4000000060
997  29.578  -78.026  -22.014 0.5000000000
998  28.905  -78.621  -22.121 0.5000000000
1004  29.132  -78.134  -22.367 0.3000000119
1005  28.457  -78.689  -22.626 0.4000000060
762  27.729  -80.168  -22.075 0.4000000060
1010  27.777  -78.663  -23.218 0.3000000119
552  26.999  -80.602  -22.352 0.3000000119
548  27.032  -81.164  -21.674 0.3000000119
1007  27.095  -79.241  -23.339 0.3000000119
1277  29.101  -77.605  -22.608 0.4000000060
1564  29.783  -76.868  -22.188 0.4000000060
1560  30.447  -77.027  -21.632 0.5000000000
1565  28.925  -76.754  -22.684 0.3000000119
1282  28.374  -78.042  -23.014 0.3000000119
1286  26.358  -77.804  -24.342 0.4000000060
103912  27.768  -77.489  -23.579 0.3000000119
109523  25.827  -76.275  -25.417 0.4000000060
94577  25.796  -77.010  -25.062 0.4000000060
1577  25.054  -76.362  -25.520 0.4000000060
1855  28.860  -75.668  -22.023 0.4000000060
2179  29.003  -74.715  -21.534 0.4000000060
1856  28.104  -75.525  -22.733 0.4000000060
2518  28.774  -74.086  -21.968 0.4000000060
2921  30.838  -72.988  -22.302 0.5000000000
1566  28.102  -76.378  -23.233 0.4000000060
2191  28.008  -74.023  -23.282 0.4000000060
1285  26.987  -77.280  -24.313 0.4000000060
1867  27.062  -75.629  -24.470 0.5000000000
102038  27.294  -74.772  -23.962 0.4000000060
1868  26.358  -75.617  -25.267 0.4000000060
2950  24.752  -72.954  -25.333 0.6000000238
2200  24.970  -74.628  -25.670 0.4000000060
2927  31.315  -72.926  -23.644 0.6000000238
2933  31.159  -72.839  -24.392 0.6000000238
2530  29.528  -73.285  -24.037 0.6000000238
2934  30.319  -72.917  -24.841 0.6000000238
2537  29.340  -73.016  -25.037 0.6000000238
2942  29.623  -72.370  -25.312 0.6999999881
2192  27.534  -73.929  -24.207 0.5000000000
2538  28.291  -73.066  -25.187 0.6000000238
3331  29.492  -71.435  -25.284 0.6999999881
3328  32.399  -71.261  -24.552 0.6999999881
3743  31.517  -70.907  -24.813 0.6999999881
2940  31.543  -72.246  -24.697 0.6000000238
3329  31.754  -71.591  -24.768 0.6999999881
3733  30.397  -70.210  -23.997 0.6999999881
3722  30.349  -70.164  -22.914 0.6999999881
3300  29.663  -70.804  -21.639 0.6999999881
94634  30.323  -71.968  -25.237 0.6999999881
3744  30.542  -70.717  -24.784 0.6999999881
96894  30.238  -71.223  -25.139 0.6999999881
4163  31.801  -69.751  -23.927 0.5000000000
3732  31.217  -70.198  -24.390 0.6999999881
4158  31.005  -69.853  -23.477 0.6000000238
3721  30.921  -69.947  -22.441 0.6999999881
111430  31.288  -69.797  -22.095 0.6999999881
3330  31.008  -71.517  -25.022 0.6999999881
3713  30.386  -70.371  -21.868 0.6999999881
108770  30.667  -70.387  -21.262 0.6000000238
4157  31.582  -69.574  -22.768 0.6000000238
4152  31.692  -69.615  -21.709 0.6000000238
3712  31.098  -70.080  -21.533 0.6000000238
4151  32.352  -69.202  -21.141 0.6000000238
109468  30.353  -71.584  -17.952 0.5000000000
2861  22.403  -72.701  -16.140 0.6000000238
101459  22.850  -72.765  -16.987 0.6000000238
3707  30.990  -70.368  -20.704 0.6000000238
3704  30.705  -70.798  -20.014 0.6000000238
3699  31.086  -70.779  -18.930 0.5000000000
97099  30.879  -71.092  -17.990 0.5000000000
2837  21.336  -72.569  -14.401 0.6000000238
2836  22.444  -72.738  -14.621 0.6000000238
112347  22.366  -72.669  -15.411 0.6000000238
4148  31.748  -69.807  -20.644 0.6000000238
3703  31.437  -70.263  -19.765 0.5000000000
3284  30.383  -71.225  -19.426 0.5000000000
2808  21.417  -72.269  -12.622 0.6000000238
2807  22.232  -72.536  -12.722 0.6000000238
112108  21.713  -72.719  -12.986 0.6000000238
2806  23.128  -72.693  -12.884 0.6000000238
2822  22.151  -72.804  -13.455 0.6000000238
3258  28.724  -71.726  -15.221 0.6000000238
3231  22.073  -71.975  -12.263 0.6000000238
105144  22.484  -70.498  -11.574 0.6000000238
3220  22.919  -72.047  -12.197 0.6000000238
100348  23.368  -71.191  -11.627 0.6000000238
111806  23.547  -71.849  -11.967 0.6000000238
3650  23.963  -70.361  -11.271 0.5000000000
3219  24.104  -71.747  -11.859 0.6000000238
97295  24.445  -71.040  -11.438 0.5000000000
2809  20.540  -72.164  -12.756 0.6999999881
97929  20.901  -71.672  -12.361 0.6000000238
3221  22.309  -71.328  -11.839 0.6000000238
99730  23.206  -70.293  -11.442 0.6000000238
4085  23.594  -69.652  -11.314 0.6000000238
4559  19.934  -68.322  -13.467 0.6000000238
3661  20.808  -70.957  -11.928 0.6000000238
109763  21.559  -70.602  -11.695 0.6000000238
4086  22.766  -69.704  -11.534 0.5000000000
111116  21.290  -70.009  -11.595 0.6000000238
4538  21.686  -68.638  -12.352 0.6000000238
4546  20.600  -68.496  -12.590 0.6000000238
97364  21.026  -68.518  -13.730 0.6000000238
3651  20.791  -70.151  -11.667 0.6000000238
93495  23.295  -69.021  -11.564 0.6000000238
4087  21.852  -69.754  -11.604 0.6000000238
4524  22.455  -69.124  -11.739 0.5000000000
4537  22.387  -68.628  -12.136 0.6000000238
4545  21.991  -68.663  -13.607 0.5000000000
4557  21.947  -68.769  -14.524 0.5000000000
106095  22.876  -68.223  -12.763 0.6000000238
99413  22.594  -68.397  -13.322 0.6000000238
4544  22.812  -68.580  -14.417 0.6000000238
4556  22.376  -68.514  -15.115 0.6999999881
4586  21.749  -68.253  -15.881 0.6999999881
4601  21.217  -67.937  -16.754 0.6999999881
5076  20.851  -67.789  -17.599 0.6999999881
5564  22.032  -67.272  -15.834 0.6999999881
5061  22.414  -68.064  -15.523 0.6999999881
5066  21.662  -67.820  -16.222 0.6999999881
5569  21.371  -67.298  -16.753 0.6000000238
5557  23.107  -67.356  -14.578 0.6000000238
3694  30.872  -70.499  -17.292 0.5000000000
3274  30.371  -71.324  -17.248 0.5000000000
4124  29.767  -69.978  -16.244 0.5000000000
3686  30.268  -70.632  -16.656 0.5000000000
3687  29.693  -70.789  -16.096 0.6000000238
4600  28.651  -68.253  -17.009 0.6000000238
4583  29.829  -69.128  -16.555 0.6000000238
3680  29.179  -71.067  -15.499 0.6000000238
3681  28.714  -70.998  -14.838 0.6000000238
4569  28.383  -69.102  -15.679 0.6000000238
105989  28.353  -70.935  -14.187 0.6000000238
4570  27.939  -68.599  -15.495 0.6000000238
4109  28.215  -69.532  -14.399 0.5000000000
4108  28.482  -70.142  -14.704 0.6000000238
3674  28.196  -70.143  -13.906 0.6000000238
97897  27.731  -68.236  -14.879 0.5000000000
3646  27.260  -69.538  -11.677 0.5000000000
4543  27.835  -68.659  -12.927 0.5000000000
105997  27.436  -70.091  -12.330 0.6000000238
4101  27.752  -70.090  -13.139 0.6000000238
2540  26.437  -74.051  -25.480 0.6000000238
2943  28.967  -72.617  -25.300 0.6999999881
3275  29.769  -71.816  -16.826 0.5000000000
4536  23.025  -68.510  -11.962 0.6000000238
5563  22.880  -67.815  -15.170 0.6999999881
2843  29.112  -71.795  -15.759 0.6000000238
94828  27.692  -69.447  -12.649 0.6000000238
549  25.947  -81.132  -22.277 0.3000000119
767  27.326  -79.904  -22.801 0.3000000119
766  28.187  -79.336  -22.384 0.4000000060
1283  27.414  -78.003  -23.691 0.3000000119
1571  28.362  -77.231  -23.168 0.4000000060
1572  27.521  -76.618  -23.910 0.4000000060
106918  29.973  -73.322  -22.142 0.4000000060
2186  27.712  -74.639  -23.226 0.3000000119
2523  29.357  -73.497  -22.607 0.5000000000
2522  30.457  -73.164  -23.572 0.6000000238
1862  27.562  -75.488  -23.513 0.5000000000
2531  28.482  -73.440  -24.160 0.5000000000
2196  26.797  -74.613  -25.000 0.5000000000
2941  30.929  -72.355  -24.904 0.6000000238
111731  20.796  -67.452  -18.392 0.6000000238
4125  28.966  -69.359  -16.066 0.6000000238
5065  27.847  -67.953  -16.887 0.5000000000
4116  29.202  -70.218  -15.707 0.6000000238
4117  28.656  -69.739  -15.410 0.6000000238
4584  28.316  -68.604  -16.285 0.5000000000
4118  28.229  -69.306  -15.078 0.6000000238
104585  27.513  -67.456  -16.167 0.5000000000
4555  27.954  -68.865  -14.629 0.5000000000
101941  27.871  -68.232  -13.944 0.5000000000
678  26.661  -79.686  -6.894 0.4000000060
683  27.184  -78.973  -7.217 0.4000000060
677  27.727  -79.761  -6.946 0.5000000000
665  24.824  -80.086  -5.041 0.5000000000
456  24.258  -80.597  -4.656 0.5000000000
313  23.329  -81.831  -4.703 0.5000000000
464  25.184  -80.230  -5.873 0.5000000000
103725  25.596  -79.519  -6.010 0.5000000000
913  28.457  -78.688  -7.097 0.4000000060
907  29.116  -78.101  -6.714 0.4000000060
675  29.743  -79.185  -6.157 0.5000000000
393  27.807  -82.868  -17.371 0.3000000119
389  28.678  -82.355  -16.775 0.3000000119
394  26.915  -83.139  -17.988 0.3000000119
108725  26.598  -83.126  -18.738 0.3000000119
664  25.447  -79.562  -5.377 0.4000000060
658  24.778  -80.037  -4.205 0.5000000000
450  24.184  -80.497  -3.843 0.5000000000
900  25.922  -78.979  -5.796 0.4000000060
909  26.050  -79.141  -6.443 0.4000000060
915  27.060  -78.284  -7.206 0.3000000119
100333  26.825  -77.778  -6.949 0.3000000119
898  31.747  -78.363  -5.144 0.4000000060
97682  28.160  -77.825  -7.399 0.3000000119
906  30.429  -78.286  -5.678 0.5000000000
1176  28.685  -77.137  -7.084 0.3000000119
526  29.497  -81.267  -17.191 0.3000000119
382  28.971  -82.319  -15.957 0.3000000119
399  28.273  -82.198  -18.150 0.3000000119
400  27.598  -82.424  -18.847 0.3000000119
406  26.853  -82.709  -19.497 0.3000000119
895  25.984  -79.024  -4.979 0.3000000119
657  25.377  -79.548  -4.588 0.4000000060
894  26.365  -78.354  -5.440 0.3000000119
99278  27.863  -76.934  -7.423 0.3000000119
1164  32.044  -77.393  -4.911 0.4000000060
108746  32.155  -78.053  -5.157 0.4000000060
1175  29.865  -77.328  -6.028 0.4000000060
1462  28.358  -76.203  -7.258 0.3000000119
525  30.076  -80.612  -16.720 0.4000000060
111674  30.231  -80.786  -16.157 0.4000000060
513  30.538  -80.653  -15.082 0.4000000060
508  30.302  -80.758  -14.106 0.5000000000
532  29.092  -81.094  -17.960 0.3000000119
94967  28.831  -81.937  -17.550 0.3000000119
537  28.406  -81.309  -18.839 0.3000000119
538  27.750  -81.525  -19.746 0.3000000119
755  27.690  -80.347  -21.329 0.3000000119
99959  26.450  -78.451  -4.540 0.3000000119
95377  31.996  -76.040  -5.101 0.3000000119
1449  32.118  -76.610  -5.024 0.3000000119
1180  31.372  -77.311  -6.933 0.4000000060
911  32.119  -78.769  -6.529 0.4000000060
1759  28.115  -75.343  -7.288 0.3000000119
1757  30.444  -75.743  -5.711 0.3000000119
1758  29.169  -75.479  -6.704 0.3000000119
1461  29.476  -76.396  -6.386 0.3000000119
93556  29.892  -78.794  -11.290 0.5000000000
93157  29.825  -78.987  -10.472 0.5000000000
1240  30.077  -77.958  -15.325 0.3000000119
727  30.508  -79.380  -16.228 0.3000000119
964  29.673  -78.563  -16.009 0.3000000119
734  30.608  -80.016  -16.165 0.4000000060
699  31.586  -79.126  -13.883 0.5000000000
110418  30.699  -79.641  -13.435 0.5000000000
735  30.093  -79.989  -16.814 0.3000000119
97101  31.001  -79.822  -15.532 0.4000000060
719  31.133  -79.837  -14.868 0.4000000060
709  30.921  -79.782  -14.102 0.5000000000
744  28.686  -80.322  -18.646 0.3000000119
749  27.785  -80.406  -20.394 0.3000000119
754  27.979  -79.591  -21.042 0.4000000060
1459  32.009  -76.097  -5.429 0.3000000119
1465  31.157  -76.199  -7.389 0.4000000060
108526  31.128  -75.424  -5.482 0.3000000119
1181  30.453  -77.057  -8.078 0.4000000060
96550  30.086  -77.817  -8.751 0.4000000060
921  29.836  -78.398  -9.730 0.5000000000
1194  31.470  -77.737  -11.031 0.4000000060
925  29.832  -77.889  -10.166 0.5000000000
1506  29.282  -76.641  -14.430 0.3000000119
1201  30.552  -78.185  -11.501 0.5000000000
106693  31.403  -78.189  -15.404 0.3000000119
928  31.510  -78.569  -12.612 0.4000000060
1241  28.831  -77.522  -15.717 0.3000000119
963  30.994  -78.675  -15.766 0.4000000060
962  31.660  -78.458  -15.403 0.4000000060
937  32.226  -78.585  -13.517 0.5000000000
972  29.422  -79.110  -16.838 0.3000000119
726  31.215  -79.185  -15.788 0.4000000060
718  31.662  -78.946  -15.185 0.5000000000
708  31.723  -79.047  -14.540 0.5000000000
984  28.605  -79.354  -18.313 0.3000000119
94372  28.309  -79.492  -19.170 0.4000000060
99960  28.269  -78.543  -19.119 0.3000000119
104065  27.917  -79.224  -20.007 0.4000000060
104907  22.388  -70.162  -23.510 0.5000000000
761  28.249  -79.487  -21.879 0.3000000119
2415  28.226  -73.757  -7.034 0.3000000119
2088  30.234  -74.852  -6.049 0.3000000119
1466  30.880  -76.316  -8.269 0.3000000119
2089  28.736  -74.599  -7.011 0.3000000119
1478  30.781  -76.801  -9.188 0.3000000119
1188  31.058  -77.274  -10.079 0.5000000000
1502  28.804  -75.859  -14.222 0.3000000119
1200  32.283  -78.145  -12.026 0.5000000000
104562  29.886  -77.309  -14.707 0.3000000119
927  32.946  -78.091  -12.976 0.4000000060
1231  32.004  -77.915  -15.266 0.4000000060
110520  32.418  -77.775  -14.844 0.4000000060
947  32.758  -77.978  -14.468 0.4000000060
936  33.043  -77.957  -13.783 0.4000000060
965  28.798  -78.133  -16.402 0.3000000119
1251  28.512  -78.071  -17.210 0.3000000119
105585  32.244  -78.493  -14.700 0.4000000060
948  32.394  -78.530  -14.178 0.5000000000
1257  28.381  -77.554  -18.858 0.4000000060
95572  28.315  -78.132  -19.991 0.4000000060
3717  22.575  -70.176  -22.990 0.5000000000
100909  28.202  -78.862  -20.676 0.4000000060
1262  29.070  -77.757  -20.589 0.5000000000
3740  22.928  -69.897  -23.933 0.5000000000
103813  29.503  -73.868  -6.691 0.3000000119
2838  20.260  -72.253  -14.341 0.5000000000
1193  33.302  -77.891  -11.232 0.3000000119
1187  32.822  -77.698  -10.287 0.3000000119
2848  21.603  -72.544  -15.495 0.5000000000
108415  28.729  -75.182  -14.031 0.3000000119
1501  29.439  -76.289  -13.753 0.3000000119
1805  28.658  -75.735  -14.845 0.3000000119
1505  30.190  -76.964  -14.255 0.3000000119
1222  31.161  -77.154  -14.308 0.3000000119
1199  33.671  -77.686  -12.252 0.4000000060
2873  23.027  -72.733  -17.899 0.5000000000
2811  18.340  -72.343  -13.040 0.5000000000
1221  32.043  -77.449  -14.748 0.3000000119
1230  32.724  -77.348  -14.427 0.3000000119
1220  33.338  -77.283  -14.029 0.3000000119
1493  33.744  -76.654  -13.423 0.3000000119
2886  23.486  -72.555  -18.784 0.5000000000
1247  28.463  -77.232  -16.613 0.3000000119
1531  28.394  -77.136  -17.697 0.3000000119
2914  23.271  -72.012  -20.439 0.5000000000
1539  28.644  -76.724  -18.551 0.3000000119
3295  23.616  -71.377  -21.155 0.5000000000
3305  23.935  -70.808  -21.764 0.6000000238
1538  29.452  -76.445  -19.123 0.4000000060
104532  30.234  -76.849  -20.031 0.5000000000
3716  23.456  -70.213  -22.720 0.5000000000
1553  30.146  -77.337  -20.742 0.4000000060
1267  29.815  -77.723  -21.414 0.3000000119
992  28.652  -78.853  -21.654 0.4000000060
3739  23.699  -69.709  -24.060 0.6000000238
2509  32.891  -74.500  -19.661 0.3000000119
1842  31.521  -75.914  -20.786 0.4000000060
1559  30.998  -76.847  -21.129 0.4000000060
991  29.446  -78.150  -21.830 0.3000000119
3750  24.335  -70.132  -24.533 0.6000000238
3751  23.549  -70.194  -24.436 0.5000000000
2894  33.042  -73.450  -19.444 0.3000000119
2513  31.771  -74.039  -19.964 0.5000000000
2177  30.786  -75.461  -20.987 0.4000000060
1850  30.098  -75.936  -21.599 0.4000000060
112158  23.784  -70.917  -24.795 0.6000000238
2895  32.072  -73.214  -19.783 0.3000000119
2514  30.849  -73.786  -20.421 0.4000000060
2178  29.781  -74.780  -21.090 0.4000000060
97600  31.893  -72.543  -20.597 0.4000000060
2515  31.331  -73.055  -20.376 0.5000000000
2516  30.179  -73.483  -21.096 0.4000000060
96435  30.802  -73.052  -21.000 0.5000000000
111023  19.360  -72.231  -13.437 0.6000000238
97208  28.942  -74.590  -13.583 0.3000000119
1801  28.959  -75.486  -13.410 0.3000000119
1496  29.771  -75.936  -12.926 0.3000000119
1500  30.574  -76.623  -13.715 0.3000000119
101242  19.743  -72.007  -12.827 0.6000000238
2810  18.990  -72.123  -12.962 0.6000000238
2138  29.015  -74.636  -14.330 0.3000000119
1495  31.272  -76.338  -13.210 0.3000000119
1795  32.072  -76.024  -12.844 0.3000000119
3234  18.345  -71.480  -12.605 0.6000000238
2144  30.286  -74.226  -15.512 0.3000000119
1499  32.109  -76.880  -14.123 0.3000000119
1494  32.861  -76.464  -13.576 0.3000000119
96173  17.912  -70.509  -12.407 0.6000000238
111467  28.642  -76.410  -17.709 0.3000000119
109059  18.128  -68.805  -12.548 0.6000000238
4098  17.488  -69.589  -12.548 0.6000000238
4099  16.905  -69.149  -12.925 0.6000000238
4549  16.818  -68.442  -13.457 0.5000000000
1545  30.863  -76.595  -19.945 0.4000000060
1558  31.360  -76.469  -20.664 0.4000000060
3287  32.847  -71.748  -21.208 0.4000000060
2920  31.581  -72.584  -21.645 0.5000000000
2454  29.949  -73.212  -13.474 0.3000000119
2132  29.173  -73.988  -12.846 0.3000000119
1798  28.920  -74.817  -13.102 0.3000000119
1797  29.136  -75.132  -12.554 0.3000000119
1796  30.738  -75.786  -12.398 0.3000000119
1786  31.924  -75.576  -11.963 0.3000000119
2823  21.048  -72.581  -13.332 0.5000000000
2462  29.424  -73.987  -13.832 0.3000000119
2145  29.377  -74.682  -15.206 0.3000000119
3232  20.210  -71.434  -12.366 0.5000000000
3233  19.354  -71.319  -12.466 0.6000000238
2137  29.877  -74.077  -14.684 0.3000000119
1794  33.545  -76.016  -12.961 0.3000000119
94359  18.876  -70.428  -12.220 0.6000000238
2472  30.727  -73.617  -15.050 0.3000000119
103612  18.423  -69.536  -12.273 0.6000000238
1829  31.331  -75.723  -18.857 0.3000000119
1830  30.237  -75.889  -18.729 0.3000000119
4548  17.621  -68.193  -13.388 0.6000000238
4574  17.757  -67.946  -14.837 0.6000000238
3662  19.922  -70.433  -11.877 0.6000000238
100126  19.334  -69.447  -11.947 0.5000000000
4089  19.814  -68.750  -12.025 0.6000000238
100775  18.356  -68.302  -12.907 0.6000000238
95765  17.230  -67.876  -14.020 0.6000000238
4573  18.788  -68.165  -15.026 0.6000000238
4561  18.252  -68.032  -13.890 0.6000000238
99004  18.291  -68.211  -15.991 0.5000000000
3652  20.244  -69.405  -11.722 0.5000000000
4539  19.355  -68.409  -12.664 0.5000000000
109560  19.639  -68.278  -18.779 0.5000000000
5089  20.715  -67.621  -18.995 0.6000000238
4614  20.425  -68.019  -18.944 0.6000000238
4622  19.728  -68.065  -19.769 0.5000000000
5090  20.491  -67.554  -19.683 0.6000000238
5098  20.032  -67.489  -20.355 0.6000000238
4572  19.861  -68.304  -15.263 0.5000000000
104742  20.288  -68.350  -16.074 0.5000000000
98903  19.405  -68.268  -16.021 0.6000000238
4587  21.007  -68.287  -16.491 0.6000000238
4588  20.202  -68.333  -16.848 0.5000000000
4603  20.122  -68.286  -17.935 0.5000000000
4602  20.809  -68.061  -17.368 0.6000000238
5077  20.690  -67.838  -18.244 0.6000000238
5097  20.488  -67.064  -20.393 0.5000000000
10762  15.501  -58.614  -16.998 0.5000000000
4526  20.761  -68.917  -11.919 0.5000000000
4560  19.366  -68.245  -14.247 0.5000000000
4571  20.897  -68.460  -15.625 0.6000000238
11483  16.466  -57.775  -15.771 0.5000000000
11468  16.894  -57.743  -14.537 0.6000000238
95874  15.885  -57.896  -16.817 0.6000000238
10774  15.494  -58.078  -17.544 0.6000000238
10746  16.233  -58.665  -16.033 0.5000000000
10773  15.172  -58.750  -17.866 0.5000000000
6773  19.630  -64.641  -21.641 0.5000000000
6173  20.287  -65.870  -21.333 0.5000000000
13743  16.955  -54.657  -16.191 0.6999999881
12986  16.661  -55.442  -16.657 0.6000000238
13744  16.017  -54.928  -16.052 0.6999999881
12969  16.139  -55.692  -15.222 0.6000000238
12212  16.554  -56.547  -14.420 0.6000000238
12987  16.183  -55.728  -16.430 0.6000000238
12970  15.858  -55.217  -15.688 0.6000000238
13000  17.259  -55.801  -17.310 0.6000000238
13001  16.513  -56.022  -17.154 0.6000000238
12228  16.047  -56.112  -16.175 0.6000000238
98185  16.435  -56.785  -15.508 0.5000000000
12270  16.246  -56.391  -16.842 0.6000000238
109073  16.211  -57.024  -16.523 0.5000000000
105433  16.370  -56.600  -17.405 0.6000000238
11497  15.914  -57.412  -17.216 0.6000000238
12269  16.362  -57.086  -17.905 0.6000000238
98689  16.123  -57.038  -17.280 0.6000000238
11519  15.830  -57.624  -17.772 0.6000000238
10797  15.403  -58.164  -18.242 0.5000000000
10070  15.220  -59.443  -18.611 0.5000000000
10086  15.810  -59.303  -19.820 0.5000000000
94758  16.033  -59.924  -20.732 0.5000000000
8683  15.795  -61.595  -21.225 0.5000000000
13731  15.473  -54.389  -15.277 0.6000000238
12954  15.250  -54.473  -14.726 0.6999999881
12268  17.395  -56.551  -17.942 0.5000000000
11540  16.392  -57.691  -18.643 0.6000000238
111970  16.086  -58.234  -19.064 0.6000000238
10796  15.360  -58.728  -18.880 0.5000000000
10819  16.678  -58.588  -19.939 0.6000000238
10085  17.455  -59.256  -20.888 0.5000000000
10084  19.019  -59.308  -20.869 0.6000000238
10094  17.075  -59.987  -21.293 0.6000000238
16094  24.018  -51.890  -17.395 0.4000000060
15317  16.388  -52.367  -14.807 0.6999999881
15269  14.978  -51.636  -13.488 0.5000000000
13690  15.061  -53.109  -12.626 0.5000000000
15329  24.087  -52.699  -17.674 0.6000000238
98513  23.609  -53.017  -18.305 0.5000000000
14478  14.396  -52.066  -13.507 0.6000000238
13699  15.036  -53.909  -12.998 0.5000000000
15313  24.029  -52.926  -16.825 0.5000000000
14519  17.836  -52.879  -15.548 0.6000000238
107712  14.657  -52.092  -14.432 0.8000000119
13729  17.439  -53.812  -15.728 0.6999999881
104552  14.708  -53.515  -14.560 0.8000000119
13714  15.214  -54.451  -13.841 0.6999999881
10795  17.461  -58.170  -19.661 0.6000000238
10818  18.479  -58.795  -20.524 0.6000000238
14476  16.274  -52.622  -12.248 0.5000000000
15342  23.915  -52.354  -17.964 0.5000000000
15294  16.676  -52.147  -14.524 0.6999999881
13684  15.789  -53.838  -11.696 0.5000000000
16061  24.522  -51.475  -14.839 0.4000000060
15312  24.068  -52.256  -16.495 0.4000000060
15289  24.328  -52.395  -15.159 0.4000000060
14498  24.111  -53.220  -14.964 0.5000000000
14499  23.723  -53.869  -14.796 0.4000000060
15267  17.071  -52.588  -12.776 0.5000000000
14465  16.421  -53.455  -11.456 0.5000000000
16105  23.920  -51.103  -17.130 0.3000000119
16107  23.086  -51.365  -17.753 0.3000000119
15278  16.777  -52.152  -13.733 0.6000000238
102168  24.562  -52.076  -14.210 0.4000000060
93473  24.513  -52.928  -14.244 0.4000000060
13712  23.339  -54.378  -14.624 0.4000000060
15277  18.232  -52.797  -13.661 0.6000000238
112262  17.645  -52.243  -14.455 0.6000000238
13696  24.266  -53.664  -14.081 0.4000000060
14475  18.279  -53.150  -12.614 0.5000000000
17598  24.422  -49.621  -15.951 0.3000000119
16872  23.804  -50.522  -17.234 0.3000000119
98579  23.142  -50.691  -17.568 0.3000000119
94846  22.064  -50.393  -17.393 0.4000000060
13688  24.279  -53.970  -13.237 0.3000000119
13697  23.758  -54.346  -13.844 0.4000000060
16874  22.849  -50.068  -17.518 0.4000000060
14484  19.605  -53.156  -13.944 0.6000000238
16875  22.057  -49.498  -17.178 0.4000000060
18345  25.305  -48.339  -14.763 0.3000000119
17597  24.814  -48.924  -15.295 0.3000000119
14485  19.303  -53.376  -13.001 0.5000000000
94403  21.136  -49.695  -16.627 0.4000000060
16852  20.860  -49.756  -15.944 0.5000000000
17614  21.395  -48.981  -16.355 0.4000000060
111663  23.675  -46.520  -16.608 0.3000000119
19123  23.100  -47.084  -15.758 0.3000000119
19124  22.568  -47.467  -16.014 0.3000000119
19112  22.781  -47.662  -15.503 0.3000000119
100450  19.545  -49.708  -9.037 0.4000000060
20504  23.756  -46.105  -16.371 0.3000000119
1793  34.389  -76.199  -12.801 0.3000000119
107602  30.513  -76.422  -19.535 0.4000000060
18358  21.841  -48.325  -16.217 0.3000000119
10817  19.444  -58.874  -20.295 0.6000000238
17538  18.080  -49.319  -8.507 0.4000000060
14518  23.643  -53.462  -16.054 0.5000000000
18357  22.104  -48.096  -15.896 0.3000000119
1272  29.967  -77.592  -21.744 0.3000000119
1849  31.058  -76.439  -21.203 0.4000000060
4547  18.975  -68.158  -13.319 0.5000000000
908  26.627  -78.691  -6.919 0.4000000060
679  25.842  -79.954  -6.441 0.5000000000
451  23.685  -81.037  -4.334 0.5000000000
674  31.059  -79.141  -5.378 0.5000000000
388  29.665  -81.444  -16.422 0.4000000060
899  26.341  -78.397  -6.313 0.4000000060
897  32.200  -78.826  -5.366 0.4000000060
381  29.727  -81.685  -15.341 0.4000000060
375  29.964  -81.424  -14.460 0.4000000060
651  25.452  -79.608  -3.735 0.3000000119
1467  27.729  -76.047  -7.288 0.3000000119
104917  31.715  -76.752  -4.954 0.3000000119
1163  32.230  -77.480  -5.214 0.4000000060
896  32.386  -78.367  -5.534 0.4000000060
531  29.686  -80.521  -17.337 0.3000000119
108286  29.178  -80.281  -17.906 0.4000000060
100817  32.080  -76.604  -6.103 0.4000000060
912  30.705  -78.133  -7.720 0.4000000060
107889  31.025  -79.087  -13.087 0.5000000000
3307  22.129  -70.793  -22.405 0.5000000000
748  28.162  -80.355  -19.536 0.4000000060
2087  31.187  -74.925  -5.767 0.3000000119
1189  30.127  -77.505  -9.629 0.5000000000
1232  30.998  -77.644  -14.852 0.3000000119
978  28.747  -78.917  -17.613 0.3000000119
93768  28.370  -78.145  -18.152 0.3000000119
3727  23.096  -69.879  -23.525 0.6000000238
1477  31.997  -76.870  -9.558 0.3000000119
1211  33.808  -77.325  -13.219 0.3000000119
2913  24.105  -71.927  -20.351 0.5000000000
1546  28.908  -77.169  -19.708 0.4000000060
1186  34.222  -77.581  -10.536 0.3000000119
1210  34.275  -76.660  -12.892 0.3000000119
1841  32.026  -75.968  -20.327 0.4000000060
1552  30.976  -76.791  -20.710 0.4000000060
1266  30.495  -77.174  -21.308 0.4000000060
2893  33.457  -72.625  -19.344 0.3000000119
101238  29.704  -75.423  -12.190 0.3000000119
1836  32.147  -76.077  -19.966 0.3000000119
1787  30.298  -75.303  -11.623 0.3000000119
2471  31.404  -73.285  -15.424 0.3000000119
4589  19.185  -68.365  -17.002 0.5000000000
13730  16.157  -53.815  -15.481 0.6999999881
13715  14.268  -53.323  -13.975 0.6999999881
14521  15.699  -52.625  -14.867 0.6999999881
15279  15.431  -51.542  -13.828 0.6000000238
109791  24.108  -50.422  -16.702 0.3000000119
3293  25.490  -71.619  -21.041 0.5000000000
2912  24.993  -72.089  -20.337 0.5000000000
3731  32.822  -70.689  -24.395 0.6000000238
4558  20.644  -68.460  -14.589 0.4000000060
104533  21.590  -68.569  -15.193 0.5000000000
5605  20.663  -66.666  -20.334 0.5000000000
95145  21.352  -66.366  -16.413 0.5000000000
6132  21.041  -66.609  -17.354 0.5000000000
5576  20.912  -66.909  -18.396 0.5000000000
102071  20.524  -66.051  -20.915 0.5000000000
6161  20.692  -65.944  -20.052 0.5000000000
98440  21.640  -66.112  -15.497 0.5000000000
6750  20.308  -65.360  -21.255 0.4000000060
6133  20.729  -65.461  -16.975 0.5000000000
6151  20.746  -65.984  -18.815 0.5000000000
94850  20.437  -65.063  -20.421 0.5000000000
7430  19.576  -64.062  -21.683 0.5000000000
94449  20.513  -65.135  -18.004 0.6000000238
6739  20.462  -65.016  -19.187 0.5000000000
6740  19.931  -64.059  -19.795 0.5000000000
109785  16.497  -61.256  -21.562 0.5000000000
6729  20.027  -64.116  -18.209 0.6000000238
8047  18.378  -62.792  -21.951 0.5000000000
8699  17.451  -61.514  -21.639 0.5000000000
99072  19.535  -63.581  -21.104 0.6000000238
7431  19.097  -63.179  -21.763 0.5000000000
6728  20.225  -64.413  -17.169 0.6000000238
7391  19.696  -63.317  -17.754 0.6000000238
7416  19.363  -63.072  -19.895 0.6000000238
96591  18.882  -61.776  -20.785 0.6000000238
7401  19.612  -63.261  -18.696 0.6000000238
8698  18.550  -61.272  -21.359 0.5000000000
10093  18.406  -59.889  -21.232 0.5000000000
7417  19.121  -62.661  -21.051 0.6000000238
12200  16.673  -56.250  -13.457 0.5000000000
12953  16.087  -55.417  -14.208 0.5000000000
9395  19.047  -59.888  -20.839 0.6000000238
8019  19.249  -62.469  -18.982 0.6000000238
8682  18.805  -60.812  -20.528 0.6000000238
8654  18.778  -61.005  -18.915 0.6000000238
17613  22.295  -48.721  -17.009 0.3000000119
16809  20.387  -50.190  -9.258 0.3000000119
2931  32.413  -72.333  -23.673 0.5000000000
96892  24.243  -71.731  -25.006 0.5000000000
3335  25.236  -71.000  -24.896 0.5000000000
3321  32.833  -71.790  -24.044 0.4000000060
105564  25.050  -70.330  -24.333 0.4000000060
99347  32.700  -69.966  -24.271 0.4000000060
3294  24.476  -71.454  -20.999 0.4000000060
97676  24.715  -71.093  -21.584 0.4000000060
3726  24.012  -69.858  -23.391 0.4000000060
3738  24.589  -69.876  -24.006 0.4000000060
4644  33.805  -68.256  -22.485 0.4000000060
106572  33.082  -68.838  -23.002 0.4000000060
4156  32.315  -69.162  -22.246 0.4000000060
97698  32.427  -69.377  -23.440 0.4000000060
103431  32.838  -68.666  -20.642 0.5000000000
93967  19.386  -61.970  -17.231 0.5000000000
95837  19.571  -62.143  -16.303 0.5000000000
8653  19.065  -61.119  -17.634 0.5000000000
8638  19.422  -61.232  -16.508 0.5000000000
109718  19.591  -61.049  -15.723 0.5000000000
9329  19.514  -60.459  -16.030 0.5000000000
12930  15.817  -54.653  -12.030 0.4000000060
111936  15.314  -53.900  -12.208 0.4000000060
3742  32.107  -70.448  -24.520 0.5000000000
4162  33.304  -69.517  -23.896 0.4000000060
4639  33.073  -68.558  -21.608 0.4000000060
457  23.890  -81.265  -5.009 0.4000000060
323  24.045  -81.927  -5.338 0.4000000060
55  26.209  -85.311  -4.368 0.4000000060
465  24.509  -81.007  -5.489 0.4000000060
322  24.881  -82.036  -5.644 0.4000000060
89  27.223  -84.402  -3.145 0.4000000060
215  24.491  -82.662  -5.183 0.4000000060
144  28.459  -83.540  -3.672 0.4000000060
88  27.891  -83.859  -3.124 0.4000000060
90  26.563  -84.626  -2.946 0.4000000060
478  25.776  -80.761  -6.298 0.5000000000
333  25.351  -81.345  -6.020 0.5000000000
332  26.245  -81.481  -6.070 0.4000000060
321  25.883  -82.207  -5.449 0.4000000060
137  27.331  -84.167  -3.018 0.4000000060
477  26.502  -80.685  -6.487 0.5000000000
476  27.559  -80.657  -6.436 0.5000000000
320  27.011  -82.095  -5.088 0.4000000060
106782  25.250  -82.606  -5.134 0.4000000060
330  28.837  -81.587  -5.023 0.4000000060
331  27.305  -81.480  -5.816 0.4000000060
211  29.528  -82.394  -4.172 0.4000000060
212  29.057  -82.914  -3.581 0.4000000060
206  27.575  -83.510  -3.230 0.4000000060
214  26.264  -83.003  -4.057 0.4000000060
143  29.187  -83.085  -4.189 0.4000000060
463  30.010  -81.263  -4.850 0.5000000000
319  28.314  -82.244  -4.215 0.4000000060
95926  26.939  -82.681  -4.169 0.4000000060
317  30.253  -81.623  -4.743 0.5000000000
318  29.840  -82.032  -4.239 0.4000000060
97969  29.203  -82.566  -3.880 0.4000000060
213  28.040  -82.762  -3.603 0.4000000060
335  30.902  -80.872  -6.377 0.3000000119
97047  29.901  -81.094  -7.655 0.3000000119
481  31.225  -80.195  -7.364 0.4000000060
329  30.688  -81.324  -5.090 0.3000000119
480  31.823  -79.887  -6.558 0.4000000060
109169  31.602  -80.328  -6.228 0.4000000060
352  30.240  -81.001  -10.272 0.3000000119
344  30.455  -80.564  -9.444 0.4000000060
94425  30.594  -80.422  -8.392 0.4000000060
484  30.885  -80.070  -8.579 0.4000000060
485  30.412  -80.594  -9.854 0.4000000060
107625  30.869  -80.066  -8.678 0.4000000060
919  30.593  -79.203  -8.488 0.3000000119
681  31.872  -79.603  -6.678 0.3000000119
472  31.997  -80.027  -5.815 0.4000000060
483  31.261  -79.888  -7.601 0.3000000119
97097  30.597  -80.333  -9.178 0.4000000060
101112  30.561  -79.973  -9.589 0.4000000060
316  30.820  -81.123  -4.969 0.4000000060
473  31.253  -80.599  -5.482 0.4000000060
353  29.757  -81.675  -10.851 0.4000000060
918  31.465  -79.369  -7.331 0.3000000119
97559  29.957  -80.782  -12.136 0.4000000060
358  29.974  -81.285  -11.220 0.4000000060
700  30.181  -79.789  -12.553 0.4000000060
693  29.992  -79.488  -11.772 0.4000000060
461  31.099  -80.595  -5.344 0.4000000060
661  32.173  -79.520  -5.618 0.3000000119
460  31.669  -80.095  -5.546 0.4000000060
94801  29.823  -81.476  -12.272 0.4000000060
364  29.847  -81.389  -13.137 0.4000000060
503  30.120  -80.515  -13.170 0.4000000060
929  30.385  -78.915  -12.154 0.4000000060
687  30.184  -79.932  -10.792 0.4000000060
475  28.767  -80.542  -6.077 0.4000000060
662  31.672  -79.554  -5.368 0.3000000119
676  28.652  -79.568  -6.676 0.4000000060
474  29.872  -80.284  -5.595 0.4000000060
663  30.876  -80.077  -5.314 0.4000000060
4147  32.475  -69.114  -20.145 0.4000000060
491  30.236  -80.831  -10.566 0.4000000060
205  28.450  -83.251  -3.379 0.4000000060
462  30.704  -81.003  -4.895 0.4000000060
498  30.057  -80.447  -11.509 0.4000000060
519  30.498  -80.529  -15.716 0.4000000060
660  32.468  -79.028  -5.685 0.4000000060
673  32.418  -79.448  -6.030 0.3000000119
682  27.887  -79.083  -7.230 0.4000000060
736  29.405  -79.822  -17.477 0.3000000119
905  32.570  -78.762  -5.876 0.4000000060
914  27.648  -78.419  -7.360 0.3000000119
924  29.808  -78.216  -10.637 0.5000000000
956  32.219  -78.206  -15.049 0.4000000060
1006  27.870  -79.201  -22.892 0.3000000119
1173  32.432  -77.758  -5.848 0.4000000060
1174  31.180  -77.429  -5.209 0.4000000060
1184  30.340  -77.137  -8.803 0.4000000060
1195  30.305  -77.709  -10.536 0.5000000000
1268  28.958  -78.307  -21.179 0.4000000060
1448  32.290  -76.891  -5.432 0.3000000119
1450  31.569  -76.050  -5.154 0.3000000119
1460  30.743  -76.579  -5.413 0.3000000119
1498  33.156  -76.880  -14.075 0.3000000119
1544  31.571  -76.324  -20.302 0.3000000119
1574  26.618  -76.446  -24.823 0.5000000000
1837  31.462  -76.215  -19.635 0.4000000060
2167  32.591  -75.284  -20.091 0.3000000119
2170  31.628  -75.141  -20.576 0.5000000000
2171  30.267  -74.336  -20.716 0.4000000060
2185  28.309  -74.581  -22.381 0.4000000060
2199  25.196  -75.012  -25.761 0.5000000000
2463  26.848  -73.148  -15.278 0.8999999762
2494  28.001  -73.258  -17.890 0.8000000119
2502  26.240  -73.320  -17.929 0.6999999881
2511  25.770  -72.837  -19.041 0.6999999881
2517  29.396  -73.987  -21.322 0.4000000060
2524  28.615  -73.750  -22.968 0.4000000060
2542  27.639  -72.880  -25.458 0.6999999881
2544  25.682  -74.148  -25.650 0.5000000000
2817  26.795  -72.554  -13.792 0.8999999762
2820  24.363  -72.677  -13.277 0.6999999881
2832  27.451  -72.868  -15.180 0.6999999881
2839  19.498  -72.309  -14.245 0.6000000238
2844  28.652  -72.355  -15.799 0.6999999881
2857  29.191  -72.179  -16.373 0.6000000238
2859  24.197  -72.692  -16.230 0.6999999881
2882  28.524  -72.862  -18.205 0.6000000238
2887  22.784  -72.614  -18.760 0.5000000000
2897  28.908  -72.057  -19.400 0.6999999881
2907  32.574  -72.315  -20.174 0.4000000060
2908  28.450  -72.003  -19.923 0.6999999881
2919  32.356  -72.151  -21.508 0.4000000060
2926  31.791  -72.669  -23.120 0.6000000238
2932  31.823  -72.649  -24.069 0.5000000000
2949  25.518  -72.773  -25.536 0.6000000238
3222  21.510  -71.480  -12.092 0.6000000238
3229  27.079  -71.586  -12.800 0.6999999881
3230  26.293  -71.929  -12.527 0.8000000119
3266  29.974  -71.253  -16.577 0.5000000000
3267  29.522  -71.501  -16.159 0.6000000238
3306  23.084  -70.758  -22.120 0.6000000238
3322  32.213  -72.066  -24.405 0.6000000238
3336  24.220  -70.895  -24.916 0.6000000238
3338  22.843  -70.149  -24.127 0.5000000000
3342  24.930  -71.888  -25.198 0.5000000000
3715  24.408  -70.549  -22.364 0.4000000060
3724  29.094  -70.709  -23.394 0.8000000119
3737  26.528  -70.838  -24.022 0.6000000238
3741  22.324  -70.263  -23.764 0.5000000000
3745  29.799  -70.919  -25.005 0.6999999881
3749  25.969  -70.835  -24.498 0.6000000238
4069  26.020  -69.644  -10.913 0.6999999881
4088  21.069  -69.493  -11.693 0.6000000238
4097  18.887  -68.751  -12.362 0.6000000238
4521  27.368  -68.513  -11.343 0.6000000238
4525  21.648  -69.060  -11.834 0.6000000238
4535  27.682  -68.914  -12.018 0.5000000000
4540  17.537  -68.626  -12.876 0.6000000238
4585  27.790  -68.147  -16.131 0.6000000238
5035  27.733  -67.636  -11.556 0.5000000000
5060  22.924  -68.326  -15.018 0.6999999881
5088  20.722  -67.665  -18.377 0.6000000238
5106  20.367  -66.394  -20.956 0.5000000000
5552  23.334  -67.641  -14.014 0.6999999881
5575  20.944  -67.436  -17.701 0.6000000238
5590  20.782  -67.410  -18.947 0.6000000238
6141  20.817  -66.004  -17.890 0.5000000000
6184  20.069  -65.377  -21.605 0.5000000000
6185  19.860  -65.359  -21.647 0.5000000000
6649  26.497  -64.033  -10.951 0.5000000000
6751  20.067  -64.454  -21.187 0.4000000060
6765  20.004  -64.776  -21.647 0.5000000000
7301  25.793  -63.453  -10.834 0.5000000000
7325  22.814  -63.701  -11.643 0.5000000000
7366  20.070  -63.698  -15.612 0.6000000238
8005  19.439  -62.615  -17.927 0.6000000238
8006  19.136  -61.818  -18.295 0.6000000238
8020  18.909  -61.719  -19.539 0.6000000238
8038  18.684  -62.289  -21.455 0.6000000238
8710  18.199  -61.983  -21.649 0.5000000000
8711  17.468  -62.247  -21.760 0.5000000000
9318  19.682  -60.596  -15.234 0.5000000000
9365  18.832  -60.340  -18.276 0.6000000238
9381  18.902  -60.093  -19.718 0.6999999881
9396  15.561  -60.784  -20.497 0.5000000000
9413  18.725  -60.448  -21.240 0.5000000000
9414  17.559  -60.646  -21.494 0.5000000000
9415  16.163  -60.647  -21.333 0.6000000238
10023  19.629  -59.897  -15.463 0.5000000000
10041  19.338  -59.646  -16.305 0.6000000238
10058  15.352  -59.509  -17.726 0.5000000000
10794  19.884  -58.518  -19.729 0.6999999881
11538  19.785  -57.934  -19.616 0.6999999881
12210  20.337  -56.514  -14.528 0.5000000000
12211  19.948  -57.145  -14.670 0.5000000000
12229  16.089  -55.950  -16.260 0.6000000238
12247  21.643  -56.407  -17.962 0.8000000119
12248  21.049  -56.732  -17.523 0.8000000119
12249  20.132  -56.981  -16.728 0.8000000119
12250  16.195  -56.657  -16.787 0.6000000238
12264  21.476  -56.286  -18.406 0.8000000119
12278  20.767  -56.985  -19.014 0.8000000119
12938  15.818  -55.146  -13.115 0.6999999881
12952  20.848  -55.886  -14.877 0.6000000238
12968  21.182  -55.928  -16.041 0.6999999881
12985  17.780  -55.286  -16.775 0.6000000238
12999  19.644  -55.550  -17.957 0.6999999881
13009  22.067  -55.174  -18.423 0.8000000119
13689  23.828  -54.513  -12.804 0.4000000060
13700  14.274  -52.837  -13.432 0.6000000238
13727  23.237  -54.194  -15.633 0.4000000060
13745  15.928  -55.244  -15.924 0.6999999881
13754  23.101  -54.475  -18.227 0.6999999881
14466  15.711  -53.061  -12.097 0.5000000000
14473  20.738  -53.509  -12.329 0.6000000238
14474  19.938  -53.600  -12.435 0.6000000238
14477  15.350  -52.258  -12.777 0.5000000000
14486  13.909  -52.265  -13.874 0.6000000238
14500  14.104  -52.455  -14.225 0.8000000119
14517  23.970  -52.849  -15.846 0.4000000060
14520  16.808  -52.882  -15.315 0.6000000238
14522  15.010  -53.141  -14.776 0.8000000119
14532  19.488  -52.620  -16.204 0.6999999881
14542  23.866  -53.235  -18.151 0.6000000238
14545  21.347  -53.970  -18.079 0.8000000119
15268  15.897  -51.765  -13.084 0.5000000000
15280  14.302  -51.545  -14.011 0.6000000238
15295  15.342  -51.825  -14.380 0.6000000238
15316  17.359  -52.258  -15.079 0.6999999881
15343  23.166  -52.229  -18.126 0.5000000000
15344  22.846  -53.079  -18.338 0.6000000238
16079  19.239  -51.380  -15.751 0.5000000000
16106  23.680  -51.221  -17.380 0.3000000119
16873  23.601  -50.286  -17.442 0.3000000119
17547  19.694  -49.448  -9.663 0.4000000060
19826  23.217  -46.832  -16.258 0.3000000119
94251  20.903  -49.431  -16.082 0.4000000060
94765  21.966  -55.409  -16.342 0.6999999881
94941  28.829  -70.417  -15.218 0.6000000238
95741  24.280  -72.799  -16.978 0.6999999881
95834  20.722  -67.246  -19.659 0.5000000000
95973  25.916  -73.324  -25.658 0.6000000238
97059  19.295  -59.244  -20.251 0.6000000238
97151  28.000  -69.257  -13.668 0.6000000238
97555  24.645  -72.496  -12.803 0.6999999881
100272  21.134  -67.720  -16.983 0.6999999881
100871  23.964  -72.757  -13.885 0.6999999881
100989  20.841  -66.841  -19.464 0.5000000000
101705  26.287  -70.716  -11.554 0.8000000119
101961  29.082  -68.744  -16.565 0.6000000238
102194  19.418  -57.897  -16.693 0.6000000238
105031  20.031  -72.285  -13.474 0.6000000238
105127  19.083  -54.255  -16.271 0.8000000119
105242  21.975  -51.391  -13.325 0.5000000000
106249  29.498  -77.321  -22.402 0.4000000060
107074  21.008  -53.323  -13.219 0.6999999881
107187  22.170  -50.721  -12.996 0.5000000000
109348  21.930  -50.633  -12.001 0.4000000060
109519  28.777  -82.822  -3.487 0.4000000060
110458  34.368  -75.947  -12.719 0.3000000119
110572  20.511  -56.559  -13.836 0.5000000000
111402  19.072  -62.340  -20.014 0.6000000238
112057  20.804  -50.389  -9.736 0.5000000000
112121  20.527  -65.644  -20.741 0.5000000000
112208  30.654  -80.577  -7.500 0.4000000060
