#!ascii label  , from subject sub-v2s9x29170_ses-1 vox2ras=TkReg
1756
46279  -52.066  -34.175  28.106 0.0000000000
127927  -41.120  -42.276  38.243 0.0000000000
53267  -43.870  -26.666  18.579 0.0000000000
46457  -42.551  -33.423  16.889 0.0000000000
47326  -50.903  -32.529  23.289 0.0000000000
39433  -51.717  -41.122  32.900 0.0000000000
39529  -39.639  -42.418  24.556 0.0000000000
45354  -40.411  -34.510  22.527 0.0000000000
129772  -31.055  -42.723  37.775 0.0000000000
58434  -56.823  -21.501  19.474 0.0000000000
42514  -33.493  -37.947  24.811 0.0000000000
46382  -47.386  -33.645  22.555 0.0000000000
44417  -48.550  -35.011  18.196 0.0000000000
44350  -53.241  -35.420  23.152 0.0000000000
44227  -50.982  -35.435  32.555 0.0000000000
43372  -46.110  -36.621  28.294 0.0000000000
46319  -46.402  -32.791  25.760 0.0000000000
48378  -40.760  -31.633  19.984 0.0000000000
62124  -57.916  -17.588  15.663 0.0000000000
36348  -36.445  -43.915  38.039 0.0000000000
39458  -32.239  -40.179  31.911 0.0000000000
40391  -37.239  -39.830  33.138 0.0000000000
50226  -47.019  -29.716  22.869 0.0000000000
38414  -46.198  -43.270  36.644 0.0000000000
41432  -42.080  -38.897  32.423 0.0000000000
39498  -43.960  -42.131  29.725 0.0000000000
42503  -40.251  -37.748  25.331 0.0000000000
123111  -27.622  -45.658  35.786 0.0000000000
53165  -52.602  -26.604  27.308 0.0000000000
54327  -49.234  -25.023  23.258 0.0000000000
57525  -53.136  -21.402  21.997 0.0000000000
57563  -48.952  -22.216  18.071 0.0000000000
60294  -49.481  -19.496  14.580 0.0000000000
36419  -28.480  -42.626  29.519 0.0000000000
118592  -37.280  -38.450  25.299 0.0000000000
46320  -49.827  -33.068  25.330 0.0000000000
45340  -50.584  -35.254  23.590 0.0000000000
45295  -53.490  -35.098  26.769 0.0000000000
46218  -50.868  -33.890  30.430 0.0000000000
46236  -48.688  -33.750  29.160 0.0000000000
47250  -49.334  -32.703  27.413 0.0000000000
47298  -47.385  -32.391  24.781 0.0000000000
52267  -45.292  -27.273  15.627 0.0000000000
55527  -43.869  -25.163  15.189 0.0000000000
36324  -39.147  -43.454  39.185 0.0000000000
116265  -36.912  -41.662  35.594 0.0000000000
38427  -39.099  -41.067  35.743 0.0000000000
48411  -42.899  -31.957  14.992 0.0000000000
46431  -52.165  -33.906  18.326 0.0000000000
45413  -49.753  -34.186  15.944 0.0000000000
128735  -49.234  -33.558  19.897 0.0000000000
48381  -46.549  -31.643  20.311 0.0000000000
48334  -48.901  -31.219  23.246 0.0000000000
38457  -48.324  -43.404  34.118 0.0000000000
38472  -45.807  -43.041  32.583 0.0000000000
38490  -47.394  -42.712  31.851 0.0000000000
44327  -42.875  -35.316  25.319 0.0000000000
43383  -43.027  -36.704  26.867 0.0000000000
43411  -39.838  -36.282  23.680 0.0000000000
47399  -41.332  -32.367  18.313 0.0000000000
54289  -50.490  -25.552  25.670 0.0000000000
58413  -51.653  -22.531  19.823 0.0000000000
58446  -52.539  -21.170  18.021 0.0000000000
58465  -49.070  -21.087  16.117 0.0000000000
59337  -52.973  -20.053  16.758 0.0000000000
63032  -53.898  -16.827  13.915 0.0000000000
35282  -29.179  -43.994  36.582 0.0000000000
35328  -27.881  -44.159  32.343 0.0000000000
37432  -29.925  -43.023  33.054 0.0000000000
42438  -31.846  -37.820  28.104 0.0000000000
40485  -30.139  -39.186  27.324 0.0000000000
40505  -31.227  -39.181  24.294 0.0000000000
40487  -40.627  -42.054  27.963 0.0000000000
41481  -39.603  -38.408  29.238 0.0000000000
129563  -38.411  -41.042  25.058 0.0000000000
46426  -44.476  -33.625  19.506 0.0000000000
46448  -44.421  -34.006  17.753 0.0000000000
45377  -47.178  -35.281  20.778 0.0000000000
44381  -51.053  -35.559  21.056 0.0000000000
46387  -53.580  -34.086  21.492 0.0000000000
42400  -52.251  -38.327  33.088 0.0000000000
40449  -48.967  -39.284  30.514 0.0000000000
43352  -48.542  -36.299  30.538 0.0000000000
45274  -46.093  -34.807  27.144 0.0000000000
45323  -43.449  -34.102  24.489 0.0000000000
46396  -40.433  -33.443  21.575 0.0000000000
47320  -43.684  -32.392  22.746 0.0000000000
47363  -44.246  -32.265  21.480 0.0000000000
60244  -57.717  -19.724  17.387 0.0000000000
61184  -61.383  -18.985  17.949 0.0000000000
36333  -33.933  -43.653  37.978 0.0000000000
135336  -31.894  -42.296  34.375 0.0000000000
38422  -34.185  -41.857  35.182 0.0000000000
40411  -34.387  -39.557  32.532 0.0000000000
42427  -34.944  -38.005  29.184 0.0000000000
47419  -46.438  -33.219  15.881 0.0000000000
49328  -45.001  -30.642  19.129 0.0000000000
51200  -44.652  -28.200  20.957 0.0000000000
38399  -44.056  -42.740  38.330 0.0000000000
39393  -42.036  -40.046  35.910 0.0000000000
39413  -43.964  -40.280  34.098 0.0000000000
39459  -42.972  -41.108  30.660 0.0000000000
39516  -41.348  -42.491  27.142 0.0000000000
41485  -45.514  -38.528  29.643 0.0000000000
41513  -42.072  -39.499  27.680 0.0000000000
40500  -39.899  -39.862  25.075 0.0000000000
47235  -53.430  -32.848  28.633 0.0000000000
37343  -43.481  -42.835  39.674 0.0000000000
40363  -46.450  -40.419  36.420 0.0000000000
41407  -47.463  -38.627  34.063 0.0000000000
47267  -54.354  -32.992  26.898 0.0000000000
47306  -57.129  -33.308  25.494 0.0000000000
48301  -54.398  -31.061  25.164 0.0000000000
52164  -55.908  -27.753  26.989 0.0000000000
50195  -52.501  -29.383  25.612 0.0000000000
131826  -49.530  -28.472  25.414 0.0000000000
52195  -47.382  -27.485  23.773 0.0000000000
54355  -46.795  -25.528  21.375 0.0000000000
131895  -51.323  -23.206  22.171 0.0000000000
56584  -48.979  -23.484  20.347 0.0000000000
55498  -46.258  -24.198  18.964 0.0000000000
56614  -46.545  -22.668  16.283 0.0000000000
61223  -53.906  -18.633  15.439 0.0000000000
34371  -25.839  -45.703  31.588 0.0000000000
127040  -26.624  -42.711  25.213 0.0000000000
38505  -30.236  -41.648  30.650 0.0000000000
38543  -28.409  -41.271  25.825 0.0000000000
41429  -39.126  -38.931  32.548 0.0000000000
41479  -37.127  -38.319  29.704 0.0000000000
42516  -35.317  -37.777  24.550 0.0000000000
36495  -36.145  -43.143  22.249 0.0000000000
46300  -50.927  -33.334  26.550 0.0000000000
46322  -51.541  -33.877  25.971 0.0000000000
46280  -52.837  -34.626  27.935 0.0000000000
46239  -52.898  -34.312  29.991 0.0000000000
46257  -50.646  -33.589  28.903 0.0000000000
46278  -50.983  -33.553  28.132 0.0000000000
47283  -49.216  -32.514  25.882 0.0000000000
51219  -43.623  -28.125  17.829 0.0000000000
116403  -43.578  -27.121  16.713 0.0000000000
53296  -44.970  -26.568  15.013 0.0000000000
54397  -43.593  -26.025  16.850 0.0000000000
116529  -39.790  -43.056  38.841 0.0000000000
37382  -39.262  -42.242  37.395 0.0000000000
38397  -40.200  -41.726  37.433 0.0000000000
47426  -41.797  -32.671  15.568 0.0000000000
47415  -42.909  -33.106  16.229 0.0000000000
46404  -51.577  -33.763  20.403 0.0000000000
46416  -50.237  -33.722  19.646 0.0000000000
47367  -49.454  -33.014  21.612 0.0000000000
47346  -48.938  -32.323  22.174 0.0000000000
47325  -50.067  -32.224  23.099 0.0000000000
39431  -50.178  -41.706  33.453 0.0000000000
36384  -49.185  -44.221  33.203 0.0000000000
113888  -50.654  -42.615  32.467 0.0000000000
45321  -41.897  -34.744  24.070 0.0000000000
44326  -41.941  -35.702  25.137 0.0000000000
44345  -40.264  -35.535  23.427 0.0000000000
43429  -39.329  -36.190  21.623 0.0000000000
131791  -41.764  -32.990  17.789 0.0000000000
47406  -40.390  -33.099  17.089 0.0000000000
112442  -41.220  -33.308  16.641 0.0000000000
58415  -53.662  -22.134  19.704 0.0000000000
58447  -53.424  -20.966  18.124 0.0000000000
59320  -52.938  -20.531  17.375 0.0000000000
59322  -54.699  -20.279  17.567 0.0000000000
36344  -29.797  -43.387  36.785 0.0000000000
36370  -29.584  -43.569  34.964 0.0000000000
37403  -30.713  -42.882  35.361 0.0000000000
42477  -32.631  -37.543  26.357 0.0000000000
41534  -31.398  -38.052  25.688 0.0000000000
41547  -32.413  -38.645  24.783 0.0000000000
39535  -32.834  -39.545  24.629 0.0000000000
39536  -33.457  -39.569  24.760 0.0000000000
39514  -40.153  -42.955  26.104 0.0000000000
40486  -39.870  -41.701  27.149 0.0000000000
39528  -38.885  -42.274  24.531 0.0000000000
46400  -46.530  -33.857  21.559 0.0000000000
45375  -45.800  -34.606  20.155 0.0000000000
45368  -47.488  -34.995  21.425 0.0000000000
44349  -51.463  -35.584  23.400 0.0000000000
44365  -49.975  -35.723  22.057 0.0000000000
44367  -52.079  -35.523  22.284 0.0000000000
44399  -53.121  -34.792  20.303 0.0000000000
44384  -53.768  -34.719  21.410 0.0000000000
43322  -51.609  -36.447  32.925 0.0000000000
42411  -49.785  -37.620  31.559 0.0000000000
44245  -49.627  -35.840  31.944 0.0000000000
46276  -47.479  -33.413  27.457 0.0000000000
45260  -47.285  -35.013  28.405 0.0000000000
45293  -46.198  -34.029  26.661 0.0000000000
45291  -45.142  -34.040  25.749 0.0000000000
112834  -44.678  -33.648  25.093 0.0000000000
46358  -43.848  -32.854  23.635 0.0000000000
47295  -44.735  -32.550  24.015 0.0000000000
47345  -46.804  -32.731  23.196 0.0000000000
47344  -45.952  -32.485  22.959 0.0000000000
46380  -45.842  -33.063  21.858 0.0000000000
46398  -44.783  -33.081  20.563 0.0000000000
36334  -34.757  -43.691  37.776 0.0000000000
37391  -33.875  -42.857  36.525 0.0000000000
36346  -34.840  -43.032  36.775 0.0000000000
39408  -37.040  -40.634  34.463 0.0000000000
39407  -36.151  -40.668  34.399 0.0000000000
40412  -35.714  -39.519  32.586 0.0000000000
41442  -34.830  -38.853  31.176 0.0000000000
129575  -35.578  -38.910  31.258 0.0000000000
45394  -46.846  -34.676  18.229 0.0000000000
47418  -45.387  -33.269  16.397 0.0000000000
46450  -46.391  -33.997  17.041 0.0000000000
46452  -50.100  -34.000  16.028 0.0000000000
46471  -49.252  -33.654  15.318 0.0000000000
46472  -49.744  -33.272  15.091 0.0000000000
49304  -47.093  -30.924  21.895 0.0000000000
48392  -45.828  -31.318  19.572 0.0000000000
49302  -45.544  -30.186  21.113 0.0000000000
50244  -44.409  -29.396  19.813 0.0000000000
50224  -45.695  -28.964  22.112 0.0000000000
38413  -45.227  -42.961  37.155 0.0000000000
39379  -44.438  -42.069  36.487 0.0000000000
38443  -45.300  -42.287  35.204 0.0000000000
37487  -44.783  -43.334  30.963 0.0000000000
38487  -44.616  -42.645  31.605 0.0000000000
38507  -43.742  -42.561  30.236 0.0000000000
39496  -42.767  -42.140  29.520 0.0000000000
39510  -42.637  -42.102  29.117 0.0000000000
42430  -47.109  -37.515  29.284 0.0000000000
41466  -47.000  -38.771  30.153 0.0000000000
41500  -45.195  -37.855  29.061 0.0000000000
42504  -41.044  -37.230  25.848 0.0000000000
42463  -42.057  -38.175  27.306 0.0000000000
42482  -40.765  -38.000  26.015 0.0000000000
41525  -40.861  -38.887  26.360 0.0000000000
47359  -40.792  -32.595  21.164 0.0000000000
41406  -46.733  -38.779  34.860 0.0000000000
43286  -52.838  -36.442  34.349 0.0000000000
47252  -53.378  -32.716  27.813 0.0000000000
49220  -55.887  -30.536  27.067 0.0000000000
49257  -58.107  -30.994  26.016 0.0000000000
48319  -56.346  -32.170  24.970 0.0000000000
50199  -57.442  -29.754  25.882 0.0000000000
126493  -54.120  -27.028  27.539 0.0000000000
51157  -54.203  -28.776  25.937 0.0000000000
51138  -52.709  -28.293  26.325 0.0000000000
50193  -50.651  -29.282  25.440 0.0000000000
52161  -51.343  -27.329  26.724 0.0000000000
54307  -49.715  -25.283  24.383 0.0000000000
112501  -49.083  -26.529  25.172 0.0000000000
54326  -48.752  -25.626  23.689 0.0000000000
53226  -47.434  -26.277  22.965 0.0000000000
54339  -48.010  -25.475  22.543 0.0000000000
112184  -52.528  -22.676  21.411 0.0000000000
57553  -49.944  -22.470  19.160 0.0000000000
57534  -50.416  -22.976  20.296 0.0000000000
56583  -48.532  -23.214  19.632 0.0000000000
56582  -47.629  -23.634  19.598 0.0000000000
56594  -47.519  -23.055  18.361 0.0000000000
56603  -46.527  -23.339  17.602 0.0000000000
57561  -47.672  -22.661  17.730 0.0000000000
59348  -49.506  -20.474  15.667 0.0000000000
59346  -47.923  -20.943  15.164 0.0000000000
59356  -48.298  -20.358  14.746 0.0000000000
61202  -57.845  -18.780  16.379 0.0000000000
61199  -55.208  -18.833  15.923 0.0000000000
61224  -55.686  -18.350  15.541 0.0000000000
114711  -28.488  -43.264  30.953 0.0000000000
35348  -27.114  -44.137  30.547 0.0000000000
113173  -27.307  -43.184  28.755 0.0000000000
36439  -26.170  -43.371  27.019 0.0000000000
37505  -27.495  -42.459  27.466 0.0000000000
38470  -31.993  -41.259  32.849 0.0000000000
128578  -30.923  -41.898  32.173 0.0000000000
39475  -30.690  -40.801  30.352 0.0000000000
123838  -29.384  -40.201  26.313 0.0000000000
36492  -31.659  -43.222  22.576 0.0000000000
131023  -41.899  -39.109  33.804 0.0000000000
116254  -40.588  -39.574  34.556 0.0000000000
41430  -40.437  -38.569  32.562 0.0000000000
41511  -38.576  -38.586  27.601 0.0000000000
41496  -38.029  -38.120  28.796 0.0000000000
128659  -37.665  -38.032  27.995 0.0000000000
42462  -36.236  -37.594  27.234 0.0000000000
42500  -36.567  -37.771  25.522 0.0000000000
37541  -35.420  -42.164  22.937 0.0000000000
46360  -48.472  -33.575  23.529 0.0000000000
45338  -48.930  -34.533  23.053 0.0000000000
45325  -50.056  -34.424  24.013 0.0000000000
45327  -51.611  -35.040  24.631 0.0000000000
44330  -53.493  -35.367  25.110 0.0000000000
45220  -50.614  -34.347  31.697 0.0000000000
45234  -49.505  -34.379  30.690 0.0000000000
46217  -49.896  -33.869  30.189 0.0000000000
47231  -48.700  -33.230  28.336 0.0000000000
47264  -47.664  -32.642  26.608 0.0000000000
47280  -47.008  -32.446  25.456 0.0000000000
47281  -47.716  -32.379  25.409 0.0000000000
47300  -49.009  -32.754  25.074 0.0000000000
54439  -44.504  -25.073  14.155 0.0000000000
36336  -37.358  -43.836  38.222 0.0000000000
37393  -36.394  -43.105  37.114 0.0000000000
37394  -37.859  -42.525  36.856 0.0000000000
38408  -38.128  -41.825  36.184 0.0000000000
121749  -38.373  -40.491  34.724 0.0000000000
44419  -50.472  -34.614  17.767 0.0000000000
45396  -49.732  -34.499  17.229 0.0000000000
46440  -50.666  -34.167  17.327 0.0000000000
46428  -50.519  -33.917  17.511 0.0000000000
46438  -49.427  -33.682  17.589 0.0000000000
47402  -47.915  -32.933  18.128 0.0000000000
47381  -47.778  -32.767  20.153 0.0000000000
48366  -47.523  -31.651  21.539 0.0000000000
49294  -47.421  -30.519  22.568 0.0000000000
38430  -46.987  -43.152  35.729 0.0000000000
37421  -46.583  -43.131  34.349 0.0000000000
36382  -47.840  -44.053  33.418 0.0000000000
37473  -46.820  -43.461  32.253 0.0000000000
39462  -46.015  -41.831  31.250 0.0000000000
43392  -44.413  -36.315  27.251 0.0000000000
42466  -44.409  -36.974  27.891 0.0000000000
43390  -43.121  -36.154  26.307 0.0000000000
43395  -41.484  -36.441  25.520 0.0000000000
43401  -40.197  -36.522  24.411 0.0000000000
42526  -39.412  -37.609  23.330 0.0000000000
43410  -39.451  -36.824  23.146 0.0000000000
48391  -41.938  -31.569  19.857 0.0000000000
47397  -39.735  -32.533  17.914 0.0000000000
130401  -53.295  -24.529  26.648 0.0000000000
54264  -51.684  -25.708  26.606 0.0000000000
54290  -51.320  -25.213  25.933 0.0000000000
55439  -51.022  -24.406  24.760 0.0000000000
132217  -50.579  -24.107  23.533 0.0000000000
57527  -54.308  -22.214  21.125 0.0000000000
112325  -52.463  -22.710  20.484 0.0000000000
57546  -53.066  -22.517  20.191 0.0000000000
58429  -51.695  -22.027  19.019 0.0000000000
58428  -50.644  -21.866  18.440 0.0000000000
58442  -48.801  -21.905  17.322 0.0000000000
59318  -51.135  -20.957  17.252 0.0000000000
59335  -50.730  -20.605  16.549 0.0000000000
117546  -50.739  -19.624  15.352 0.0000000000
63016  -57.629  -16.860  15.230 0.0000000000
62142  -55.751  -17.249  14.756 0.0000000000
63035  -56.353  -16.463  14.487 0.0000000000
34326  -28.234  -45.147  36.078 0.0000000000
34365  -27.571  -44.843  33.617 0.0000000000
35305  -28.536  -44.405  34.601 0.0000000000
36379  -28.864  -43.697  33.131 0.0000000000
37468  -29.284  -42.746  31.179 0.0000000000
41473  -31.820  -38.796  29.885 0.0000000000
40456  -30.837  -39.624  29.223 0.0000000000
41493  -30.788  -38.618  27.816 0.0000000000
129781  -30.440  -38.762  25.134 0.0000000000
39544  -30.862  -40.434  23.112 0.0000000000
37556  -31.947  -41.779  22.859 0.0000000000
38561  -32.258  -41.063  23.459 0.0000000000
41464  -41.451  -39.624  29.946 0.0000000000
41463  -40.726  -38.617  30.073 0.0000000000
41498  -39.981  -39.034  28.563 0.0000000000
41512  -39.463  -39.472  27.775 0.0000000000
41536  -37.958  -39.634  25.306 0.0000000000
131188  -43.562  -33.464  18.486 0.0000000000
130341  -43.256  -33.425  16.783 0.0000000000
45384  -44.889  -34.363  19.053 0.0000000000
45386  -46.313  -35.049  19.729 0.0000000000
118051  -48.433  -35.509  19.877 0.0000000000
44364  -49.056  -35.649  21.880 0.0000000000
44379  -48.723  -35.745  21.092 0.0000000000
44409  -49.340  -35.249  18.866 0.0000000000
44411  -52.294  -34.575  18.981 0.0000000000
46419  -52.865  -34.202  19.946 0.0000000000
46362  -52.691  -33.631  22.642 0.0000000000
40417  -52.159  -39.924  32.678 0.0000000000
40436  -51.054  -40.714  31.439 0.0000000000
41448  -50.102  -38.649  31.224 0.0000000000
42418  -48.728  -37.768  30.330 0.0000000000
43373  -47.204  -36.726  28.889 0.0000000000
44282  -48.267  -35.594  29.922 0.0000000000
44294  -47.158  -35.917  28.593 0.0000000000
44307  -46.501  -36.046  28.127 0.0000000000
44329  -44.211  -35.207  26.040 0.0000000000
45307  -43.540  -34.691  25.150 0.0000000000
45337  -42.256  -34.128  23.670 0.0000000000
46377  -40.797  -33.792  22.246 0.0000000000
128895  -42.500  -33.544  23.310 0.0000000000
47339  -41.952  -32.654  22.104 0.0000000000
47361  -42.546  -32.056  21.561 0.0000000000
47321  -45.308  -32.326  23.578 0.0000000000
47342  -44.372  -32.240  22.333 0.0000000000
117270  -42.853  -31.756  20.887 0.0000000000
47378  -43.438  -32.061  20.469 0.0000000000
46435  -43.114  -32.768  18.831 0.0000000000
59324  -57.084  -20.215  17.924 0.0000000000
59326  -59.389  -20.341  18.358 0.0000000000
60268  -59.581  -19.395  17.371 0.0000000000
127936  -59.289  -18.174  16.438 0.0000000000
62126  -59.614  -17.377  16.230 0.0000000000
63874  -58.869  -15.973  15.239 0.0000000000
37365  -32.098  -42.905  37.858 0.0000000000
37404  -31.698  -42.606  35.480 0.0000000000
37390  -32.996  -42.814  36.384 0.0000000000
131629  -32.781  -42.314  35.100 0.0000000000
38454  -33.094  -40.845  33.524 0.0000000000
38424  -35.977  -41.769  35.513 0.0000000000
39405  -34.385  -40.854  34.201 0.0000000000
40409  -32.938  -39.806  32.235 0.0000000000
41440  -32.954  -38.783  30.879 0.0000000000
42425  -33.030  -37.805  28.919 0.0000000000
42478  -33.404  -37.453  26.276 0.0000000000
47416  -43.773  -33.117  16.296 0.0000000000
47429  -44.445  -32.651  15.755 0.0000000000
45412  -48.760  -34.360  16.397 0.0000000000
51215  -43.954  -28.755  19.247 0.0000000000
53262  -44.267  -26.940  19.612 0.0000000000
38398  -42.857  -42.271  38.022 0.0000000000
39371  -42.024  -41.123  37.154 0.0000000000
39377  -42.501  -40.664  36.505 0.0000000000
40362  -43.226  -40.035  34.801 0.0000000000
40397  -43.291  -39.704  33.687 0.0000000000
38455  -45.290  -41.680  34.008 0.0000000000
39446  -43.924  -40.626  31.989 0.0000000000
40431  -42.730  -39.791  31.219 0.0000000000
40459  -41.942  -41.349  29.736 0.0000000000
39507  -41.104  -42.672  27.651 0.0000000000
38539  -40.771  -42.964  25.876 0.0000000000
126651  -48.994  -40.422  31.035 0.0000000000
40433  -47.037  -40.040  31.030 0.0000000000
40446  -44.612  -40.607  30.092 0.0000000000
42445  -44.026  -37.746  28.452 0.0000000000
41499  -43.825  -38.599  28.920 0.0000000000
119631  -43.176  -39.901  28.766 0.0000000000
39517  -42.081  -41.521  27.945 0.0000000000
39524  -41.151  -42.331  26.435 0.0000000000
45374  -39.181  -34.326  20.881 0.0000000000
46240  -53.613  -34.198  29.650 0.0000000000
46241  -53.835  -34.177  29.306 0.0000000000
35270  -28.907  -44.476  37.859 0.0000000000
37364  -31.594  -43.030  38.670 0.0000000000
36300  -33.155  -43.666  39.804 0.0000000000
36302  -34.863  -43.949  39.695 0.0000000000
36305  -38.050  -43.659  39.593 0.0000000000
36307  -39.809  -43.746  39.903 0.0000000000
37352  -41.576  -43.755  40.003 0.0000000000
37369  -43.150  -43.333  39.285 0.0000000000
37370  -43.813  -43.213  39.017 0.0000000000
38400  -45.092  -42.754  37.598 0.0000000000
132962  -46.063  -42.957  37.268 0.0000000000
40329  -45.604  -40.112  37.769 0.0000000000
39381  -46.562  -41.951  36.701 0.0000000000
39415  -47.290  -41.013  34.978 0.0000000000
40398  -47.812  -40.568  34.178 0.0000000000
40399  -48.985  -39.524  33.643 0.0000000000
41421  -51.122  -38.868  33.598 0.0000000000
117111  -52.271  -38.364  33.288 0.0000000000
43306  -53.193  -37.083  33.950 0.0000000000
114088  -53.149  -33.364  31.124 0.0000000000
126621  -54.080  -34.416  28.597 0.0000000000
45278  -54.699  -34.785  27.366 0.0000000000
45313  -55.291  -34.963  25.676 0.0000000000
48280  -54.197  -30.768  27.135 0.0000000000
47269  -56.953  -32.970  26.307 0.0000000000
45344  -55.550  -34.296  24.228 0.0000000000
46341  -54.950  -33.646  23.888 0.0000000000
46340  -53.914  -33.479  23.744 0.0000000000
47301  -52.138  -32.355  24.221 0.0000000000
127114  -55.096  -28.878  25.956 0.0000000000
49253  -53.899  -30.182  25.393 0.0000000000
48315  -51.700  -31.478  24.555 0.0000000000
49270  -50.517  -30.539  24.647 0.0000000000
49268  -48.938  -30.035  24.191 0.0000000000
50219  -48.167  -29.652  23.875 0.0000000000
52160  -49.983  -27.092  26.186 0.0000000000
52184  -48.428  -27.642  24.797 0.0000000000
51180  -47.154  -28.368  23.619 0.0000000000
52204  -46.187  -27.700  22.706 0.0000000000
53243  -45.480  -27.100  21.666 0.0000000000
134376  -45.382  -25.758  20.178 0.0000000000
56554  -50.934  -23.578  23.009 0.0000000000
56553  -50.000  -24.233  22.428 0.0000000000
117794  -51.081  -23.031  20.651 0.0000000000
130301  -50.195  -23.678  21.295 0.0000000000
117884  -48.902  -24.339  21.458 0.0000000000
55477  -48.037  -24.584  21.206 0.0000000000
116426  -46.260  -24.723  19.823 0.0000000000
54390  -44.987  -25.169  18.873 0.0000000000
55515  -44.521  -24.724  17.194 0.0000000000
56612  -44.670  -23.945  15.863 0.0000000000
56621  -44.753  -23.262  14.352 0.0000000000
58454  -47.762  -21.863  16.236 0.0000000000
58462  -46.715  -21.750  15.125 0.0000000000
131878  -45.117  -22.680  13.495 0.0000000000
60241  -55.052  -19.697  17.031 0.0000000000
60285  -53.226  -19.191  15.804 0.0000000000
133502  -51.685  -18.934  14.969 0.0000000000
62140  -53.957  -17.456  14.383 0.0000000000
61253  -51.334  -18.018  13.959 0.0000000000
61251  -49.390  -18.416  13.482 0.0000000000
35327  -27.149  -44.708  32.133 0.0000000000
37433  -30.566  -42.672  33.418 0.0000000000
37486  -29.979  -42.288  31.338 0.0000000000
122654  -29.145  -42.204  29.716 0.0000000000
39506  -30.179  -40.291  28.826 0.0000000000
38529  -29.131  -41.406  28.145 0.0000000000
38527  -28.022  -41.907  27.161 0.0000000000
37513  -27.287  -42.175  25.699 0.0000000000
39391  -40.069  -40.664  35.849 0.0000000000
39410  -38.978  -40.213  34.572 0.0000000000
40392  -38.142  -39.716  33.290 0.0000000000
112779  -39.351  -38.350  31.092 0.0000000000
130944  -38.385  -38.556  31.018 0.0000000000
41443  -37.090  -38.861  31.145 0.0000000000
42428  -35.714  -37.981  29.053 0.0000000000
112814  -34.854  -37.444  27.084 0.0000000000
42515  -34.404  -37.962  24.455 0.0000000000
39549  -38.189  -41.587  23.550 0.0000000000
39561  -36.952  -40.496  22.834 0.0000000000
40523  -36.230  -39.755  22.720 0.0000000000
40522  -35.743  -39.353  22.876 0.0000000000
40516  -35.202  -39.414  23.287 0.0000000000
39537  -34.101  -39.529  24.579 0.0000000000
46301  -51.969  -34.052  27.022 0.0000000000
46258  -52.120  -34.215  29.114 0.0000000000
121560  -51.209  -33.531  27.389 0.0000000000
52234  -43.544  -27.463  18.230 0.0000000000
126397  -43.699  -27.685  17.082 0.0000000000
121135  -43.514  -26.903  17.815 0.0000000000
53280  -43.571  -26.439  16.267 0.0000000000
54388  -43.721  -26.267  17.699 0.0000000000
37367  -40.658  -43.026  39.016 0.0000000000
114025  -40.004  -42.443  38.206 0.0000000000
47414  -41.998  -33.187  16.253 0.0000000000
46385  -51.502  -33.637  21.634 0.0000000000
46384  -50.387  -33.374  21.680 0.0000000000
47348  -50.617  -32.996  22.531 0.0000000000
47347  -49.746  -32.627  22.376 0.0000000000
37440  -50.740  -42.711  32.827 0.0000000000
38474  -51.233  -41.986  32.359 0.0000000000
45335  -40.727  -34.794  23.165 0.0000000000
44346  -41.108  -35.103  23.785 0.0000000000
46446  -42.387  -33.290  17.610 0.0000000000
46445  -41.820  -33.351  17.101 0.0000000000
112763  -41.242  -33.044  15.866 0.0000000000
58433  -55.765  -21.287  19.127 0.0000000000
58432  -54.859  -21.274  18.925 0.0000000000
59304  -54.334  -20.799  18.207 0.0000000000
59305  -55.349  -20.639  18.216 0.0000000000
36332  -30.389  -42.986  37.294 0.0000000000
117955  -30.085  -43.224  35.962 0.0000000000
36345  -30.524  -42.951  36.410 0.0000000000
42496  -32.229  -37.828  25.654 0.0000000000
42513  -32.704  -38.093  25.057 0.0000000000
40507  -33.007  -38.902  24.669 0.0000000000
41548  -33.072  -38.339  24.791 0.0000000000
38530  -40.393  -42.962  25.661 0.0000000000
39522  -39.693  -42.838  25.106 0.0000000000
46401  -47.122  -34.188  21.818 0.0000000000
120571  -52.408  -35.561  23.015 0.0000000000
44368  -53.338  -35.227  22.118 0.0000000000
44369  -53.907  -34.890  22.392 0.0000000000
44226  -50.403  -35.798  32.381 0.0000000000
43321  -50.382  -36.564  32.353 0.0000000000
46299  -47.246  -33.058  26.887 0.0000000000
46275  -46.822  -33.925  27.223 0.0000000000
46298  -46.604  -33.290  26.482 0.0000000000
46297  -45.898  -33.552  26.063 0.0000000000
46318  -45.534  -32.987  25.283 0.0000000000
46317  -44.947  -32.882  24.659 0.0000000000
46359  -47.644  -33.141  23.364 0.0000000000
46381  -46.616  -33.293  22.307 0.0000000000
36335  -35.522  -44.085  38.403 0.0000000000
36347  -35.597  -43.489  37.445 0.0000000000
39424  -36.724  -40.228  33.796 0.0000000000
40390  -36.318  -39.825  33.169 0.0000000000
123659  -35.990  -39.175  31.817 0.0000000000
119650  -36.747  -39.481  32.353 0.0000000000
45404  -46.503  -34.328  17.586 0.0000000000
45395  -48.271  -34.739  17.723 0.0000000000
46451  -49.674  -33.537  16.566 0.0000000000
49293  -46.644  -30.144  22.237 0.0000000000
49303  -46.307  -30.544  21.532 0.0000000000
50235  -45.924  -29.762  21.851 0.0000000000
50225  -46.337  -29.375  22.494 0.0000000000
115514  -45.848  -43.126  37.133 0.0000000000
38428  -45.486  -42.964  36.438 0.0000000000
38429  -46.046  -43.253  35.898 0.0000000000
38509  -44.702  -42.858  30.645 0.0000000000
37470  -44.438  -42.951  30.698 0.0000000000
38519  -43.582  -42.429  29.882 0.0000000000
39497  -43.244  -42.142  29.541 0.0000000000
42447  -46.535  -37.070  28.730 0.0000000000
42429  -46.124  -37.707  29.170 0.0000000000
112087  -45.716  -37.238  28.612 0.0000000000
42483  -41.453  -37.855  26.562 0.0000000000
42502  -39.655  -37.984  24.702 0.0000000000
48379  -41.217  -31.866  20.621 0.0000000000
47387  -40.097  -31.904  19.811 0.0000000000
49256  -57.833  -30.710  25.854 0.0000000000
53166  -53.563  -26.221  27.606 0.0000000000
52146  -53.247  -27.123  27.357 0.0000000000
52162  -53.065  -27.744  26.783 0.0000000000
130609  -52.568  -27.257  27.150 0.0000000000
51137  -51.677  -28.146  26.354 0.0000000000
52145  -51.928  -26.968  27.138 0.0000000000
114400  -49.695  -24.909  23.738 0.0000000000
114300  -49.284  -25.329  23.894 0.0000000000
117204  -48.604  -25.390  23.073 0.0000000000
54340  -48.825  -24.946  22.615 0.0000000000
57518  -52.788  -21.195  22.589 0.0000000000
58427  -49.764  -22.187  18.502 0.0000000000
57552  -48.961  -22.615  18.934 0.0000000000
56595  -48.003  -23.051  18.967 0.0000000000
121859  -48.214  -22.628  18.296 0.0000000000
57562  -48.306  -22.335  17.675 0.0000000000
60282  -49.905  -19.846  15.231 0.0000000000
59357  -49.096  -20.092  15.018 0.0000000000
123489  -48.617  -19.711  14.349 0.0000000000
61226  -57.415  -18.243  15.844 0.0000000000
61201  -56.929  -18.764  16.168 0.0000000000
61225  -56.546  -18.284  15.658 0.0000000000
34338  -27.351  -45.656  35.086 0.0000000000
36409  -28.304  -43.051  30.151 0.0000000000
36418  -27.734  -43.233  29.577 0.0000000000
37498  -27.945  -42.793  28.990 0.0000000000
113488  -27.692  -42.644  28.314 0.0000000000
39442  -31.827  -40.912  32.269 0.0000000000
39476  -31.304  -40.304  30.768 0.0000000000
37554  -30.751  -42.577  22.334 0.0000000000
41418  -41.628  -38.856  33.193 0.0000000000
41431  -41.294  -38.621  32.499 0.0000000000
41523  -37.882  -38.691  26.114 0.0000000000
41510  -37.728  -38.137  27.032 0.0000000000
42501  -37.209  -37.958  26.215 0.0000000000
42481  -36.941  -37.747  26.928 0.0000000000
41535  -36.562  -38.049  24.794 0.0000000000
46338  -49.562  -33.532  24.498 0.0000000000
46361  -49.296  -34.010  23.705 0.0000000000
46339  -50.385  -33.826  24.766 0.0000000000
45294  -52.423  -34.575  26.349 0.0000000000
45309  -51.195  -34.188  25.102 0.0000000000
45310  -52.011  -34.686  25.442 0.0000000000
45328  -52.525  -35.312  24.846 0.0000000000
45311  -52.945  -35.121  25.772 0.0000000000
46201  -51.268  -33.973  31.302 0.0000000000
45235  -50.331  -34.106  30.905 0.0000000000
47233  -49.949  -33.112  28.076 0.0000000000
46256  -49.541  -33.373  28.812 0.0000000000
47232  -49.196  -32.949  28.044 0.0000000000
47249  -48.591  -32.777  27.510 0.0000000000
115699  -48.215  -32.557  26.766 0.0000000000
118144  -47.793  -32.410  26.079 0.0000000000
47265  -48.599  -32.430  26.347 0.0000000000
47284  -50.072  -32.777  26.211 0.0000000000
46337  -48.744  -33.186  24.297 0.0000000000
131354  -45.589  -27.807  16.215 0.0000000000
54403  -43.689  -25.848  15.516 0.0000000000
53314  -44.159  -25.470  14.784 0.0000000000
36337  -38.236  -43.557  38.376 0.0000000000
120276  -37.778  -43.238  37.606 0.0000000000
116620  -38.464  -42.784  37.501 0.0000000000
38409  -39.429  -41.498  36.538 0.0000000000
37395  -38.626  -42.082  36.724 0.0000000000
38426  -38.431  -41.281  35.649 0.0000000000
39389  -38.074  -40.897  35.167 0.0000000000
39390  -38.696  -40.718  35.195 0.0000000000
45387  -51.576  -33.941  17.892 0.0000000000
45398  -50.943  -34.115  17.492 0.0000000000
124372  -50.317  -33.752  18.535 0.0000000000
46415  -48.844  -33.535  19.146 0.0000000000
47393  -47.753  -33.060  19.052 0.0000000000
47382  -48.507  -33.063  20.513 0.0000000000
48351  -48.560  -31.596  22.551 0.0000000000
48367  -48.232  -31.970  21.859 0.0000000000
48350  -47.822  -31.293  22.246 0.0000000000
49295  -48.178  -30.864  22.893 0.0000000000
38445  -47.451  -43.293  34.845 0.0000000000
37422  -47.231  -43.290  35.080 0.0000000000
37423  -48.053  -43.778  34.032 0.0000000000
37475  -48.956  -43.669  32.489 0.0000000000
37474  -47.992  -43.653  32.458 0.0000000000
38489  -46.242  -42.806  31.559 0.0000000000
39463  -46.929  -41.225  31.447 0.0000000000
44318  -43.739  -35.672  26.212 0.0000000000
43391  -43.767  -36.221  26.738 0.0000000000
44317  -43.178  -35.690  25.861 0.0000000000
44337  -40.620  -35.796  24.121 0.0000000000
43402  -41.063  -36.096  24.812 0.0000000000
47388  -41.666  -31.826  19.081 0.0000000000
48397  -40.819  -31.814  18.852 0.0000000000
47398  -40.526  -32.406  18.101 0.0000000000
55407  -53.449  -23.736  26.165 0.0000000000
55406  -52.403  -24.677  26.193 0.0000000000
130886  -51.782  -23.608  24.802 0.0000000000
55438  -50.325  -24.566  24.065 0.0000000000
56546  -51.275  -23.650  24.048 0.0000000000
58402  -56.097  -21.900  21.074 0.0000000000
58390  -55.295  -20.669  21.842 0.0000000000
58401  -54.969  -22.075  21.090 0.0000000000
57537  -53.807  -22.430  20.761 0.0000000000
57538  -54.410  -22.272  20.596 0.0000000000
58431  -53.069  -21.548  18.749 0.0000000000
58414  -52.660  -22.026  19.314 0.0000000000
58430  -52.289  -21.626  18.609 0.0000000000
58445  -51.571  -21.424  18.036 0.0000000000
58444  -50.687  -21.436  17.686 0.0000000000
59336  -51.567  -20.423  16.686 0.0000000000
125048  -52.363  -20.252  16.766 0.0000000000
59350  -51.166  -20.014  16.009 0.0000000000
60260  -51.973  -19.796  16.163 0.0000000000
63036  -57.367  -16.081  14.622 0.0000000000
35281  -28.709  -44.557  36.378 0.0000000000
35293  -28.582  -44.584  35.553 0.0000000000
35294  -28.995  -44.177  35.924 0.0000000000
129336  -29.699  -43.424  34.267 0.0000000000
36380  -29.417  -43.469  33.577 0.0000000000
36396  -29.276  -43.323  32.694 0.0000000000
36405  -28.963  -43.249  31.854 0.0000000000
37469  -29.737  -42.783  32.132 0.0000000000
41494  -31.691  -38.341  28.925 0.0000000000
40457  -31.356  -38.958  29.300 0.0000000000
130606  -31.336  -38.258  28.158 0.0000000000
41546  -31.084  -38.561  24.978 0.0000000000
41533  -30.675  -38.380  25.680 0.0000000000
40504  -30.548  -39.131  24.527 0.0000000000
40513  -31.478  -39.866  23.650 0.0000000000
132665  -31.461  -40.431  23.214 0.0000000000
40514  -31.963  -40.401  23.446 0.0000000000
38550  -33.296  -40.285  25.157 0.0000000000
38544  -33.169  -41.165  25.609 0.0000000000
131036  -40.953  -39.539  29.495 0.0000000000
40475  -40.671  -40.476  28.804 0.0000000000
40491  -38.904  -41.713  25.365 0.0000000000
129674  -39.062  -40.240  26.611 0.0000000000
41524  -38.419  -39.872  25.942 0.0000000000
46436  -44.204  -33.904  18.577 0.0000000000
46427  -45.170  -34.142  19.832 0.0000000000
45376  -46.498  -34.932  20.462 0.0000000000
45385  -45.618  -34.665  19.433 0.0000000000
44393  -47.038  -35.407  19.994 0.0000000000
44394  -47.713  -35.539  20.363 0.0000000000
45339  -49.721  -34.925  23.311 0.0000000000
45357  -48.582  -34.973  22.368 0.0000000000
45358  -49.377  -35.308  22.620 0.0000000000
44380  -49.839  -35.738  21.030 0.0000000000
44395  -49.174  -35.486  19.987 0.0000000000
44396  -50.222  -35.392  19.780 0.0000000000
44410  -50.470  -35.090  18.560 0.0000000000
44397  -51.259  -35.280  19.821 0.0000000000
46407  -53.722  -34.352  21.095 0.0000000000
45379  -53.134  -34.395  20.242 0.0000000000
46406  -53.385  -34.204  20.604 0.0000000000
46386  -52.817  -33.806  21.435 0.0000000000
41433  -51.978  -39.223  32.504 0.0000000000
41449  -51.162  -39.173  31.754 0.0000000000
128315  -51.032  -38.259  32.146 0.0000000000
43353  -48.910  -37.041  31.054 0.0000000000
42419  -49.329  -37.933  30.879 0.0000000000
125097  -48.497  -37.038  30.242 0.0000000000
42432  -48.212  -37.430  29.814 0.0000000000
43362  -48.160  -36.592  29.806 0.0000000000
45249  -49.044  -34.067  30.008 0.0000000000
45233  -48.812  -34.834  30.408 0.0000000000
45248  -48.383  -34.608  29.601 0.0000000000
45275  -46.788  -34.827  27.765 0.0000000000
44308  -46.794  -35.482  28.116 0.0000000000
117996  -46.290  -35.494  27.694 0.0000000000
44306  -45.714  -35.507  27.349 0.0000000000
44320  -45.319  -35.214  26.825 0.0000000000
45324  -44.026  -34.114  24.935 0.0000000000
45308  -44.299  -34.580  25.543 0.0000000000
45322  -42.662  -34.415  24.264 0.0000000000
46356  -41.858  -33.792  23.124 0.0000000000
46335  -43.074  -33.667  23.788 0.0000000000
46357  -43.069  -32.960  23.154 0.0000000000
47319  -42.987  -32.580  22.606 0.0000000000
47340  -42.608  -32.466  22.244 0.0000000000
47341  -43.188  -32.223  22.112 0.0000000000
47297  -46.553  -32.404  24.643 0.0000000000
47296  -45.617  -32.484  24.463 0.0000000000
47322  -46.199  -32.354  23.840 0.0000000000
47343  -45.129  -32.336  22.643 0.0000000000
47362  -43.452  -31.968  21.374 0.0000000000
47377  -42.707  -31.754  20.179 0.0000000000
47379  -44.050  -32.306  20.752 0.0000000000
47391  -44.033  -32.696  19.982 0.0000000000
46425  -43.782  -33.187  19.146 0.0000000000
60224  -60.221  -19.990  18.155 0.0000000000
60246  -60.887  -19.577  17.938 0.0000000000
62108  -58.909  -18.837  16.657 0.0000000000
61203  -60.221  -18.774  17.192 0.0000000000
62109  -60.824  -17.495  16.834 0.0000000000
63002  -60.397  -16.854  16.357 0.0000000000
63018  -59.609  -16.490  15.789 0.0000000000
63019  -60.603  -16.128  16.139 0.0000000000
36318  -33.077  -43.348  37.919 0.0000000000
37378  -32.609  -42.943  37.075 0.0000000000
37379  -33.421  -43.200  37.189 0.0000000000
37407  -34.466  -42.423  35.901 0.0000000000
37406  -33.450  -42.426  35.627 0.0000000000
37420  -33.328  -41.860  34.770 0.0000000000
38437  -32.827  -41.526  34.083 0.0000000000
38438  -33.595  -41.162  34.144 0.0000000000
37409  -36.413  -42.371  36.255 0.0000000000
39422  -34.828  -40.248  33.608 0.0000000000
39406  -35.234  -40.710  34.305 0.0000000000
39445  -34.150  -39.905  33.049 0.0000000000
39444  -33.365  -40.159  32.956 0.0000000000
40410  -33.713  -39.612  32.411 0.0000000000
40424  -33.370  -39.262  31.670 0.0000000000
41457  -34.485  -38.533  30.484 0.0000000000
41476  -34.226  -38.216  29.781 0.0000000000
42426  -33.978  -37.879  29.039 0.0000000000
42440  -33.618  -37.612  28.216 0.0000000000
42441  -34.548  -37.691  28.385 0.0000000000
46458  -43.927  -33.616  17.093 0.0000000000
46459  -44.921  -33.592  17.026 0.0000000000
46460  -45.878  -33.627  16.744 0.0000000000
47430  -45.332  -32.834  15.856 0.0000000000
45406  -49.644  -34.302  16.474 0.0000000000
46462  -48.794  -34.129  15.887 0.0000000000
47432  -49.049  -33.245  14.861 0.0000000000
47380  -47.066  -32.302  19.849 0.0000000000
116669  -46.479  -31.913  19.521 0.0000000000
49318  -45.334  -30.512  20.171 0.0000000000
49327  -44.500  -29.991  19.228 0.0000000000
50233  -44.664  -29.012  20.780 0.0000000000
51204  -44.290  -28.511  20.121 0.0000000000
52228  -43.965  -27.935  19.514 0.0000000000
52217  -44.411  -27.629  20.330 0.0000000000
38411  -43.193  -41.701  37.327 0.0000000000
125475  -43.972  -40.635  34.921 0.0000000000
39395  -43.701  -40.822  35.672 0.0000000000
38456  -45.803  -42.524  33.606 0.0000000000
38471  -45.175  -41.978  32.766 0.0000000000
39460  -43.517  -41.914  30.944 0.0000000000
39447  -44.472  -41.182  32.431 0.0000000000
40432  -43.292  -40.238  31.579 0.0000000000
40445  -42.375  -40.778  30.355 0.0000000000
39508  -41.443  -42.470  27.931 0.0000000000
126071  -42.117  -42.252  28.956 0.0000000000
38524  -41.109  -42.836  27.059 0.0000000000
38540  -41.058  -42.912  26.508 0.0000000000
40435  -49.998  -40.064  30.926 0.0000000000
121549  -50.170  -40.945  31.201 0.0000000000
129247  -46.143  -38.842  30.113 0.0000000000
124350  -47.284  -39.319  30.510 0.0000000000
40447  -46.339  -39.582  30.547 0.0000000000
121486  -45.393  -40.578  30.550 0.0000000000
40462  -44.603  -39.501  29.749 0.0000000000
43384  -43.660  -36.822  27.370 0.0000000000
42465  -43.514  -37.499  27.940 0.0000000000
123455  -42.577  -38.413  27.890 0.0000000000
41515  -43.198  -38.431  28.361 0.0000000000
41514  -42.599  -39.638  28.258 0.0000000000
40476  -42.659  -41.084  28.490 0.0000000000
40493  -40.414  -40.101  25.772 0.0000000000
40494  -40.992  -40.379  26.538 0.0000000000
39523  -40.630  -41.981  25.643 0.0000000000
45366  -40.075  -34.213  21.880 0.0000000000
46395  -39.680  -33.855  21.225 0.0000000000
34302  -28.504  -45.215  38.190 0.0000000000
129507  -43.188  -43.239  39.576 0.0000000000
37354  -43.562  -43.188  39.297 0.0000000000
38401  -45.646  -42.633  37.462 0.0000000000
39366  -45.433  -41.241  38.000 0.0000000000
116927  -46.230  -39.259  36.607 0.0000000000
40346  -46.096  -40.457  37.091 0.0000000000
39397  -47.064  -42.298  35.927 0.0000000000
122717  -46.824  -40.807  35.772 0.0000000000
40380  -47.247  -39.630  34.413 0.0000000000
122988  -47.921  -39.500  33.830 0.0000000000
134949  -48.469  -40.281  33.792 0.0000000000
42387  -50.646  -38.069  33.908 0.0000000000
42388  -51.952  -38.097  33.722 0.0000000000
42367  -53.044  -37.150  34.108 0.0000000000
43287  -53.336  -36.560  34.023 0.0000000000
123088  -52.831  -36.695  33.643 0.0000000000
46220  -53.416  -33.781  30.274 0.0000000000
47224  -53.857  -33.622  29.444 0.0000000000
45262  -53.851  -34.575  28.799 0.0000000000
47236  -54.033  -33.776  28.836 0.0000000000
124253  -53.601  -32.529  27.294 0.0000000000
46281  -54.430  -34.552  27.771 0.0000000000
46303  -55.027  -34.490  27.000 0.0000000000
45297  -55.365  -34.743  26.548 0.0000000000
115529  -55.844  -34.284  26.354 0.0000000000
47270  -58.027  -32.371  25.965 0.0000000000
48292  -56.662  -31.728  26.566 0.0000000000
46324  -57.542  -33.438  26.020 0.0000000000
46323  -56.944  -33.940  25.880 0.0000000000
46343  -56.361  -34.032  25.019 0.0000000000
46365  -54.995  -34.140  23.654 0.0000000000
127188  -56.357  -33.418  24.755 0.0000000000
48318  -54.999  -31.991  24.799 0.0000000000
47303  -54.334  -32.769  24.394 0.0000000000
48317  -53.726  -31.817  24.785 0.0000000000
47302  -53.159  -32.586  24.350 0.0000000000
53167  -55.907  -26.372  28.136 0.0000000000
51141  -56.388  -28.342  26.598 0.0000000000
51140  -55.136  -28.327  26.399 0.0000000000
51156  -53.166  -28.786  25.927 0.0000000000
50196  -53.494  -29.391  25.621 0.0000000000
49252  -52.837  -30.138  25.386 0.0000000000
49272  -52.240  -30.879  25.101 0.0000000000
49271  -51.340  -30.726  24.884 0.0000000000
48314  -50.851  -31.267  24.346 0.0000000000
50211  -50.998  -30.012  25.207 0.0000000000
115837  -50.231  -28.539  25.676 0.0000000000
50210  -50.175  -29.840  24.968 0.0000000000
50209  -49.386  -29.583  24.727 0.0000000000
50208  -48.605  -29.225  24.475 0.0000000000
51170  -49.070  -28.836  25.028 0.0000000000
54263  -50.816  -25.974  26.377 0.0000000000
53173  -50.606  -26.818  26.511 0.0000000000
53182  -50.094  -26.315  26.029 0.0000000000
53194  -48.563  -26.805  24.765 0.0000000000
52174  -48.963  -27.289  25.328 0.0000000000
52183  -47.966  -27.170  24.296 0.0000000000
51168  -47.793  -27.995  24.296 0.0000000000
51179  -46.462  -28.325  22.999 0.0000000000
52194  -46.774  -27.630  23.240 0.0000000000
54338  -47.085  -25.910  22.197 0.0000000000
53244  -46.240  -26.354  21.798 0.0000000000
114080  -45.410  -26.124  20.635 0.0000000000
54354  -46.093  -25.791  21.017 0.0000000000
56555  -52.032  -22.101  23.137 0.0000000000
56562  -50.543  -23.788  22.015 0.0000000000
57535  -51.746  -22.917  20.607 0.0000000000
56572  -49.873  -23.391  20.606 0.0000000000
56560  -49.378  -23.860  21.023 0.0000000000
56561  -49.740  -24.115  21.700 0.0000000000
56571  -48.529  -24.058  20.762 0.0000000000
118236  -46.915  -23.841  19.210 0.0000000000
55488  -46.973  -24.209  19.807 0.0000000000
132257  -46.599  -24.244  19.451 0.0000000000
121596  -45.659  -24.758  19.196 0.0000000000
55506  -45.487  -24.502  18.497 0.0000000000
55505  -44.723  -24.915  18.060 0.0000000000
55516  -45.265  -24.243  17.681 0.0000000000
129634  -46.287  -23.149  16.839 0.0000000000
56613  -45.539  -23.429  16.352 0.0000000000
56619  -45.017  -23.360  15.386 0.0000000000
119064  -45.346  -22.854  15.059 0.0000000000
58456  -49.412  -21.426  16.830 0.0000000000
58455  -48.544  -21.650  16.569 0.0000000000
58469  -47.159  -21.193  14.789 0.0000000000
58468  -46.365  -21.443  14.333 0.0000000000
57584  -45.411  -22.487  14.425 0.0000000000
59323  -56.113  -20.189  17.704 0.0000000000
60242  -55.850  -19.644  17.094 0.0000000000
61198  -54.496  -18.876  15.827 0.0000000000
60286  -53.916  -19.197  16.050 0.0000000000
61222  -52.983  -18.708  15.246 0.0000000000
60284  -52.460  -19.270  15.632 0.0000000000
63033  -54.571  -16.748  14.097 0.0000000000
62141  -54.905  -17.370  14.573 0.0000000000
62138  -52.183  -17.822  14.146 0.0000000000
61252  -50.419  -18.287  13.813 0.0000000000
121602  -27.540  -44.597  32.840 0.0000000000
36417  -26.913  -43.729  29.284 0.0000000000
35357  -26.542  -44.360  29.852 0.0000000000
133528  -25.705  -43.894  27.179 0.0000000000
36447  -26.188  -43.134  26.082 0.0000000000
36453  -26.073  -43.328  25.248 0.0000000000
36463  -26.263  -43.223  24.468 0.0000000000
37418  -31.407  -42.567  34.686 0.0000000000
37434  -31.347  -42.368  33.805 0.0000000000
38484  -30.616  -41.810  31.530 0.0000000000
38468  -30.419  -42.292  32.110 0.0000000000
37485  -29.551  -42.245  30.504 0.0000000000
38518  -29.702  -41.719  29.852 0.0000000000
40472  -30.457  -39.435  28.311 0.0000000000
40471  -29.895  -40.136  27.964 0.0000000000
39520  -28.915  -40.804  26.149 0.0000000000
39521  -29.143  -40.766  26.931 0.0000000000
38535  -28.572  -41.340  26.816 0.0000000000
38528  -28.613  -41.653  27.704 0.0000000000
38534  -27.890  -41.725  26.252 0.0000000000
38542  -27.871  -41.705  25.319 0.0000000000
37540  -32.341  -41.928  23.537 0.0000000000
36477  -32.366  -42.991  23.465 0.0000000000
132165  -41.779  -40.434  36.442 0.0000000000
131839  -41.098  -40.672  36.640 0.0000000000
39392  -41.187  -40.160  35.963 0.0000000000
40394  -40.157  -39.241  33.767 0.0000000000
40376  -39.599  -39.673  34.209 0.0000000000
40393  -39.422  -39.404  33.604 0.0000000000
40375  -38.863  -39.732  33.818 0.0000000000
40414  -38.916  -39.355  33.152 0.0000000000
128347  -40.008  -38.328  29.806 0.0000000000
41462  -39.968  -38.233  30.429 0.0000000000
113196  -39.187  -38.234  30.155 0.0000000000
129126  -37.929  -38.296  29.719 0.0000000000
41461  -38.332  -38.354  30.159 0.0000000000
41460  -37.610  -38.581  30.516 0.0000000000
131444  -37.668  -38.829  31.306 0.0000000000
125917  -36.884  -38.629  30.510 0.0000000000
41459  -36.292  -38.456  30.143 0.0000000000
41478  -36.327  -38.147  29.330 0.0000000000
42499  -35.619  -37.504  25.595 0.0000000000
42461  -35.518  -37.553  27.548 0.0000000000
115195  -34.776  -37.391  26.151 0.0000000000
118770  -34.629  -37.571  25.171 0.0000000000
38581  -38.044  -42.114  22.980 0.0000000000
40518  -37.428  -40.441  23.409 0.0000000000
38563  -37.530  -41.421  22.868 0.0000000000
37558  -36.524  -42.439  22.308 0.0000000000
125753  -36.614  -41.060  22.540 0.0000000000
124446  -36.199  -41.657  22.371 0.0000000000
40517  -36.168  -39.160  22.933 0.0000000000
39559  -35.817  -40.114  22.633 0.0000000000
122822  -35.404  -43.009  23.363 0.0000000000
38562  -35.125  -40.242  23.411 0.0000000000
39547  -34.849  -39.690  23.728 0.0000000000
40515  -34.644  -39.141  23.818 0.0000000000
38551  -34.569  -40.188  24.739 0.0000000000
46321  -50.670  -33.419  25.643 0.0000000000
46302  -53.068  -34.834  27.354 0.0000000000
113948  -51.443  -33.960  29.846 0.0000000000
46238  -50.269  -33.685  29.593 0.0000000000
47266  -49.362  -32.544  26.673 0.0000000000
47251  -50.258  -32.929  27.204 0.0000000000
51243  -44.223  -28.235  17.023 0.0000000000
52250  -43.984  -27.444  16.459 0.0000000000
52266  -44.310  -26.977  15.704 0.0000000000
52265  -43.830  -26.515  15.709 0.0000000000
54400  -43.561  -25.770  16.158 0.0000000000
37366  -39.112  -42.995  38.213 0.0000000000
47428  -43.513  -32.478  15.559 0.0000000000
46417  -51.672  -33.794  19.102 0.0000000000
46430  -51.539  -33.823  18.147 0.0000000000
46403  -50.242  -33.624  20.720 0.0000000000
46402  -49.242  -33.362  20.775 0.0000000000
47366  -48.662  -32.673  21.404 0.0000000000
48352  -49.305  -31.889  22.838 0.0000000000
39430  -48.715  -41.644  33.905 0.0000000000
37438  -48.857  -44.039  33.547 0.0000000000
124457  -49.516  -43.963  33.216 0.0000000000
37458  -50.212  -43.426  32.879 0.0000000000
38491  -48.608  -42.682  31.995 0.0000000000
44338  -41.512  -35.402  24.442 0.0000000000
44344  -39.584  -36.046  22.963 0.0000000000
44362  -39.472  -35.779  22.247 0.0000000000
47400  -42.263  -32.623  18.445 0.0000000000
114847  -41.151  -32.983  17.496 0.0000000000
47413  -40.686  -33.244  16.238 0.0000000000
114503  -55.194  -22.075  20.561 0.0000000000
58416  -54.563  -21.894  19.670 0.0000000000
112010  -53.965  -21.423  18.861 0.0000000000
59321  -53.851  -20.431  17.532 0.0000000000
59338  -53.536  -20.041  16.943 0.0000000000
36359  -29.510  -43.660  35.845 0.0000000000
36360  -29.998  -43.286  35.348 0.0000000000
36381  -30.106  -43.108  33.855 0.0000000000
42458  -32.183  -37.562  27.261 0.0000000000
41509  -31.316  -37.939  27.320 0.0000000000
42476  -31.741  -37.714  26.422 0.0000000000
122335  -31.924  -38.325  25.145 0.0000000000
118720  -31.747  -38.789  24.702 0.0000000000
134947  -32.197  -39.851  23.994 0.0000000000
40506  -32.087  -39.276  24.403 0.0000000000
39527  -33.930  -40.222  25.306 0.0000000000
40492  -39.510  -42.168  25.992 0.0000000000
46413  -45.485  -33.882  20.476 0.0000000000
46414  -46.080  -34.085  20.924 0.0000000000
45367  -46.797  -34.628  21.167 0.0000000000
44347  -50.181  -35.559  22.870 0.0000000000
44348  -50.930  -35.711  22.983 0.0000000000
44366  -50.979  -35.669  22.138 0.0000000000
44382  -52.277  -35.404  21.056 0.0000000000
44398  -52.370  -35.029  19.922 0.0000000000
44383  -53.322  -35.129  21.136 0.0000000000
45359  -53.854  -34.384  22.017 0.0000000000
42399  -51.474  -37.451  32.703 0.0000000000
42398  -50.325  -37.296  32.159 0.0000000000
43342  -49.541  -36.729  31.787 0.0000000000
43341  -48.950  -36.091  31.311 0.0000000000
46255  -48.147  -33.696  28.477 0.0000000000
45261  -47.910  -34.383  28.831 0.0000000000
46254  -47.475  -34.069  28.019 0.0000000000
45292  -45.575  -34.443  26.441 0.0000000000
46336  -44.198  -33.351  24.399 0.0000000000
132847  -43.636  -33.480  24.089 0.0000000000
47323  -47.080  -32.454  24.003 0.0000000000
47364  -44.984  -32.559  21.671 0.0000000000
46399  -45.455  -33.320  21.085 0.0000000000
37380  -34.140  -43.314  37.245 0.0000000000
38442  -37.363  -41.033  35.097 0.0000000000
38441  -36.521  -41.159  34.998 0.0000000000
39423  -35.801  -40.235  33.775 0.0000000000
40388  -34.915  -39.707  32.930 0.0000000000
40425  -34.318  -39.210  31.875 0.0000000000
40426  -35.208  -39.139  31.768 0.0000000000
41458  -35.449  -38.591  30.526 0.0000000000
45393  -45.667  -34.542  18.486 0.0000000000
46449  -45.437  -34.090  17.577 0.0000000000
46463  -49.834  -33.632  15.631 0.0000000000
48365  -46.777  -31.315  21.177 0.0000000000
48380  -46.012  -30.959  20.696 0.0000000000
49317  -44.767  -30.099  19.778 0.0000000000
50245  -44.928  -29.778  20.562 0.0000000000
50234  -45.260  -29.399  21.364 0.0000000000
51201  -45.113  -28.653  21.500 0.0000000000
38412  -44.430  -42.448  37.403 0.0000000000
39396  -44.512  -41.594  35.519 0.0000000000
39414  -44.561  -41.106  34.515 0.0000000000
37453  -45.248  -43.192  31.561 0.0000000000
37471  -44.739  -43.331  31.002 0.0000000000
38486  -44.212  -42.800  30.960 0.0000000000
39479  -43.132  -42.230  30.148 0.0000000000
39478  -42.726  -42.081  29.923 0.0000000000
38506  -43.165  -42.342  29.836 0.0000000000
39509  -42.236  -42.123  28.649 0.0000000000
41468  -48.362  -38.274  30.048 0.0000000000
41467  -47.964  -38.863  30.176 0.0000000000
41487  -47.570  -38.195  29.736 0.0000000000
41486  -46.611  -38.232  29.651 0.0000000000
42484  -42.263  -37.222  26.842 0.0000000000
42464  -42.837  -37.468  27.485 0.0000000000
41526  -41.490  -39.159  27.019 0.0000000000
41538  -40.330  -38.750  25.644 0.0000000000
46397  -41.184  -33.044  21.865 0.0000000000
38381  -43.769  -41.769  39.710 0.0000000000
39359  -43.975  -40.454  39.714 0.0000000000
122931  -46.523  -39.548  35.714 0.0000000000
41394  -46.449  -38.458  35.904 0.0000000000
120922  -52.114  -36.941  34.407 0.0000000000
48272  -51.743  -31.554  28.259 0.0000000000
48278  -52.456  -32.082  27.912 0.0000000000
115020  -52.885  -31.860  27.365 0.0000000000
48279  -53.861  -31.938  26.876 0.0000000000
49237  -57.188  -30.875  26.874 0.0000000000
48294  -58.012  -31.941  25.839 0.0000000000
47305  -56.634  -32.865  24.956 0.0000000000
48303  -57.150  -31.444  25.419 0.0000000000
49255  -56.686  -30.408  25.463 0.0000000000
112052  -54.443  -25.471  27.675 0.0000000000
117823  -54.716  -26.254  27.889 0.0000000000
52163  -54.670  -27.694  26.980 0.0000000000
131095  -53.791  -27.615  26.982 0.0000000000
51139  -53.841  -28.213  26.404 0.0000000000
51155  -52.146  -28.795  25.922 0.0000000000
50194  -51.556  -29.362  25.563 0.0000000000
51154  -51.148  -28.685  25.880 0.0000000000
51136  -50.611  -27.779  26.242 0.0000000000
54308  -50.333  -25.101  24.916 0.0000000000
54288  -49.683  -25.883  25.246 0.0000000000
53195  -49.015  -25.928  24.491 0.0000000000
112855  -48.332  -26.336  24.056 0.0000000000
53210  -47.134  -26.971  23.310 0.0000000000
54356  -47.595  -25.200  21.691 0.0000000000
57524  -52.061  -22.382  22.188 0.0000000000
56563  -51.547  -23.119  21.403 0.0000000000
57554  -50.790  -22.344  19.266 0.0000000000
112110  -50.986  -22.728  20.033 0.0000000000
57545  -50.332  -22.659  19.704 0.0000000000
57544  -49.550  -22.913  19.826 0.0000000000
56570  -48.219  -23.685  20.166 0.0000000000
125403  -47.365  -23.423  18.909 0.0000000000
56593  -46.811  -23.530  18.435 0.0000000000
56592  -46.022  -23.873  18.094 0.0000000000
56604  -47.115  -23.071  17.850 0.0000000000
57560  -47.045  -22.763  17.132 0.0000000000
58464  -48.287  -21.336  15.839 0.0000000000
59347  -48.694  -20.702  15.441 0.0000000000
59354  -46.748  -20.828  14.048 0.0000000000
60266  -57.322  -19.282  16.681 0.0000000000
60265  -56.402  -19.236  16.557 0.0000000000
61200  -56.058  -18.773  16.035 0.0000000000
118857  -54.834  -18.435  15.443 0.0000000000
63046  -52.693  -16.374  13.080 0.0000000000
62149  -52.627  -17.077  13.638 0.0000000000
35326  -26.498  -45.348  32.287 0.0000000000
36404  -28.222  -43.717  31.739 0.0000000000
35337  -27.596  -44.184  31.721 0.0000000000
36408  -27.759  -43.531  30.387 0.0000000000
35358  -27.208  -43.805  29.934 0.0000000000
36429  -26.537  -43.656  28.492 0.0000000000
36438  -26.081  -43.716  27.756 0.0000000000
36430  -26.832  -43.080  27.817 0.0000000000
37504  -26.765  -42.780  26.836 0.0000000000
37512  -26.793  -42.574  26.075 0.0000000000
37435  -32.101  -41.950  33.919 0.0000000000
38452  -31.681  -41.803  33.251 0.0000000000
38469  -31.425  -41.601  32.554 0.0000000000
39456  -30.965  -41.126  31.096 0.0000000000
129080  -30.182  -41.210  29.944 0.0000000000
128446  -29.636  -39.632  25.640 0.0000000000
40484  -29.597  -40.086  27.116 0.0000000000
39525  -28.822  -40.839  25.347 0.0000000000
38549  -28.416  -41.281  24.916 0.0000000000
37552  -28.980  -42.803  22.563 0.0000000000
122653  -29.841  -43.130  22.327 0.0000000000
36491  -30.574  -43.600  22.323 0.0000000000
36476  -32.118  -44.006  23.022 0.0000000000
40377  -41.642  -39.388  34.487 0.0000000000
40360  -41.412  -39.744  35.281 0.0000000000
40395  -41.090  -39.095  33.863 0.0000000000
41417  -40.710  -38.802  33.215 0.0000000000
41416  -39.734  -38.943  33.100 0.0000000000
41497  -39.120  -38.500  28.510 0.0000000000
41480  -38.727  -38.246  29.377 0.0000000000
41495  -37.012  -38.018  28.720 0.0000000000
42443  -36.216  -37.852  28.563 0.0000000000
42444  -36.841  -37.784  27.802 0.0000000000
42480  -36.403  -37.594  26.374 0.0000000000
42517  -36.036  -37.734  24.836 0.0000000000
36494  -35.904  -43.870  22.377 0.0000000000
124151  -35.712  -43.116  22.585 0.0000000000
46383  -48.182  -34.033  22.771 0.0000000000
45326  -50.825  -34.723  24.335 0.0000000000
45341  -51.264  -35.329  24.021 0.0000000000
44340  -52.167  -35.586  23.962 0.0000000000
44341  -53.236  -35.483  24.147 0.0000000000
45207  -51.140  -34.748  32.369 0.0000000000
44246  -50.094  -34.991  32.064 0.0000000000
112691  -49.903  -34.530  31.344 0.0000000000
46237  -49.460  -33.686  29.567 0.0000000000
46277  -48.021  -33.271  27.872 0.0000000000
47248  -47.865  -32.845  27.198 0.0000000000
47263  -47.122  -32.660  26.214 0.0000000000
47279  -46.210  -32.538  25.124 0.0000000000
47282  -48.393  -32.411  25.640 0.0000000000
47299  -48.198  -32.516  24.882 0.0000000000
47324  -47.933  -32.732  24.123 0.0000000000
36321  -36.812  -44.155  38.749 0.0000000000
37381  -37.112  -43.336  37.496 0.0000000000
118268  -37.102  -42.705  36.827 0.0000000000
37410  -37.373  -42.084  36.199 0.0000000000
38425  -37.739  -41.487  35.624 0.0000000000
39409  -37.803  -40.550  34.578 0.0000000000
39425  -37.567  -40.166  33.881 0.0000000000
44418  -49.540  -34.912  17.937 0.0000000000
45397  -50.496  -34.231  17.207 0.0000000000
46429  -51.095  -34.011  17.601 0.0000000000
46439  -50.266  -34.096  16.828 0.0000000000
48382  -47.255  -31.997  20.758 0.0000000000
47365  -47.944  -32.368  21.103 0.0000000000
37396  -46.563  -43.187  36.085 0.0000000000
37411  -46.545  -43.265  35.384 0.0000000000
37437  -47.293  -43.543  33.858 0.0000000000
37436  -46.430  -43.316  33.220 0.0000000000
36383  -48.497  -44.179  33.354 0.0000000000
120632  -47.108  -43.744  32.905 0.0000000000
37454  -46.146  -43.330  32.247 0.0000000000
37472  -45.310  -43.172  31.516 0.0000000000
38488  -45.357  -42.978  30.911 0.0000000000
39480  -44.629  -41.833  30.272 0.0000000000
43385  -45.008  -36.407  27.655 0.0000000000
43371  -45.316  -36.776  28.122 0.0000000000
43396  -42.431  -36.095  25.829 0.0000000000
131806  -42.530  -36.583  26.420 0.0000000000
43389  -41.826  -36.850  26.229 0.0000000000
43394  -40.593  -36.830  25.153 0.0000000000
42519  -39.848  -37.278  24.633 0.0000000000
43400  -39.550  -37.035  23.900 0.0000000000
42534  -39.455  -37.294  22.616 0.0000000000
42539  -39.513  -36.927  21.701 0.0000000000
43423  -39.438  -36.570  22.377 0.0000000000
131368  -41.453  -31.574  20.123 0.0000000000
48389  -40.394  -31.739  19.341 0.0000000000
48388  -40.057  -31.985  18.646 0.0000000000
129744  -39.441  -33.051  17.106 0.0000000000
54245  -53.828  -25.013  27.267 0.0000000000
54244  -52.672  -25.574  27.036 0.0000000000
54243  -51.974  -26.277  27.050 0.0000000000
55424  -51.826  -24.219  25.403 0.0000000000
55423  -50.952  -24.926  25.350 0.0000000000
55452  -50.007  -24.452  23.209 0.0000000000
57526  -53.872  -21.842  21.542 0.0000000000
57536  -53.275  -22.590  21.080 0.0000000000
131762  -52.307  -22.399  19.747 0.0000000000
133632  -50.294  -22.220  18.816 0.0000000000
58443  -49.777  -21.718  17.706 0.0000000000
58457  -50.294  -21.210  17.032 0.0000000000
59319  -52.008  -20.790  17.369 0.0000000000
59334  -49.891  -20.831  16.351 0.0000000000
59349  -50.336  -20.255  15.849 0.0000000000
62123  -56.986  -17.556  15.367 0.0000000000
62143  -56.423  -17.195  14.964 0.0000000000
63034  -55.410  -16.598  14.268 0.0000000000
34352  -27.416  -45.341  34.398 0.0000000000
34339  -27.966  -45.101  35.114 0.0000000000
124369  -28.219  -44.459  33.890 0.0000000000
35317  -28.214  -44.181  33.152 0.0000000000
36369  -29.169  -43.783  34.387 0.0000000000
123721  -28.753  -43.973  33.777 0.0000000000
36395  -28.588  -43.694  32.483 0.0000000000
37484  -28.891  -42.673  30.337 0.0000000000
40422  -31.894  -39.795  31.164 0.0000000000
40443  -31.603  -39.514  30.409 0.0000000000
123328  -31.351  -39.366  29.776 0.0000000000
40473  -31.069  -38.852  28.629 0.0000000000
41522  -30.970  -38.046  26.403 0.0000000000
41521  -30.320  -38.622  26.428 0.0000000000
41520  -30.073  -38.895  25.686 0.0000000000
40496  -29.977  -39.208  24.955 0.0000000000
39545  -31.574  -40.957  22.867 0.0000000000
39546  -32.536  -40.276  24.261 0.0000000000
122912  -32.684  -40.977  24.599 0.0000000000
112006  -41.411  -38.784  30.818 0.0000000000
41446  -41.733  -38.774  31.702 0.0000000000
41482  -40.365  -38.849  29.306 0.0000000000
40474  -40.098  -40.419  28.108 0.0000000000
126441  -38.401  -38.900  26.679 0.0000000000
40497  -37.546  -39.372  24.673 0.0000000000
46434  -42.998  -33.340  18.120 0.0000000000
120011  -43.118  -33.546  17.419 0.0000000000
46447  -43.651  -33.784  17.933 0.0000000000
46437  -44.843  -34.276  18.296 0.0000000000
115124  -46.216  -34.902  19.054 0.0000000000
44407  -47.209  -35.120  18.967 0.0000000000
44408  -48.166  -35.324  19.212 0.0000000000
45356  -47.821  -34.578  22.103 0.0000000000
45369  -48.239  -35.335  21.659 0.0000000000
44378  -47.854  -35.601  21.044 0.0000000000
126810  -48.255  -35.657  20.614 0.0000000000
118749  -51.618  -34.614  18.449 0.0000000000
45388  -52.346  -34.021  18.500 0.0000000000
45378  -52.630  -34.298  19.544 0.0000000000
46418  -52.483  -34.025  19.126 0.0000000000
46405  -52.757  -33.944  20.285 0.0000000000
47349  -51.601  -33.352  22.626 0.0000000000
39448  -52.038  -40.556  32.776 0.0000000000
39466  -51.459  -41.360  31.934 0.0000000000
40437  -51.589  -39.916  31.904 0.0000000000
125089  -50.643  -39.661  31.236 0.0000000000
40450  -49.750  -39.283  30.799 0.0000000000
41469  -49.195  -38.560  30.528 0.0000000000
130677  -47.830  -37.684  29.616 0.0000000000
44267  -49.293  -35.148  31.240 0.0000000000
44266  -48.723  -35.563  30.718 0.0000000000
44281  -47.746  -35.261  29.129 0.0000000000
43361  -47.700  -36.169  29.280 0.0000000000
130126  -46.722  -36.481  28.502 0.0000000000
44305  -45.105  -35.853  27.270 0.0000000000
44319  -44.488  -35.622  26.641 0.0000000000
112428  -44.830  -34.848  26.215 0.0000000000
44328  -43.658  -35.217  25.675 0.0000000000
45306  -42.977  -34.734  24.798 0.0000000000
45336  -41.510  -34.444  23.455 0.0000000000
45355  -41.156  -34.131  22.851 0.0000000000
46378  -41.541  -33.436  22.509 0.0000000000
46379  -42.343  -33.082  22.737 0.0000000000
47360  -41.633  -32.236  21.373 0.0000000000
114180  -44.498  -32.341  23.202 0.0000000000
48364  -42.081  -31.678  20.659 0.0000000000
47389  -42.520  -32.033  19.353 0.0000000000
47390  -43.308  -32.365  19.638 0.0000000000
59306  -56.404  -20.741  18.514 0.0000000000
59307  -57.592  -20.894  18.757 0.0000000000
59325  -58.243  -20.272  18.167 0.0000000000
60245  -58.863  -19.802  17.683 0.0000000000
60267  -58.363  -19.349  16.896 0.0000000000
61227  -58.302  -18.215  16.152 0.0000000000
61204  -61.119  -18.217  17.415 0.0000000000
132219  -60.246  -18.056  16.719 0.0000000000
62125  -58.699  -17.655  15.985 0.0000000000
63017  -58.603  -16.886  15.578 0.0000000000
63037  -58.116  -16.225  15.082 0.0000000000
63888  -59.092  -15.298  14.928 0.0000000000
128439  -58.284  -15.453  14.625 0.0000000000
37377  -31.695  -42.706  36.980 0.0000000000
37388  -31.279  -42.712  36.170 0.0000000000
37389  -32.154  -42.696  36.261 0.0000000000
120598  -32.132  -42.422  34.958 0.0000000000
37419  -32.499  -42.095  34.546 0.0000000000
38453  -32.388  -41.350  33.410 0.0000000000
39443  -32.555  -40.611  32.758 0.0000000000
37392  -35.723  -42.863  36.713 0.0000000000
37408  -35.409  -42.399  36.054 0.0000000000
38423  -35.051  -41.782  35.401 0.0000000000
38440  -35.616  -41.233  34.882 0.0000000000
38439  -34.751  -41.299  34.758 0.0000000000
120013  -34.052  -41.414  34.610 0.0000000000
39421  -33.887  -40.503  33.603 0.0000000000
40423  -32.586  -39.453  31.445 0.0000000000
41455  -32.440  -38.649  30.257 0.0000000000
41474  -32.459  -38.252  29.538 0.0000000000
41441  -33.884  -38.808  31.108 0.0000000000
41475  -33.357  -38.138  29.662 0.0000000000
42439  -32.282  -37.903  28.736 0.0000000000
113790  -32.669  -37.628  28.089 0.0000000000
42459  -33.247  -37.453  27.207 0.0000000000
114962  -39.274  -41.913  24.060 0.0000000000
47417  -44.608  -33.185  16.407 0.0000000000
48412  -43.657  -31.817  14.923 0.0000000000
48413  -44.353  -32.013  15.123 0.0000000000
45405  -47.838  -34.500  17.221 0.0000000000
45411  -47.472  -34.233  16.765 0.0000000000
46461  -47.081  -33.790  16.342 0.0000000000
46470  -48.046  -33.556  15.513 0.0000000000
48393  -46.311  -31.850  18.919 0.0000000000
50257  -44.166  -29.458  18.942 0.0000000000
51220  -43.886  -28.800  18.491 0.0000000000
51214  -43.669  -28.138  18.700 0.0000000000
52227  -43.776  -27.460  18.940 0.0000000000
38387  -42.425  -42.781  38.613 0.0000000000
126536  -41.852  -41.884  37.812 0.0000000000
39378  -43.442  -41.221  36.520 0.0000000000
39394  -42.841  -40.289  35.777 0.0000000000
40361  -42.308  -39.729  35.127 0.0000000000
40378  -42.513  -39.439  34.197 0.0000000000
40396  -42.527  -39.225  33.180 0.0000000000
38444  -45.918  -42.752  34.748 0.0000000000
39428  -44.617  -40.874  33.473 0.0000000000
39427  -43.996  -40.220  33.065 0.0000000000
40416  -43.359  -39.736  32.621 0.0000000000
40415  -42.772  -39.377  32.138 0.0000000000
41447  -42.319  -39.139  31.710 0.0000000000
40430  -42.166  -39.281  30.995 0.0000000000
128423  -41.893  -39.768  30.380 0.0000000000
40458  -41.424  -41.330  29.241 0.0000000000
39477  -42.409  -42.021  29.632 0.0000000000
39495  -41.283  -42.255  28.345 0.0000000000
39515  -40.739  -42.750  27.044 0.0000000000
38531  -40.818  -42.991  26.302 0.0000000000
38538  -40.189  -42.788  25.105 0.0000000000
38492  -50.762  -41.820  31.776 0.0000000000
39465  -49.491  -41.671  31.578 0.0000000000
39464  -48.104  -41.369  31.574 0.0000000000
40448  -48.020  -39.654  30.716 0.0000000000
40434  -47.771  -40.430  31.206 0.0000000000
39482  -46.149  -40.709  31.043 0.0000000000
42446  -44.864  -37.401  28.499 0.0000000000
129287  -44.486  -37.985  28.868 0.0000000000
135397  -42.979  -37.869  27.979 0.0000000000
41484  -44.551  -38.596  29.312 0.0000000000
41483  -43.849  -39.599  29.304 0.0000000000
40461  -43.906  -40.854  29.548 0.0000000000
40460  -43.277  -41.194  29.089 0.0000000000
40477  -42.856  -41.619  28.749 0.0000000000
40488  -41.612  -41.009  27.224 0.0000000000
47386  -39.570  -32.143  19.258 0.0000000000
115949  -53.278  -34.492  29.388 0.0000000000
45250  -53.660  -34.483  29.235 0.0000000000
47223  -53.575  -32.912  29.620 0.0000000000
34313  -28.473  -45.074  37.085 0.0000000000
130066  -28.890  -44.370  37.062 0.0000000000
35271  -29.325  -43.880  37.451 0.0000000000
36331  -29.856  -43.378  37.808 0.0000000000
37362  -30.369  -43.077  38.019 0.0000000000
37363  -30.703  -43.067  38.618 0.0000000000
37349  -31.087  -43.232  39.498 0.0000000000
36317  -32.621  -43.345  38.767 0.0000000000
112286  -33.628  -43.695  38.880 0.0000000000
36301  -34.074  -43.914  39.829 0.0000000000
36319  -34.659  -44.074  38.915 0.0000000000
36320  -35.527  -44.209  39.170 0.0000000000
114693  -36.125  -44.238  38.766 0.0000000000
112675  -36.232  -44.195  39.203 0.0000000000
36322  -37.607  -43.919  38.861 0.0000000000
36323  -38.344  -43.649  39.149 0.0000000000
36325  -40.181  -43.506  39.550 0.0000000000
37351  -41.065  -43.640  39.796 0.0000000000
37368  -41.892  -43.337  39.413 0.0000000000
37353  -42.514  -43.454  39.821 0.0000000000
37383  -43.450  -43.112  38.783 0.0000000000
120978  -43.890  -42.858  39.257 0.0000000000
38388  -44.251  -42.527  38.506 0.0000000000
125755  -46.282  -43.048  37.047 0.0000000000
39380  -45.965  -41.967  37.359 0.0000000000
38415  -46.600  -43.080  36.495 0.0000000000
128442  -47.388  -42.635  35.345 0.0000000000
39429  -47.864  -42.092  34.624 0.0000000000
40379  -46.799  -39.864  35.013 0.0000000000
121773  -49.522  -40.522  33.597 0.0000000000
120540  -50.798  -40.592  33.407 0.0000000000
41419  -48.473  -38.638  33.706 0.0000000000
41420  -49.779  -38.751  33.673 0.0000000000
40400  -50.269  -39.629  33.548 0.0000000000
126109  -51.566  -39.758  33.341 0.0000000000
40402  -52.289  -39.846  32.995 0.0000000000
41423  -52.341  -39.172  33.052 0.0000000000
129121  -52.441  -37.519  34.113 0.0000000000
42389  -52.571  -37.651  33.710 0.0000000000
43323  -52.439  -37.388  33.529 0.0000000000
44228  -52.231  -35.566  33.215 0.0000000000
45192  -53.272  -35.262  33.744 0.0000000000
45208  -52.322  -34.518  32.843 0.0000000000
45221  -51.601  -34.138  32.073 0.0000000000
46219  -52.299  -33.937  30.827 0.0000000000
45276  -53.656  -34.831  28.189 0.0000000000
124016  -53.920  -35.051  27.633 0.0000000000
47253  -54.186  -33.685  27.819 0.0000000000
45296  -54.497  -35.108  27.157 0.0000000000
45312  -53.944  -35.308  26.144 0.0000000000
44331  -54.419  -35.256  25.381 0.0000000000
44342  -54.142  -35.319  24.345 0.0000000000
49219  -52.926  -30.713  27.363 0.0000000000
48291  -55.213  -32.435  26.616 0.0000000000
130938  -55.006  -31.462  26.753 0.0000000000
45298  -56.360  -34.294  26.111 0.0000000000
45329  -55.706  -34.584  25.032 0.0000000000
44352  -54.591  -35.037  23.727 0.0000000000
45342  -54.319  -34.528  23.108 0.0000000000
46364  -54.315  -34.115  23.087 0.0000000000
47304  -55.717  -32.990  24.465 0.0000000000
46363  -53.711  -33.929  22.633 0.0000000000
47328  -52.802  -33.237  23.653 0.0000000000
47327  -51.803  -32.892  23.488 0.0000000000
51159  -56.869  -28.972  26.245 0.0000000000
50198  -55.936  -29.437  25.732 0.0000000000
49254  -55.161  -30.251  25.383 0.0000000000
50197  -54.578  -29.428  25.630 0.0000000000
48316  -52.648  -31.663  24.713 0.0000000000
48337  -51.238  -32.039  23.998 0.0000000000
48336  -50.446  -31.731  23.734 0.0000000000
49284  -50.066  -31.039  24.116 0.0000000000
49283  -49.316  -30.763  23.838 0.0000000000
49269  -49.729  -30.319  24.420 0.0000000000
49282  -48.546  -30.450  23.555 0.0000000000
49281  -47.737  -30.102  23.262 0.0000000000
50218  -47.390  -29.275  23.519 0.0000000000
53174  -51.335  -26.495  26.785 0.0000000000
52175  -49.645  -27.724  25.718 0.0000000000
53181  -49.490  -26.779  25.684 0.0000000000
51153  -48.940  -28.070  25.262 0.0000000000
51169  -48.421  -28.421  24.688 0.0000000000
51181  -47.840  -28.795  24.152 0.0000000000
50217  -46.706  -28.974  23.080 0.0000000000
127006  -46.207  -28.792  22.654 0.0000000000
51191  -45.918  -28.341  22.489 0.0000000000
52203  -45.669  -27.781  22.169 0.0000000000
53225  -46.621  -26.825  22.709 0.0000000000
53224  -45.978  -27.152  22.276 0.0000000000
52214  -44.853  -27.391  21.082 0.0000000000
53242  -44.751  -26.803  20.513 0.0000000000
53263  -44.541  -25.967  19.231 0.0000000000
55465  -49.457  -24.626  22.714 0.0000000000
132521  -50.859  -23.432  21.567 0.0000000000
56573  -50.694  -23.342  20.946 0.0000000000
55464  -49.238  -24.532  22.131 0.0000000000
54357  -48.436  -24.835  21.940 0.0000000000
54371  -47.236  -24.881  20.940 0.0000000000
118100  -47.627  -24.233  20.406 0.0000000000
120885  -46.904  -24.619  20.336 0.0000000000
129814  -46.534  -25.161  20.634 0.0000000000
54370  -45.854  -25.454  20.344 0.0000000000
54381  -45.371  -25.404  19.679 0.0000000000
54389  -44.288  -25.722  18.354 0.0000000000
54398  -44.112  -25.490  17.478 0.0000000000
54401  -43.902  -25.307  16.621 0.0000000000
55525  -44.297  -24.610  16.294 0.0000000000
56602  -45.778  -23.646  17.252 0.0000000000
55526  -44.968  -24.010  16.826 0.0000000000
55528  -44.134  -24.588  15.391 0.0000000000
56618  -44.427  -23.934  14.889 0.0000000000
121019  -44.408  -23.912  14.198 0.0000000000
57572  -47.924  -22.243  17.015 0.0000000000
57571  -47.279  -22.345  16.509 0.0000000000
58463  -47.502  -21.536  15.522 0.0000000000
57581  -47.025  -22.109  15.850 0.0000000000
57580  -46.142  -22.387  15.346 0.0000000000
56627  -44.691  -23.574  13.621 0.0000000000
122808  -55.403  -20.096  17.512 0.0000000000
59339  -54.262  -19.878  17.020 0.0000000000
60264  -55.533  -19.248  16.463 0.0000000000
116021  -53.920  -19.606  16.557 0.0000000000
60262  -53.365  -19.619  16.400 0.0000000000
60283  -51.626  -19.359  15.419 0.0000000000
60295  -50.302  -19.304  14.737 0.0000000000
62122  -56.108  -17.763  15.249 0.0000000000
61242  -54.411  -18.025  14.928 0.0000000000
61241  -53.507  -18.182  14.786 0.0000000000
62139  -53.042  -17.678  14.299 0.0000000000
61240  -52.629  -18.322  14.669 0.0000000000
61239  -51.760  -18.512  14.574 0.0000000000
61238  -50.562  -18.804  14.388 0.0000000000
61237  -49.848  -18.884  14.172 0.0000000000
34373  -27.025  -45.147  32.931 0.0000000000
35335  -26.515  -45.023  31.528 0.0000000000
35336  -27.074  -44.451  31.292 0.0000000000
35395  -25.352  -44.493  26.087 0.0000000000
36446  -25.681  -43.806  26.494 0.0000000000
36452  -25.690  -43.804  25.679 0.0000000000
37417  -30.732  -42.792  34.278 0.0000000000
37452  -30.948  -42.201  32.860 0.0000000000
37451  -30.316  -42.603  32.712 0.0000000000
37500  -28.805  -42.151  29.098 0.0000000000
40442  -31.050  -40.022  30.026 0.0000000000
39494  -30.457  -40.512  29.617 0.0000000000
39493  -29.910  -41.113  29.282 0.0000000000
39505  -29.664  -40.947  28.473 0.0000000000
38523  -29.292  -41.657  29.012 0.0000000000
38522  -28.733  -41.904  28.463 0.0000000000
37506  -28.188  -42.164  27.985 0.0000000000
113861  -27.374  -42.263  26.579 0.0000000000
37519  -27.320  -42.192  24.787 0.0000000000
37527  -26.834  -42.652  24.218 0.0000000000
37555  -31.575  -42.381  22.568 0.0000000000
124846  -41.102  -41.347  37.333 0.0000000000
38410  -40.371  -41.136  36.757 0.0000000000
39412  -40.580  -40.017  35.309 0.0000000000
39411  -39.809  -40.109  34.934 0.0000000000
112988  -39.306  -40.549  35.245 0.0000000000
39426  -38.293  -40.123  34.128 0.0000000000
40413  -37.666  -39.448  32.498 0.0000000000
41445  -40.971  -38.444  31.773 0.0000000000
131880  -40.231  -38.416  31.991 0.0000000000
41444  -39.534  -38.523  31.908 0.0000000000
121250  -38.751  -38.762  31.876 0.0000000000
40429  -38.013  -39.014  31.883 0.0000000000
40427  -36.723  -39.123  31.621 0.0000000000
130393  -36.305  -38.811  31.008 0.0000000000
41477  -35.625  -38.257  29.700 0.0000000000
42442  -35.425  -37.736  28.373 0.0000000000
42460  -34.225  -37.498  27.575 0.0000000000
42498  -33.968  -37.465  25.752 0.0000000000
128154  -33.887  -37.712  25.006 0.0000000000
39539  -38.651  -41.839  24.041 0.0000000000
40498  -38.158  -41.040  24.428 0.0000000000
39538  -37.980  -41.149  23.979 0.0000000000
40509  -37.364  -39.764  23.872 0.0000000000
38580  -37.038  -41.799  22.481 0.0000000000
131667  -36.736  -39.641  23.089 0.0000000000
41551  -36.883  -38.671  24.339 0.0000000000
41562  -36.474  -38.898  23.492 0.0000000000
131238  -36.051  -38.105  24.010 0.0000000000
41561  -35.847  -38.684  23.273 0.0000000000
38578  -35.497  -40.595  22.792 0.0000000000
39548  -35.347  -39.894  22.935 0.0000000000
41550  -35.280  -38.292  23.869 0.0000000000
41559  -34.603  -38.552  24.029 0.0000000000
41549  -33.787  -38.362  24.536 0.0000000000
40508  -33.899  -38.926  24.359 0.0000000000
34372  -26.430  -45.690  33.040 0.0000000000
35304  -27.915  -44.814  34.329 0.0000000000
35438  -36.253  -44.543  22.315 0.0000000000
36358  -29.045  -44.019  35.221 0.0000000000
36371  -30.160  -43.184  34.658 0.0000000000
36385  -49.720  -43.915  33.075 0.0000000000
36403  -27.700  -43.848  31.112 0.0000000000
36493  -32.108  -42.499  22.914 0.0000000000
37405  -32.536  -42.550  35.626 0.0000000000
37439  -50.164  -43.479  33.057 0.0000000000
37455  -47.813  -44.077  32.891 0.0000000000
37456  -48.703  -44.227  32.890 0.0000000000
37457  -49.533  -43.967  32.883 0.0000000000
37499  -28.346  -42.384  28.732 0.0000000000
37557  -35.880  -42.370  22.404 0.0000000000
38458  -49.565  -43.165  33.515 0.0000000000
38459  -50.698  -42.538  33.134 0.0000000000
38460  -51.309  -41.870  32.824 0.0000000000
38461  -51.700  -41.272  32.484 0.0000000000
38473  -49.836  -42.917  32.297 0.0000000000
38485  -31.233  -41.381  31.848 0.0000000000
38508  -44.085  -42.639  30.207 0.0000000000
38536  -28.986  -41.227  27.476 0.0000000000
38579  -35.934  -40.875  22.479 0.0000000000
39432  -51.250  -41.465  33.166 0.0000000000
39457  -31.575  -40.601  31.529 0.0000000000
39461  -44.137  -41.796  31.594 0.0000000000
39467  -51.780  -40.644  32.149 0.0000000000
39481  -45.338  -41.962  30.732 0.0000000000
39513  -29.416  -40.806  27.686 0.0000000000
39560  -36.252  -40.409  22.577 0.0000000000
40389  -35.518  -39.869  33.247 0.0000000000
40401  -51.819  -40.576  33.096 0.0000000000
40428  -37.333  -39.168  31.808 0.0000000000
40444  -32.196  -39.111  30.699 0.0000000000
40512  -30.654  -39.699  23.794 0.0000000000
41422  -52.221  -39.012  33.227 0.0000000000
41456  -33.614  -38.465  30.369 0.0000000000
41465  -45.389  -39.468  30.228 0.0000000000
41508  -30.660  -38.399  27.057 0.0000000000
41560  -35.263  -38.886  23.435 0.0000000000
42431  -47.734  -37.021  29.393 0.0000000000
42479  -35.577  -37.459  26.682 0.0000000000
42497  -33.161  -37.685  25.487 0.0000000000
43386  -45.758  -36.131  27.748 0.0000000000
44332  -54.990  -34.954  24.525 0.0000000000
44339  -42.329  -35.058  24.685 0.0000000000
44351  -54.022  -35.220  23.412 0.0000000000
44420  -51.127  -34.364  17.810 0.0000000000
45277  -54.179  -34.710  28.014 0.0000000000
45314  -56.174  -34.502  25.798 0.0000000000
45343  -54.933  -34.561  23.740 0.0000000000
45370  -53.496  -34.542  20.737 0.0000000000
46259  -53.217  -34.651  28.803 0.0000000000
46304  -56.967  -33.783  26.066 0.0000000000
46305  -57.695  -33.028  25.958 0.0000000000
46342  -55.714  -33.764  24.273 0.0000000000
47268  -55.532  -33.632  26.561 0.0000000000
47285  -57.916  -32.691  25.991 0.0000000000
47392  -46.959  -32.393  19.018 0.0000000000
47427  -42.526  -32.601  15.598 0.0000000000
48293  -57.934  -31.567  26.124 0.0000000000
48302  -55.760  -31.210  25.183 0.0000000000
48304  -58.161  -31.745  25.736 0.0000000000
48320  -57.330  -32.405  25.453 0.0000000000
48335  -49.675  -31.473  23.493 0.0000000000
48390  -41.167  -31.597  19.559 0.0000000000
49223  -57.882  -30.268  26.253 0.0000000000
49238  -57.904  -30.645  26.248 0.0000000000
49251  -51.886  -30.100  25.340 0.0000000000
49273  -53.247  -30.965  25.170 0.0000000000
49331  -44.613  -30.057  18.635 0.0000000000
50192  -49.824  -29.124  25.246 0.0000000000
50200  -58.076  -29.929  25.941 0.0000000000
51142  -57.283  -28.591  26.759 0.0000000000
51158  -55.862  -28.747  26.200 0.0000000000
51190  -45.504  -28.346  21.996 0.0000000000
52147  -55.285  -27.075  27.621 0.0000000000
52215  -45.155  -27.920  21.606 0.0000000000
52238  -43.530  -27.346  17.461 0.0000000000
52249  -43.755  -26.937  16.109 0.0000000000
52251  -44.718  -27.715  16.246 0.0000000000
53211  -47.674  -26.678  23.675 0.0000000000
53253  -44.906  -26.146  20.000 0.0000000000
53272  -43.497  -26.708  17.119 0.0000000000
53295  -44.227  -26.216  15.154 0.0000000000
53297  -45.975  -26.824  15.155 0.0000000000
54325  -48.129  -25.933  23.332 0.0000000000
55524  -43.753  -25.231  15.800 0.0000000000
55530  -44.235  -24.638  14.582 0.0000000000
57579  -45.806  -22.949  15.820 0.0000000000
57585  -46.047  -21.982  14.636 0.0000000000
59355  -47.522  -20.601  14.464 0.0000000000
60243  -56.716  -19.677  17.214 0.0000000000
60261  -52.712  -19.676  16.270 0.0000000000
60263  -54.622  -19.329  16.381 0.0000000000
60296  -51.126  -19.031  14.808 0.0000000000
61221  -52.192  -18.835  15.089 0.0000000000
62121  -55.283  -17.882  15.089 0.0000000000
62150  -53.378  -17.133  13.961 0.0000000000
63015  -56.943  -16.849  14.935 0.0000000000
63047  -53.397  -16.453  13.425 0.0000000000
112484  -34.074  -37.403  26.671 0.0000000000
112492  -40.378  -38.315  31.133 0.0000000000
114384  -57.690  -32.410  26.126 0.0000000000
115349  -29.789  -39.387  26.427 0.0000000000
115702  -51.059  -18.533  14.330 0.0000000000
118318  -38.730  -41.558  36.145 0.0000000000
118398  -34.997  -39.396  32.324 0.0000000000
118639  -35.232  -40.979  23.576 0.0000000000
118779  -52.198  -27.658  26.757 0.0000000000
119918  -43.764  -32.141  22.055 0.0000000000
119970  -38.413  -39.242  32.554 0.0000000000
120534  -36.044  -37.653  27.930 0.0000000000
125185  -30.939  -42.686  36.930 0.0000000000
125409  -35.687  -41.478  22.632 0.0000000000
125642  -54.782  -35.184  26.351 0.0000000000
125727  -39.773  -38.648  32.468 0.0000000000
126608  -25.412  -44.469  25.296 0.0000000000
128141  -32.931  -38.422  30.178 0.0000000000
128667  -53.329  -31.355  27.109 0.0000000000
130044  -34.934  -37.577  27.816 0.0000000000
130176  -48.799  -32.511  26.945 0.0000000000
130415  -34.960  -38.330  29.925 0.0000000000
131422  -45.197  -26.737  21.065 0.0000000000
131753  -35.480  -39.306  32.131 0.0000000000
132041  -54.702  -34.067  27.317 0.0000000000
132543  -37.468  -42.920  37.200 0.0000000000
132678  -46.082  -23.045  16.346 0.0000000000
133882  -49.383  -35.660  20.602 0.0000000000
134240  -45.680  -26.388  21.254 0.0000000000
134441  -44.854  -43.378  31.135 0.0000000000
