#!ascii label  , from subject sub-v2s9x29170_ses-1 vox2ras=TkReg
1656
31332  -25.703  -49.426  -31.448 0.5000000000
31331  -24.797  -49.400  -31.777 0.4000000060
32239  -24.268  -48.587  -32.045 0.6000000238
32240  -25.332  -48.526  -31.544 0.6000000238
32227  -26.872  -48.568  -30.927 0.6000000238
126354  -26.141  -48.799  -31.262 0.5000000000
125772  -27.455  -47.885  -30.689 0.6000000238
117738  -24.653  -47.880  -31.791 0.6999999881
32250  -23.293  -48.589  -32.528 0.6999999881
33211  -25.501  -47.483  -31.471 0.6999999881
32241  -26.189  -48.086  -31.233 0.6999999881
126592  -26.784  -47.812  -30.947 0.6999999881
124601  -28.288  -47.939  -30.494 0.5000000000
32228  -27.815  -48.635  -30.606 0.5000000000
26272  -25.664  -55.658  -28.720 0.5000000000
33210  -24.539  -47.091  -31.865 0.6999999881
120959  -25.293  -46.584  -31.542 0.6999999881
33212  -26.390  -47.333  -31.159 0.6999999881
34132  -26.658  -46.587  -31.064 0.6999999881
125220  -26.010  -46.824  -31.325 0.6999999881
117014  -26.797  -45.750  -31.061 0.6999999881
33197  -28.679  -47.344  -30.439 0.6000000238
33209  -21.701  -46.963  -31.310 0.6999999881
123444  -20.891  -45.323  -31.877 0.6999999881
126859  -23.706  -46.585  -32.425 0.6999999881
118832  -22.954  -45.757  -32.840 0.6999999881
26273  -26.528  -55.554  -28.381 0.6000000238
24572  -26.636  -57.485  -27.126 0.4000000060
34148  -24.466  -46.207  -31.963 0.6999999881
33195  -27.105  -47.188  -30.818 0.6999999881
33196  -27.935  -47.197  -30.563 0.6999999881
128769  -28.286  -45.619  -30.571 0.6999999881
121991  -30.262  -46.949  -30.549 0.6000000238
34129  -22.961  -46.570  -31.004 0.6999999881
35091  -20.814  -45.321  -31.984 0.6999999881
34147  -21.526  -46.105  -31.396 0.6999999881
131134  -27.069  -54.274  -28.727 0.6000000238
36112  -20.978  -44.682  -32.009 0.6999999881
35108  -23.343  -44.841  -32.739 0.6999999881
35106  -21.474  -44.751  -32.353 0.6999999881
35093  -21.419  -44.336  -31.803 0.6999999881
35094  -22.619  -44.600  -31.219 0.6999999881
25442  -27.261  -56.365  -27.136 0.5000000000
25441  -26.773  -56.721  -27.445 0.5000000000
34150  -26.026  -46.099  -31.351 0.6999999881
34149  -25.140  -45.672  -31.613 0.6999999881
36115  -21.920  -43.357  -31.827 0.6999999881
34133  -27.556  -46.331  -30.716 0.6999999881
35095  -24.270  -45.244  -32.267 0.6999999881
36131  -22.161  -43.508  -32.614 0.6999999881
37161  -22.204  -42.701  -32.416 0.6999999881
24560  -26.672  -57.614  -26.417 0.4000000060
35097  -25.955  -45.067  -31.405 0.6999999881
37181  -22.660  -42.515  -33.210 0.6999999881
38199  -22.384  -42.222  -32.508 0.6999999881
37164  -24.594  -42.628  -32.392 0.6999999881
128990  -23.541  -42.270  -32.922 0.6999999881
34134  -28.655  -46.528  -30.459 0.6999999881
36116  -25.360  -43.923  -31.721 0.6999999881
34151  -30.911  -46.691  -30.799 0.6000000238
35082  -29.988  -45.404  -30.403 0.6999999881
36101  -28.974  -44.904  -30.437 0.6999999881
126321  -30.913  -44.148  -34.022 0.5000000000
36145  -31.099  -44.890  -33.675 0.5000000000
35117  -29.224  -45.626  -34.695 0.4000000060
35118  -30.436  -45.496  -34.208 0.5000000000
35078  -24.297  -45.741  -30.473 0.6999999881
117461  -27.965  -53.146  -28.446 0.6000000238
35107  -22.384  -44.651  -32.793 0.6999999881
26257  -27.000  -56.016  -27.691 0.5000000000
36096  -23.016  -43.723  -31.218 0.6999999881
35079  -26.947  -44.906  -31.076 0.6999999881
35096  -24.837  -44.610  -31.898 0.6999999881
35080  -27.505  -45.470  -30.801 0.6999999881
36099  -27.034  -44.055  -31.068 0.6999999881
36118  -31.590  -44.821  -31.339 0.6999999881
34136  -30.535  -46.139  -30.560 0.6999999881
35083  -30.907  -45.422  -30.613 0.6999999881
37194  -31.475  -44.179  -33.207 0.6999999881
31308  -26.348  -48.881  -29.342 0.6999999881
33183  -26.008  -47.298  -29.461 0.8000000119
34117  -25.759  -46.431  -29.571 0.8000000119
30408  -26.620  -50.516  -29.335 0.6000000238
31309  -27.026  -49.643  -29.101 0.6000000238
125774  -27.081  -48.633  -28.979 0.6000000238
117419  -25.380  -46.943  -29.721 0.8000000119
30409  -27.461  -50.598  -28.939 0.6000000238
126196  -27.792  -49.991  -28.708 0.6000000238
126173  -24.756  -45.105  -30.212 0.6999999881
28758  -27.831  -52.326  -28.728 0.6000000238
29548  -28.014  -51.374  -28.660 0.6000000238
135154  -27.943  -54.080  -28.023 0.6000000238
27878  -28.200  -53.590  -27.928 0.6000000238
36097  -23.969  -44.016  -30.697 0.6999999881
26258  -27.494  -55.758  -27.173 0.5000000000
115956  -27.719  -54.986  -27.298 0.6000000238
36098  -24.758  -44.030  -30.266 0.6999999881
37162  -22.162  -42.259  -31.804 0.6999999881
36100  -27.878  -44.720  -30.719 0.6999999881
36117  -26.306  -44.277  -31.346 0.6999999881
38220  -22.791  -41.945  -32.917 0.6999999881
36103  -30.617  -44.663  -30.447 0.8000000119
126219  -24.719  -41.777  -32.278 0.6999999881
37183  -31.814  -44.004  -32.022 0.8000000119
128207  -27.824  -43.827  -30.742 0.6999999881
135100  -30.450  -44.699  -34.230 0.5000000000
130143  -28.302  -44.058  -35.793 0.5000000000
37216  -28.176  -43.226  -36.020 0.5000000000
124735  -28.278  -44.045  -35.926 0.4000000060
33184  -26.791  -47.279  -29.146 0.6999999881
34119  -27.176  -46.573  -28.994 0.8000000119
34118  -26.461  -46.537  -29.321 0.8999999762
132116  -26.160  -45.908  -29.443 0.8000000119
121422  -25.549  -45.623  -29.676 0.8000000119
35065  -25.456  -44.762  -29.743 0.8000000119
27879  -28.414  -52.784  -28.084 0.6000000238
26249  -27.484  -55.402  -26.653 0.6000000238
27042  -27.920  -54.230  -27.540 0.6000000238
27865  -28.394  -53.089  -27.444 0.6000000238
37139  -24.675  -42.915  -30.368 0.6999999881
25430  -27.272  -56.236  -26.701 0.5000000000
38178  -23.310  -41.429  -31.613 0.6999999881
38179  -24.016  -41.402  -30.867 0.6999999881
25413  -26.898  -56.831  -26.145 0.5000000000
25414  -27.138  -56.022  -26.273 0.5000000000
38177  -22.666  -41.719  -32.048 0.6999999881
38200  -22.549  -42.045  -32.660 0.6999999881
132963  -31.968  -43.485  -31.218 0.8000000119
36102  -29.809  -44.567  -30.373 0.8000000119
125860  -28.490  -44.200  -30.561 0.6999999881
37141  -27.090  -43.203  -31.071 0.6999999881
38180  -26.189  -42.134  -31.488 0.6999999881
120588  -29.212  -44.058  -30.418 0.6999999881
36144  -29.562  -44.887  -34.576 0.5000000000
32210  -27.840  -48.235  -28.673 0.6999999881
33174  -28.389  -47.473  -28.520 0.6999999881
33173  -27.513  -47.346  -28.813 0.6999999881
119578  -27.583  -45.966  -28.853 0.8000000119
35049  -27.603  -45.174  -28.876 0.8000000119
31298  -27.856  -49.193  -28.643 0.6999999881
34097  -27.995  -46.642  -28.694 0.8000000119
36087  -26.821  -44.614  -29.205 0.8000000119
124951  -28.505  -49.925  -28.348 0.6000000238
35066  -26.147  -45.184  -29.451 0.8000000119
120026  -28.582  -51.182  -28.191 0.6000000238
36086  -26.004  -44.366  -29.503 0.6999999881
27031  -27.795  -54.484  -26.887 0.6000000238
27864  -28.110  -53.697  -27.148 0.6000000238
38160  -25.280  -42.422  -29.912 0.8000000119
37123  -25.708  -43.514  -29.645 0.6999999881
26236  -26.689  -56.121  -25.789 0.4000000060
37163  -23.476  -41.601  -32.779 0.6999999881
113099  -23.305  -41.310  -32.406 0.6999999881
39150  -23.850  -40.375  -31.313 0.6999999881
123171  -25.673  -57.386  -25.369 0.4000000060
38202  -24.802  -40.967  -32.106 0.6999999881
114181  -23.338  -40.599  -31.890 0.6999999881
37145  -31.128  -43.966  -30.476 0.8000000119
37143  -29.270  -43.387  -30.383 0.8000000119
38181  -27.394  -42.517  -30.908 0.6999999881
114495  -31.755  -43.343  -33.047 0.8000000119
122209  -31.304  -43.563  -33.739 0.6999999881
37193  -30.741  -43.412  -34.275 0.5000000000
37241  -28.378  -42.633  -36.324 0.5000000000
37192  -28.831  -43.472  -35.207 0.5000000000
37228  -29.171  -43.127  -36.501 0.4000000060
35050  -28.461  -45.785  -28.543 0.6999999881
36074  -27.656  -44.235  -28.891 0.8000000119
31299  -28.751  -49.205  -28.274 0.6999999881
30401  -28.865  -50.572  -27.953 0.6999999881
115202  -27.022  -43.660  -29.146 0.8000000119
29541  -28.832  -51.251  -27.501 0.6000000238
28750  -28.618  -52.279  -27.275 0.6000000238
37125  -26.992  -42.748  -29.179 0.8000000119
37124  -26.295  -43.116  -29.415 0.8000000119
27844  -27.732  -53.781  -26.499 0.6000000238
27845  -28.215  -52.949  -26.581 0.6000000238
39135  -24.914  -41.086  -30.231 0.8999999762
38161  -26.105  -42.146  -29.509 0.8000000119
40083  -23.996  -39.651  -31.697 0.8000000119
123178  -24.339  -39.958  -30.886 0.8000000119
26237  -27.095  -55.392  -25.986 0.5000000000
40084  -25.978  -39.259  -31.199 0.8000000119
39167  -23.871  -39.895  -32.338 0.6999999881
38221  -32.091  -42.947  -32.030 0.8000000119
37144  -30.134  -43.798  -30.287 0.8000000119
127989  -28.126  -42.803  -30.649 0.8000000119
116214  -25.860  -41.158  -31.577 0.6999999881
38236  -31.995  -42.596  -33.059 0.8000000119
37142  -28.515  -43.472  -30.554 0.8000000119
119481  -26.880  -41.548  -31.158 0.6999999881
116474  -28.768  -42.749  -30.467 0.8000000119
38235  -31.423  -42.693  -33.961 0.8000000119
38184  -30.816  -42.980  -30.170 0.8000000119
38253  -29.438  -42.727  -35.066 0.6000000238
38234  -30.495  -42.724  -34.576 0.6000000238
115259  -28.236  -43.177  -35.850 0.5000000000
33175  -29.291  -47.540  -28.145 0.6000000238
30402  -29.195  -49.841  -27.759 0.6000000238
36075  -28.400  -44.763  -28.596 0.6999999881
125973  -28.332  -43.954  -28.652 0.6999999881
30394  -29.228  -50.426  -27.201 0.6000000238
31300  -29.438  -49.045  -27.712 0.6000000238
34099  -29.722  -46.860  -27.930 0.6000000238
38148  -27.546  -42.166  -28.954 0.8000000119
37111  -27.830  -43.214  -28.857 0.6999999881
38162  -26.819  -41.945  -29.255 0.8000000119
27836  -27.191  -53.852  -25.886 0.3000000119
40070  -25.181  -38.564  -30.440 0.8000000119
39136  -26.036  -41.128  -29.565 0.8000000119
131057  -24.394  -39.546  -31.363 0.8000000119
40069  -24.516  -39.305  -30.991 0.8000000119
40085  -27.305  -39.574  -30.669 0.8000000119
38182  -27.987  -41.933  -30.683 0.8000000119
39151  -26.049  -40.448  -31.370 0.8000000119
39168  -24.924  -40.275  -31.819 0.6999999881
113358  -28.993  -41.959  -30.343 0.8000000119
38163  -30.003  -42.051  -30.038 0.8000000119
118497  -28.064  -41.911  -35.907 0.6000000238
39248  -31.277  -41.345  -36.981 0.3000000119
35051  -29.495  -46.080  -28.168 0.6000000238
36076  -29.317  -45.170  -28.287 0.6999999881
120638  -29.090  -44.234  -28.398 0.6999999881
124117  -26.932  -50.879  -25.495 0.5000000000
32212  -29.650  -48.247  -27.669 0.6000000238
38149  -28.483  -42.317  -28.626 0.6999999881
28717  -28.053  -52.351  -25.924 0.5000000000
29528  -29.049  -50.883  -26.747 0.5000000000
32201  -29.935  -48.753  -27.080 0.6000000238
119339  -26.724  -53.070  -25.669 0.3000000119
28727  -27.649  -53.127  -25.979 0.5000000000
39122  -27.903  -41.318  -28.801 0.8000000119
40060  -27.225  -40.215  -29.130 0.8000000119
39137  -27.027  -41.210  -29.213 0.8000000119
41089  -24.827  -38.728  -31.082 0.8999999762
124671  -26.291  -38.792  -29.581 0.8999999762
40071  -26.130  -40.023  -29.605 0.8000000119
27018  -26.727  -54.571  -25.754 0.4000000060
41101  -26.076  -37.945  -31.020 0.8999999762
41100  -25.136  -38.312  -31.092 0.8999999762
38222  -32.282  -42.069  -32.480 0.8000000119
38203  -32.102  -42.837  -30.929 0.8000000119
39153  -28.257  -40.919  -30.519 0.8000000119
39202  -30.913  -42.062  -34.610 0.6999999881
39213  -29.019  -41.888  -35.365 0.6000000238
40154  -29.604  -40.486  -36.605 0.6000000238
121227  -29.163  -41.109  -36.529 0.6000000238
121002  -30.138  -46.336  -27.690 0.6000000238
35033  -30.201  -45.596  -27.804 0.6000000238
36060  -30.152  -44.538  -28.036 0.6999999881
33156  -29.952  -47.555  -27.554 0.6000000238
37113  -29.648  -43.593  -28.297 0.6999999881
133105  -30.126  -48.099  -27.189 0.6000000238
38150  -29.366  -42.752  -28.392 0.8000000119
30385  -28.882  -50.901  -26.056 0.6000000238
32190  -29.886  -48.953  -26.272 0.6000000238
37112  -28.770  -43.345  -28.524 0.6999999881
39123  -28.762  -41.322  -28.531 0.8000000119
28716  -27.210  -52.392  -25.681 0.4000000060
40061  -28.189  -40.355  -28.679 0.6999999881
41091  -25.749  -37.292  -30.078 0.8000000119
123896  -27.447  -39.117  -28.969 0.8000000119
40072  -28.460  -39.841  -30.316 0.8999999762
42117  -26.432  -36.666  -30.446 0.8000000119
41102  -27.441  -38.186  -30.527 0.8000000119
38186  -32.148  -42.086  -30.592 0.8000000119
39139  -30.270  -41.200  -29.789 0.8000000119
38204  -32.320  -42.210  -31.449 0.8000000119
39138  -29.247  -41.067  -30.155 0.8000000119
132680  -31.524  -41.824  -34.240 0.8000000119
39169  -32.528  -41.488  -31.833 0.8000000119
39212  -28.020  -40.978  -35.835 0.6999999881
133007  -27.476  -40.755  -36.100 0.6999999881
122937  -29.627  -38.902  -36.514 0.6000000238
119878  -30.831  -38.929  -36.818 0.6000000238
33157  -30.428  -47.593  -27.013 0.6000000238
37100  -30.471  -43.650  -27.971 0.8000000119
38137  -30.050  -43.028  -28.199 0.6999999881
32173  -28.719  -48.993  -25.290 0.5000000000
123372  -29.251  -41.996  -28.429 0.8000000119
31271  -29.141  -49.565  -25.589 0.5000000000
30364  -29.511  -49.664  -25.984 0.5000000000
38151  -30.056  -42.219  -28.168 0.8000000119
40063  -29.990  -40.518  -28.153 0.8000000119
130630  -28.390  -49.782  -25.486 0.5000000000
39124  -29.606  -41.324  -28.312 0.8000000119
40062  -29.111  -40.420  -28.413 0.8000000119
41086  -29.538  -39.384  -28.272 0.8000000119
41085  -28.481  -39.295  -28.554 0.8000000119
41083  -26.719  -37.769  -29.505 0.8000000119
42112  -27.750  -36.591  -30.317 0.8000000119
41084  -27.720  -37.899  -28.909 0.8000000119
122686  -32.451  -41.642  -30.985 0.8000000119
40073  -29.534  -40.139  -29.846 0.8000000119
40074  -30.619  -40.380  -29.630 0.8999999762
38237  -32.049  -41.816  -33.555 0.8000000119
39184  -32.503  -41.270  -32.816 0.8000000119
118737  -29.413  -41.064  -35.304 0.6999999881
40129  -30.439  -40.605  -35.122 0.6999999881
41176  -27.466  -39.695  -36.020 0.6999999881
41134  -28.459  -39.480  -35.568 0.6999999881
40127  -27.841  -40.064  -35.775 0.6999999881
122936  -27.446  -38.938  -35.886 0.6999999881
42183  -28.125  -38.900  -36.214 0.6999999881
36061  -31.463  -44.557  -27.039 0.8000000119
115834  -31.043  -45.193  -27.291 0.6000000238
120509  -31.028  -44.268  -27.536 0.6000000238
37101  -31.207  -43.559  -27.504 0.8000000119
122144  -29.075  -46.236  -24.472 0.6000000238
34025  -29.673  -46.696  -24.717 0.5000000000
34074  -30.623  -46.951  -26.766 0.6000000238
126895  -30.774  -46.437  -26.439 0.6000000238
38138  -30.707  -42.915  -27.864 0.8000000119
34991  -27.823  -45.322  -24.583 0.6000000238
34992  -28.769  -45.533  -24.411 0.6000000238
34026  -30.327  -46.136  -24.988 0.5000000000
33122  -30.211  -47.406  -25.591 0.5000000000
38103  -28.380  -42.994  -24.152 0.5000000000
37065  -28.114  -43.835  -24.391 0.5000000000
119641  -28.970  -44.145  -24.224 0.6000000238
36026  -29.327  -44.903  -24.338 0.6000000238
123145  -29.257  -48.180  -25.026 0.5000000000
34044  -30.225  -46.835  -25.262 0.5000000000
39125  -30.459  -41.380  -27.946 0.8000000119
38093  -29.243  -42.531  -23.777 0.5000000000
33139  -29.991  -48.164  -25.668 0.5000000000
134585  -27.595  -43.203  -24.461 0.4000000060
32174  -29.502  -48.969  -25.573 0.5000000000
41078  -30.445  -38.854  -27.934 0.6999999881
42104  -28.076  -36.693  -29.160 0.8000000119
123457  -28.724  -38.038  -28.515 0.8000000119
126338  -29.548  -38.149  -28.312 0.6999999881
42113  -29.138  -37.627  -29.883 0.8000000119
43069  -26.947  -36.102  -30.149 0.8000000119
42105  -29.006  -36.737  -28.639 0.8000000119
42103  -27.054  -36.692  -29.672 0.8000000119
43925  -28.267  -35.947  -29.764 0.8000000119
40117  -32.351  -40.907  -33.677 0.8999999762
39141  -31.931  -41.067  -29.816 0.8000000119
117509  -29.940  -39.237  -29.667 0.8000000119
39155  -32.292  -41.236  -30.306 1.0000000000
40075  -31.587  -40.478  -29.642 0.8000000119
40130  -31.472  -40.548  -34.760 0.8000000119
41135  -29.966  -39.644  -35.333 0.6999999881
36047  -31.711  -44.137  -26.486 0.8000000119
36062  -31.522  -44.034  -27.161 0.8000000119
38139  -31.506  -42.891  -27.346 0.8000000119
120340  -29.796  -44.285  -24.283 0.6000000238
36046  -31.400  -44.987  -26.222 0.6000000238
35023  -31.038  -45.814  -26.421 0.6000000238
122439  -31.006  -42.169  -27.687 0.8000000119
39111  -31.378  -41.427  -27.468 0.8000000119
132993  -28.728  -43.615  -24.187 0.5000000000
36027  -30.156  -44.958  -24.530 0.6000000238
35009  -30.838  -45.603  -25.513 0.6000000238
40057  -30.852  -40.636  -27.730 0.8000000119
124128  -31.190  -39.870  -27.601 0.6999999881
37057  -29.390  -43.489  -24.044 0.5000000000
36035  -30.959  -44.871  -25.058 0.6000000238
38092  -28.211  -41.864  -23.867 0.4000000060
38094  -30.086  -42.101  -23.640 0.4000000060
124672  -30.373  -39.869  -27.937 0.6999999881
39079  -29.229  -41.596  -23.595 0.4000000060
39080  -30.085  -41.245  -23.468 0.4000000060
37067  -31.125  -43.308  -24.379 0.4000000060
40029  -30.172  -40.450  -23.259 0.4000000060
39081  -30.896  -40.899  -23.467 0.5000000000
42106  -29.998  -37.383  -28.287 0.6999999881
41027  -29.446  -40.011  -23.177 0.3000000119
40030  -31.005  -40.170  -23.223 0.5000000000
39090  -30.857  -41.679  -23.661 0.5000000000
43058  -27.870  -35.842  -30.034 0.8000000119
43045  -28.629  -36.047  -29.336 0.8000000119
123053  -29.640  -35.829  -28.807 0.8000000119
43927  -30.433  -35.247  -29.028 0.8000000119
117348  -32.648  -40.150  -33.782 0.8000000119
40094  -32.646  -40.966  -31.128 1.0000000000
40086  -32.619  -40.396  -30.502 0.8000000119
41103  -32.670  -39.827  -30.060 0.8000000119
41093  -31.038  -39.597  -29.545 0.8000000119
119879  -30.340  -38.323  -29.586 0.8000000119
129170  -29.484  -36.754  -29.670 0.8000000119
133374  -32.926  -40.222  -32.635 1.0000000000
122977  -31.497  -38.771  -29.533 0.8000000119
40116  -31.838  -41.159  -34.257 0.8000000119
40095  -32.908  -40.148  -31.393 0.8000000119
41095  -32.463  -39.187  -29.772 0.8000000119
41136  -31.094  -39.795  -35.112 0.8999999762
42147  -27.903  -38.744  -35.670 0.6999999881
117536  -27.355  -38.832  -35.864 0.6999999881
42172  -27.663  -38.198  -35.891 0.6999999881
124861  -27.745  -38.120  -35.986 0.6999999881
123607  -28.998  -38.105  -36.351 0.6999999881
42185  -31.387  -38.132  -36.964 0.6000000238
43136  -30.984  -37.322  -36.783 0.6999999881
43134  -28.418  -37.344  -36.180 0.6999999881
43137  -31.832  -37.400  -37.088 0.6000000238
37102  -31.806  -43.543  -26.934 0.8000000119
38125  -32.146  -42.881  -26.678 0.8000000119
36036  -31.518  -44.277  -25.609 0.8000000119
38118  -32.324  -42.734  -25.757 0.8000000119
37087  -32.061  -43.501  -26.198 0.8000000119
120151  -31.858  -42.179  -27.151 0.8000000119
120299  -30.516  -44.405  -24.540 0.6000000238
134775  -31.824  -43.893  -25.916 0.8000000119
40058  -31.732  -40.678  -27.303 0.6999999881
38105  -30.978  -42.492  -23.930 0.5000000000
37078  -31.767  -43.531  -25.326 0.6999999881
39112  -32.146  -41.415  -26.983 0.6999999881
41080  -32.069  -39.908  -27.218 0.6999999881
41079  -31.604  -39.069  -27.516 0.6999999881
42092  -31.015  -37.936  -27.840 0.6999999881
115630  -31.128  -39.513  -22.961 0.5000000000
43029  -31.358  -36.971  -27.968 0.6999999881
42039  -30.551  -38.468  -22.583 0.4000000060
42051  -31.233  -38.842  -22.766 0.4000000060
43941  -30.481  -35.235  -29.056 0.8000000119
43028  -30.495  -36.772  -28.305 0.6999999881
43060  -29.831  -35.835  -29.356 0.8000000119
43061  -31.025  -36.132  -29.348 0.8000000119
43943  -32.336  -35.760  -29.233 0.6999999881
41107  -33.316  -39.471  -31.543 0.8000000119
118434  -32.029  -37.800  -29.526 0.8000000119
41138  -32.434  -39.514  -34.415 0.8999999762
130674  -31.826  -39.883  -34.770 0.8999999762
41122  -32.932  -39.516  -33.761 0.8000000119
41123  -33.436  -39.114  -33.221 0.8000000119
42133  -33.745  -38.905  -32.160 0.8000000119
117197  -30.703  -38.935  -35.280 0.8999999762
129341  -31.180  -38.501  -35.244 0.8000000119
114374  -29.383  -38.743  -35.479 0.8999999762
119886  -31.784  -38.958  -37.168 0.4000000060
42158  -27.735  -38.042  -35.794 0.8000000119
43123  -27.627  -37.435  -35.886 0.6999999881
43135  -29.828  -37.308  -36.503 0.6999999881
126453  -32.761  -36.386  -36.768 0.5000000000
38119  -32.520  -41.927  -25.816 0.6999999881
38126  -32.368  -42.107  -26.480 0.8000000119
39099  -32.296  -42.046  -25.037 0.6999999881
40052  -32.615  -40.420  -26.348 0.6999999881
39092  -32.087  -41.322  -24.444 0.6000000238
40045  -32.710  -40.586  -25.704 0.6999999881
118163  -32.344  -39.210  -27.162 0.6999999881
41029  -31.749  -39.765  -23.476 0.5000000000
42093  -32.209  -38.235  -27.414 0.6999999881
43875  -31.047  -37.144  -22.533 0.3000000119
42040  -31.185  -38.050  -22.602 0.3000000119
42052  -32.023  -38.490  -23.042 0.5000000000
43928  -30.989  -35.004  -28.861 0.6999999881
43915  -32.556  -36.159  -27.922 0.6999999881
42998  -31.803  -37.669  -22.672 0.4000000060
43942  -31.322  -35.327  -29.137 0.6999999881
43046  -30.652  -35.799  -28.630 0.6999999881
44906  -31.582  -34.882  -29.039 0.6999999881
117703  -33.091  -36.867  -29.562 0.6999999881
42125  -33.606  -38.894  -31.156 0.8000000119
41096  -33.106  -39.100  -30.318 0.8000000119
42115  -32.967  -38.389  -29.868 0.8000000119
129359  -33.963  -38.501  -31.690 0.8000000119
42150  -32.394  -38.587  -34.677 0.8000000119
42148  -30.455  -37.849  -35.385 0.8000000119
42149  -31.682  -38.168  -35.124 0.8999999762
43100  -28.496  -37.852  -35.585 0.8999999762
43099  -28.040  -37.187  -35.696 0.8000000119
44013  -27.890  -36.704  -35.896 0.8000000119
114917  -31.421  -36.695  -36.853 0.6999999881
44034  -32.166  -36.729  -36.991 0.6000000238
44030  -28.003  -36.635  -36.018 0.6999999881
44031  -29.211  -36.531  -36.401 0.6999999881
46001  -28.178  -35.024  -36.221 0.6999999881
39105  -32.521  -41.228  -26.300 0.6999999881
41040  -32.787  -39.211  -24.529 0.6000000238
113166  -32.814  -39.922  -25.086 0.6000000238
41056  -32.924  -39.876  -25.972 0.6999999881
41070  -32.594  -39.724  -26.660 0.6999999881
40036  -31.788  -40.583  -23.803 0.5000000000
130222  -33.398  -38.881  -25.891 0.6999999881
42077  -32.828  -38.819  -26.762 0.6999999881
41039  -32.380  -39.894  -24.180 0.6000000238
42988  -30.382  -37.707  -22.527 0.3000000119
41030  -32.295  -39.195  -23.702 0.5000000000
42094  -33.110  -37.933  -26.947 0.6999999881
43886  -31.996  -36.954  -22.655 0.4000000060
42999  -32.513  -37.650  -23.334 0.5000000000
42054  -32.681  -38.504  -23.956 0.6000000238
43031  -33.317  -36.963  -27.228 0.6999999881
44892  -33.540  -35.479  -28.235 0.6999999881
43916  -33.404  -36.032  -27.651 0.6999999881
43929  -31.827  -35.441  -28.683 0.6999999881
44856  -31.759  -35.467  -22.634 0.3000000119
44908  -33.540  -35.548  -29.071 0.6999999881
42126  -34.119  -38.075  -31.241 0.8000000119
43070  -33.946  -37.737  -30.501 0.8000000119
43071  -34.467  -37.302  -30.896 0.6999999881
43064  -34.020  -36.992  -29.991 0.6999999881
43946  -34.986  -35.772  -30.047 0.6999999881
43084  -33.953  -38.298  -32.989 0.8000000119
43078  -34.551  -37.376  -31.761 0.8000000119
43101  -31.638  -37.288  -35.184 0.8000000119
117337  -32.897  -38.146  -34.355 0.8000000119
115080  -33.452  -38.218  -33.780 0.8000000119
134960  -34.216  -37.784  -32.840 0.8000000119
115487  -29.313  -36.728  -35.453 0.8000000119
44955  -30.885  -34.914  -34.812 0.8000000119
43987  -32.932  -36.362  -34.378 0.8000000119
44957  -32.707  -35.491  -34.390 0.8000000119
45961  -31.606  -34.263  -34.393 0.8000000119
44033  -31.525  -36.155  -36.807 0.6000000238
45018  -30.803  -35.722  -36.724 0.6999999881
44997  -27.856  -35.943  -35.970 0.8000000119
46015  -29.175  -35.198  -36.537 0.6000000238
47012  -28.176  -34.220  -36.294 0.6999999881
47013  -29.136  -33.935  -36.538 0.6000000238
46016  -30.042  -35.000  -36.690 0.6000000238
42055  -33.259  -38.591  -24.745 0.6000000238
42078  -33.477  -38.450  -26.234 0.6999999881
43017  -33.789  -37.534  -26.461 0.6999999881
129378  -32.179  -36.243  -22.663 0.4000000060
123580  -33.861  -37.141  -24.466 0.5000000000
43011  -34.024  -37.865  -25.724 0.6999999881
43909  -34.025  -36.637  -26.843 0.6999999881
43000  -33.285  -37.344  -23.968 0.5000000000
43888  -33.571  -36.485  -23.750 0.5000000000
113192  -32.381  -34.916  -22.682 0.3000000119
128415  -32.789  -35.768  -23.000 0.4000000060
43944  -33.367  -36.062  -29.373 0.6999999881
44893  -34.162  -35.776  -27.431 0.6999999881
45843  -31.696  -34.519  -22.751 0.3000000119
44903  -33.921  -35.360  -28.622 0.6999999881
44894  -34.320  -35.148  -27.970 0.6999999881
44909  -34.537  -35.418  -29.233 0.6999999881
44904  -34.742  -35.012  -28.576 0.6999999881
42134  -34.253  -38.070  -32.205 0.8000000119
43960  -35.176  -35.976  -30.952 0.6999999881
43945  -34.336  -36.071  -29.646 0.6999999881
45908  -35.544  -34.557  -28.763 0.6999999881
45920  -36.159  -34.175  -30.326 0.6999999881
43995  -32.372  -36.863  -34.818 0.8000000119
127692  -33.570  -36.698  -33.920 0.8000000119
43972  -34.854  -36.686  -31.379 0.6999999881
45919  -35.818  -34.651  -30.768 0.6999999881
45928  -36.150  -33.986  -31.075 0.6999999881
43102  -32.386  -37.729  -34.789 0.8000000119
113177  -33.116  -37.351  -34.267 0.8000000119
43092  -34.164  -36.532  -33.359 0.8000000119
43085  -34.448  -37.202  -32.658 0.8000000119
43980  -34.680  -36.301  -32.684 0.8000000119
45944  -35.565  -34.197  -32.315 0.8000000119
46932  -36.393  -33.237  -31.303 0.6999999881
43993  -30.853  -36.640  -35.335 0.8000000119
44958  -33.564  -35.809  -33.922 0.8000000119
45942  -33.855  -34.932  -33.670 0.8000000119
45943  -35.105  -34.161  -32.949 0.8000000119
44971  -30.313  -35.771  -35.260 0.8000000119
44956  -31.889  -35.171  -34.643 0.8000000119
45963  -33.149  -35.006  -34.096 0.8000000119
112258  -34.182  -34.020  -33.451 0.8000000119
119046  -28.413  -35.426  -35.397 0.8000000119
46968  -32.285  -34.014  -34.126 0.8000000119
45941  -33.089  -34.225  -33.876 0.8000000119
112244  -33.079  -32.784  -33.548 0.8000000119
46967  -31.809  -33.612  -34.081 0.8000000119
44969  -27.988  -35.668  -35.655 0.8000000119
45000  -32.280  -35.180  -36.524 0.5000000000
44998  -30.896  -34.974  -36.678 0.6000000238
45975  -27.520  -34.211  -35.219 0.8000000119
44982  -27.796  -34.904  -35.655 0.8000000119
44999  -31.516  -35.480  -36.690 0.6000000238
46004  -31.643  -34.719  -36.506 0.6000000238
114858  -29.804  -34.361  -36.595 0.6000000238
46003  -30.407  -34.506  -36.588 0.6000000238
43007  -33.744  -37.892  -24.830 0.6999999881
42064  -33.576  -38.521  -25.495 0.6999999881
43006  -33.095  -38.002  -24.189 0.6000000238
43008  -34.337  -37.282  -25.201 0.6999999881
43900  -34.789  -36.591  -25.398 0.6999999881
43012  -34.506  -37.033  -26.046 0.6999999881
45844  -33.172  -34.859  -22.884 0.4000000060
44857  -33.554  -35.615  -23.376 0.5000000000
43910  -34.651  -36.190  -26.585 0.6999999881
44886  -34.833  -35.408  -27.171 0.6999999881
112479  -32.587  -34.022  -22.703 0.3000000119
45845  -33.716  -33.927  -22.759 0.3000000119
120331  -34.027  -35.010  -23.316 0.5000000000
45892  -36.213  -34.344  -26.352 0.6999999881
46857  -31.619  -33.643  -23.021 0.3000000119
46859  -33.815  -32.756  -22.748 0.3000000119
45900  -35.780  -34.289  -27.847 0.6999999881
47833  -32.787  -32.599  -23.094 0.3000000119
46912  -36.741  -33.315  -28.565 0.6999999881
44934  -35.096  -35.975  -31.928 0.8000000119
44935  -35.465  -35.257  -31.336 0.6999999881
45917  -36.261  -34.000  -29.600 0.6999999881
45927  -35.725  -34.486  -31.627 0.6999999881
47899  -36.721  -32.792  -30.701 0.6999999881
43986  -32.207  -36.006  -34.812 0.8000000119
117704  -35.296  -34.972  -32.323 0.6999999881
46931  -35.971  -33.756  -31.884 0.8000000119
43994  -31.727  -36.501  -35.129 0.8000000119
47939  -35.465  -32.713  -32.770 0.8000000119
44972  -31.361  -35.796  -35.091 0.8000000119
129534  -33.333  -33.527  -33.626 0.8000000119
46946  -34.015  -33.057  -33.441 0.8000000119
45960  -30.042  -34.419  -34.690 0.8000000119
45977  -29.023  -34.780  -35.020 0.8000000119
120258  -30.765  -34.115  -34.488 0.8000000119
46945  -32.462  -33.398  -33.790 0.8000000119
119823  -32.217  -32.529  -33.616 0.8000000119
47937  -33.752  -32.196  -33.392 0.8000000119
45958  -28.199  -34.125  -34.815 0.8000000119
45959  -29.309  -34.092  -34.611 0.8000000119
46966  -31.047  -33.449  -34.183 0.8000000119
46943  -30.986  -32.764  -33.823 0.8000000119
48915  -33.485  -31.346  -33.334 0.8000000119
47011  -27.453  -33.798  -35.737 0.8000000119
43899  -34.328  -36.606  -24.540 0.6000000238
44872  -34.838  -35.965  -24.666 0.6000000238
44871  -34.237  -35.865  -23.867 0.5000000000
44883  -35.202  -35.881  -25.560 0.6999999881
45878  -35.743  -35.072  -25.790 0.6999999881
44858  -34.821  -35.262  -23.876 0.6000000238
44873  -35.327  -35.267  -24.802 0.6999999881
45864  -35.801  -34.555  -24.864 0.6999999881
133190  -32.159  -32.582  -23.245 0.3000000119
48819  -34.485  -31.228  -23.550 0.3000000119
46904  -36.598  -33.632  -26.872 0.6999999881
113764  -32.376  -30.193  -24.740 0.3000000119
119247  -33.040  -30.675  -24.196 0.3000000119
111973  -34.096  -30.514  -24.158 0.3000000119
51722  -31.976  -29.210  -25.858 0.3000000119
45909  -36.233  -33.948  -28.710 0.6999999881
46921  -36.683  -33.354  -29.341 0.6999999881
47909  -36.091  -32.957  -32.142 0.8000000119
47938  -34.674  -32.461  -33.209 0.8000000119
113921  -34.370  -31.602  -33.130 0.8000000119
113395  -30.060  -33.621  -34.360 0.8000000119
129628  -29.543  -33.013  -34.154 0.8000000119
47955  -30.315  -32.893  -33.985 0.8000000119
48913  -31.189  -31.486  -33.528 0.8000000119
116760  -31.999  -31.688  -33.530 0.8000000119
45957  -27.309  -33.756  -34.899 0.8000000119
47934  -30.522  -32.113  -33.634 0.8000000119
46981  -27.030  -33.618  -35.111 0.8000000119
47973  -26.898  -33.166  -35.243 0.6999999881
47974  -27.549  -32.904  -35.670 0.6000000238
46873  -35.753  -33.770  -24.137 0.6000000238
45879  -36.247  -34.255  -25.543 0.6999999881
47835  -34.790  -32.510  -23.067 0.4000000060
46860  -36.016  -32.857  -23.926 0.6000000238
46884  -36.572  -33.506  -25.309 0.6999999881
47837  -36.206  -32.034  -24.029 0.4000000060
46894  -36.706  -33.680  -26.021 0.6999999881
46895  -37.197  -32.935  -26.522 0.6999999881
114530  -36.488  -33.625  -27.791 0.6999999881
49782  -35.091  -29.351  -24.687 0.3000000119
132552  -36.708  -31.765  -24.642 0.4000000060
47860  -37.574  -32.186  -25.802 0.6000000238
47880  -37.449  -32.410  -27.352 0.6999999881
46922  -37.100  -32.725  -28.924 0.6999999881
47886  -37.427  -32.196  -28.297 0.6999999881
47896  -37.011  -32.623  -29.900 0.6999999881
47900  -37.279  -31.802  -30.049 0.6999999881
46947  -34.903  -33.327  -33.178 0.8000000119
48890  -35.984  -32.064  -32.249 0.8000000119
47936  -32.849  -31.940  -33.496 0.8000000119
115313  -34.846  -31.104  -32.706 0.8000000119
47935  -31.415  -32.276  -33.623 0.8000000119
49872  -32.437  -30.328  -33.401 0.8000000119
47931  -27.236  -32.241  -34.156 0.8000000119
47933  -29.564  -32.412  -33.817 0.8000000119
48912  -30.435  -31.240  -33.509 0.8000000119
128131  -30.984  -30.812  -33.499 0.8000000119
48911  -29.688  -31.657  -33.574 0.8000000119
129029  -29.410  -33.260  -36.154 0.6000000238
47964  -26.559  -32.805  -34.930 0.8000000119
48935  -26.439  -32.059  -35.061 0.6999999881
49890  -26.804  -31.032  -35.336 0.6999999881
129193  -35.198  -33.896  -23.381 0.6000000238
46874  -36.376  -33.271  -24.594 0.6000000238
48807  -35.800  -31.431  -23.782 0.3000000119
46885  -37.087  -32.875  -25.672 0.6000000238
49771  -34.899  -30.090  -24.369 0.3000000119
48821  -36.481  -31.178  -24.460 0.3000000119
47851  -37.176  -31.892  -24.954 0.5000000000
121935  -37.047  -30.649  -24.952 0.3000000119
48822  -37.250  -31.283  -24.964 0.5000000000
47873  -37.601  -32.202  -26.564 0.6999999881
51724  -33.451  -28.641  -25.644 0.3000000119
51725  -35.025  -28.597  -25.158 0.3000000119
49797  -37.801  -30.451  -26.126 0.4000000060
48855  -37.686  -31.593  -27.618 0.6999999881
132620  -33.040  -27.746  -26.370 0.3000000119
48863  -37.581  -31.433  -28.485 0.6000000238
48877  -37.299  -31.039  -30.208 0.6000000238
48874  -37.509  -31.141  -29.386 0.6000000238
48891  -36.405  -31.389  -31.548 0.8000000119
48876  -36.923  -31.616  -30.771 0.6999999881
49833  -37.467  -30.504  -29.743 0.6000000238
49838  -36.799  -30.770  -30.844 0.6999999881
49839  -37.204  -30.218  -30.257 0.6999999881
48916  -35.217  -31.843  -32.781 0.8000000119
49850  -35.619  -31.029  -32.211 0.8000000119
49851  -36.156  -30.420  -31.483 0.6999999881
50763  -36.535  -29.783  -30.850 0.6999999881
118558  -34.092  -30.679  -32.966 0.8000000119
50779  -35.447  -29.969  -31.903 0.6999999881
128754  -35.920  -29.543  -31.389 0.6999999881
49873  -33.207  -30.558  -33.279 0.8000000119
50798  -34.837  -29.385  -32.257 0.6999999881
116618  -35.404  -29.056  -31.738 0.6999999881
46965  -28.972  -33.500  -34.416 0.8000000119
47932  -28.639  -31.965  -33.719 0.8000000119
119007  -31.744  -30.802  -33.490 0.8000000119
115446  -33.519  -29.381  -32.941 0.8000000119
49870  -30.319  -30.397  -33.502 0.8000000119
129232  -31.822  -30.032  -33.459 0.8000000119
46964  -27.844  -33.401  -34.551 0.8000000119
48909  -27.759  -31.398  -33.673 0.8000000119
49869  -29.372  -30.449  -33.505 0.8000000119
50793  -30.568  -29.498  -33.582 0.8000000119
47953  -26.912  -33.022  -34.741 0.8000000119
48924  -26.104  -31.397  -33.902 0.8000000119
48929  -25.559  -31.362  -34.282 0.6999999881
133651  -28.693  -32.839  -35.867 0.6000000238
47989  -29.682  -32.527  -35.674 0.6000000238
112944  -26.195  -32.021  -34.500 0.8000000119
48934  -25.669  -31.210  -34.657 0.6999999881
49900  -26.149  -30.283  -35.229 0.6999999881
47862  -38.916  -31.826  -25.406 0.5000000000
48834  -37.803  -31.544  -26.025 0.5000000000
49772  -35.962  -29.977  -24.424 0.3000000119
49774  -37.450  -30.872  -25.306 0.4000000060
48835  -37.965  -31.014  -25.871 0.5000000000
48846  -37.786  -31.657  -26.828 0.6000000238
114093  -36.167  -28.949  -24.864 0.3000000119
48856  -37.919  -30.917  -26.894 0.5000000000
128762  -37.767  -30.784  -27.757 0.6000000238
52788  -35.863  -27.958  -25.315 0.3000000119
119212  -36.601  -28.401  -25.334 0.3000000119
128179  -37.896  -29.986  -26.992 0.6000000238
49823  -37.730  -29.958  -28.092 0.6000000238
53841  -33.513  -27.140  -26.410 0.3000000119
52800  -34.365  -27.118  -26.019 0.3000000119
51737  -37.652  -28.211  -26.129 0.3000000119
53870  -34.117  -26.349  -26.457 0.3000000119
123103  -37.619  -30.279  -29.076 0.6000000238
53868  -32.328  -26.612  -27.292 0.3000000119
50764  -37.073  -29.301  -30.215 0.6999999881
119477  -36.413  -28.901  -30.752 0.6999999881
51817  -32.384  -28.715  -33.406 0.8000000119
51819  -34.122  -28.750  -32.568 0.6999999881
51820  -34.936  -28.455  -32.125 0.6999999881
51818  -33.268  -28.645  -33.035 0.6999999881
50794  -31.507  -29.278  -33.535 0.8000000119
51816  -31.583  -28.352  -33.655 0.6999999881
49868  -28.336  -30.629  -33.541 0.8000000119
51813  -28.875  -29.091  -33.794 0.6999999881
50792  -29.670  -29.690  -33.579 0.8000000119
51815  -30.792  -28.683  -33.730 0.6000000238
48939  -31.407  -31.630  -35.413 0.6000000238
49880  -26.141  -30.546  -33.814 0.6999999881
50805  -25.640  -30.018  -34.424 0.6999999881
50806  -26.531  -29.606  -33.976 0.6999999881
48937  -29.052  -31.279  -35.452 0.6999999881
49889  -25.578  -30.479  -34.888 0.6999999881
53969  -27.172  -25.693  -36.022 0.5000000000
53970  -27.706  -26.110  -36.275 0.5000000000
50735  -37.856  -29.371  -27.326 0.6000000238
50750  -37.805  -28.983  -28.018 0.6000000238
117983  -37.664  -28.015  -29.013 0.6000000238
51794  -36.863  -28.319  -30.268 0.6999999881
50780  -35.902  -28.810  -31.246 0.6999999881
54988  -30.543  -25.701  -28.487 0.3000000119
51807  -35.523  -28.208  -31.566 0.6999999881
51814  -29.881  -28.890  -33.785 0.6999999881
131273  -33.628  -27.788  -32.833 0.6999999881
52882  -34.474  -27.818  -32.389 0.6000000238
114214  -32.896  -28.076  -33.244 0.6999999881
49867  -27.182  -30.831  -33.643 0.6999999881
50807  -27.736  -29.310  -33.777 0.6999999881
51829  -29.091  -28.307  -34.163 0.6999999881
51830  -30.153  -28.152  -34.065 0.6000000238
129609  -26.851  -28.804  -34.175 0.6999999881
113325  -29.833  -31.757  -35.473 0.6000000238
48938  -30.661  -31.245  -35.399 0.5000000000
50816  -25.722  -29.480  -35.080 0.6999999881
51865  -26.019  -28.499  -35.217 0.6999999881
50834  -27.156  -28.524  -35.622 0.6999999881
51850  -28.402  -28.672  -35.882 0.6000000238
115384  -37.933  -28.328  -27.598 0.5000000000
52826  -37.976  -27.706  -27.626 0.4000000060
51782  -37.854  -28.212  -28.256 0.6000000238
52844  -37.861  -27.447  -28.373 0.5000000000
117982  -37.279  -26.842  -29.866 0.6000000238
56097  -30.644  -24.713  -28.645 0.3000000119
117051  -31.138  -25.169  -28.399 0.3000000119
51808  -36.166  -27.973  -30.946 0.6999999881
52877  -35.643  -27.363  -31.463 0.6000000238
52878  -36.215  -26.962  -30.966 0.6000000238
115473  -35.122  -27.649  -31.973 0.6000000238
52880  -31.616  -27.641  -33.771 0.6000000238
53919  -34.207  -27.110  -32.567 0.6000000238
51828  -27.824  -28.481  -34.108 0.6999999881
51831  -30.995  -27.917  -33.964 0.6000000238
52881  -32.246  -27.856  -33.534 0.6000000238
52890  -29.440  -27.456  -34.404 0.6000000238
51839  -25.677  -28.189  -34.945 0.6999999881
50818  -27.905  -29.466  -35.583 0.6999999881
133989  -29.339  -30.450  -35.435 0.6000000238
49893  -30.742  -30.200  -35.500 0.5000000000
50819  -29.132  -29.548  -35.585 0.6000000238
49892  -30.037  -29.897  -35.501 0.6000000238
50820  -30.904  -29.149  -35.836 0.5000000000
52912  -26.429  -27.270  -35.243 0.6000000238
51866  -26.522  -27.686  -35.423 0.5000000000
51868  -28.874  -28.083  -36.282 0.5000000000
117587  -29.809  -28.241  -36.279 0.5000000000
52924  -28.258  -27.208  -36.298 0.5000000000
53971  -29.055  -26.586  -36.512 0.5000000000
54985  -37.906  -26.303  -27.653 0.4000000060
53872  -37.962  -26.980  -27.662 0.4000000060
54991  -37.903  -25.650  -28.016 0.4000000060
54982  -35.361  -24.858  -26.566 0.4000000060
52855  -37.633  -27.168  -29.169 0.6000000238
56098  -31.405  -24.445  -28.478 0.3000000119
57098  -31.724  -23.623  -28.568 0.3000000119
56100  -33.047  -23.883  -27.768 0.3000000119
58041  -31.458  -22.338  -29.237 0.3000000119
53913  -35.698  -26.537  -31.482 0.6000000238
115725  -34.118  -26.443  -32.667 0.5000000000
52883  -35.202  -26.918  -31.925 0.6000000238
53916  -32.086  -26.981  -33.682 0.6000000238
53917  -32.893  -26.440  -33.377 0.6000000238
52892  -31.237  -27.183  -34.034 0.6000000238
53918  -33.577  -26.829  -32.975 0.6000000238
52891  -30.471  -27.454  -34.236 0.6000000238
55042  -32.212  -26.061  -33.714 0.6000000238
52889  -27.929  -27.622  -34.425 0.6999999881
120218  -30.078  -26.095  -34.500 0.6000000238
52902  -26.250  -27.326  -35.048 0.6999999881
118138  -26.974  -26.928  -35.908 0.5000000000
51867  -27.658  -27.797  -35.963 0.5000000000
55097  -28.348  -25.531  -36.518 0.5000000000
54953  -37.109  -25.704  -26.513 0.4000000060
53882  -37.845  -26.504  -28.508 0.4000000060
112093  -37.637  -24.936  -27.567 0.4000000060
56093  -37.025  -24.310  -27.178 0.4000000060
53894  -37.596  -26.424  -29.340 0.4000000060
53909  -37.343  -26.008  -29.901 0.4000000060
53908  -36.774  -26.468  -30.446 0.5000000000
57122  -32.037  -22.847  -28.688 0.3000000119
58019  -32.900  -22.599  -28.437 0.3000000119
57100  -33.424  -23.109  -27.935 0.4000000060
58042  -32.332  -22.122  -28.925 0.3000000119
57089  -34.204  -22.915  -27.660 0.4000000060
55036  -35.726  -25.712  -31.554 0.5000000000
53914  -36.261  -26.085  -31.025 0.6000000238
53920  -35.197  -26.167  -32.016 0.5000000000
55044  -33.660  -25.876  -33.025 0.5000000000
114774  -34.666  -25.049  -32.537 0.5000000000
53930  -30.609  -26.683  -34.331 0.6000000238
55056  -31.690  -25.675  -33.995 0.6000000238
53942  -27.911  -25.927  -34.896 0.6000000238
55054  -29.959  -25.376  -34.575 0.6000000238
53941  -27.088  -26.592  -35.135 0.5000000000
53954  -27.142  -26.487  -35.537 0.5000000000
55078  -27.223  -25.400  -35.958 0.5000000000
55096  -27.423  -25.058  -36.106 0.5000000000
55112  -28.155  -24.967  -36.548 0.5000000000
55098  -29.356  -25.564  -36.571 0.5000000000
54983  -37.297  -25.028  -26.880 0.4000000060
55010  -37.722  -25.625  -29.029 0.4000000060
119509  -37.805  -24.993  -28.319 0.4000000060
56118  -37.665  -24.684  -28.983 0.4000000060
55032  -37.351  -25.137  -29.794 0.4000000060
56101  -37.590  -24.234  -28.090 0.4000000060
55031  -36.816  -25.600  -30.464 0.4000000060
55037  -36.340  -25.215  -31.095 0.5000000000
58938  -31.294  -21.022  -29.803 0.3000000119
56153  -35.166  -24.572  -32.311 0.4000000060
119213  -34.121  -25.177  -32.837 0.5000000000
56149  -32.226  -25.299  -33.774 0.6000000238
55043  -32.874  -25.574  -33.469 0.5000000000
56152  -34.359  -24.301  -32.925 0.5000000000
55055  -30.898  -25.719  -34.311 0.6000000238
123479  -32.298  -24.689  -33.842 0.5000000000
56150  -32.742  -24.944  -33.606 0.5000000000
55065  -28.133  -25.412  -35.234 0.5000000000
55053  -29.001  -25.902  -34.753 0.6000000238
56161  -30.607  -24.810  -34.442 0.6000000238
56162  -31.574  -24.890  -34.116 0.6000000238
56160  -29.833  -24.704  -34.698 0.6000000238
56186  -27.519  -24.830  -35.956 0.5000000000
56207  -27.946  -24.535  -36.232 0.5000000000
55099  -30.272  -25.389  -36.473 0.5000000000
56173  -28.229  -24.611  -35.597 0.5000000000
60756  -30.440  -19.270  -31.137 0.3000000119
60757  -31.664  -19.039  -30.736 0.4000000060
61697  -32.513  -18.601  -30.638 0.4000000060
57164  -31.094  -24.087  -34.416 0.5000000000
61696  -30.999  -18.569  -31.308 0.4000000060
57163  -30.152  -24.116  -34.734 0.5000000000
58102  -33.331  -22.784  -34.303 0.5000000000
131745  -33.884  -22.932  -33.858 0.5000000000
57175  -29.578  -23.605  -35.367 0.5000000000
58101  -31.944  -22.811  -34.840 0.5000000000
56187  -28.122  -24.142  -35.985 0.5000000000
57195  -28.965  -23.239  -36.008 0.6000000238
56210  -30.382  -24.452  -36.578 0.5000000000
56223  -28.307  -24.413  -36.485 0.6000000238
57229  -29.161  -23.177  -36.954 0.5000000000
56225  -29.559  -23.656  -36.878 0.6000000238
57214  -30.439  -23.497  -36.968 0.4000000060
119619  -31.886  -18.243  -31.094 0.4000000060
128558  -33.999  -18.978  -29.752 0.4000000060
57176  -30.539  -23.468  -34.894 0.5000000000
58100  -31.008  -22.895  -35.186 0.5000000000
130760  -29.887  -22.873  -35.764 0.5000000000
58120  -30.535  -22.207  -36.029 0.5000000000
58978  -31.453  -22.365  -35.448 0.5000000000
56208  -28.388  -23.966  -36.328 0.5000000000
58134  -29.273  -22.555  -36.985 0.5000000000
57231  -30.596  -22.538  -37.619 0.4000000060
58151  -29.486  -22.444  -37.227 0.5000000000
57230  -29.745  -22.740  -37.287 0.5000000000
61681  -33.288  -18.154  -30.582 0.4000000060
62625  -30.990  -17.192  -32.072 0.4000000060
58119  -29.617  -22.179  -36.745 0.4000000060
58135  -29.854  -21.660  -37.442 0.4000000060
58152  -30.036  -21.743  -37.840 0.5000000000
58153  -30.955  -21.775  -38.300 0.3000000119
58979  -32.258  -22.187  -35.290 0.4000000060
59000  -30.013  -21.312  -36.960 0.4000000060
58161  -30.470  -21.066  -38.346 0.5000000000
58162  -31.461  -21.211  -38.626 0.4000000060
59044  -31.030  -20.719  -38.445 0.4000000060
115222  -30.441  -20.824  -37.187 0.4000000060
58137  -34.384  -22.445  -37.317 0.4000000060
59021  -30.029  -20.831  -37.743 0.4000000060
59045  -32.066  -20.769  -38.595 0.4000000060
59888  -32.404  -20.143  -36.989 0.4000000060
59037  -33.621  -21.312  -38.328 0.4000000060
58136  -33.403  -22.096  -37.967 0.4000000060
58155  -34.218  -21.788  -37.857 0.4000000060
58138  -35.104  -22.511  -36.663 0.4000000060
59912  -31.803  -20.368  -37.743 0.4000000060
59919  -31.810  -20.441  -38.322 0.3000000119
59046  -33.022  -20.697  -38.587 0.4000000060
60826  -32.768  -19.740  -37.440 0.4000000060
60806  -33.072  -19.772  -36.621 0.4000000060
59920  -32.764  -20.131  -38.338 0.3000000119
59047  -33.779  -20.672  -38.383 0.4000000060
59023  -34.964  -21.766  -37.313 0.4000000060
60833  -32.484  -20.073  -37.994 0.3000000119
59913  -34.175  -20.047  -38.257 0.4000000060
59038  -34.479  -21.029  -38.013 0.5000000000
60834  -33.271  -19.443  -37.738 0.4000000060
60841  -33.566  -19.607  -38.151 0.4000000060
130839  -23.777  -45.775  -32.464 0.6999999881
34131  -24.980  -46.223  -29.963 0.6999999881
27059  -27.627  -54.556  -28.077 0.6000000238
126228  -27.111  -47.898  -28.947 0.6999999881
36085  -25.374  -43.989  -29.807 0.8000000119
32211  -28.857  -48.364  -28.296 0.6000000238
34098  -28.902  -46.725  -28.364 0.6000000238
29507  -27.668  -51.646  -25.654 0.4000000060
38185  -31.629  -42.543  -30.310 0.8000000119
38104  -30.198  -42.984  -23.891 0.5000000000
38106  -31.788  -42.717  -24.718 0.6000000238
39113  -32.327  -40.597  -26.833 0.6999999881
134637  -32.809  -37.581  -29.645 0.6999999881
129560  -36.938  -32.241  -30.575 0.6999999881
46875  -37.522  -31.784  -25.250 0.6000000238
47897  -37.382  -32.002  -29.222 0.6999999881
113035  -35.393  -33.150  -23.356 0.6000000238
49785  -37.877  -30.963  -25.447 0.5000000000
51762  -37.962  -28.007  -26.916 0.4000000060
134583  -34.763  -27.213  -32.252 0.6000000238
56209  -29.498  -24.627  -36.647 0.5000000000
56137  -37.330  -24.240  -29.636 0.4000000060
59001  -31.259  -21.560  -36.195 0.4000000060
31333  -26.528  -49.423  -31.150 0.5000000000
31319  -27.348  -49.375  -30.781 0.5000000000
33198  -30.009  -47.807  -30.517 0.5000000000
27057  -25.925  -55.042  -29.003 0.5000000000
34135  -29.682  -46.322  -30.428 0.6999999881
35077  -23.407  -45.694  -30.816 0.6999999881
36133  -23.807  -44.039  -32.679 0.6999999881
36132  -22.836  -43.552  -32.963 0.6999999881
37140  -25.957  -43.218  -31.540 0.6999999881
125464  -24.273  -43.336  -32.565 0.6999999881
34137  -31.072  -45.993  -30.778 0.6999999881
36134  -31.495  -45.011  -32.492 0.6000000238
122494  -29.892  -44.031  -34.535 0.5000000000
37137  -23.188  -42.928  -31.310 0.6999999881
36104  -31.284  -44.747  -30.736 0.6999999881
29558  -27.086  -51.458  -29.198 0.6000000238
37138  -23.739  -42.798  -30.971 0.6999999881
37227  -28.295  -43.250  -36.079 0.4000000060
35067  -26.847  -45.709  -29.179 0.8000000119
37165  -31.614  -43.354  -30.609 0.8000000119
130766  -28.305  -48.752  -28.491 0.6999999881
118790  -26.401  -43.889  -29.364 0.6999999881
27019  -27.415  -54.628  -26.282 0.5000000000
115661  -25.025  -39.897  -30.269 0.8000000119
38252  -28.480  -42.626  -35.611 0.5000000000
29527  -28.773  -51.537  -26.611 0.6000000238
41098  -24.107  -39.616  -32.049 0.8000000119
39201  -30.116  -42.198  -34.941 0.6999999881
38277  -27.800  -42.039  -36.106 0.6000000238
30386  -29.287  -50.299  -26.369 0.6000000238
38164  -31.012  -42.004  -29.883 0.8000000119
39234  -27.531  -41.097  -36.107 0.6000000238
121212  -30.788  -40.547  -36.865 0.4000000060
129926  -26.666  -51.664  -25.540 0.3000000119
29508  -28.416  -51.603  -25.906 0.5000000000
34073  -30.316  -46.927  -27.354 0.6000000238
32191  -30.212  -48.212  -26.592 0.5000000000
30362  -28.212  -50.759  -25.622 0.5000000000
30363  -29.047  -50.214  -25.799 0.5000000000
43057  -26.601  -36.325  -30.143 0.8000000119
40138  -27.302  -40.178  -36.024 0.6999999881
42184  -30.345  -38.111  -36.636 0.6000000238
42186  -32.227  -38.190  -37.259 0.4000000060
35034  -30.705  -46.196  -27.178 0.6000000238
33120  -28.098  -48.272  -25.095 0.5000000000
33140  -30.382  -47.552  -26.262 0.5000000000
33101  -29.303  -47.386  -24.760 0.5000000000
34993  -29.731  -45.727  -24.539 0.6000000238
33100  -28.514  -47.556  -24.801 0.5000000000
34059  -30.534  -46.921  -25.971 0.5000000000
36025  -28.423  -44.708  -24.401 0.6000000238
33121  -29.824  -47.474  -25.092 0.5000000000
126984  -30.653  -46.295  -25.726 0.5000000000
37066  -30.388  -43.779  -24.258 0.5000000000
37077  -31.130  -44.069  -24.780 0.6000000238
34994  -30.450  -45.479  -24.848 0.6000000238
116746  -31.613  -41.941  -24.207 0.5000000000
39091  -31.464  -41.294  -23.852 0.5000000000
42050  -30.652  -39.124  -22.723 0.4000000060
44899  -31.009  -34.989  -28.913 0.6999999881
41114  -33.195  -39.783  -32.309 0.8000000119
44032  -30.540  -36.478  -36.664 0.6999999881
43030  -32.413  -37.091  -27.592 0.6999999881
121515  -31.708  -39.179  -23.184 0.5000000000
43914  -31.618  -36.124  -28.325 0.6999999881
43111  -27.781  -37.432  -35.858 0.8000000119
39100  -32.519  -41.312  -25.353 0.6000000238
40037  -32.458  -40.620  -24.731 0.6000000238
123968  -31.406  -36.304  -22.600 0.3000000119
44901  -31.971  -35.130  -29.009 0.6999999881
44004  -27.890  -36.594  -35.811 0.8000000119
43992  -28.306  -36.219  -35.557 0.8000000119
45016  -28.617  -35.814  -36.301 0.6000000238
45017  -29.787  -35.751  -36.596 0.6000000238
46002  -29.092  -34.591  -36.557 0.6000000238
46000  -27.648  -34.394  -36.015 0.8000000119
41041  -33.192  -39.203  -25.424 0.6999999881
43887  -32.738  -36.725  -23.271 0.4000000060
44902  -32.905  -35.403  -28.831 0.6999999881
44910  -35.219  -35.109  -29.469 0.6999999881
44970  -29.158  -35.652  -35.308 0.8000000119
44983  -27.879  -35.857  -35.865 0.8000000119
45899  -35.040  -34.776  -27.849 0.6999999881
130462  -32.275  -33.146  -23.019 0.3000000119
46924  -36.514  -33.462  -30.324 0.6999999881
44947  -34.372  -35.682  -33.283 0.8000000119
44948  -34.888  -35.585  -32.697 0.8000000119
43904  -34.989  -36.377  -26.019 0.6999999881
43905  -35.221  -35.689  -26.335 0.6999999881
45891  -35.530  -34.819  -26.939 0.6999999881
46858  -33.056  -33.278  -22.756 0.3000000119
45846  -34.663  -34.392  -23.290 0.5000000000
112059  -34.642  -33.440  -22.989 0.4000000060
130743  -36.090  -34.160  -27.148 0.6999999881
48805  -32.121  -31.879  -23.512 0.3000000119
46913  -37.086  -32.906  -28.062 0.6999999881
45863  -35.320  -34.588  -23.978 0.6000000238
48806  -35.054  -31.689  -23.383 0.3000000119
48820  -35.298  -30.830  -23.862 0.3000000119
50696  -33.218  -29.932  -24.696 0.3000000119
46861  -36.534  -32.443  -24.532 0.6000000238
112300  -36.855  -32.649  -25.081 0.6000000238
46905  -36.998  -33.111  -27.343 0.6999999881
49874  -34.850  -30.327  -32.457 0.8000000119
50796  -32.989  -29.851  -33.236 0.8000000119
49871  -31.164  -30.138  -33.506 0.8000000119
48936  -27.743  -31.711  -35.487 0.6000000238
47975  -28.802  -32.159  -35.578 0.6000000238
49763  -36.067  -30.704  -24.192 0.3000000119
47836  -35.558  -32.277  -23.514 0.5000000000
48824  -39.496  -31.920  -25.169 0.5000000000
48847  -37.846  -31.121  -26.167 0.5000000000
52786  -33.696  -27.898  -25.938 0.3000000119
49822  -37.645  -30.744  -28.571 0.6000000238
134232  -37.578  -29.184  -29.221 0.6000000238
50797  -34.176  -29.769  -32.672 0.6999999881
50817  -27.241  -30.148  -35.449 0.6999999881
51726  -37.022  -28.927  -25.323 0.3000000119
51727  -37.506  -28.805  -25.738 0.3000000119
53869  -33.189  -26.336  -26.829 0.3000000119
53842  -35.029  -26.333  -26.100 0.3000000119
51781  -37.700  -28.772  -28.831 0.6000000238
51785  -37.416  -28.730  -29.559 0.6000000238
51838  -25.577  -29.048  -34.824 0.6999999881
51827  -25.963  -28.884  -34.525 0.6999999881
52869  -37.296  -27.726  -29.725 0.6000000238
52868  -36.759  -27.363  -30.377 0.6999999881
114213  -32.892  -27.337  -33.302 0.6000000238
52888  -26.407  -27.876  -34.577 0.6999999881
112974  -29.967  -30.851  -35.406 0.5000000000
52825  -37.979  -27.293  -27.089 0.4000000060
53928  -28.059  -26.670  -34.694 0.6000000238
53929  -29.629  -26.682  -34.530 0.6000000238
118772  -30.003  -29.141  -35.753 0.6000000238
52925  -29.496  -27.674  -36.420 0.4000000060
54984  -37.696  -25.776  -27.133 0.4000000060
56091  -34.895  -24.103  -26.999 0.4000000060
57121  -31.321  -23.087  -28.909 0.3000000119
55045  -34.522  -25.816  -32.513 0.5000000000
53927  -26.836  -27.083  -34.772 0.5000000000
58043  -33.067  -21.933  -28.645 0.4000000060
55046  -35.193  -25.377  -32.125 0.5000000000
56136  -36.838  -24.702  -30.437 0.4000000060
56142  -35.745  -24.856  -31.668 0.4000000060
56151  -33.456  -24.882  -33.305 0.5000000000
56174  -29.265  -24.283  -35.154 0.6000000238
133409  -31.016  -19.163  -30.986 0.3000000119
60744  -33.274  -18.854  -30.229 0.4000000060
57177  -31.554  -23.413  -34.563 0.5000000000
59022  -30.578  -20.513  -37.781 0.4000000060
59887  -31.679  -20.696  -36.814 0.4000000060
59039  -35.163  -20.982  -37.456 0.4000000060
60827  -33.323  -19.090  -37.152 0.4000000060
59024  -35.572  -21.223  -36.758 0.3000000119
28775  -19.240  -52.425  -31.061 0.5000000000
28798  -19.784  -52.256  -31.878 0.5000000000
27085  -21.029  -53.895  -30.327 0.4000000060
27900  -20.240  -52.875  -30.517 0.5000000000
28776  -19.705  -52.135  -30.924 0.5000000000
29565  -19.823  -51.834  -31.257 0.6000000238
30429  -20.485  -50.194  -31.929 0.6000000238
27901  -21.444  -53.093  -30.428 0.5000000000
27902  -22.484  -53.204  -30.337 0.5000000000
29567  -21.003  -51.490  -30.905 0.5000000000
27885  -22.897  -53.927  -30.123 0.5000000000
30430  -20.630  -50.111  -31.745 0.6000000238
31329  -20.374  -49.221  -31.936 0.6000000238
29583  -20.536  -50.949  -31.555 0.6000000238
32236  -20.375  -48.483  -31.877 0.6000000238
32247  -20.752  -48.611  -32.306 0.6000000238
121409  -20.464  -47.862  -32.084 0.6000000238
32248  -21.614  -48.661  -32.676 0.6000000238
33219  -22.599  -47.860  -32.754 0.6000000238
33218  -21.788  -47.339  -32.781 0.6000000238
28779  -23.048  -52.423  -30.399 0.5000000000
29568  -22.180  -51.554  -30.701 0.5000000000
30416  -21.317  -50.819  -31.177 0.6000000238
129368  -23.396  -53.879  -30.011 0.5000000000
31330  -20.740  -49.287  -31.673 0.6000000238
27073  -24.330  -54.452  -29.550 0.5000000000
117347  -23.897  -53.773  -29.914 0.5000000000
33208  -20.506  -47.793  -31.788 0.6000000238
129108  -20.957  -47.351  -32.437 0.6000000238
33220  -23.691  -47.649  -32.364 0.6000000238
117505  -22.497  -50.784  -30.831 0.5000000000
120076  -24.146  -52.882  -30.160 0.5000000000
28780  -23.889  -52.034  -30.344 0.5000000000
29569  -23.241  -51.484  -30.504 0.5000000000
131417  -22.872  -50.025  -30.849 0.5000000000
31316  -22.071  -49.321  -31.210 0.6000000238
27887  -24.752  -53.647  -29.704 0.5000000000
28765  -24.761  -51.972  -30.124 0.5000000000
32238  -21.151  -48.549  -31.488 0.6000000238
120473  -25.183  -52.846  -29.785 0.5000000000
121750  -20.506  -47.039  -31.938 0.6000000238
33206  -20.492  -46.949  -32.007 0.6000000238
34160  -22.638  -46.816  -32.808 0.6000000238
133906  -21.897  -46.640  -32.831 0.6000000238
29555  -24.805  -51.141  -30.115 0.5000000000
126210  -24.005  -49.097  -30.334 0.5000000000
31317  -23.207  -49.249  -30.711 0.6000000238
32225  -23.567  -48.530  -30.565 0.6000000238
32224  -22.513  -48.551  -31.074 0.6000000238
33192  -23.014  -47.697  -30.937 0.6000000238
27074  -25.309  -54.396  -29.382 0.5000000000
121982  -21.144  -45.687  -32.357 0.6000000238
34159  -21.885  -45.817  -32.803 0.6000000238
30406  -25.089  -50.559  -29.910 0.5000000000
126593  -24.739  -50.017  -30.053 0.5000000000
31306  -24.748  -49.273  -29.977 0.5000000000
32226  -24.395  -48.548  -30.189 0.6000000238
133219  -25.548  -52.157  -29.705 0.5000000000
27888  -25.730  -53.611  -29.452 0.5000000000
28766  -26.231  -52.797  -29.427 0.6000000238
31307  -25.556  -49.070  -29.614 0.6000000238
125773  -25.323  -49.858  -29.737 0.5000000000
32218  -25.090  -48.430  -29.803 0.5000000000
33194  -24.793  -47.088  -30.080 0.6000000238
29557  -26.225  -51.867  -29.482 0.6000000238
30407  -25.780  -50.522  -29.609 0.6000000238
33193  -23.984  -47.298  -30.500 0.6000000238
28757  -27.301  -53.044  -29.000 0.5000000000
28767  -26.977  -52.320  -29.239 0.5000000000
27058  -26.844  -54.870  -28.567 0.4000000060
124966  -26.114  -49.747  -29.467 0.6000000238
32219  -25.803  -48.218  -29.513 0.6000000238
33182  -25.299  -47.639  -29.732 0.6000000238
34130  -24.149  -46.478  -30.508 0.6000000238
41177  -28.828  -39.704  -36.407 0.5000000000
47910  -36.547  -32.332  -31.393 0.6000000238
47988  -28.274  -33.548  -36.189 0.5000000000
46993  -30.425  -32.999  -35.806 0.5000000000
49891  -28.254  -30.539  -35.455 0.5000000000
59905  -35.588  -20.404  -37.107 0.4000000060
59906  -36.138  -20.592  -36.318 0.3000000119
59890  -36.717  -19.924  -35.879 0.3000000119
60810  -37.274  -19.335  -35.533 0.3000000119
27069  -20.618  -54.738  -30.112 0.4000000060
27083  -18.622  -53.568  -30.674 0.5000000000
27899  -19.200  -52.798  -30.770 0.5000000000
29596  -21.095  -50.964  -32.517 0.5000000000
27070  -21.616  -54.728  -30.013 0.4000000060
114509  -20.450  -50.869  -32.102 0.6000000238
31328  -20.457  -49.274  -32.067 0.6000000238
31338  -21.249  -49.422  -32.546 0.5000000000
31339  -22.079  -49.209  -32.777 0.5000000000
26288  -23.825  -55.251  -29.360 0.5000000000
27072  -23.402  -54.442  -29.741 0.5000000000
125211  -25.086  -56.116  -28.690 0.4000000060
25461  -26.118  -56.300  -28.222 0.4000000060
41179  -31.309  -39.761  -37.008 0.4000000060
41178  -30.230  -39.717  -36.693 0.4000000060
47014  -30.207  -33.825  -36.420 0.5000000000
46994  -31.136  -33.531  -36.041 0.5000000000
47976  -30.569  -32.213  -35.516 0.5000000000
51763  -37.919  -28.747  -27.125 0.4000000060
60829  -36.137  -19.622  -36.784 0.3000000119
135334  -37.610  -18.962  -35.335 0.3000000119
33191  -21.560  -47.803  -31.341 0.6000000238
27075  -26.273  -54.325  -29.137 0.5000000000
27889  -26.729  -53.665  -29.149 0.6000000238
26289  -24.880  -55.291  -29.165 0.4000000060
135459  -19.945  -51.648  -31.548 0.6000000238
27084  -19.804  -53.684  -30.367 0.4000000060
28777  -20.662  -52.171  -30.699 0.5000000000
29566  -20.161  -51.575  -31.152 0.6000000238
28778  -21.848  -52.335  -30.544 0.5000000000
27071  -22.522  -54.622  -29.856 0.5000000000
30418  -23.547  -50.694  -30.504 0.5000000000
30419  -24.416  -50.596  -30.246 0.5000000000
29556  -25.472  -51.327  -29.760 0.5000000000
26286  -22.099  -55.394  -29.552 0.4000000060
30439  -22.287  -50.005  -32.735 0.4000000060
31340  -22.875  -49.340  -32.668 0.4000000060
26287  -22.947  -55.296  -29.478 0.4000000060
126066  -27.535  -49.045  -25.357 0.4000000060
31270  -27.341  -49.992  -25.461 0.4000000060
33119  -27.406  -47.548  -25.063 0.4000000060
34042  -26.313  -46.279  -25.260 0.4000000060
35008  -27.117  -45.832  -24.875 0.4000000060
33099  -28.018  -46.985  -24.753 0.4000000060
128714  -25.715  -44.800  -25.399 0.3000000119
35007  -26.367  -45.331  -25.171 0.3000000119
36023  -26.530  -44.392  -25.032 0.4000000060
34023  -28.123  -46.221  -24.607 0.4000000060
34990  -27.037  -45.082  -24.814 0.5000000000
131549  -27.170  -43.743  -24.675 0.4000000060
36024  -27.502  -44.510  -24.625 0.5000000000
47850  -34.187  -31.882  -23.173 0.3000000119
50714  -37.808  -29.707  -26.100 0.3000000119
50704  -37.465  -29.498  -25.573 0.3000000119
115102  -37.746  -29.009  -26.041 0.3000000119
132367  -37.829  -28.635  -26.520 0.3000000119
57165  -32.132  -24.052  -34.113 0.4000000060
53844  -36.949  -26.523  -26.077 0.3000000119
121565  -36.418  -25.020  -26.538 0.3000000119
57166  -32.886  -23.796  -33.870 0.4000000060
57178  -32.588  -23.281  -34.321 0.4000000060
56092  -36.032  -24.118  -26.712 0.3000000119
56090  -33.953  -23.742  -27.506 0.3000000119
56165  -34.100  -23.460  -33.462 0.4000000060
57167  -33.388  -23.380  -33.872 0.4000000060
121491  -36.531  -23.712  -27.255 0.3000000119
57092  -37.134  -23.701  -27.651 0.3000000119
57090  -34.909  -23.213  -27.379 0.3000000119
57091  -35.803  -23.441  -27.170 0.3000000119
57104  -37.333  -23.476  -28.341 0.3000000119
116199  -37.547  -23.966  -28.869 0.3000000119
57102  -35.784  -22.691  -27.517 0.3000000119
57103  -36.692  -23.096  -27.718 0.3000000119
58024  -37.087  -22.757  -28.560 0.3000000119
57123  -37.321  -23.326  -29.287 0.3000000119
58020  -33.940  -22.180  -28.188 0.3000000119
57101  -34.938  -22.417  -27.658 0.3000000119
58921  -33.558  -21.250  -28.770 0.3000000119
59810  -32.726  -20.821  -29.414 0.3000000119
132881  -33.000  -20.229  -29.601 0.3000000119
132161  -35.134  -23.887  -32.536 0.3000000119
57156  -34.820  -23.403  -33.010 0.3000000119
62610  -32.265  -17.553  -31.348 0.3000000119
62608  -30.578  -17.837  -31.772 0.3000000119
116018  -32.708  -22.638  -34.697 0.3000000119
58022  -35.780  -21.970  -27.875 0.3000000119
58023  -36.489  -22.316  -28.096 0.3000000119
58067  -36.995  -22.825  -29.923 0.3000000119
57142  -36.853  -23.707  -30.348 0.3000000119
56143  -36.384  -24.316  -31.154 0.3000000119
58021  -34.980  -21.806  -27.997 0.3000000119
58900  -35.595  -21.328  -28.322 0.3000000119
58902  -36.806  -22.057  -28.821 0.3000000119
127421  -36.700  -22.999  -30.611 0.3000000119
57149  -36.426  -23.424  -31.200 0.3000000119
58899  -34.606  -21.314  -28.397 0.3000000119
58923  -35.332  -20.660  -28.652 0.3000000119
59793  -36.127  -20.793  -28.811 0.3000000119
118231  -35.777  -23.891  -31.879 0.3000000119
59827  -32.376  -20.106  -29.908 0.3000000119
59811  -33.705  -20.322  -29.270 0.3000000119
58922  -34.405  -20.677  -28.737 0.3000000119
57157  -35.475  -23.195  -32.477 0.3000000119
59828  -33.288  -19.616  -29.767 0.3000000119
58085  -35.202  -22.765  -33.015 0.3000000119
131572  -32.600  -17.988  -30.939 0.3000000119
62611  -33.253  -17.392  -30.956 0.3000000119
58091  -34.570  -22.704  -33.542 0.3000000119
58103  -33.990  -22.312  -34.179 0.3000000119
58980  -33.254  -22.031  -34.887 0.3000000119
59003  -33.442  -21.090  -35.315 0.3000000119
121724  -32.835  -20.574  -36.185 0.3000000119
59002  -32.507  -21.381  -35.756 0.3000000119
58045  -37.129  -22.556  -29.214 0.3000000119
58924  -36.578  -21.265  -29.252 0.3000000119
58044  -36.914  -22.060  -29.567 0.3000000119
58066  -36.774  -22.303  -30.345 0.3000000119
58080  -36.534  -22.570  -31.122 0.3000000119
59812  -34.828  -20.091  -29.048 0.3000000119
133929  -36.786  -21.601  -29.977 0.3000000119
60731  -34.355  -19.534  -29.440 0.3000000119
60732  -35.400  -19.480  -29.424 0.3000000119
58079  -36.107  -22.896  -31.850 0.3000000119
58959  -35.657  -21.600  -32.976 0.3000000119
58086  -35.746  -22.268  -32.531 0.3000000119
61682  -34.225  -18.306  -30.132 0.3000000119
62599  -34.014  -17.663  -30.491 0.3000000119
58092  -35.219  -22.122  -33.299 0.3000000119
63482  -33.798  -16.504  -31.166 0.3000000119
124965  -34.393  -17.027  -30.733 0.3000000119
58966  -34.674  -21.859  -33.898 0.3000000119
58981  -34.125  -21.443  -34.561 0.3000000119
112160  -36.656  -21.683  -30.764 0.3000000119
60733  -36.100  -19.599  -29.591 0.3000000119
60734  -36.404  -19.488  -30.131 0.3000000119
59829  -36.588  -20.184  -30.424 0.3000000119
59844  -36.556  -19.632  -31.196 0.3000000119
58952  -36.567  -20.829  -31.280 0.3000000119
58087  -36.377  -21.940  -31.697 0.3000000119
61683  -35.356  -18.194  -30.112 0.3000000119
60746  -35.993  -18.841  -29.864 0.3000000119
62600  -34.883  -17.583  -30.401 0.3000000119
62612  -35.286  -16.992  -30.811 0.3000000119
63484  -35.532  -16.496  -31.348 0.3000000119
58967  -35.265  -21.375  -33.557 0.3000000119
63483  -34.833  -16.317  -31.087 0.3000000119
58982  -34.800  -21.106  -34.167 0.3000000119
132871  -34.473  -20.899  -34.552 0.3000000119
59004  -34.128  -20.654  -34.975 0.3000000119
58960  -36.215  -21.300  -32.356 0.3000000119
120918  -36.360  -18.765  -30.656 0.3000000119
62601  -35.741  -17.645  -30.608 0.3000000119
62613  -35.935  -17.199  -31.144 0.3000000119
59853  -35.851  -20.873  -33.081 0.3000000119
131305  -34.580  -15.060  -31.793 0.3000000119
63485  -35.975  -16.938  -31.797 0.3000000119
64357  -34.284  -15.696  -31.429 0.3000000119
64358  -35.205  -15.622  -31.639 0.3000000119
59860  -35.354  -20.599  -33.798 0.3000000119
59872  -34.810  -20.357  -34.558 0.3000000119
60808  -34.277  -19.845  -35.356 0.3000000119
59889  -33.584  -20.223  -35.730 0.3000000119
60807  -33.690  -19.361  -36.255 0.3000000119
59854  -36.399  -20.217  -32.319 0.3000000119
60758  -36.470  -18.716  -31.578 0.3000000119
60769  -36.486  -19.349  -32.095 0.3000000119
62614  -36.187  -17.499  -31.630 0.3000000119
61708  -36.355  -18.012  -31.983 0.3000000119
61723  -36.384  -18.698  -32.609 0.3000000119
59861  -35.961  -20.039  -33.288 0.3000000119
60793  -35.452  -19.760  -34.073 0.3000000119
63496  -35.831  -16.182  -32.023 0.3000000119
62627  -36.208  -17.441  -32.197 0.3000000119
60792  -35.005  -19.449  -34.955 0.3000000119
61780  -33.794  -19.055  -37.767 0.3000000119
61773  -33.768  -18.756  -37.390 0.3000000119
60781  -36.332  -19.501  -32.776 0.3000000119
64368  -35.107  -14.796  -32.175 0.3000000119
60780  -36.022  -19.199  -33.469 0.3000000119
64369  -35.581  -15.423  -32.408 0.3000000119
62645  -36.074  -16.995  -32.698 0.3000000119
120605  -36.274  -17.822  -32.792 0.3000000119
61722  -36.068  -18.331  -33.529 0.3000000119
61736  -35.546  -18.808  -34.365 0.3000000119
61735  -35.065  -18.612  -35.396 0.3000000119
61751  -34.510  -18.225  -36.495 0.3000000119
121787  -34.357  -18.959  -35.901 0.3000000119
61768  -34.237  -18.245  -37.191 0.3000000119
61750  -33.786  -18.580  -36.872 0.3000000119
65244  -35.040  -14.083  -32.684 0.3000000119
65245  -35.462  -14.697  -32.857 0.3000000119
131582  -35.694  -15.408  -33.246 0.3000000119
134071  -35.981  -16.933  -33.392 0.3000000119
112035  -35.803  -16.957  -34.144 0.3000000119
62644  -35.752  -17.908  -34.268 0.3000000119
132996  -35.434  -18.190  -34.979 0.3000000119
128359  -35.159  -17.882  -35.834 0.3000000119
129278  -34.767  -17.524  -36.921 0.3000000119
124940  -34.635  -19.595  -37.893 0.3000000119
59914  -34.948  -20.292  -37.778 0.3000000119
65258  -35.427  -14.059  -33.362 0.3000000119
64383  -35.613  -14.928  -33.885 0.3000000119
63511  -35.892  -16.234  -33.124 0.3000000119
117911  -35.695  -15.915  -34.218 0.3000000119
63525  -35.557  -16.595  -35.369 0.3000000119
62659  -35.529  -17.489  -35.096 0.3000000119
129958  -35.311  -17.217  -36.053 0.3000000119
60836  -34.725  -18.921  -37.700 0.3000000119
60828  -35.323  -19.602  -37.496 0.3000000119
31341  -23.852  -49.401  -32.267 0.4000000060
114193  -25.626  -45.632  -25.438 0.3000000119
34024  -28.824  -46.869  -24.586 0.4000000060
56164  -33.507  -24.012  -33.508 0.4000000060
60743  -32.492  -19.343  -30.309 0.3000000119
62609  -31.394  -17.724  -31.549 0.3000000119
34041  -25.486  -46.420  -25.472 0.4000000060
118823  -25.912  -46.893  -25.389 0.4000000060
127011  -26.521  -47.141  -25.261 0.4000000060
34043  -27.216  -46.680  -24.967 0.4000000060
58901  -36.309  -21.586  -28.480 0.3000000119
59813  -35.774  -20.117  -29.145 0.3000000119
63481  -32.743  -16.786  -31.478 0.3000000119
62626  -31.791  -16.984  -31.748 0.3000000119
58940  -36.663  -20.911  -30.144 0.3000000119
59814  -36.370  -20.292  -29.602 0.3000000119
60745  -34.955  -18.814  -29.658 0.3000000119
61684  -36.065  -18.240  -30.427 0.3000000119
61698  -36.292  -17.964  -31.091 0.3000000119
127528  -36.038  -17.502  -33.505 0.3000000119
61774  -34.257  -18.567  -37.539 0.3000000119
39247  -30.203  -41.323  -36.746 0.4000000060
25412  -26.214  -56.859  -25.596 0.3000000119
24546  -26.310  -57.715  -25.795 0.3000000119
25429  -27.048  -56.913  -26.788 0.3000000119
37064  -26.408  -43.448  -25.030 0.3000000119
116376  -26.961  -43.080  -24.670 0.3000000119
33118  -26.504  -47.906  -25.314 0.3000000119
33117  -25.830  -47.508  -25.405 0.3000000119
130116  -27.177  -48.277  -25.254 0.3000000119
39235  -30.009  -42.005  -36.685 0.3000000119
25440  -26.049  -57.115  -27.842 0.4000000060
26274  -27.333  -55.317  -27.841 0.5000000000
27877  -27.607  -53.791  -28.473 0.6000000238
27884  -22.049  -53.951  -30.247 0.5000000000
27886  -23.336  -53.360  -30.200 0.5000000000
29549  -28.521  -51.917  -28.158 0.6000000238
29570  -24.136  -51.331  -30.334 0.5000000000
29581  -19.721  -51.986  -31.442 0.6000000238
29582  -20.253  -51.286  -31.666 0.6000000238
29595  -20.081  -51.586  -31.916 0.6000000238
30400  -28.246  -50.625  -28.495 0.6000000238
30417  -21.650  -50.079  -31.286 0.6000000238
30437  -20.743  -50.109  -32.257 0.6000000238
31291  -29.636  -49.631  -26.879 0.6000000238
31318  -23.963  -49.859  -30.377 0.5000000000
32220  -26.515  -48.026  -29.240 0.6999999881
32237  -20.236  -48.475  -31.853 0.6000000238
32249  -21.952  -48.101  -32.788 0.6000000238
33181  -24.643  -47.844  -30.109 0.6000000238
33207  -20.379  -47.796  -31.912 0.6000000238
34144  -20.710  -46.047  -32.067 0.6000000238
34145  -20.635  -45.961  -31.928 0.6999999881
34146  -20.755  -46.373  -31.745 0.6000000238
34158  -21.201  -46.544  -32.523 0.6000000238
35081  -29.121  -45.757  -30.417 0.6999999881
35084  -31.332  -45.471  -30.927 0.6999999881
35092  -21.219  -44.558  -31.951 0.6999999881
35110  -31.485  -45.502  -31.613 0.6000000238
36113  -21.548  -43.890  -32.120 0.6999999881
36114  -21.687  -43.543  -32.107 0.6999999881
36143  -28.665  -44.418  -35.033 0.5000000000
36154  -28.211  -44.960  -35.583 0.4000000060
37182  -23.229  -42.738  -33.017 0.6999999881
38183  -29.674  -42.837  -30.252 0.8000000119
38201  -23.856  -40.634  -32.505 0.6999999881
38219  -22.561  -42.064  -32.739 0.6999999881
38265  -27.938  -42.451  -36.005 0.5000000000
38278  -29.308  -42.365  -36.551 0.3000000119
39140  -31.258  -41.195  -29.712 0.8000000119
39149  -23.904  -40.057  -32.294 0.6999999881
39152  -27.178  -40.692  -30.900 0.8000000119
39154  -31.772  -41.742  -29.985 0.8000000119
39214  -30.260  -41.527  -35.031 0.6999999881
39215  -31.139  -41.304  -34.695 0.6999999881
39225  -27.683  -41.505  -36.059 0.6000000238
39245  -28.363  -41.450  -36.270 0.6000000238
39246  -29.340  -41.731  -36.570 0.4000000060
40028  -29.364  -40.764  -23.414 0.4000000060
40076  -32.279  -40.445  -29.867 0.8000000119
40082  -23.927  -39.596  -32.266 0.6999999881
40087  -33.015  -39.626  -30.790 0.8000000119
40092  -24.065  -39.610  -32.139 0.8000000119
40093  -24.996  -39.492  -31.505 0.8000000119
40128  -29.099  -40.312  -35.420 0.6999999881
40131  -32.154  -40.390  -34.346 0.8999999762
40144  -27.485  -40.263  -36.072 0.6999999881
40153  -28.064  -40.574  -36.188 0.6000000238
41028  -30.275  -39.673  -22.909 0.4000000060
41071  -33.107  -39.181  -26.185 0.6999999881
41090  -25.460  -37.666  -30.662 0.8999999762
41092  -28.728  -38.615  -30.136 0.8000000119
41094  -31.978  -39.818  -29.609 0.8000000119
41099  -24.620  -39.446  -31.440 0.8000000119
41113  -33.034  -39.914  -33.135 1.0000000000
41137  -31.687  -39.068  -35.018 0.8000000119
41148  -27.495  -39.472  -35.906 0.6999999881
41160  -27.383  -39.607  -36.025 0.6999999881
42110  -26.105  -36.710  -30.218 0.8000000119
42111  -26.124  -36.635  -30.037 0.8000000119
42114  -30.716  -37.273  -29.505 0.8000000119
42118  -33.570  -38.374  -30.475 0.8000000119
42140  -32.998  -38.864  -34.104 0.8000000119
43044  -27.569  -35.899  -29.941 0.8000000119
43056  -26.485  -36.287  -30.174 0.8000000119
43059  -28.688  -35.985  -29.647 0.8000000119
43062  -32.128  -36.576  -29.395 0.6999999881
43063  -33.448  -37.744  -29.949 0.6999999881
43091  -33.916  -37.455  -33.443 0.8000000119
43926  -29.477  -35.875  -29.252 0.8000000119
43959  -34.714  -36.525  -30.499 0.6999999881
44014  -32.164  -35.950  -36.772 0.6000000238
44891  -32.687  -35.555  -28.443 0.6999999881
44900  -31.392  -34.992  -29.014 0.6999999881
44907  -32.477  -35.309  -29.004 0.6999999881
44918  -35.442  -35.255  -30.407 0.6999999881
44996  -27.712  -35.043  -35.843 0.8000000119
45865  -36.224  -33.962  -24.872 0.6999999881
45962  -32.456  -34.679  -34.292 0.8000000119
45976  -28.217  -34.766  -35.194 0.8000000119
45987  -27.396  -34.233  -35.477 0.8000000119
46862  -40.519  -32.450  -25.121 0.5000000000
46876  -38.894  -32.111  -25.104 0.5000000000
46877  -39.817  -32.194  -25.004 0.5000000000
46944  -31.638  -33.024  -33.818 0.8000000119
46948  -35.564  -33.536  -32.591 0.8000000119
46992  -27.020  -33.564  -35.235 0.6999999881
47838  -40.585  -32.306  -24.953 0.5000000000
47852  -38.679  -32.004  -24.956 0.5000000000
47853  -39.936  -32.124  -24.887 0.5000000000
47854  -40.651  -32.303  -24.936 0.5000000000
47861  -37.902  -31.519  -25.540 0.5000000000
47863  -40.025  -32.762  -25.648 0.5000000000
47954  -28.498  -32.773  -34.171 0.8000000119
48808  -40.480  -31.824  -25.037 0.5000000000
48823  -38.510  -31.389  -24.860 0.5000000000
48825  -40.500  -32.221  -25.135 0.5000000000
48836  -39.145  -31.859  -25.239 0.5000000000
48837  -40.284  -32.333  -25.277 0.5000000000
48910  -28.992  -31.176  -33.531 0.8000000119
48914  -32.615  -31.112  -33.442 0.8000000119
48923  -25.478  -30.949  -34.155 0.6999999881
48930  -26.069  -31.818  -34.514 0.8000000119
48947  -25.897  -31.058  -35.080 0.6999999881
49764  -40.249  -31.653  -25.275 0.5000000000
49773  -36.670  -30.241  -24.714 0.3000000119
49775  -39.548  -32.072  -25.620 0.5000000000
49784  -37.556  -30.252  -25.634 0.3000000119
49786  -39.842  -32.241  -25.829 0.5000000000
49885  -25.410  -30.741  -34.503 0.6999999881
50715  -37.862  -29.229  -26.615 0.3000000119
50749  -37.671  -29.486  -28.835 0.6000000238
50756  -37.480  -29.699  -29.594 0.6000000238
50790  -27.490  -30.122  -33.637 0.6999999881
50791  -28.673  -29.874  -33.574 0.6999999881
50795  -32.318  -29.572  -33.388 0.8000000119
50810  -25.600  -29.761  -34.742 0.6999999881
50833  -26.634  -29.354  -35.412 0.6999999881
51848  -25.551  -28.683  -34.886 0.6999999881
51849  -25.829  -27.876  -35.040 0.6000000238
51851  -29.468  -28.654  -36.006 0.5000000000
52787  -34.728  -27.844  -25.572 0.3000000119
52789  -37.218  -28.269  -25.613 0.3000000119
53871  -37.867  -26.647  -27.056 0.4000000060
53931  -31.481  -26.389  -34.034 0.6000000238
53983  -27.642  -25.289  -36.309 0.5000000000
55064  -27.364  -25.867  -35.569 0.5000000000
55111  -27.828  -24.819  -36.351 0.5000000000
55113  -28.646  -24.782  -36.609 0.5000000000
56159  -29.084  -25.025  -34.916 0.6000000238
56163  -32.837  -24.368  -33.696 0.5000000000
56172  -27.426  -25.161  -35.810 0.5000000000
56224  -28.972  -24.029  -36.739 0.6000000238
57174  -28.638  -23.816  -35.767 0.5000000000
57194  -28.509  -23.689  -36.054 0.5000000000
57212  -28.356  -24.210  -36.447 0.5000000000
57213  -28.905  -23.326  -36.543 0.5000000000
57228  -28.744  -23.741  -36.602 0.6000000238
58133  -29.114  -23.023  -36.891 0.5000000000
59034  -29.988  -20.989  -38.053 0.4000000060
59035  -30.290  -20.650  -38.173 0.4000000060
59036  -32.591  -21.296  -38.575 0.4000000060
59911  -30.874  -20.448  -38.198 0.4000000060
59921  -33.447  -20.199  -38.393 0.3000000119
60835  -34.136  -19.223  -37.984 0.3000000119
113343  -31.017  -34.263  -36.470 0.6000000238
114851  -28.107  -42.705  -36.027 0.5000000000
114866  -31.697  -44.103  -30.893 0.8000000119
115138  -32.887  -29.232  -33.219 0.6999999881
116818  -25.764  -37.299  -30.659 0.8000000119
117018  -34.679  -34.895  -33.139 0.8000000119
117099  -38.426  -31.474  -24.783 0.5000000000
118973  -22.084  -45.424  -31.273 0.6999999881
119654  -35.809  -34.602  -29.781 0.6999999881
119776  -28.468  -52.182  -26.337 0.6000000238
120401  -36.713  -27.854  -25.519 0.3000000119
120486  -33.607  -30.046  -33.018 0.8000000119
121876  -28.568  -45.073  -34.955 0.4000000060
121995  -32.793  -40.644  -32.151 1.0000000000
122261  -23.765  -44.908  -30.704 0.6999999881
122979  -34.769  -36.729  -32.090 0.8000000119
123212  -29.803  -30.979  -33.491 0.8000000119
124026  -29.422  -47.148  -30.425 0.6000000238
124465  -23.967  -47.992  -30.417 0.6000000238
124510  -26.237  -51.136  -29.487 0.6000000238
124600  -29.158  -47.931  -30.413 0.5000000000
125695  -22.386  -48.630  -32.739 0.5000000000
126081  -28.602  -42.073  -36.371 0.5000000000
127717  -21.446  -50.259  -32.603 0.4000000060
127777  -29.905  -43.259  -34.674 0.6000000238
128746  -29.941  -35.064  -35.086 0.8000000119
128890  -34.683  -26.608  -32.344 0.6000000238
129015  -22.111  -42.695  -32.232 0.6999999881
129724  -21.236  -47.999  -32.570 0.6000000238
130572  -32.741  -40.542  -33.045 0.8000000119
131410  -20.601  -51.441  -32.314 0.5000000000
131715  -32.376  -39.896  -29.801 0.8000000119
132246  -30.099  -27.101  -34.409 0.6000000238
132578  -33.416  -24.265  -27.542 0.3000000119
132882  -20.899  -45.158  -31.906 0.6999999881
133158  -35.998  -34.309  -29.193 0.6999999881
133364  -36.585  -30.664  -24.607 0.3000000119
133883  -27.595  -32.883  -34.399 0.8000000119
134709  -29.254  -22.817  -36.497 0.5000000000
134727  -27.821  -43.195  -30.740 0.6999999881
134748  -31.135  -36.241  -36.768 0.6999999881
134800  -36.176  -29.248  -31.081 0.6999999881
135006  -20.766  -47.171  -31.645 0.6000000238
135206  -28.470  -36.172  -30.010 0.8000000119
