#!ascii label  , from subject sub-v2s9x29170_ses-1 vox2ras=TkReg
2140
126690  -34.117  -76.921  -38.034 0.1000000015
8243  -33.660  -77.270  -38.758 0.1000000015
8278  -34.042  -77.589  -41.154 0.1000000015
8255  -32.999  -77.478  -39.357 0.1000000015
8268  -32.557  -77.708  -40.101 0.1000000015
8241  -31.776  -76.904  -38.742 0.1000000015
7575  -32.141  -77.989  -40.992 0.1000000015
126858  -30.540  -76.845  -39.443 0.1000000015
8976  -30.391  -76.300  -39.537 0.1000000015
8266  -30.312  -77.363  -39.852 0.1000000015
8265  -29.587  -77.172  -40.139 0.1000000015
9684  -30.243  -75.822  -39.866 0.1000000015
8981  -29.379  -76.533  -40.378 0.1000000015
7572  -29.084  -77.688  -40.674 0.1000000015
134270  -29.754  -75.770  -40.518 0.1000000015
10517  -30.232  -74.763  -43.501 0.1000000015
8264  -28.955  -77.052  -40.580 0.1000000015
9696  -28.847  -75.965  -41.855 0.1000000015
8985  -28.733  -76.603  -41.175 0.1000000015
11330  -33.763  -74.165  -36.902 0.1000000015
8947  -33.763  -76.298  -37.448 0.1000000015
9662  -33.418  -75.561  -37.200 0.1000000015
8964  -33.120  -76.714  -37.964 0.1000000015
10491  -32.901  -74.643  -37.653 0.1000000015
9661  -32.800  -75.326  -37.565 0.1000000015
8963  -32.328  -76.465  -38.223 0.1000000015
10490  -32.317  -74.958  -38.204 0.1000000015
8240  -31.220  -76.751  -39.030 0.1000000015
10496  -31.700  -75.043  -38.959 0.1000000015
9685  -30.927  -75.622  -39.412 0.1000000015
9691  -30.617  -75.153  -40.406 0.1000000015
14058  -34.989  -70.502  -45.250 0.1000000015
13190  -34.261  -72.361  -46.300 0.1000000015
12280  -33.673  -73.023  -46.342 0.1000000015
11415  -33.889  -73.212  -46.269 0.1000000015
10527  -31.412  -74.207  -44.975 0.1000000015
119268  -30.962  -74.379  -43.536 0.1000000015
134419  -30.678  -74.527  -42.868 0.1000000015
10518  -31.065  -74.329  -42.428 0.1000000015
9703  -29.834  -75.113  -42.415 0.1000000015
9697  -29.458  -75.579  -41.513 0.1000000015
12167  -35.165  -72.677  -36.404 0.1000000015
12181  -36.138  -72.005  -39.169 0.2000000030
12180  -35.815  -72.037  -38.161 0.2000000030
12166  -34.650  -73.308  -36.525 0.1000000015
12189  -35.283  -72.428  -39.043 0.1000000015
12173  -34.589  -72.867  -37.077 0.1000000015
130375  -35.635  -72.328  -39.842 0.1000000015
12188  -34.458  -72.949  -38.910 0.1000000015
17360  -38.526  -66.376  -38.983 0.1000000015
16585  -38.037  -67.785  -39.239 0.1000000015
12204  -34.766  -72.686  -39.968 0.1000000015
11360  -33.912  -73.248  -39.634 0.1000000015
10497  -32.448  -74.403  -39.091 0.1000000015
15775  -36.995  -68.412  -39.277 0.1000000015
15776  -37.599  -68.330  -39.386 0.1000000015
15788  -37.354  -68.939  -39.817 0.1000000015
14027  -36.719  -70.352  -41.909 0.1000000015
14028  -37.589  -70.486  -41.859 0.1000000015
14038  -36.377  -70.867  -42.810 0.1000000015
11372  -34.042  -73.065  -40.450 0.1000000015
11371  -33.348  -73.454  -40.371 0.1000000015
10504  -31.368  -74.816  -39.908 0.1000000015
14019  -36.964  -69.937  -41.063 0.1000000015
14026  -36.054  -70.014  -42.138 0.1000000015
13167  -36.148  -71.984  -44.860 0.1000000015
11410  -36.380  -73.573  -46.025 0.1000000015
11409  -35.392  -73.702  -45.880 0.1000000015
10514  -31.926  -74.202  -40.511 0.1000000015
10503  -31.287  -74.534  -40.764 0.1000000015
14037  -35.807  -70.343  -43.068 0.1000000015
14059  -35.395  -71.258  -45.132 0.1000000015
13179  -35.476  -71.946  -45.942 0.1000000015
12282  -35.705  -73.232  -46.400 0.1000000015
11399  -33.722  -73.501  -43.722 0.1000000015
11384  -31.767  -73.845  -43.084 0.1000000015
128590  -35.250  -72.620  -46.380 0.1000000015
11408  -34.104  -73.549  -45.319 0.1000000015
11397  -32.393  -73.754  -44.388 0.1000000015
10512  -30.860  -74.598  -41.452 0.1000000015
13122  -36.976  -71.692  -39.351 0.1000000015
13112  -36.645  -71.578  -38.528 0.2000000030
13105  -35.928  -71.649  -37.105 0.1000000015
13106  -36.635  -71.177  -37.076 0.2000000030
13961  -36.813  -71.064  -35.813 0.2000000030
13135  -38.339  -72.047  -40.376 0.1000000015
12190  -36.463  -72.069  -39.998 0.1000000015
18797  -37.858  -64.941  -37.928 0.1000000015
18088  -38.168  -65.655  -38.436 0.1000000015
12205  -35.949  -72.448  -40.597 0.1000000015
121513  -35.220  -72.656  -40.757 0.1000000015
12225  -35.813  -72.778  -41.382 0.1000000015
135122  -38.152  -68.202  -39.615 0.1000000015
14947  -37.890  -69.374  -40.468 0.1000000015
14958  -38.300  -69.836  -41.273 0.1000000015
127661  -33.704  -73.199  -40.800 0.1000000015
14039  -37.196  -71.287  -42.928 0.1000000015
13168  -36.973  -72.643  -44.812 0.1000000015
12258  -37.331  -73.142  -45.226 0.1000000015
132803  -35.213  -73.611  -43.664 0.1000000015
130666  -33.463  -73.323  -42.701 0.1000000015
11377  -33.406  -73.261  -41.238 0.1000000015
11398  -32.789  -73.471  -43.112 0.1000000015
10513  -31.665  -74.008  -41.622 0.1000000015
12231  -42.550  -73.186  -41.983 0.1000000015
12211  -42.019  -72.672  -40.817 0.1000000015
12230  -41.256  -72.923  -42.228 0.1000000015
12210  -40.761  -72.617  -41.131 0.1000000015
13137  -40.239  -72.175  -40.301 0.1000000015
13125  -39.775  -71.698  -39.554 0.2000000030
112980  -39.345  -71.276  -38.799 0.2000000030
13124  -38.840  -71.641  -39.559 0.2000000030
13108  -37.950  -70.920  -37.886 0.2000000030
13107  -37.466  -70.777  -36.910 0.2000000030
12208  -38.825  -72.536  -41.476 0.1000000015
12229  -40.190  -72.833  -42.594 0.1000000015
12207  -37.820  -72.559  -41.395 0.1000000015
18809  -38.654  -64.791  -38.835 0.1000000015
127232  -39.077  -66.496  -39.978 0.1000000015
127758  -39.036  -67.243  -40.162 0.1000000015
127241  -39.439  -66.875  -40.765 0.1000000015
12206  -36.848  -72.389  -40.818 0.1000000015
12226  -37.092  -72.873  -41.723 0.1000000015
18798  -38.278  -64.024  -38.232 0.1000000015
16586  -38.586  -67.174  -39.474 0.1000000015
16594  -38.655  -67.905  -39.957 0.1000000015
14959  -39.127  -69.564  -41.633 0.1000000015
14040  -38.153  -71.527  -43.303 0.1000000015
13159  -38.766  -72.739  -44.559 0.1000000015
12247  -37.507  -73.544  -43.870 0.1000000015
12246  -36.701  -73.499  -43.040 0.1000000015
12245  -35.862  -73.178  -42.321 0.1000000015
18783  -37.504  -64.194  -37.478 0.1000000015
13157  -37.076  -71.983  -44.019 0.1000000015
13169  -37.824  -73.171  -44.996 0.1000000015
11389  -36.948  -73.676  -44.107 0.1000000015
11388  -36.087  -73.657  -43.626 0.1000000015
11387  -34.412  -73.083  -42.049 0.1000000015
19580  -37.124  -63.396  -37.129 0.1000000015
20383  -36.680  -62.523  -36.993 0.1000000015
19579  -36.255  -63.437  -36.966 0.1000000015
12274  -43.418  -72.370  -44.304 0.1000000015
122733  -43.074  -73.337  -42.750 0.1000000015
13183  -42.580  -71.568  -44.576 0.1000000015
12273  -42.315  -72.491  -44.486 0.1000000015
12212  -43.104  -72.556  -41.116 0.1000000015
13138  -41.239  -72.194  -40.146 0.1000000015
13126  -40.737  -71.737  -39.499 0.2000000030
13182  -41.375  -72.219  -44.946 0.1000000015
12263  -41.705  -72.941  -44.448 0.1000000015
122482  -41.844  -73.226  -43.446 0.1000000015
13114  -38.912  -70.860  -37.996 0.2000000030
131464  -41.680  -71.239  -44.634 0.1000000015
112445  -40.781  -73.005  -44.691 0.1000000015
21197  -38.422  -61.648  -38.025 0.1000000015
20385  -38.367  -62.419  -38.125 0.1000000015
20398  -38.823  -62.456  -38.867 0.1000000015
20407  -39.070  -62.883  -39.325 0.1000000015
129917  -38.858  -63.766  -39.125 0.1000000015
111581  -39.062  -65.189  -39.675 0.1000000015
111698  -39.303  -65.687  -40.256 0.1000000015
120215  -41.633  -70.252  -44.496 0.1000000015
14050  -40.991  -71.633  -44.977 0.1000000015
12250  -40.579  -73.045  -43.940 0.1000000015
12228  -39.287  -73.000  -42.857 0.1000000015
16600  -39.756  -67.285  -41.525 0.1000000015
15799  -40.163  -67.855  -42.245 0.1000000015
14960  -39.813  -68.916  -42.108 0.1000000015
12261  -39.299  -73.084  -44.728 0.1000000015
12248  -38.868  -73.229  -44.291 0.1000000015
12227  -38.496  -73.174  -42.886 0.1000000015
124822  -38.294  -60.869  -37.725 0.1000000015
133192  -39.236  -68.848  -41.315 0.1000000015
14968  -39.641  -70.056  -42.477 0.1000000015
13160  -39.521  -72.344  -44.522 0.1000000015
117231  -38.232  -73.363  -44.096 0.1000000015
130409  -38.084  -62.035  -37.731 0.1000000015
20384  -37.623  -62.420  -37.376 0.1000000015
21196  -37.830  -61.546  -37.497 0.1000000015
114182  -37.021  -61.564  -37.115 0.1000000015
21194  -35.956  -61.536  -37.203 0.1000000015
112907  -35.288  -62.335  -37.322 0.1000000015
12232  -43.570  -73.018  -42.101 0.1000000015
14060  -42.550  -70.367  -44.566 0.1000000015
122631  -43.511  -69.694  -44.548 0.1000000015
13172  -45.076  -71.583  -43.844 0.1000000015
111693  -42.244  -68.116  -44.462 0.1000000015
12233  -44.227  -72.579  -42.362 0.1000000015
128379  -42.134  -72.083  -39.970 0.1000000015
111612  -41.196  -68.208  -43.942 0.1000000015
14979  -41.504  -69.100  -44.286 0.1000000015
13115  -40.304  -71.302  -38.822 0.2000000030
21201  -38.861  -61.830  -38.711 0.1000000015
19601  -39.364  -63.442  -39.904 0.1000000015
111803  -39.617  -64.026  -40.549 0.1000000015
111832  -40.905  -69.074  -43.693 0.1000000015
14978  -40.903  -70.362  -44.122 0.1000000015
126118  -42.758  -71.550  -39.578 0.1000000015
13116  -41.333  -71.309  -38.834 0.2000000030
20399  -39.215  -62.088  -39.331 0.1000000015
133968  -39.488  -66.180  -40.723 0.1000000015
127277  -39.914  -66.323  -41.550 0.1000000015
14969  -40.336  -69.592  -43.029 0.1000000015
14042  -40.056  -70.839  -43.570 0.1000000015
22047  -37.623  -59.871  -37.655 0.1000000015
122889  -37.313  -60.687  -37.451 0.1000000015
22046  -36.223  -59.511  -38.448 0.1000000015
22039  -35.805  -59.549  -38.380 0.1000000015
21195  -36.161  -60.466  -37.684 0.1000000015
21188  -35.666  -60.583  -37.464 0.1000000015
21187  -35.287  -61.126  -37.088 0.1000000015
127199  -42.595  -66.660  -44.323 0.1000000015
111582  -43.111  -67.267  -44.398 0.1000000015
111318  -43.638  -67.990  -44.361 0.1000000015
127224  -41.937  -66.024  -44.105 0.1000000015
14989  -42.732  -69.112  -44.543 0.1000000015
14990  -44.260  -68.852  -44.297 0.1000000015
12252  -44.635  -72.519  -43.084 0.1000000015
127337  -41.802  -67.364  -44.284 0.1000000015
14981  -45.043  -70.256  -44.010 0.1000000015
12213  -43.700  -72.244  -41.514 0.1000000015
127214  -40.491  -66.159  -42.408 0.1000000015
127336  -41.494  -66.755  -44.030 0.1000000015
13161  -44.659  -71.894  -42.714 0.1000000015
125503  -38.956  -61.131  -38.461 0.1000000015
21202  -39.344  -61.347  -39.123 0.1000000015
21207  -39.671  -61.619  -39.811 0.1000000015
20408  -39.525  -62.500  -39.961 0.1000000015
111332  -39.883  -63.099  -40.661 0.1000000015
111880  -40.004  -64.586  -41.257 0.1000000015
111628  -40.407  -65.400  -41.959 0.1000000015
116008  -40.828  -67.424  -43.329 0.1000000015
13147  -44.003  -71.912  -41.835 0.1000000015
13139  -42.941  -72.048  -40.217 0.1000000015
22048  -38.859  -60.405  -37.920 0.1000000015
15807  -40.544  -68.484  -43.005 0.1000000015
13127  -43.316  -71.265  -39.906 0.1000000015
22946  -37.868  -59.410  -37.625 0.1000000015
23856  -37.297  -57.845  -38.446 0.1000000015
22945  -36.473  -58.605  -38.776 0.1000000015
22944  -35.865  -58.514  -39.169 0.1000000015
23838  -35.941  -57.400  -38.206 0.1000000015
22931  -35.731  -58.717  -38.469 0.1000000015
22918  -35.725  -59.518  -36.223 0.1000000015
111597  -42.854  -64.340  -44.001 0.1000000015
111326  -43.345  -66.124  -44.158 0.1000000015
111316  -43.856  -66.655  -44.095 0.1000000015
111870  -42.629  -63.485  -43.725 0.1000000015
127246  -44.278  -67.174  -44.001 0.1000000015
111562  -41.689  -64.395  -43.557 0.1000000015
118064  -41.826  -62.797  -43.308 0.1000000015
15817  -44.717  -68.714  -44.044 0.1000000015
14044  -44.808  -70.689  -43.477 0.1000000015
127285  -40.931  -64.880  -42.829 0.1000000015
132315  -41.310  -63.792  -43.097 0.1000000015
15809  -44.584  -68.469  -43.897 0.1000000015
22947  -39.210  -59.978  -37.635 0.1000000015
111324  -40.421  -63.885  -41.714 0.1000000015
127278  -40.536  -64.575  -42.006 0.1000000015
127249  -40.862  -64.040  -42.576 0.1000000015
14971  -44.486  -69.533  -43.528 0.1000000015
126624  -43.542  -71.644  -41.086 0.1000000015
22932  -38.426  -59.153  -37.305 0.1000000015
135125  -39.456  -60.297  -38.190 0.1000000015
22952  -40.017  -60.068  -38.327 0.1000000015
21212  -40.091  -61.989  -40.597 0.1000000015
113001  -40.027  -63.801  -41.079 0.1000000015
14030  -43.183  -70.761  -41.669 0.1000000015
23839  -38.203  -57.972  -37.320 0.1000000015
24700  -37.746  -56.678  -38.099 0.1000000015
25560  -37.294  -55.294  -37.099 0.1000000015
24698  -36.463  -57.012  -38.834 0.1000000015
24683  -36.370  -56.605  -38.305 0.1000000015
124311  -36.064  -58.202  -36.584 0.1000000015
24668  -36.373  -56.383  -36.890 0.1000000015
128510  -41.503  -61.218  -42.707 0.1000000015
21223  -42.049  -61.843  -43.295 0.1000000015
20419  -42.504  -62.684  -43.562 0.1000000015
117385  -43.845  -64.824  -43.775 0.1000000015
132748  -41.286  -60.888  -42.320 0.1000000015
111836  -44.347  -65.436  -43.317 0.1000000015
21213  -40.407  -61.304  -40.894 0.1000000015
111336  -40.523  -61.764  -41.413 0.1000000015
21216  -40.974  -61.399  -42.111 0.1000000015
21219  -41.332  -62.126  -42.716 0.1000000015
111319  -44.164  -66.917  -43.956 0.1000000015
22933  -39.392  -59.477  -36.825 0.1000000015
22056  -39.825  -60.906  -39.520 0.1000000015
111339  -40.366  -62.641  -41.287 0.1000000015
127573  -44.031  -68.007  -43.574 0.1000000015
22919  -38.771  -59.035  -36.292 0.1000000015
14043  -43.615  -70.285  -42.726 0.1000000015
14020  -43.424  -71.134  -40.379 0.1000000015
23824  -38.358  -58.024  -35.957 0.1000000015
24685  -38.250  -56.207  -37.154 0.1000000015
24670  -38.087  -55.961  -35.881 0.1000000015
125669  -37.599  -55.063  -36.096 0.1000000015
26362  -37.166  -55.005  -36.634 0.1000000015
25536  -37.277  -55.043  -35.697 0.1000000015
120263  -37.137  -55.343  -34.702 0.1000000015
116660  -36.237  -57.602  -35.314 0.1000000015
116595  -43.397  -63.261  -43.780 0.1000000015
20420  -44.330  -63.138  -43.685 0.1000000015
19616  -45.446  -64.187  -43.281 0.1000000015
22948  -40.231  -59.612  -37.428 0.1000000015
22956  -40.626  -59.933  -39.659 0.1000000015
22960  -40.694  -60.135  -40.480 0.1000000015
22059  -40.915  -60.276  -41.299 0.1000000015
23825  -39.036  -58.885  -35.283 0.1000000015
22920  -39.689  -59.264  -35.912 0.1000000015
22053  -40.171  -60.328  -39.142 0.1000000015
21208  -40.177  -61.084  -40.264 0.1000000015
120194  -44.393  -67.576  -43.943 0.1000000015
23805  -38.356  -58.048  -34.804 0.1000000015
23774  -38.846  -57.996  -33.056 0.1000000015
24657  -37.920  -56.816  -34.402 0.1000000015
24633  -38.470  -57.373  -32.567 0.1000000015
24656  -37.467  -55.379  -35.164 0.1000000015
25502  -38.049  -56.586  -32.167 0.1000000015
24644  -37.369  -55.823  -33.903 0.1000000015
123427  -37.150  -55.552  -33.311 0.1000000015
22065  -41.591  -60.376  -42.538 0.1000000015
123334  -42.622  -61.262  -43.480 0.1000000015
21224  -43.152  -62.189  -43.665 0.1000000015
21225  -43.524  -61.254  -43.655 0.1000000015
22072  -43.957  -60.402  -43.678 0.1000000015
125720  -41.386  -59.829  -41.916 0.1000000015
23806  -39.439  -58.612  -34.277 0.1000000015
23790  -38.565  -58.087  -33.846 0.1000000015
24623  -39.515  -57.532  -31.705 0.1000000015
25501  -37.546  -55.664  -31.850 0.1000000015
22066  -42.096  -60.038  -43.003 0.1000000015
22971  -43.397  -59.511  -43.511 0.1000000015
22961  -41.307  -59.511  -41.015 0.1000000015
23826  -40.238  -58.905  -35.084 0.1000000015
23840  -40.602  -59.133  -35.969 0.1000000015
118567  -40.625  -59.621  -38.151 0.1000000015
22953  -41.217  -59.342  -38.486 0.1000000015
124547  -41.064  -59.586  -40.151 0.1000000015
23775  -39.710  -58.049  -32.914 0.1000000015
24634  -39.221  -57.767  -32.336 0.1000000015
24622  -38.797  -57.342  -31.771 0.1000000015
117359  -38.373  -56.667  -31.270 0.1000000015
25480  -37.973  -56.005  -30.765 0.1000000015
26299  -37.666  -55.430  -30.202 0.1000000015
127721  -41.798  -58.967  -41.876 0.1000000015
23872  -41.873  -58.772  -39.016 0.1000000015
23876  -41.670  -58.991  -40.159 0.1000000015
23880  -41.783  -58.869  -41.069 0.1000000015
23807  -40.584  -58.382  -34.258 0.1000000015
23808  -41.104  -58.338  -34.855 0.1000000015
22934  -40.891  -59.248  -36.794 0.1000000015
23857  -41.631  -58.742  -37.189 0.1000000015
23868  -41.751  -58.822  -38.032 0.1000000015
23792  -40.124  -58.287  -33.552 0.1000000015
25471  -39.094  -56.220  -29.686 0.1000000015
26291  -38.676  -55.685  -29.235 0.1000000015
26276  -38.966  -55.366  -28.657 0.1000000015
26275  -38.369  -55.281  -28.801 0.1000000015
23858  -42.279  -58.247  -37.614 0.1000000015
23827  -41.256  -58.535  -35.537 0.1000000015
23841  -41.476  -58.671  -36.350 0.1000000015
23842  -42.179  -58.130  -36.790 0.1000000015
24635  -40.877  -57.379  -32.509 0.1000000015
24610  -40.055  -57.018  -30.698 0.1000000015
25482  -39.584  -56.660  -30.215 0.1000000015
26292  -39.379  -55.748  -29.158 0.1000000015
27045  -39.598  -54.274  -27.630 0.1000000015
24636  -41.288  -57.355  -33.059 0.1000000015
113162  -40.141  -57.660  -32.201 0.1000000015
25483  -40.446  -56.382  -30.263 0.1000000015
26293  -40.513  -55.741  -29.611 0.1000000015
120256  -40.005  -55.671  -29.171 0.1000000015
27063  -40.097  -54.712  -28.252 0.1000000015
27871  -40.666  -53.415  -27.358 0.1000000015
27881  -41.323  -53.582  -27.958 0.1000000015
25484  -41.242  -56.191  -30.833 0.1000000015
131908  -41.079  -55.293  -29.610 0.1000000015
26278  -40.547  -55.142  -28.994 0.1000000015
27064  -40.944  -54.394  -28.501 0.1000000015
134067  -33.812  -77.476  -39.669 0.1000000015
7576  -33.134  -77.769  -41.054 0.1000000015
8242  -32.590  -77.085  -38.586 0.1000000015
8267  -31.639  -77.731  -39.988 0.1000000015
9676  -32.159  -75.785  -38.125 0.1000000015
8253  -31.148  -77.251  -39.364 0.1000000015
7574  -31.157  -78.110  -40.594 0.1000000015
9674  -31.022  -76.330  -39.068 0.1000000015
10481  -33.388  -74.778  -37.086 0.1000000015
11345  -34.172  -73.237  -37.887 0.1000000015
8946  -32.835  -76.040  -37.626 0.1000000015
112726  -33.683  -73.547  -38.657 0.1000000015
133417  -31.915  -75.403  -38.464 0.1000000015
10505  -31.994  -74.463  -39.679 0.1000000015
14065  -34.731  -71.441  -45.790 0.1000000015
11414  -32.777  -73.347  -46.127 0.1000000015
11407  -33.065  -73.519  -45.360 0.1000000015
11406  -32.151  -73.956  -45.897 0.1000000015
12174  -35.285  -72.274  -37.153 0.1000000015
12179  -34.922  -72.627  -38.063 0.1000000015
118684  -36.411  -71.501  -37.781 0.2000000030
18098  -38.719  -65.580  -39.063 0.1000000015
15789  -38.211  -68.666  -40.045 0.1000000015
14048  -35.587  -70.666  -44.162 0.1000000015
13181  -36.997  -72.959  -45.874 0.1000000015
132295  -35.991  -72.798  -46.363 0.1000000015
11400  -35.868  -73.823  -44.931 0.1000000015
124162  -33.178  -73.540  -44.284 0.1000000015
125371  -34.756  -73.627  -44.394 0.1000000015
112320  -32.607  -73.626  -41.126 0.1000000015
115303  -34.304  -73.392  -42.970 0.1000000015
131138  -32.333  -73.540  -42.155 0.1000000015
13136  -39.287  -72.096  -40.394 0.1000000015
13113  -37.484  -71.354  -38.645 0.2000000030
119714  -37.081  -71.154  -37.838 0.2000000030
12209  -39.753  -72.531  -41.377 0.1000000015
117489  -36.431  -72.658  -41.256 0.1000000015
11378  -34.102  -73.033  -41.250 0.1000000015
14948  -38.664  -69.139  -40.849 0.1000000015
14029  -38.759  -70.563  -42.336 0.1000000015
13158  -37.974  -72.607  -44.357 0.1000000015
12259  -37.838  -73.115  -44.771 0.1000000015
126567  -35.121  -73.296  -42.639 0.1000000015
11386  -33.729  -73.119  -42.003 0.1000000015
15790  -38.957  -68.423  -40.691 0.1000000015
129694  -37.136  -73.301  -42.607 0.1000000015
19581  -37.939  -63.282  -37.750 0.1000000015
14041  -39.371  -70.982  -43.233 0.1000000015
114782  -38.910  -71.615  -43.585 0.1000000015
12260  -38.544  -73.114  -44.531 0.1000000015
113168  -36.627  -64.269  -37.164 0.1000000015
14062  -44.714  -70.772  -44.304 0.1000000015
12251  -43.937  -73.232  -42.990 0.1000000015
114977  -42.776  -73.253  -43.472 0.1000000015
13171  -40.552  -72.687  -45.013 0.1000000015
14002  -39.880  -70.868  -38.097 0.2000000030
12262  -39.929  -73.022  -44.974 0.1000000015
14049  -40.339  -71.996  -44.856 0.1000000015
13170  -39.883  -72.954  -45.009 0.1000000015
12249  -39.584  -73.132  -44.329 0.1000000015
111320  -40.333  -66.913  -42.359 0.1000000015
23854  -35.986  -57.579  -39.185 0.1000000015
22038  -35.640  -59.977  -37.455 0.1000000015
128389  -40.944  -65.680  -43.111 0.1000000015
23855  -36.235  -57.570  -39.201 0.1000000015
129735  -40.561  -63.172  -41.866 0.1000000015
25548  -36.764  -55.038  -36.317 0.1000000015
120517  -37.091  -55.312  -34.446 0.1000000015
22957  -41.189  -59.427  -39.378 0.1000000015
14810  -42.916  -69.338  -30.167 0.5000000000
13088  -49.807  -70.609  -36.002 0.5000000000
13935  -50.344  -70.721  -34.655 0.5000000000
15685  -41.495  -68.727  -29.584 0.5000000000
15693  -43.100  -69.219  -30.972 0.5000000000
14832  -43.755  -69.413  -31.141 0.5000000000
14895  -49.666  -69.954  -35.982 0.5000000000
130175  -39.846  -67.155  -28.964 0.5000000000
15684  -40.836  -68.310  -29.302 0.5000000000
15691  -41.750  -68.462  -30.328 0.5000000000
14860  -49.047  -69.862  -34.782 0.5000000000
16495  -41.119  -68.079  -29.996 0.5000000000
17245  -40.280  -66.917  -29.700 0.5000000000
16504  -41.453  -67.658  -30.668 0.5000000000
16503  -40.852  -67.307  -30.268 0.4000000060
16505  -42.075  -68.058  -31.056 0.4000000060
13967  -47.673  -69.695  -36.173 0.5000000000
13952  -46.832  -70.568  -35.421 0.5000000000
13966  -46.761  -69.276  -35.750 0.5000000000
14891  -45.849  -68.946  -35.541 0.5000000000
15741  -45.270  -67.435  -36.516 0.5000000000
15742  -46.155  -67.326  -36.225 0.5000000000
17329  -44.438  -66.728  -36.666 0.4000000060
16556  -42.462  -67.139  -37.067 0.4000000060
13034  -51.924  -71.632  -31.742 0.1000000015
114894  -41.262  -68.903  -28.806 0.5000000000
14795  -42.766  -69.412  -29.377 0.5000000000
14811  -43.684  -69.490  -30.422 0.5000000000
14812  -44.485  -69.652  -30.823 0.4000000060
13953  -49.961  -70.285  -35.122 0.5000000000
17240  -39.487  -66.834  -28.437 0.5000000000
15677  -40.576  -68.391  -28.507 0.5000000000
116157  -39.175  -66.537  -27.908 0.5000000000
17992  -38.366  -65.448  -27.324 0.5000000000
17996  -38.671  -65.238  -28.144 0.5000000000
123963  -39.185  -65.893  -28.555 0.5000000000
122635  -38.262  -64.661  -27.723 0.4000000060
116768  -39.668  -66.363  -29.218 0.5000000000
17244  -39.957  -65.843  -30.116 0.4000000060
17254  -41.192  -66.874  -30.914 0.4000000060
18701  -38.987  -64.957  -28.938 0.3000000119
15714  -43.162  -67.917  -32.188 0.6999999881
130845  -43.725  -68.342  -32.441 0.5000000000
18696  -38.535  -64.411  -28.485 0.3000000119
18000  -39.434  -65.430  -29.438 0.3000000119
17253  -40.558  -66.521  -30.540 0.4000000060
16518  -41.793  -67.194  -31.382 0.5000000000
16525  -42.975  -67.042  -32.597 0.6000000238
15716  -45.135  -68.450  -33.453 0.6000000238
14859  -47.278  -69.035  -34.388 0.6000000238
14894  -49.030  -69.539  -36.208 0.5000000000
13086  -48.072  -70.833  -36.131 0.3000000119
127007  -39.186  -64.700  -29.585 0.3000000119
18714  -39.461  -64.953  -30.115 0.3000000119
17265  -40.612  -66.292  -31.783 0.4000000060
128196  -42.761  -66.668  -32.995 0.5000000000
15724  -44.698  -67.645  -33.752 0.6000000238
113450  -46.464  -67.644  -35.328 0.6000000238
15744  -47.699  -68.438  -36.170 0.5000000000
14892  -47.825  -68.590  -36.300 0.5000000000
133949  -39.205  -64.613  -30.704 0.4000000060
18019  -39.447  -65.447  -31.693 0.4000000060
17276  -41.265  -66.492  -32.371 0.5000000000
16534  -45.109  -67.071  -34.813 0.5000000000
16535  -45.952  -67.194  -35.587 0.5000000000
120648  -46.889  -67.928  -36.212 0.5000000000
18713  -38.811  -64.084  -31.085 0.4000000060
18736  -38.890  -65.048  -32.198 0.4000000060
17274  -39.502  -66.002  -32.906 0.5000000000
113459  -41.762  -66.607  -33.877 0.5000000000
129224  -43.835  -66.715  -34.213 0.4000000060
16543  -45.412  -66.730  -35.910 0.5000000000
16552  -46.112  -67.227  -36.089 0.5000000000
17301  -42.477  -66.711  -34.703 0.4000000060
17316  -44.152  -66.549  -36.095 0.4000000060
16551  -45.477  -66.895  -36.387 0.5000000000
18049  -39.365  -65.944  -34.434 0.5000000000
127995  -40.830  -66.693  -35.420 0.4000000060
17315  -43.037  -66.677  -35.670 0.4000000060
17328  -43.480  -66.789  -36.554 0.4000000060
17299  -40.140  -66.468  -34.767 0.3000000119
17312  -40.060  -66.491  -35.632 0.4000000060
17313  -40.620  -66.704  -36.129 0.3000000119
17325  -39.899  -66.245  -36.337 0.3000000119
17326  -40.590  -66.700  -36.861 0.3000000119
13023  -52.396  -71.980  -30.371 0.1000000015
13022  -51.855  -72.209  -31.022 0.1000000015
13883  -52.829  -70.740  -30.597 0.1000000015
13035  -52.460  -71.396  -31.240 0.1000000015
13881  -51.583  -70.337  -31.413 0.4000000060
13900  -51.336  -70.770  -32.100 0.4000000060
13047  -50.939  -71.313  -32.988 0.4000000060
115538  -50.668  -70.884  -33.802 0.5000000000
13917  -50.952  -70.986  -32.996 0.4000000060
13916  -49.693  -70.610  -33.089 0.5000000000
115343  -50.511  -70.710  -34.114 0.5000000000
14779  -42.650  -69.468  -28.603 0.5000000000
14780  -43.452  -69.534  -28.833 0.5000000000
14796  -43.572  -69.521  -29.597 0.5000000000
122721  -48.556  -70.498  -32.282 0.5000000000
13934  -49.391  -70.345  -34.004 0.5000000000
16487  -39.400  -67.242  -27.635 0.5000000000
16488  -39.910  -67.723  -28.221 0.5000000000
15678  -41.052  -69.015  -27.961 0.5000000000
17227  -38.506  -66.208  -26.855 0.5000000000
17234  -38.783  -66.027  -27.685 0.5000000000
13914  -47.302  -70.155  -33.072 0.6000000238
18688  -37.944  -64.820  -26.834 0.4000000060
18691  -37.915  -64.021  -27.377 0.2000000030
20263  -37.623  -62.637  -27.241 0.2000000030
116071  -38.171  -63.970  -28.037 0.3000000119
18700  -38.781  -64.140  -29.265 0.3000000119
19498  -38.515  -63.194  -29.704 0.4000000060
20264  -37.722  -62.249  -27.715 0.3000000119
114584  -38.220  -62.665  -29.066 0.3000000119
113400  -37.864  -61.712  -28.170 0.3000000119
21103  -38.294  -61.347  -29.387 0.4000000060
20308  -38.458  -62.457  -30.443 0.4000000060
21121  -38.479  -61.600  -30.214 0.3000000119
19514  -38.612  -63.319  -30.707 0.4000000060
19532  -38.402  -63.532  -32.529 0.4000000060
118648  -38.372  -63.833  -33.103 0.4000000060
21145  -38.606  -62.169  -31.872 0.3000000119
19541  -38.413  -63.291  -33.381 0.3000000119
18038  -39.142  -65.749  -33.636 0.4000000060
20337  -38.700  -62.621  -33.611 0.3000000119
19560  -38.666  -63.654  -34.847 0.3000000119
115291  -39.491  -65.961  -35.401 0.4000000060
20349  -39.211  -62.163  -34.071 0.2000000030
130344  -39.254  -62.408  -34.732 0.2000000030
19561  -39.011  -63.700  -35.650 0.3000000119
21166  -40.875  -61.267  -34.792 0.1000000015
20371  -40.017  -62.213  -36.126 0.2000000030
18773  -39.541  -64.689  -36.783 0.4000000060
23809  -45.122  -58.690  -34.679 0.1000000015
14818  -52.071  -69.998  -30.741 0.1000000015
13882  -52.320  -70.637  -31.234 0.1000000015
14817  -50.733  -69.758  -30.636 0.2000000030
13880  -49.908  -70.186  -31.376 0.5000000000
13899  -49.889  -70.576  -32.270 0.4000000060
125033  -43.314  -69.538  -28.208 0.5000000000
116580  -44.310  -69.539  -28.974 0.4000000060
14782  -45.174  -69.514  -29.176 0.4000000060
112817  -45.984  -69.741  -30.187 0.4000000060
13898  -47.674  -70.302  -31.628 0.5000000000
16481  -39.770  -67.984  -27.218 0.5000000000
14778  -41.846  -69.330  -28.293 0.4000000060
131946  -47.626  -70.399  -32.383 0.4000000060
17989  -37.859  -65.322  -25.942 0.4000000060
17220  -38.287  -66.208  -25.895 0.4000000060
16480  -39.281  -67.453  -26.788 0.5000000000
18685  -37.460  -63.957  -25.330 0.4000000060
129988  -38.162  -65.634  -26.574 0.5000000000
17988  -37.622  -64.438  -26.031 0.4000000060
19449  -37.428  -63.175  -25.381 0.3000000119
19453  -37.508  -63.422  -26.116 0.3000000119
20247  -37.528  -62.536  -26.573 0.3000000119
118593  -37.643  -61.645  -26.303 0.2000000030
131070  -37.757  -61.535  -27.543 0.2000000030
21902  -38.920  -59.992  -25.536 0.1000000015
21913  -38.543  -60.170  -26.537 0.3000000119
22789  -39.262  -59.647  -26.392 0.1000000015
21929  -38.381  -60.300  -27.382 0.3000000119
21963  -38.485  -60.568  -29.054 0.3000000119
22805  -38.871  -59.753  -27.036 0.2000000030
22823  -38.868  -59.748  -27.755 0.2000000030
22840  -39.518  -59.221  -29.098 0.2000000030
21987  -38.776  -61.060  -30.765 0.2000000030
21146  -39.556  -60.979  -32.362 0.2000000030
22841  -40.175  -59.080  -29.898 0.2000000030
21989  -40.323  -60.248  -31.928 0.2000000030
22858  -40.577  -59.385  -30.846 0.2000000030
22869  -41.561  -59.446  -31.868 0.1000000015
21164  -39.757  -61.573  -33.846 0.2000000030
21175  -39.897  -61.759  -34.631 0.2000000030
23760  -42.801  -58.756  -31.676 0.1000000015
21994  -41.478  -60.136  -32.950 0.1000000015
22016  -41.481  -60.679  -34.229 0.1000000015
22017  -41.574  -60.885  -34.985 0.1000000015
23777  -43.237  -58.838  -32.390 0.1000000015
22894  -43.583  -59.169  -33.695 0.1000000015
22906  -42.842  -59.956  -34.667 0.1000000015
135273  -44.153  -58.815  -33.645 0.1000000015
129974  -43.999  -59.062  -34.165 0.1000000015
23810  -46.063  -58.550  -34.523 0.1000000015
23813  -48.313  -59.149  -33.866 0.1000000015
14802  -50.168  -69.275  -29.819 0.3000000119
14816  -49.249  -69.589  -30.392 0.3000000119
118327  -48.374  -68.542  -28.171 0.3000000119
14785  -48.527  -68.841  -28.782 0.3000000119
13879  -48.394  -69.953  -30.984 0.3000000119
132061  -48.763  -70.369  -31.684 0.4000000060
133386  -46.591  -68.966  -28.334 0.3000000119
14800  -47.709  -69.149  -29.254 0.3000000119
14815  -48.004  -69.481  -30.128 0.5000000000
122443  -43.114  -69.649  -26.927 0.4000000060
119196  -45.085  -69.358  -28.298 0.5000000000
14783  -45.944  -69.256  -28.664 0.4000000060
14799  -46.006  -69.500  -29.440 0.4000000060
13878  -47.300  -69.928  -30.764 0.5000000000
115642  -38.389  -66.399  -24.924 0.4000000060
16472  -39.261  -67.504  -25.939 0.4000000060
15656  -40.317  -68.556  -26.702 0.5000000000
14757  -41.686  -69.381  -27.455 0.5000000000
18668  -37.435  -64.345  -23.700 0.4000000060
17978  -37.658  -65.154  -24.448 0.4000000060
17986  -37.906  -65.691  -25.098 0.4000000060
17221  -38.809  -66.937  -25.487 0.5000000000
19425  -37.278  -63.515  -23.952 0.4000000060
120594  -37.450  -64.309  -24.492 0.4000000060
19412  -37.228  -63.686  -23.129 0.4000000060
20218  -37.127  -62.796  -23.350 0.3000000119
19439  -37.371  -63.376  -24.741 0.3000000119
21031  -37.636  -61.599  -24.298 0.3000000119
115802  -37.501  -61.983  -24.956 0.3000000119
21032  -38.126  -60.867  -24.391 0.3000000119
132159  -37.796  -61.314  -24.877 0.2000000030
21894  -39.674  -59.944  -24.725 0.1000000015
22777  -40.345  -59.744  -25.550 0.1000000015
22790  -39.958  -59.318  -26.388 0.1000000015
23693  -39.979  -58.964  -27.734 0.2000000030
22792  -41.089  -59.912  -25.927 0.1000000015
22793  -41.592  -59.700  -26.564 0.1000000015
23712  -40.057  -58.800  -28.407 0.2000000030
118148  -41.254  -59.002  -27.319 0.2000000030
23713  -40.773  -58.521  -28.613 0.2000000030
23746  -41.172  -58.750  -30.275 0.1000000015
23728  -42.418  -58.275  -29.281 0.1000000015
120530  -42.499  -58.548  -30.775 0.1000000015
23749  -43.608  -58.237  -30.106 0.1000000015
23761  -43.889  -58.444  -31.698 0.1000000015
23778  -43.923  -58.682  -32.891 0.1000000015
23763  -45.643  -58.420  -32.012 0.1000000015
115420  -46.744  -58.520  -33.046 0.1000000015
23780  -47.431  -58.915  -32.599 0.1000000015
23796  -47.540  -58.760  -33.389 0.1000000015
22895  -49.200  -60.035  -33.430 0.1000000015
22896  -50.136  -60.892  -33.800 0.1000000015
22007  -51.724  -62.999  -33.396 0.1000000015
22884  -51.497  -60.806  -32.687 0.1000000015
14764  -48.897  -68.475  -27.537 0.3000000119
14765  -50.444  -68.453  -27.913 0.2000000030
119197  -47.042  -68.809  -26.945 0.3000000119
119199  -45.052  -69.312  -26.932 0.4000000060
113824  -44.579  -69.484  -26.123 0.3000000119
17208  -38.911  -66.979  -24.639 0.3000000119
16463  -39.328  -67.480  -25.132 0.3000000119
16464  -39.735  -68.022  -25.512 0.4000000060
14741  -42.469  -69.613  -26.301 0.4000000060
14742  -43.489  -69.694  -26.016 0.3000000119
18657  -37.515  -64.515  -22.930 0.3000000119
17207  -38.540  -66.529  -24.231 0.3000000119
14724  -41.745  -69.357  -25.762 0.4000000060
14725  -42.626  -69.548  -25.461 0.4000000060
130141  -43.355  -69.609  -25.181 0.3000000119
131250  -37.078  -62.237  -21.714 0.3000000119
20208  -36.995  -63.003  -22.490 0.3000000119
20993  -37.411  -61.400  -21.168 0.3000000119
21004  -37.178  -62.115  -22.708 0.3000000119
20994  -37.544  -61.296  -22.114 0.3000000119
21015  -37.390  -61.894  -23.556 0.3000000119
134793  -38.357  -60.689  -23.349 0.3000000119
21877  -38.569  -60.560  -23.781 0.2000000030
21878  -39.412  -60.380  -23.622 0.1000000015
21017  -41.002  -61.418  -23.476 0.1000000015
21881  -41.999  -61.284  -23.362 0.1000000015
21903  -40.355  -60.384  -24.596 0.1000000015
129604  -42.990  -61.716  -24.009 0.1000000015
21904  -41.086  -60.799  -25.029 0.1000000015
21905  -41.843  -61.723  -25.179 0.1000000015
23696  -42.109  -58.803  -27.797 0.2000000030
21931  -43.343  -60.605  -27.092 0.2000000030
22808  -42.901  -59.400  -27.505 0.2000000030
23716  -43.076  -58.410  -28.733 0.1000000015
22809  -43.808  -59.810  -27.726 0.1000000015
22842  -44.775  -59.005  -28.863 0.1000000015
23750  -44.873  -58.409  -30.383 0.1000000015
131465  -45.554  -59.482  -29.201 0.1000000015
23731  -45.753  -58.884  -30.124 0.1000000015
23752  -46.251  -58.911  -30.843 0.1000000015
22860  -46.610  -59.479  -30.450 0.1000000015
23765  -47.250  -59.112  -31.872 0.1000000015
23781  -48.320  -59.354  -32.985 0.1000000015
22883  -49.930  -61.731  -33.029 0.1000000015
21995  -49.661  -61.781  -32.439 0.1000000015
22006  -50.690  -62.597  -33.189 0.1000000015
131289  -50.139  -62.242  -32.933 0.1000000015
21997  -51.918  -62.811  -33.170 0.1000000015
22875  -50.327  -61.556  -32.897 0.1000000015
23768  -50.832  -59.876  -32.035 0.1000000015
22874  -50.534  -60.728  -31.719 0.1000000015
23767  -50.004  -58.960  -31.477 0.1000000015
15659  -50.113  -68.460  -26.345 0.2000000030
15658  -49.004  -68.483  -25.653 0.2000000030
118882  -47.969  -68.613  -26.798 0.3000000119
14717  -48.394  -68.679  -24.934 0.2000000030
14743  -47.313  -68.705  -26.083 0.3000000119
113575  -46.443  -68.912  -26.212 0.3000000119
131300  -39.792  -67.876  -24.842 0.3000000119
117178  -41.100  -68.859  -25.165 0.3000000119
14726  -44.156  -69.640  -25.229 0.3000000119
17955  -38.274  -65.793  -22.591 0.3000000119
17968  -38.137  -65.824  -23.292 0.3000000119
17199  -39.054  -66.901  -23.708 0.3000000119
16455  -40.207  -67.949  -24.208 0.3000000119
15628  -41.621  -68.814  -24.395 0.3000000119
14710  -41.999  -69.240  -24.904 0.3000000119
20200  -37.091  -62.749  -20.928 0.3000000119
129542  -37.337  -64.010  -21.618 0.3000000119
134087  -41.215  -68.293  -23.573 0.3000000119
15629  -42.312  -68.987  -24.119 0.3000000119
14712  -43.686  -69.442  -24.476 0.2000000030
20984  -37.409  -61.480  -20.371 0.2000000030
119712  -37.142  -61.978  -20.883 0.2000000030
21851  -37.792  -60.862  -21.381 0.3000000119
21863  -38.684  -60.399  -22.395 0.3000000119
118014  -38.133  -60.771  -22.805 0.3000000119
21864  -39.319  -60.241  -22.368 0.2000000030
21879  -40.475  -60.868  -22.959 0.1000000015
21866  -40.858  -60.697  -22.567 0.2000000030
128322  -41.488  -60.698  -22.840 0.1000000015
22750  -42.181  -60.254  -23.330 0.1000000015
22778  -43.422  -59.430  -24.615 0.1000000015
25431  -45.361  -57.160  -26.019 0.1000000015
26240  -46.829  -55.515  -25.759 0.1000000015
22767  -43.715  -60.444  -24.646 0.1000000015
22779  -44.406  -59.504  -25.373 0.1000000015
132542  -45.474  -58.248  -26.155 0.1000000015
26250  -48.225  -56.027  -26.153 0.1000000015
27025  -49.244  -54.752  -25.519 0.1000000015
27817  -50.774  -53.156  -24.730 0.1000000015
21035  -43.032  -62.276  -24.434 0.1000000015
21897  -44.241  -61.074  -24.929 0.1000000015
23682  -46.840  -58.801  -26.523 0.1000000015
24562  -47.099  -57.360  -26.469 0.1000000015
25420  -49.800  -56.085  -25.976 0.1000000015
26244  -50.747  -55.142  -25.513 0.1000000015
20248  -43.130  -62.680  -25.305 0.1000000015
20242  -43.483  -62.808  -25.306 0.1000000015
21058  -42.988  -62.477  -25.696 0.1000000015
125366  -43.611  -61.622  -26.868 0.2000000030
21932  -44.147  -61.001  -27.477 0.1000000015
21075  -44.724  -61.951  -27.625 0.1000000015
22827  -44.948  -59.820  -28.519 0.1000000015
21965  -46.345  -60.596  -29.357 0.1000000015
22843  -46.263  -59.670  -29.798 0.1000000015
21979  -46.903  -60.298  -30.101 0.1000000015
22872  -47.980  -60.154  -31.623 0.1000000015
21991  -49.067  -61.866  -31.929 0.1000000015
22873  -48.791  -60.818  -32.192 0.1000000015
113985  -50.033  -62.138  -32.475 0.1000000015
22863  -50.325  -60.580  -31.557 0.1000000015
15597  -45.553  -67.481  -21.997 0.2000000030
114634  -47.140  -68.923  -24.340 0.2000000030
14728  -46.005  -69.180  -25.400 0.3000000119
113576  -45.539  -69.188  -26.215 0.3000000119
15596  -44.797  -67.472  -21.869 0.2000000030
15614  -46.463  -67.910  -22.637 0.2000000030
14702  -45.683  -68.738  -23.473 0.2000000030
14715  -46.423  -69.128  -24.660 0.3000000119
14727  -45.118  -69.452  -25.308 0.3000000119
17185  -38.613  -66.047  -21.977 0.3000000119
117414  -39.458  -66.923  -22.837 0.3000000119
16429  -39.974  -67.476  -23.356 0.3000000119
127509  -37.912  -65.071  -21.381 0.3000000119
17940  -38.453  -65.612  -21.151 0.3000000119
17187  -40.114  -67.215  -22.281 0.3000000119
16430  -40.822  -67.651  -22.623 0.3000000119
15609  -41.757  -68.517  -23.611 0.3000000119
20976  -37.615  -61.599  -18.968 0.2000000030
19392  -37.314  -63.191  -20.160 0.3000000119
14699  -43.140  -69.122  -23.844 0.2000000030
14713  -44.743  -69.356  -24.255 0.2000000030
21821  -37.663  -61.039  -19.660 0.2000000030
21835  -37.804  -60.759  -20.531 0.2000000030
21822  -38.261  -60.321  -19.591 0.2000000030
123271  -38.326  -60.377  -21.141 0.3000000119
21836  -38.389  -60.188  -20.412 0.3000000119
129931  -38.953  -60.079  -21.703 0.3000000119
22736  -39.777  -59.901  -21.857 0.2000000030
121006  -39.569  -59.538  -21.163 0.3000000119
22724  -40.175  -59.276  -21.479 0.2000000030
23648  -41.578  -58.556  -22.778 0.2000000030
121544  -42.192  -58.713  -23.539 0.2000000030
24536  -43.152  -57.518  -24.593 0.1000000015
21908  -45.568  -61.518  -25.772 0.1000000015
116687  -47.743  -58.937  -26.630 0.1000000015
23683  -48.369  -58.180  -26.599 0.1000000015
24565  -49.341  -57.734  -26.467 0.1000000015
21051  -45.166  -62.567  -25.674 0.1000000015
21917  -46.376  -61.348  -26.197 0.1000000015
116735  -48.601  -59.100  -26.635 0.1000000015
20250  -44.390  -63.248  -26.081 0.1000000015
20245  -45.600  -63.057  -25.985 0.1000000015
20251  -46.374  -62.864  -26.389 0.1000000015
21061  -47.765  -61.926  -26.443 0.1000000015
119283  -48.402  -61.334  -26.491 0.1000000015
20265  -44.036  -62.931  -26.371 0.1000000015
20266  -44.682  -62.975  -26.897 0.1000000015
19457  -47.847  -63.131  -26.888 0.1000000015
19470  -47.515  -63.211  -27.280 0.1000000015
21076  -45.373  -62.621  -27.642 0.1000000015
21087  -45.417  -61.722  -28.206 0.1000000015
20279  -46.541  -62.404  -28.654 0.1000000015
20280  -47.899  -63.011  -29.093 0.1000000015
21104  -46.811  -61.756  -29.396 0.1000000015
21966  -47.064  -61.135  -29.915 0.1000000015
21990  -48.180  -60.984  -31.223 0.1000000015
15568  -43.721  -68.431  -20.872 0.3000000119
16405  -43.465  -67.530  -21.180 0.3000000119
16417  -44.073  -67.572  -21.526 0.3000000119
15595  -44.146  -67.517  -22.002 0.2000000030
135270  -44.292  -68.379  -22.747 0.2000000030
14701  -44.904  -68.537  -23.069 0.2000000030
16416  -42.693  -67.343  -21.210 0.3000000119
16433  -43.449  -67.498  -21.510 0.3000000119
15594  -43.081  -68.054  -22.349 0.3000000119
18639  -37.975  -64.996  -20.630 0.3000000119
113965  -39.607  -66.493  -20.956 0.3000000119
16402  -41.005  -67.130  -20.809 0.3000000119
16432  -42.664  -67.608  -21.830 0.3000000119
14700  -44.010  -69.056  -23.586 0.2000000030
20156  -37.624  -62.294  -18.321 0.2000000030
18630  -38.069  -64.892  -19.790 0.3000000119
17925  -38.596  -65.363  -19.368 0.3000000119
20960  -37.959  -61.429  -18.067 0.2000000030
22678  -38.629  -60.143  -18.621 0.2000000030
22694  -38.861  -59.760  -19.197 0.2000000030
22709  -38.840  -59.746  -19.966 0.2000000030
23612  -40.539  -58.327  -20.271 0.3000000119
23626  -40.598  -58.477  -21.144 0.2000000030
129941  -41.190  -58.522  -22.234 0.2000000030
19471  -48.554  -63.239  -27.333 0.1000000015
20294  -48.253  -63.074  -30.269 0.1000000015
21980  -47.626  -61.075  -30.595 0.1000000015
13765  -43.266  -70.604  -20.179 0.1000000015
13759  -42.623  -70.444  -19.498 0.2000000030
14655  -42.756  -69.774  -20.221 0.3000000119
126181  -43.122  -68.894  -20.549 0.3000000119
15560  -41.696  -68.519  -19.848 0.3000000119
16393  -41.340  -67.719  -19.940 0.3000000119
17168  -40.297  -66.802  -20.485 0.3000000119
17162  -40.180  -66.839  -19.730 0.3000000119
19352  -37.849  -63.670  -17.885 0.3000000119
17918  -38.576  -65.275  -18.483 0.3000000119
17919  -39.075  -65.873  -18.956 0.3000000119
17161  -39.570  -66.383  -19.395 0.3000000119
127685  -38.391  -62.761  -16.838 0.2000000030
21793  -39.134  -60.553  -17.380 0.2000000030
21807  -39.009  -60.047  -17.927 0.1000000015
22695  -39.387  -59.267  -19.434 0.2000000030
23577  -40.887  -58.892  -18.125 0.1000000015
23598  -40.547  -58.378  -19.444 0.2000000030
24473  -40.962  -57.968  -19.886 0.2000000030
23613  -41.143  -57.758  -20.688 0.3000000119
14645  -41.342  -69.294  -19.199 0.3000000119
15559  -40.955  -68.479  -19.309 0.3000000119
16383  -39.939  -67.637  -18.380 0.3000000119
17157  -39.825  -66.978  -18.954 0.3000000119
18579  -38.712  -64.357  -16.449 0.3000000119
17899  -38.483  -65.137  -17.517 0.3000000119
127536  -39.399  -66.424  -18.681 0.3000000119
19312  -38.487  -63.502  -16.671 0.2000000030
20125  -39.570  -62.091  -16.445 0.2000000030
21786  -40.554  -60.773  -16.834 0.1000000015
22670  -41.178  -59.341  -17.774 0.1000000015
22681  -41.521  -59.017  -18.094 0.1000000015
23600  -41.854  -57.980  -19.328 0.1000000015
24474  -41.511  -57.704  -19.953 0.1000000015
15545  -40.049  -68.296  -17.722 0.3000000119
116993  -39.875  -68.090  -16.879 0.2000000030
16382  -39.469  -66.909  -18.074 0.3000000119
16374  -39.208  -66.731  -17.018 0.3000000119
19313  -39.203  -63.592  -16.202 0.2000000030
116264  -38.993  -66.009  -17.927 0.3000000119
20126  -40.411  -62.199  -16.279 0.2000000030
19300  -40.008  -63.601  -15.754 0.2000000030
20952  -43.336  -61.750  -17.572 0.1000000015
20938  -41.885  -61.876  -16.756 0.1000000015
20951  -42.478  -61.399  -17.256 0.1000000015
21796  -42.150  -60.476  -17.490 0.1000000015
22671  -41.842  -59.615  -17.799 0.1000000015
21809  -43.469  -60.445  -18.258 0.1000000015
21808  -42.701  -59.987  -17.981 0.1000000015
22682  -42.313  -59.043  -18.324 0.1000000015
23601  -43.512  -58.356  -19.510 0.1000000015
16365  -39.416  -66.990  -16.127 0.2000000030
113448  -39.347  -65.802  -15.722 0.2000000030
17137  -39.093  -66.202  -16.208 0.2000000030
18569  -40.247  -64.384  -15.483 0.2000000030
17881  -38.959  -65.269  -16.164 0.2000000030
19315  -41.579  -63.071  -16.071 0.1000000015
19314  -40.660  -62.937  -15.976 0.2000000030
20144  -43.697  -62.534  -17.420 0.1000000015
20961  -43.788  -61.247  -18.109 0.1000000015
22683  -43.323  -59.615  -18.556 0.1000000015
22696  -43.819  -59.162  -19.217 0.1000000015
21811  -44.912  -61.171  -19.102 0.1000000015
21810  -44.200  -60.717  -18.672 0.1000000015
21823  -44.739  -60.420  -19.379 0.1000000015
22697  -44.591  -59.599  -19.655 0.1000000015
130052  -45.594  -61.416  -19.431 0.1000000015
21825  -46.090  -60.858  -20.188 0.1000000015
22698  -45.432  -60.054  -20.137 0.1000000015
14845  -44.706  -69.214  -32.476 0.4000000060
15692  -42.413  -68.859  -30.665 0.5000000000
14833  -44.173  -69.382  -31.694 0.4000000060
15704  -42.758  -68.453  -31.412 0.5000000000
15705  -43.484  -68.863  -31.756 0.6000000238
14834  -45.394  -69.787  -32.163 0.5000000000
14813  -45.444  -69.888  -31.054 0.4000000060
13099  -49.440  -70.205  -36.322 0.5000000000
14835  -46.110  -70.139  -31.733 0.4000000060
15715  -44.335  -68.342  -32.893 0.5000000000
13933  -48.205  -69.922  -33.980 0.5000000000
14846  -45.460  -69.252  -33.042 0.6000000238
118364  -48.328  -69.160  -35.145 0.5000000000
13983  -49.119  -69.786  -36.390 0.3000000119
12159  -49.489  -71.630  -35.741 0.5000000000
114943  -40.811  -66.426  -31.149 0.4000000060
13968  -48.589  -69.607  -36.402 0.4000000060
134454  -46.144  -67.984  -36.206 0.5000000000
16559  -45.009  -66.765  -36.573 0.4000000060
15751  -45.046  -66.976  -36.703 0.4000000060
17327  -41.375  -66.944  -36.561 0.3000000119
112420  -42.260  -66.870  -36.200 0.4000000060
13901  -52.130  -70.928  -31.828 0.2000000030
14797  -44.407  -69.606  -29.822 0.5000000000
18020  -40.197  -65.882  -31.131 0.3000000119
17277  -42.146  -66.747  -32.244 0.4000000060
19482  -38.317  -63.460  -28.686 0.3000000119
116530  -38.990  -64.123  -30.138 0.4000000060
126085  -39.576  -65.231  -30.851 0.4000000060
17266  -41.344  -66.635  -31.609 0.5000000000
16526  -43.793  -67.528  -33.016 0.6000000238
15725  -45.614  -67.668  -34.502 0.6000000238
14858  -46.143  -68.551  -34.136 0.6000000238
14847  -46.272  -69.741  -32.956 0.6000000238
14893  -48.607  -69.207  -36.291 0.5000000000
18029  -39.809  -66.011  -32.120 0.4000000060
17288  -42.067  -66.545  -33.027 0.5000000000
16533  -44.242  -66.967  -34.018 0.6000000238
15733  -47.128  -67.746  -35.979 0.5000000000
14874  -47.002  -68.075  -35.241 0.5000000000
117678  -47.277  -67.974  -36.152 0.5000000000
14875  -47.668  -68.354  -35.668 0.5000000000
18726  -39.067  -64.781  -31.424 0.4000000060
17275  -40.263  -66.317  -32.670 0.5000000000
17289  -42.957  -66.639  -33.827 0.5000000000
16542  -44.533  -66.745  -34.972 0.4000000060
19523  -38.532  -63.446  -31.610 0.4000000060
20317  -38.506  -62.666  -31.304 0.3000000119
18028  -38.926  -65.387  -32.933 0.5000000000
17287  -40.973  -66.506  -33.247 0.5000000000
122521  -40.760  -66.541  -34.046 0.5000000000
17302  -43.760  -66.652  -35.023 0.4000000060
17303  -44.738  -66.556  -35.872 0.5000000000
17286  -39.929  -66.324  -33.674 0.5000000000
17300  -41.270  -66.668  -34.689 0.4000000060
17314  -41.868  -66.803  -35.414 0.4000000060
18057  -38.968  -65.287  -34.884 0.4000000060
18755  -38.598  -64.498  -34.379 0.4000000060
134642  -41.375  -66.837  -35.928 0.4000000060
14781  -44.092  -69.505  -28.251 0.5000000000
14798  -45.244  -69.691  -30.054 0.4000000060
13915  -48.339  -70.429  -33.024 0.5000000000
17228  -38.803  -66.889  -26.371 0.5000000000
13897  -46.868  -70.297  -32.159 0.5000000000
19465  -37.640  -63.324  -26.994 0.3000000119
114842  -37.892  -60.982  -26.949 0.2000000030
20277  -37.970  -62.551  -28.404 0.3000000119
20292  -38.294  -62.181  -29.629 0.4000000060
21086  -38.097  -61.126  -28.599 0.3000000119
21947  -38.390  -60.389  -28.214 0.3000000119
21964  -38.961  -60.046  -29.514 0.3000000119
21978  -39.147  -60.330  -30.341 0.3000000119
21135  -38.553  -61.861  -31.063 0.3000000119
20326  -38.544  -62.549  -32.722 0.3000000119
115664  -38.467  -62.862  -32.025 0.3000000119
122416  -38.427  -64.109  -33.579 0.3000000119
20327  -38.887  -61.746  -32.366 0.3000000119
21136  -38.901  -61.370  -31.630 0.2000000030
20338  -39.180  -61.774  -33.195 0.3000000119
19549  -38.500  -63.552  -34.086 0.3000000119
20348  -38.744  -62.889  -34.362 0.3000000119
20361  -39.008  -62.955  -35.185 0.3000000119
18763  -38.822  -64.487  -35.243 0.4000000060
18764  -39.151  -64.540  -36.012 0.4000000060
20362  -39.606  -62.299  -35.374 0.2000000030
20370  -39.390  -62.913  -35.978 0.3000000119
19572  -39.444  -63.703  -36.561 0.2000000030
21165  -40.543  -61.184  -34.022 0.2000000030
21177  -41.237  -61.261  -35.531 0.2000000030
123453  -43.674  -59.530  -35.172 0.1000000015
23794  -45.361  -58.523  -33.836 0.1000000015
14759  -43.663  -69.543  -27.610 0.4000000060
14758  -42.644  -69.538  -27.737 0.4000000060
111986  -46.865  -69.566  -29.881 0.4000000060
131853  -46.811  -70.187  -31.370 0.5000000000
123574  -39.714  -68.080  -26.333 0.5000000000
17985  -37.586  -64.863  -25.220 0.4000000060
20241  -37.476  -62.397  -25.699 0.3000000119
21046  -37.727  -61.450  -25.509 0.2000000030
22776  -39.660  -59.634  -25.710 0.1000000015
21047  -38.236  -60.693  -25.134 0.1000000015
22839  -38.880  -59.825  -28.639 0.2000000030
22807  -40.311  -59.078  -27.176 0.2000000030
118088  -39.455  -59.664  -29.921 0.2000000030
23725  -40.223  -58.688  -29.065 0.2000000030
22867  -40.190  -59.903  -31.292 0.2000000030
22857  -39.777  -59.794  -30.620 0.2000000030
23726  -40.885  -58.503  -29.346 0.2000000030
22868  -40.855  -59.662  -31.601 0.1000000015
21154  -40.115  -61.098  -33.259 0.2000000030
23747  -41.788  -58.729  -30.780 0.1000000015
23759  -41.993  -58.928  -31.433 0.1000000015
22870  -42.145  -59.231  -32.032 0.1000000015
22877  -41.134  -59.927  -32.285 0.2000000030
22003  -41.026  -60.621  -33.449 0.2000000030
22879  -42.549  -59.259  -32.509 0.1000000015
120060  -44.127  -58.258  -30.646 0.1000000015
22880  -43.068  -59.241  -33.109 0.1000000015
22004  -41.740  -60.276  -33.569 0.1000000015
22893  -42.924  -59.654  -33.866 0.1000000015
22029  -42.606  -60.324  -35.366 0.1000000015
113571  -44.759  -58.408  -32.355 0.1000000015
133737  -43.290  -59.716  -34.892 0.1000000015
23779  -45.457  -58.421  -32.947 0.1000000015
112653  -46.085  -58.430  -33.495 0.1000000015
23795  -46.818  -58.522  -33.919 0.1000000015
14763  -47.727  -68.612  -27.632 0.3000000119
116234  -49.501  -68.599  -28.401 0.3000000119
14762  -46.793  -68.811  -27.746 0.3000000119
14784  -47.469  -68.774  -28.413 0.3000000119
14786  -49.625  -68.971  -29.069 0.3000000119
14801  -48.820  -69.189  -29.550 0.3000000119
127582  -46.763  -69.168  -28.958 0.3000000119
14761  -45.982  -69.067  -27.949 0.3000000119
126371  -42.300  -69.562  -27.008 0.4000000060
119200  -44.097  -69.519  -26.880 0.4000000060
14760  -44.583  -69.403  -27.601 0.4000000060
15643  -40.309  -68.530  -25.811 0.4000000060
14740  -41.633  -69.396  -26.628 0.4000000060
17967  -37.711  -65.141  -23.630 0.4000000060
20231  -37.335  -62.545  -24.274 0.3000000119
130098  -37.598  -61.400  -22.977 0.3000000119
21893  -38.849  -60.274  -24.520 0.2000000030
21895  -40.282  -60.692  -23.731 0.1000000015
23695  -41.411  -58.585  -28.185 0.2000000030
21914  -41.720  -60.615  -25.850 0.1000000015
127491  -42.081  -59.391  -27.162 0.2000000030
23697  -42.766  -58.670  -28.139 0.1000000015
23715  -42.219  -58.451  -28.518 0.1000000015
23748  -42.914  -58.265  -30.038 0.1000000015
23729  -43.386  -58.284  -29.460 0.1000000015
23730  -44.857  -58.676  -29.518 0.1000000015
23762  -44.810  -58.316  -31.336 0.1000000015
23751  -45.602  -58.526  -31.021 0.1000000015
130458  -46.084  -58.426  -32.731 0.1000000015
113317  -46.559  -58.617  -32.273 0.1000000015
22881  -48.146  -59.682  -32.295 0.1000000015
22882  -49.196  -60.745  -32.681 0.1000000015
14745  -49.793  -68.516  -27.127 0.2000000030
117127  -50.912  -68.766  -28.569 0.2000000030
119198  -46.030  -69.000  -27.099 0.3000000119
16454  -39.521  -67.468  -24.326 0.3000000119
134364  -40.932  -69.058  -26.190 0.4000000060
125971  -37.630  -64.680  -22.024 0.3000000119
118917  -37.267  -63.875  -22.318 0.3000000119
114146  -38.853  -60.484  -23.038 0.1000000015
21018  -41.630  -61.781  -23.831 0.1000000015
21880  -41.250  -61.287  -23.141 0.1000000015
128993  -42.948  -60.857  -23.861 0.1000000015
120003  -42.493  -61.856  -23.881 0.1000000015
21033  -40.966  -61.486  -24.037 0.1000000015
21034  -42.371  -62.212  -24.457 0.1000000015
21896  -43.472  -61.463  -24.393 0.1000000015
20232  -42.977  -62.632  -24.925 0.1000000015
21916  -43.037  -61.581  -26.389 0.1000000015
22825  -43.505  -58.873  -28.190 0.1000000015
22826  -44.281  -59.273  -28.350 0.1000000015
21948  -44.882  -60.864  -28.096 0.1000000015
22871  -46.979  -59.342  -31.166 0.1000000015
14744  -48.910  -68.496  -26.573 0.2000000030
112210  -48.149  -68.525  -25.891 0.2000000030
14729  -46.823  -68.959  -25.348 0.2000000030
17939  -38.098  -65.428  -21.989 0.3000000119
17198  -38.758  -66.353  -22.872 0.3000000119
16444  -40.754  -68.016  -23.492 0.3000000119
20189  -37.263  -62.263  -20.226 0.3000000119
115952  -37.295  -63.665  -20.945 0.3000000119
129961  -37.434  -61.751  -19.713 0.3000000119
129920  -39.594  -60.439  -22.803 0.1000000015
22738  -41.061  -59.775  -22.389 0.2000000030
22749  -41.696  -59.670  -22.909 0.1000000015
22766  -42.737  -59.523  -23.975 0.1000000015
23672  -43.738  -58.165  -25.133 0.1000000015
122668  -44.560  -58.286  -25.638 0.1000000015
123118  -45.741  -56.530  -25.971 0.1000000015
130885  -46.240  -57.101  -26.291 0.1000000015
26241  -47.779  -55.435  -25.774 0.1000000015
25418  -47.354  -56.099  -26.155 0.1000000015
23681  -45.916  -58.650  -26.290 0.1000000015
120096  -46.971  -56.717  -26.331 0.1000000015
124665  -46.507  -57.954  -26.456 0.1000000015
26242  -48.654  -55.435  -25.775 0.1000000015
25433  -48.620  -56.569  -26.325 0.1000000015
27026  -50.163  -54.519  -25.420 0.1000000015
27840  -50.438  -53.746  -25.125 0.1000000015
21036  -43.864  -62.243  -24.766 0.1000000015
22780  -45.451  -59.569  -26.003 0.1000000015
21050  -44.711  -61.826  -25.314 0.1000000015
121164  -47.380  -58.117  -26.591 0.1000000015
22794  -46.353  -59.585  -26.360 0.1000000015
24564  -48.570  -57.269  -26.469 0.1000000015
25434  -49.383  -56.798  -26.305 0.1000000015
27027  -50.971  -54.314  -25.325 0.1000000015
20249  -43.659  -62.950  -25.732 0.1000000015
21059  -43.518  -62.484  -26.319 0.1000000015
21074  -44.075  -62.262  -26.969 0.1000000015
21949  -45.580  -60.628  -28.655 0.1000000015
112362  -45.317  -67.652  -21.831 0.2000000030
15612  -44.997  -67.511  -22.123 0.2000000030
14703  -46.475  -68.884  -23.805 0.2000000030
113938  -43.840  -67.648  -21.153 0.3000000119
17186  -39.377  -66.620  -21.939 0.3000000119
15593  -42.201  -68.160  -22.676 0.3000000119
18638  -37.601  -64.206  -20.198 0.3000000119
17172  -38.992  -66.190  -21.316 0.3000000119
16414  -40.954  -67.335  -21.647 0.3000000119
16431  -41.800  -67.612  -21.960 0.3000000119
15610  -42.648  -68.631  -23.282 0.3000000119
20173  -37.416  -62.551  -19.329 0.3000000119
20977  -38.030  -60.809  -18.789 0.2000000030
19372  -37.553  -63.611  -19.393 0.3000000119
22711  -40.046  -58.905  -20.718 0.3000000119
122101  -42.586  -57.512  -23.984 0.2000000030
23665  -42.946  -58.421  -24.381 0.1000000015
22795  -47.250  -59.682  -26.546 0.1000000015
25435  -50.293  -56.813  -26.137 0.1000000015
135499  -47.101  -61.274  -26.413 0.1000000015
115300  -48.113  -59.770  -26.597 0.1000000015
21918  -47.714  -60.669  -26.510 0.1000000015
19454  -45.278  -63.298  -26.269 0.1000000015
19455  -45.861  -63.184  -26.432 0.1000000015
19469  -46.484  -63.266  -27.044 0.1000000015
20267  -46.197  -62.967  -27.636 0.1000000015
19483  -47.239  -63.075  -27.914 0.1000000015
20293  -47.360  -62.527  -29.351 0.1000000015
15567  -43.304  -67.935  -20.787 0.3000000119
15580  -44.384  -67.834  -21.430 0.3000000119
131069  -42.255  -67.354  -20.872 0.3000000119
16415  -41.835  -67.212  -21.077 0.3000000119
17931  -38.564  -65.450  -20.208 0.3000000119
17926  -39.135  -65.886  -19.771 0.3000000119
19351  -37.593  -63.179  -18.560 0.3000000119
19332  -37.707  -62.914  -17.816 0.3000000119
20142  -38.065  -62.261  -17.407 0.2000000030
117366  -38.154  -64.759  -18.983 0.3000000119
22679  -39.354  -59.467  -18.475 0.2000000030
24510  -41.567  -57.716  -22.279 0.2000000030
24521  -42.094  -57.421  -23.087 0.2000000030
13766  -43.924  -70.584  -20.629 0.1000000015
14646  -42.051  -69.519  -19.720 0.3000000119
16403  -41.602  -67.377  -20.549 0.3000000119
16392  -40.505  -67.575  -19.326 0.3000000119
19333  -37.990  -63.216  -17.197 0.3000000119
18594  -38.148  -64.225  -17.135 0.3000000119
20935  -39.391  -61.235  -16.790 0.2000000030
21794  -39.818  -60.498  -16.980 0.2000000030
22680  -40.170  -59.066  -18.178 0.1000000015
22669  -40.553  -59.454  -17.659 0.1000000015
23599  -41.149  -58.136  -19.307 0.2000000030
15551  -40.804  -69.064  -18.730 0.3000000119
15550  -40.419  -68.382  -18.584 0.3000000119
17880  -38.517  -64.982  -16.786 0.3000000119
113014  -39.798  -62.859  -16.137 0.2000000030
20936  -40.135  -61.439  -16.516 0.2000000030
21785  -39.953  -60.945  -16.688 0.2000000030
131638  -40.346  -60.058  -17.216 0.1000000015
21795  -41.180  -60.059  -17.340 0.1000000015
20950  -41.562  -61.013  -17.001 0.1000000015
20937  -40.982  -61.587  -16.556 0.1000000015
130795  -42.670  -58.040  -19.345 0.1000000015
128189  -39.558  -67.441  -16.699 0.3000000119
17900  -38.763  -65.762  -16.887 0.3000000119
18568  -39.380  -64.396  -15.857 0.2000000030
20127  -41.277  -62.356  -16.321 0.1000000015
20128  -42.049  -62.562  -16.491 0.1000000015
23588  -43.001  -58.702  -18.892 0.1000000015
17119  -39.912  -65.858  -15.286 0.2000000030
17865  -39.627  -65.158  -15.558 0.2000000030
19316  -42.592  -63.228  -16.427 0.1000000015
22684  -44.085  -59.954  -18.980 0.1000000015
21824  -45.353  -60.793  -19.613 0.1000000015
13085  -47.183  -71.751  -35.413 0.3000000119
11311  -46.686  -74.340  -35.825 0.3000000119
11292  -46.650  -73.286  -35.288 0.3000000119
7535  -43.715  -78.779  -36.688 0.2000000030
7533  -42.642  -79.593  -36.609 0.2000000030
10454  -46.492  -74.964  -36.271 0.4000000060
123295  -45.625  -75.818  -36.520 0.3000000119
12142  -45.788  -72.305  -34.658 0.4000000060
10453  -45.774  -75.096  -36.408 0.3000000119
8941  -45.118  -76.946  -36.371 0.3000000119
13074  -46.140  -71.412  -34.818 0.4000000060
11310  -44.824  -74.100  -35.360 0.4000000060
9657  -45.129  -76.483  -36.541 0.3000000119
7543  -43.541  -78.837  -37.031 0.2000000030
11291  -45.609  -73.396  -34.926 0.4000000060
9641  -44.511  -75.627  -36.416 0.4000000060
13073  -45.145  -71.304  -34.319 0.4000000060
13951  -45.614  -70.240  -34.804 0.4000000060
121950  -44.566  -74.847  -36.020 0.4000000060
9656  -44.037  -76.435  -36.639 0.3000000119
8223  -43.241  -78.065  -37.203 0.3000000119
121572  -44.310  -72.947  -34.447 0.4000000060
10452  -43.418  -74.802  -35.779 0.3000000119
8939  -43.662  -77.309  -36.904 0.4000000060
14873  -44.715  -69.573  -34.785 0.4000000060
11290  -43.738  -73.466  -34.743 0.4000000060
9639  -42.025  -75.386  -36.123 0.3000000119
12125  -44.352  -71.364  -33.920 0.4000000060
12124  -43.771  -71.907  -33.784 0.4000000060
11308  -42.626  -74.082  -35.247 0.4000000060
12140  -43.283  -72.715  -34.184 0.4000000060
11307  -41.731  -74.088  -35.263 0.3000000119
14890  -45.191  -68.481  -35.750 0.4000000060
13059  -43.788  -71.049  -33.710 0.4000000060
11288  -42.018  -73.441  -34.720 0.4000000060
13949  -43.698  -69.835  -34.289 0.4000000060
13932  -43.366  -70.402  -33.799 0.4000000060
12123  -42.771  -71.948  -33.678 0.4000000060
12139  -42.345  -72.691  -34.131 0.4000000060
115887  -44.201  -69.373  -34.937 0.4000000060
13057  -42.295  -71.238  -33.593 0.4000000060
12122  -41.871  -71.914  -33.692 0.4000000060
126614  -41.294  -73.535  -34.835 0.3000000119
10449  -40.506  -74.760  -35.836 0.2000000030
117342  -43.341  -69.588  -34.687 0.4000000060
126552  -42.589  -69.681  -34.598 0.4000000060
13930  -41.873  -70.669  -33.714 0.4000000060
12121  -40.961  -71.622  -33.852 0.4000000060
11306  -40.808  -74.029  -35.305 0.2000000030
11287  -40.612  -73.252  -34.692 0.2000000030
10471  -39.643  -74.830  -36.036 0.3000000119
16558  -44.488  -67.122  -36.931 0.3000000119
14889  -44.307  -68.868  -35.771 0.3000000119
14888  -43.037  -69.430  -35.366 0.3000000119
128673  -40.554  -70.952  -34.065 0.3000000119
11286  -39.810  -73.011  -34.674 0.2000000030
12137  -40.343  -72.387  -34.271 0.2000000030
11305  -39.440  -73.594  -35.211 0.2000000030
10470  -38.811  -74.892  -36.253 0.2000000030
16557  -43.801  -67.051  -37.075 0.3000000119
15750  -44.496  -67.798  -36.871 0.3000000119
14872  -42.028  -69.904  -34.286 0.4000000060
125467  -40.016  -71.460  -34.203 0.1000000015
16567  -43.147  -67.621  -37.584 0.3000000119
15757  -44.011  -67.891  -37.363 0.3000000119
14907  -42.611  -69.502  -36.285 0.2000000030
14871  -41.239  -70.058  -34.613 0.2000000030
11285  -38.966  -72.846  -34.794 0.1000000015
132163  -38.170  -74.999  -36.439 0.2000000030
14918  -43.388  -68.763  -37.999 0.2000000030
14886  -40.917  -69.943  -35.404 0.1000000015
13072  -39.903  -70.719  -34.538 0.1000000015
12135  -38.585  -72.021  -34.628 0.1000000015
11304  -38.571  -73.540  -35.348 0.1000000015
17342  -41.225  -67.147  -37.291 0.2000000030
16568  -43.484  -68.155  -37.791 0.3000000119
17340  -40.204  -66.188  -37.233 0.2000000030
16566  -41.970  -67.548  -37.799 0.3000000119
14906  -41.497  -69.797  -36.113 0.1000000015
13945  -39.011  -70.577  -34.914 0.1000000015
12134  -37.926  -71.823  -34.803 0.1000000015
11303  -37.647  -73.417  -35.475 0.1000000015
17341  -40.564  -66.761  -37.623 0.2000000030
16578  -42.771  -68.081  -38.230 0.2000000030
15765  -43.127  -68.809  -38.563 0.1000000015
14917  -43.170  -69.314  -37.461 0.1000000015
13982  -41.035  -70.169  -36.799 0.1000000015
13981  -40.106  -70.253  -36.575 0.1000000015
13944  -38.461  -70.881  -34.886 0.1000000015
124082  -37.189  -72.641  -35.272 0.1000000015
10468  -36.628  -74.599  -36.286 0.1000000015
16577  -41.628  -67.794  -38.495 0.1000000015
127836  -43.137  -69.278  -39.024 0.1000000015
13995  -42.605  -70.162  -37.953 0.1000000015
13993  -40.466  -70.517  -37.429 0.1000000015
13979  -38.118  -70.467  -36.070 0.1000000015
13978  -37.310  -70.707  -36.093 0.1000000015
11302  -36.710  -73.180  -35.536 0.1000000015
9649  -36.100  -75.141  -36.623 0.1000000015
14927  -43.208  -69.579  -38.932 0.1000000015
14003  -40.880  -70.880  -38.178 0.1000000015
13992  -39.490  -70.535  -37.256 0.1000000015
12152  -35.688  -72.410  -35.876 0.1000000015
125251  -35.237  -73.114  -36.046 0.1000000015
13991  -38.494  -70.593  -37.068 0.1000000015
25366  -42.530  -56.238  -21.990 0.2000000030
18062  -39.797  -65.562  -36.952 0.2000000030
18075  -40.099  -65.652  -37.620 0.1000000015
16565  -40.961  -67.328  -38.004 0.1000000015
17353  -40.536  -66.577  -38.816 0.1000000015
15778  -42.786  -69.013  -39.229 0.1000000015
16576  -40.802  -67.294  -38.728 0.1000000015
14005  -42.957  -70.528  -38.693 0.1000000015
11301  -35.849  -73.008  -35.695 0.1000000015
124649  -36.743  -71.539  -35.504 0.1000000015
14012  -43.170  -70.859  -39.294 0.1000000015
125179  -46.053  -74.516  -35.989 0.3000000119
8940  -44.558  -77.259  -36.615 0.3000000119
9640  -43.138  -75.495  -36.192 0.3000000119
11309  -43.614  -74.112  -35.286 0.4000000060
10451  -42.348  -74.744  -35.687 0.3000000119
13950  -44.335  -70.496  -34.112 0.4000000060
13948  -42.153  -70.196  -33.885 0.4000000060
12138  -41.330  -72.708  -34.237 0.2000000030
116339  -39.951  -74.196  -35.541 0.2000000030
10448  -39.108  -74.258  -35.713 0.2000000030
134358  -43.905  -67.545  -37.309 0.3000000119
14908  -43.698  -68.907  -36.533 0.3000000119
125761  -40.801  -70.536  -34.290 0.2000000030
12136  -39.450  -72.183  -34.442 0.1000000015
14887  -41.947  -69.681  -35.183 0.4000000060
117880  -43.795  -68.420  -37.297 0.2000000030
13946  -40.360  -70.228  -34.854 0.1000000015
10447  -38.159  -74.334  -35.929 0.1000000015
13965  -39.944  -70.183  -35.645 0.1000000015
14916  -42.070  -69.896  -37.034 0.1000000015
13964  -38.999  -70.412  -35.523 0.1000000015
13084  -37.269  -71.166  -35.296 0.1000000015
10446  -37.162  -74.067  -35.886 0.1000000015
17352  -40.334  -66.217  -38.088 0.1000000015
15764  -42.293  -68.401  -38.891 0.1000000015
14926  -43.143  -69.753  -38.481 0.1000000015
13994  -41.496  -70.430  -37.607 0.1000000015
13980  -39.162  -70.365  -36.321 0.1000000015
10445  -36.170  -73.787  -35.824 0.1000000015
14004  -41.974  -70.791  -38.335 0.1000000015
10467  -35.528  -74.355  -36.213 0.1000000015
14938  -43.109  -69.708  -39.529 0.1000000015
16588  -41.239  -67.885  -39.249 0.1000000015
11278  -48.753  -73.300  -34.035 0.3000000119
11276  -47.743  -74.068  -34.134 0.2000000030
10420  -47.086  -74.705  -34.717 0.3000000119
10421  -47.487  -74.337  -35.040 0.2000000030
13060  -50.633  -71.400  -34.141 0.4000000060
11263  -49.938  -72.516  -33.926 0.2000000030
11294  -48.998  -72.732  -34.993 0.3000000119
13075  -50.237  -70.991  -35.225 0.4000000060
11277  -48.131  -73.758  -34.978 0.2000000030
10432  -47.014  -74.700  -35.589 0.2000000030
9615  -45.973  -75.563  -34.852 0.1000000015
10431  -46.694  -75.230  -35.377 0.2000000030
9629  -45.700  -76.239  -35.467 0.1000000015
11293  -48.139  -73.289  -35.399 0.3000000119
9614  -44.740  -75.586  -34.290 0.1000000015
9631  -46.607  -75.165  -36.063 0.2000000030
9628  -44.760  -76.544  -35.140 0.1000000015
8199  -43.657  -77.809  -35.538 0.1000000015
8916  -45.381  -76.797  -35.838 0.1000000015
8200  -44.645  -77.437  -35.803 0.1000000015
126903  -41.775  -77.611  -35.207 0.1000000015
8198  -42.672  -77.818  -35.338 0.1000000015
8210  -41.353  -78.155  -35.567 0.1000000015
8211  -42.399  -78.524  -35.724 0.1000000015
11314  -48.559  -72.478  -35.658 0.3000000119
10455  -46.841  -74.597  -35.912 0.2000000030
9642  -46.168  -75.677  -36.289 0.2000000030
9630  -46.345  -75.845  -35.873 0.2000000030
8917  -45.891  -76.389  -36.093 0.2000000030
7520  -42.204  -79.099  -36.172 0.1000000015
12157  -48.255  -72.124  -35.859 0.2000000030
11313  -47.852  -73.197  -35.566 0.3000000119
8929  -45.297  -76.951  -36.153 0.2000000030
8212  -43.309  -78.582  -35.890 0.1000000015
7518  -39.864  -78.543  -36.193 0.1000000015
7519  -41.227  -78.824  -36.138 0.1000000015
11312  -47.215  -73.926  -35.610 0.3000000119
13969  -49.031  -70.420  -36.517 0.2000000030
8214  -44.557  -77.682  -36.399 0.2000000030
7522  -43.507  -78.807  -36.357 0.1000000015
7531  -40.845  -79.493  -36.556 0.1000000015
7532  -41.949  -79.671  -36.553 0.1000000015
7534  -43.257  -79.265  -36.720 0.1000000015
6854  -40.195  -80.302  -36.897 0.1000000015
12156  -47.449  -72.923  -35.528 0.2000000030
6856  -42.170  -80.163  -37.060 0.1000000015
129395  -43.186  -79.367  -37.080 0.1000000015
6194  -41.175  -81.188  -37.286 0.1000000015
6855  -41.520  -80.327  -36.949 0.1000000015
8231  -42.895  -78.782  -37.313 0.1000000015
6868  -42.083  -80.239  -37.391 0.1000000015
115402  -41.860  -78.587  -37.467 0.1000000015
5575  -39.324  -83.080  -36.459 0.1000000015
6207  -41.438  -81.374  -37.680 0.1000000015
6208  -41.883  -80.848  -37.594 0.1000000015
7542  -42.493  -79.559  -37.341 0.1000000015
9655  -42.776  -76.262  -36.506 0.3000000119
5603  -41.238  -81.678  -38.286 0.1000000015
13087  -49.305  -71.012  -36.357 0.3000000119
12144  -49.971  -71.833  -34.827 0.3000000119
7521  -42.961  -79.139  -36.262 0.1000000015
8942  -45.662  -76.359  -36.308 0.2000000030
10433  -47.376  -74.008  -35.483 0.2000000030
8213  -43.991  -78.260  -36.088 0.1000000015
126358  -40.272  -81.368  -37.186 0.1000000015
6206  -40.589  -82.206  -37.536 0.1000000015
6225  -41.908  -80.921  -38.017 0.1000000015
6192  -38.508  -80.743  -36.724 0.1000000015
5589  -41.038  -82.016  -37.906 0.1000000015
8938  -42.345  -77.028  -36.815 0.2000000030
7540  -40.229  -78.812  -38.090 0.1000000015
6894  -40.217  -80.322  -40.384 0.1000000015
7556  -39.928  -79.292  -38.732 0.2000000030
135257  -39.798  -80.147  -41.131 0.1000000015
8230  -40.826  -77.761  -37.389 0.2000000030
114514  -40.206  -78.209  -37.731 0.2000000030
7567  -39.982  -79.602  -40.069 0.2000000030
125876  -39.746  -77.555  -37.554 0.1000000015
7579  -39.734  -79.586  -41.148 0.1000000015
7555  -39.289  -78.924  -39.121 0.2000000030
115322  -38.822  -77.543  -37.856 0.1000000015
8222  -42.029  -77.793  -37.259 0.2000000030
8221  -40.159  -76.955  -37.175 0.1000000015
7566  -39.188  -78.774  -40.328 0.1000000015
8260  -38.618  -78.276  -38.815 0.1000000015
9654  -41.627  -76.058  -36.495 0.2000000030
8937  -41.050  -76.777  -36.870 0.2000000030
120369  -40.753  -75.909  -36.537 0.1000000015
8953  -39.324  -76.776  -37.326 0.1000000015
9638  -41.066  -75.342  -36.173 0.2000000030
9653  -40.196  -75.395  -36.320 0.2000000030
8935  -38.910  -76.051  -37.022 0.1000000015
8936  -39.940  -76.179  -36.780 0.1000000015
10450  -41.398  -74.721  -35.711 0.2000000030
9652  -39.326  -75.453  -36.524 0.1000000015
8952  -38.424  -76.711  -37.526 0.1000000015
122050  -41.151  -78.949  -37.704 0.1000000015
12112  -50.676  -72.121  -33.177 0.2000000030
132877  -50.183  -68.829  -28.799 0.2000000030
14788  -52.957  -69.707  -29.497 0.1000000015
15581  -46.057  -67.576  -22.013 0.1000000015
15646  -51.346  -68.461  -25.733 0.1000000015
15660  -51.573  -68.548  -26.738 0.1000000015
14716  -47.955  -68.727  -24.069 0.1000000015
14669  -46.548  -68.307  -21.976 0.2000000030
128632  -46.430  -67.773  -22.236 0.1000000015
116813  -51.333  -68.429  -23.843 0.1000000015
14668  -45.816  -68.614  -21.741 0.2000000030
121502  -46.171  -67.602  -22.082 0.1000000015
15599  -47.657  -68.197  -22.857 0.1000000015
15616  -49.177  -68.279  -23.185 0.1000000015
15631  -49.543  -68.511  -24.120 0.1000000015
15632  -50.541  -68.479  -24.498 0.1000000015
14803  -51.792  -69.489  -30.061 0.1000000015
15645  -49.849  -68.524  -25.205 0.1000000015
15630  -48.731  -68.583  -23.983 0.1000000015
14704  -47.378  -68.037  -23.059 0.1000000015
14667  -44.951  -68.975  -21.458 0.2000000030
14787  -51.068  -69.082  -29.249 0.1000000015
131255  -51.660  -68.483  -24.831 0.1000000015
15615  -48.296  -68.108  -23.102 0.1000000015
14685  -47.182  -68.277  -22.478 0.1000000015
12111  -50.212  -72.678  -32.498 0.1000000015
11262  -49.443  -73.005  -33.153 0.1000000015
16366  -39.834  -67.723  -16.080 0.1000000015
15537  -40.391  -68.510  -16.232 0.1000000015
14621  -40.702  -69.222  -16.861 0.1000000015
13747  -41.912  -70.254  -17.938 0.1000000015
13749  -43.074  -70.984  -18.586 0.1000000015
14628  -40.563  -69.096  -17.863 0.1000000015
14636  -41.245  -69.637  -18.379 0.1000000015
15533  -40.893  -68.648  -15.358 0.1000000015
14613  -41.567  -69.434  -15.398 0.1000000015
13719  -41.799  -70.055  -16.135 0.1000000015
13738  -43.059  -70.984  -17.552 0.1000000015
15532  -40.352  -67.932  -15.354 0.1000000015
15538  -40.936  -69.142  -16.036 0.1000000015
13736  -41.783  -70.228  -16.938 0.1000000015
126253  -42.577  -70.678  -17.977 0.1000000015
118561  -44.783  -71.387  -18.905 0.1000000015
15517  -40.558  -67.332  -14.859 0.1000000015
13721  -42.756  -70.805  -15.693 0.1000000015
15519  -41.778  -68.227  -14.468 0.1000000015
127174  -41.380  -68.710  -14.816 0.1000000015
13720  -42.188  -70.211  -15.485 0.1000000015
13728  -42.277  -70.524  -16.367 0.1000000015
15518  -40.970  -68.069  -14.767 0.1000000015
13737  -42.400  -70.639  -17.234 0.1000000015
12849  -43.633  -71.253  -16.948 0.1000000015
17850  -40.729  -65.937  -14.938 0.1000000015
112154  -41.450  -65.263  -15.151 0.1000000015
125974  -42.516  -68.741  -14.100 0.1000000015
14605  -41.950  -69.091  -14.484 0.1000000015
14614  -42.252  -69.850  -14.662 0.1000000015
16339  -42.058  -67.500  -14.502 0.1000000015
17108  -41.872  -66.837  -14.684 0.1000000015
17121  -41.667  -66.052  -14.889 0.1000000015
18570  -41.208  -64.460  -15.383 0.1000000015
24511  -42.035  -56.904  -22.195 0.1000000015
25380  -42.534  -56.347  -22.846 0.1000000015
127749  -43.933  -54.962  -24.279 0.1000000015
120599  -43.123  -65.664  -15.442 0.1000000015
18571  -42.167  -64.655  -15.564 0.1000000015
19301  -40.924  -63.674  -15.645 0.1000000015
24485  -41.864  -57.268  -20.659 0.1000000015
25400  -43.006  -56.760  -24.269 0.1000000015
26192  -42.844  -55.780  -22.345 0.1000000015
27002  -45.787  -54.098  -24.865 0.1000000015
25401  -43.472  -56.118  -24.523 0.1000000015
27020  -44.469  -54.897  -24.706 0.1000000015
14606  -42.557  -69.516  -14.040 0.1000000015
123680  -42.703  -70.505  -14.815 0.1000000015
12893  -43.433  -71.065  -19.586 0.1000000015
14637  -41.823  -70.058  -18.961 0.1000000015
17120  -40.207  -66.588  -15.041 0.1000000015
25381  -42.983  -55.996  -23.681 0.1000000015
14622  -41.313  -69.688  -16.462 0.1000000015
13748  -42.374  -70.526  -18.608 0.1000000015
12894  -44.218  -71.364  -19.679 0.1000000015
114763  -43.981  -71.298  -18.813 0.1000000015
17107  -40.988  -66.713  -14.700 0.1000000015
17122  -42.590  -66.182  -15.037 0.1000000015
26238  -44.710  -55.574  -25.242 0.1000000015
19582  -39.752  -64.074  -37.264 0.1000000015
20386  -39.929  -63.350  -37.300 0.1000000015
130706  -39.816  -62.790  -36.737 0.1000000015
12098  -47.245  -72.842  -31.350 0.1000000015
11239  -46.653  -73.266  -31.943 0.1000000015
11260  -47.228  -73.744  -32.854 0.1000000015
12082  -47.868  -72.534  -30.757 0.1000000015
12097  -46.225  -72.891  -31.145 0.1000000015
11238  -45.669  -73.350  -31.698 0.1000000015
11240  -47.753  -73.171  -32.182 0.1000000015
12081  -46.833  -72.568  -30.551 0.1000000015
12099  -48.358  -72.803  -31.544 0.1000000015
12080  -45.872  -72.586  -30.356 0.1000000015
12070  -46.478  -72.301  -29.769 0.1000000015
13020  -48.506  -72.297  -30.169 0.1000000015
12069  -45.571  -72.334  -29.570 0.1000000015
12071  -47.415  -72.296  -29.966 0.1000000015
10301  -45.448  -74.683  -23.594 0.1000000015
10302  -46.484  -74.240  -23.608 0.1000000015
10325  -43.906  -74.103  -25.422 0.1000000015
11158  -43.527  -73.311  -25.554 0.1000000015
11157  -42.842  -73.153  -25.942 0.1000000015
11241  -48.972  -73.021  -32.380 0.1000000015
11174  -42.233  -73.454  -26.306 0.1000000015
12037  -42.554  -72.762  -26.545 0.1000000015
12068  -44.696  -72.422  -29.387 0.1000000015
10402  -46.748  -74.403  -33.522 0.1000000015
11173  -41.714  -73.159  -26.840 0.1000000015
12052  -41.778  -72.772  -27.900 0.1000000015
12053  -42.636  -72.487  -28.173 0.1000000015
12056  -45.226  -72.081  -28.826 0.1000000015
13009  -46.203  -71.951  -28.941 0.1000000015
120604  -47.041  -72.095  -29.308 0.1000000015
10419  -46.282  -74.943  -34.203 0.1000000015
11172  -41.151  -73.507  -27.135 0.1000000015
11201  -41.300  -73.120  -28.650 0.1000000015
12055  -44.365  -72.175  -28.598 0.1000000015
130195  -45.615  -71.742  -28.333 0.1000000015
10317  -45.882  -74.173  -24.346 0.1000000015
10326  -45.572  -74.114  -24.706 0.1000000015
12083  -49.009  -72.607  -30.939 0.1000000015
12100  -49.566  -72.836  -31.703 0.1000000015
11159  -44.582  -73.342  -25.069 0.1000000015
12044  -43.188  -72.271  -27.591 0.1000000015
12983  -43.963  -71.954  -27.649 0.1000000015
12054  -43.502  -72.319  -28.382 0.1000000015
113645  -47.262  -71.731  -28.631 0.1000000015
12984  -44.662  -71.648  -27.133 0.1000000015
12997  -44.867  -71.761  -28.045 0.1000000015
12998  -46.314  -71.569  -28.102 0.1000000015
10288  -46.617  -74.412  -22.605 0.1000000015
114814  -46.938  -74.506  -21.687 0.1000000015
132030  -50.082  -72.771  -31.138 0.1000000015
10318  -46.585  -73.998  -24.078 0.1000000015
11154  -46.158  -73.857  -24.348 0.1000000015
123992  -50.644  -72.630  -31.653 0.1000000015
11153  -45.497  -73.193  -24.573 0.1000000015
133681  -44.427  -72.600  -25.330 0.1000000015
12039  -43.998  -72.293  -25.880 0.1000000015
12978  -43.857  -71.995  -26.703 0.1000000015
12038  -43.352  -72.434  -26.358 0.1000000015
12979  -44.751  -71.771  -26.176 0.1000000015
12985  -45.498  -71.559  -27.617 0.1000000015
128992  -45.340  -71.520  -26.815 0.1000000015
10289  -47.599  -74.457  -22.448 0.1000000015
13021  -49.938  -72.478  -30.370 0.1000000015
119407  -47.282  -74.246  -23.197 0.1000000015
10272  -48.034  -74.576  -21.598 0.1000000015
10260  -48.497  -74.399  -20.829 0.1000000015
13011  -49.106  -71.981  -29.521 0.1000000015
13012  -50.582  -72.105  -29.571 0.1000000015
119318  -51.383  -72.370  -30.316 0.1000000015
10303  -47.253  -74.009  -23.711 0.1000000015
13010  -47.916  -71.991  -29.389 0.1000000015
119451  -46.100  -73.180  -24.322 0.1000000015
10319  -46.803  -73.618  -24.018 0.1000000015
112228  -47.161  -71.442  -27.762 0.1000000015
112706  -48.430  -71.680  -28.783 0.1000000015
12017  -45.112  -72.433  -24.916 0.1000000015
12981  -46.674  -71.374  -26.349 0.1000000015
12964  -44.701  -72.139  -25.522 0.1000000015
12965  -45.365  -71.839  -25.422 0.1000000015
10290  -48.547  -74.565  -22.362 0.1000000015
119471  -48.075  -74.246  -23.193 0.1000000015
12101  -51.221  -72.010  -32.249 0.1000000015
12987  -47.162  -71.335  -27.048 0.1000000015
13844  -48.159  -71.271  -27.416 0.1000000015
12966  -46.226  -71.548  -25.470 0.1000000015
12018  -45.772  -72.599  -24.533 0.1000000015
12953  -46.009  -71.957  -24.741 0.1000000015
13859  -48.989  -71.397  -28.185 0.1000000015
13001  -51.448  -71.753  -28.983 0.1000000015
13845  -49.640  -71.137  -27.571 0.1000000015
123635  -47.905  -73.759  -23.634 0.1000000015
13836  -47.641  -71.234  -26.505 0.1000000015
13837  -48.879  -71.052  -26.607 0.1000000015
12019  -46.419  -72.588  -24.276 0.1000000015
115200  -46.809  -71.556  -24.872 0.1000000015
13860  -50.516  -71.394  -28.298 0.1000000015
13861  -52.561  -71.287  -28.480 0.1000000015
120501  -49.690  -70.830  -26.193 0.1000000015
13838  -50.633  -70.812  -27.044 0.1000000015
10304  -48.711  -74.087  -23.309 0.1000000015
13810  -48.144  -71.164  -25.014 0.1000000015
13827  -48.849  -70.992  -25.643 0.1000000015
12967  -47.486  -71.297  -25.183 0.1000000015
131286  -47.985  -71.137  -25.796 0.1000000015
12020  -47.269  -72.711  -23.896 0.1000000015
13847  -52.617  -70.991  -27.765 0.1000000015
13828  -49.779  -70.825  -25.387 0.1000000015
119167  -50.816  -70.669  -26.158 0.1000000015
135035  -48.883  -74.395  -22.903 0.1000000015
12954  -47.520  -71.517  -24.524 0.1000000015
13840  -53.232  -70.202  -26.957 0.1000000015
11093  -49.123  -73.166  -19.145 0.1000000015
11104  -48.706  -73.681  -19.890 0.1000000015
10247  -47.835  -74.201  -20.142 0.1000000015
117272  -45.108  -74.601  -25.204 0.1000000015
12022  -43.311  -72.753  -25.907 0.1000000015
12036  -41.898  -72.787  -27.152 0.1000000015
121226  -43.118  -72.314  -26.914 0.1000000015
12066  -42.963  -72.609  -29.021 0.1000000015
12067  -43.838  -72.506  -29.202 0.1000000015
12078  -44.117  -72.700  -29.992 0.1000000015
12999  -47.955  -71.465  -28.161 0.1000000015
12980  -45.717  -71.514  -26.173 0.1000000015
13000  -49.741  -71.687  -28.866 0.1000000015
12955  -48.331  -71.409  -24.212 0.1000000015
13846  -51.201  -71.125  -27.836 0.1000000015
11092  -47.910  -73.721  -19.344 0.1000000015
4019  -31.745  -83.688  -37.628 0.1000000015
4010  -31.556  -83.885  -36.947 0.1000000015
4520  -34.917  -83.505  -43.376 0.1000000015
135197  -33.913  -83.145  -42.287 0.1000000015
5042  -32.699  -82.667  -41.755 0.1000000015
5035  -32.384  -82.583  -40.837 0.1000000015
4020  -32.524  -84.144  -38.233 0.1000000015
4528  -35.247  -83.948  -44.438 0.1000000015
115394  -33.571  -83.404  -46.072 0.1000000015
116134  -32.986  -83.903  -45.974 0.1000000015
4472  -31.295  -83.186  -37.014 0.1000000015
126139  -31.281  -82.711  -36.459 0.1000000015
127460  -31.373  -83.418  -35.548 0.1000000015
4481  -31.435  -82.903  -37.821 0.1000000015
5029  -32.039  -82.571  -39.902 0.1000000015
4489  -32.543  -83.249  -39.506 0.1000000015
4482  -32.119  -83.418  -38.533 0.1000000015
4002  -31.412  -84.192  -35.613 0.1000000015
5043  -33.100  -82.809  -42.793 0.1000000015
4028  -33.031  -83.890  -39.180 0.1000000015
4490  -33.668  -83.683  -40.187 0.1000000015
5050  -33.744  -83.018  -44.094 0.1000000015
4536  -32.827  -83.243  -46.859 0.1000000015
5072  -31.884  -82.857  -47.103 0.1000000015
5545  -35.146  -82.169  -33.544 0.1000000015
4437  -35.159  -83.879  -33.090 0.1000000015
4967  -35.667  -83.623  -33.514 0.1000000015
5002  -31.522  -81.913  -36.227 0.1000000015
113840  -31.390  -82.724  -35.788 0.1000000015
121944  -31.590  -82.964  -35.017 0.1000000015
4981  -33.119  -83.113  -34.049 0.1000000015
4447  -32.933  -83.662  -33.360 0.1000000015
4448  -34.647  -84.034  -33.003 0.1000000015
5583  -31.392  -81.500  -37.148 0.1000000015
4446  -31.890  -83.508  -34.215 0.1000000015
5021  -31.251  -82.024  -37.953 0.1000000015
127530  -31.424  -83.826  -34.889 0.1000000015
5034  -31.574  -81.992  -40.338 0.1000000015
4488  -31.651  -82.547  -38.852 0.1000000015
5067  -34.279  -83.473  -45.242 0.1000000015
5552  -36.092  -82.708  -34.312 0.1000000015
4438  -35.540  -83.816  -33.308 0.1000000015
5551  -35.555  -82.125  -34.070 0.1000000015
4992  -32.368  -82.309  -35.036 0.1000000015
5557  -32.729  -81.931  -35.418 0.1000000015
4993  -33.448  -82.721  -34.712 0.1000000015
5556  -31.984  -81.547  -35.823 0.1000000015
5568  -31.728  -81.157  -36.601 0.1000000015
5041  -31.852  -81.988  -41.341 0.1000000015
130076  -32.248  -82.242  -42.186 0.1000000015
5049  -32.409  -82.286  -42.993 0.1000000015
5057  -32.683  -82.298  -44.109 0.1000000015
120999  -33.237  -82.424  -45.389 0.1000000015
5028  -31.281  -81.685  -38.873 0.1000000015
4966  -35.475  -83.573  -33.221 0.1000000015
4449  -35.225  -83.933  -33.236 0.1000000015
125239  -31.359  -81.473  -39.702 0.1000000015
4955  -34.845  -83.538  -32.813 0.1000000015
6200  -31.547  -80.893  -37.441 0.1000000015
6217  -31.556  -80.725  -38.312 0.1000000015
124723  -34.182  -82.675  -32.583 0.1000000015
6889  -32.486  -80.174  -39.444 0.1000000015
6890  -33.449  -79.883  -39.622 0.1000000015
6902  -33.983  -79.887  -40.535 0.1000000015
4994  -35.045  -83.485  -34.403 0.1000000015
5570  -32.654  -81.356  -36.060 0.1000000015
5569  -32.008  -80.968  -36.366 0.1000000015
6201  -31.905  -80.476  -37.751 0.1000000015
6203  -33.630  -80.513  -37.314 0.1000000015
6879  -32.270  -80.239  -38.750 0.1000000015
6880  -33.051  -80.017  -38.747 0.1000000015
6190  -33.617  -81.265  -36.540 0.1000000015
5558  -33.892  -82.276  -35.612 0.1000000015
122747  -34.656  -80.607  -37.551 0.1000000015
6188  -31.931  -80.679  -36.975 0.1000000015
6901  -32.851  -80.133  -40.416 0.1000000015
6865  -33.242  -80.154  -38.031 0.1000000015
4425  -34.337  -83.908  -32.720 0.1000000015
4462  -31.337  -83.512  -36.276 0.1000000015
4497  -33.024  -83.200  -40.500 0.1000000015
4537  -33.180  -82.830  -47.291 0.1000000015
4980  -32.191  -82.856  -34.562 0.1000000015
4982  -34.390  -83.577  -33.802 0.1000000015
4991  -31.787  -82.261  -35.374 0.1000000015
5011  -31.235  -82.341  -37.053 0.1000000015
5546  -35.859  -82.927  -33.824 0.1000000015
5590  -41.636  -81.381  -37.998 0.1000000015
5598  -31.321  -81.233  -38.106 0.1000000015
6189  -32.615  -80.754  -36.737 0.1000000015
6195  -41.703  -80.974  -37.081 0.1000000015
6202  -32.561  -80.415  -37.473 0.1000000015
6218  -31.912  -80.404  -38.395 0.1000000015
6224  -41.389  -81.212  -38.485 0.1000000015
6233  -31.977  -80.497  -40.054 0.1000000015
6857  -42.715  -79.694  -36.949 0.1000000015
6864  -32.436  -80.255  -38.172 0.1000000015
7523  -43.953  -78.383  -36.487 0.1000000015
8224  -44.003  -78.157  -36.846 0.3000000119
8229  -39.435  -78.347  -38.204 0.1000000015
8254  -32.043  -77.425  -39.198 0.1000000015
8269  -34.333  -77.483  -40.366 0.1000000015
8962  -31.646  -76.355  -38.600 0.1000000015
8975  -29.952  -76.740  -39.783 0.1000000015
8986  -29.127  -76.062  -40.973 0.1000000015
9648  -35.234  -75.044  -36.523 0.1000000015
9675  -31.511  -75.765  -38.689 0.1000000015
9698  -30.157  -75.122  -41.387 0.1000000015
10444  -35.485  -73.585  -35.948 0.1000000015
10498  -32.935  -74.185  -38.378 0.1000000015
11180  -41.371  -73.114  -27.457 0.1000000015
11289  -42.898  -73.422  -34.698 0.4000000060
11331  -34.070  -73.554  -37.000 0.1000000015
11344  -33.466  -73.973  -37.565 0.1000000015
11358  -32.590  -73.960  -40.024 0.1000000015
11359  -33.159  -73.792  -39.373 0.1000000015
11385  -32.997  -73.248  -42.019 0.1000000015
11390  -37.330  -73.380  -44.929 0.1000000015
11401  -36.754  -73.705  -45.014 0.1000000015
11416  -34.854  -73.360  -46.308 0.1000000015
12023  -43.918  -72.827  -25.494 0.1000000015
12043  -42.464  -72.523  -27.327 0.1000000015
12084  -50.923  -72.585  -31.000 0.1000000015
12141  -44.804  -72.186  -34.244 0.4000000060
12143  -46.613  -72.329  -35.056 0.3000000119
12153  -36.432  -72.256  -35.510 0.1000000015
12154  -37.262  -71.864  -35.091 0.1000000015
12155  -38.000  -72.604  -34.978 0.1000000015
12158  -48.893  -71.745  -36.097 0.3000000119
12224  -35.000  -72.914  -41.585 0.1000000015
12253  -44.830  -72.146  -43.577 0.1000000015
12264  -43.118  -73.052  -43.879 0.1000000015
12265  -44.285  -72.648  -43.636 0.1000000015
12266  -44.801  -72.115  -43.947 0.1000000015
12271  -36.508  -73.093  -46.244 0.1000000015
12272  -37.048  -73.168  -45.708 0.1000000015
12275  -44.309  -72.134  -44.213 0.1000000015
12281  -34.692  -73.102  -46.454 0.1000000015
12914  -43.812  -71.113  -20.182 0.1000000015
12986  -46.253  -71.418  -27.138 0.1000000015
13056  -41.625  -71.243  -33.680 0.4000000060
13058  -43.105  -71.170  -33.607 0.4000000060
13069  -37.684  -71.384  -34.957 0.1000000015
13070  -38.246  -71.344  -34.782 0.1000000015
13071  -39.070  -71.244  -34.556 0.1000000015
13083  -36.160  -71.679  -35.803 0.2000000030
13096  -35.656  -71.949  -36.300 0.1000000015
13097  -36.268  -71.352  -36.338 0.2000000030
13098  -36.848  -70.938  -36.390 0.2000000030
13117  -42.430  -71.189  -38.963 0.2000000030
13123  -37.900  -71.642  -39.471 0.2000000030
13134  -37.379  -72.016  -40.206 0.1000000015
13140  -43.379  -71.741  -40.658 0.1000000015
13156  -36.200  -71.390  -43.772 0.1000000015
13162  -44.936  -71.672  -43.468 0.1000000015
13180  -36.216  -72.524  -46.046 0.1000000015
13184  -43.921  -71.519  -44.444 0.1000000015
13185  -44.819  -71.551  -44.171 0.1000000015
13929  -41.194  -70.822  -33.860 0.4000000060
13931  -42.585  -70.519  -33.693 0.4000000060
13943  -37.873  -70.934  -35.076 0.1000000015
13947  -41.539  -70.333  -34.027 0.2000000030
13954  -49.918  -70.412  -35.555 0.5000000000
13962  -37.568  -70.743  -35.585 0.1000000015
13963  -38.303  -70.617  -35.307 0.1000000015
13970  -49.680  -70.133  -36.103 0.5000000000
13984  -49.296  -69.821  -36.280 0.5000000000
14006  -43.250  -70.267  -39.037 0.1000000015
14031  -43.503  -71.322  -41.183 0.1000000015
14051  -45.169  -71.040  -43.898 0.1000000015
14061  -43.634  -70.593  -44.527 0.1000000015
14063  -45.203  -71.014  -44.023 0.1000000015
14629  -41.223  -69.751  -17.427 0.1000000015
14656  -43.420  -69.750  -20.612 0.3000000119
14657  -44.138  -69.415  -21.054 0.2000000030
14711  -42.832  -69.375  -24.666 0.3000000119
14714  -45.730  -69.269  -24.483 0.3000000119
14730  -47.618  -68.786  -25.136 0.2000000030
14794  -41.995  -69.242  -29.112 0.5000000000
14814  -46.386  -69.967  -30.764 0.5000000000
14857  -42.778  -69.896  -34.044 0.4000000060
14876  -49.142  -69.605  -35.664 0.5000000000
14905  -40.664  -69.986  -36.088 0.1000000015
14946  -37.132  -69.457  -40.390 0.1000000015
14957  -37.549  -69.846  -40.954 0.1000000015
14980  -44.872  -69.399  -43.994 0.1000000015
14991  -44.505  -69.836  -44.331 0.1000000015
15566  -42.516  -68.540  -20.356 0.3000000119
15598  -46.804  -67.948  -22.412 0.1000000015
15611  -43.522  -68.591  -22.966 0.3000000119
15613  -45.703  -67.687  -22.341 0.2000000030
15627  -40.975  -68.436  -24.191 0.3000000119
15644  -49.056  -68.585  -24.797 0.2000000030
15657  -40.921  -69.089  -27.085 0.5000000000
15668  -40.395  -68.474  -27.610 0.5000000000
15706  -44.036  -68.893  -32.281 0.4000000060
15743  -46.805  -67.561  -36.028 0.5000000000
15798  -39.538  -68.164  -41.427 0.1000000015
16338  -41.310  -67.475  -14.620 0.1000000015
16353  -39.872  -67.194  -15.409 0.1000000015
16375  -39.622  -67.561  -17.455 0.3000000119
16394  -42.066  -67.753  -20.427 0.3000000119
16404  -42.777  -67.563  -20.803 0.3000000119
16445  -41.412  -68.087  -22.995 0.3000000119
16494  -40.316  -67.721  -29.073 0.5000000000
16519  -42.488  -67.487  -31.807 0.5000000000
16532  -43.429  -66.842  -33.441 0.5000000000
16584  -37.204  -67.733  -38.731 0.1000000015
16595  -39.259  -67.665  -40.736 0.1000000015
17167  -39.687  -66.376  -20.136 0.3000000119
17173  -40.221  -66.947  -21.336 0.3000000119
17235  -38.940  -66.768  -27.217 0.5000000000
17317  -44.815  -66.606  -36.385 0.4000000060
17351  -37.682  -66.435  -38.283 0.1000000015
17866  -42.390  -65.445  -15.320 0.1000000015
17932  -39.063  -66.023  -20.574 0.3000000119
17954  -37.866  -65.249  -22.754 0.3000000119
17979  -38.054  -65.905  -24.188 0.4000000060
18037  -38.636  -64.976  -33.613 0.4000000060
18048  -38.861  -65.346  -34.210 0.4000000060
18615  -37.812  -64.030  -18.719 0.3000000119
18616  -38.148  -64.528  -18.119 0.3000000119
18629  -37.809  -64.330  -19.412 0.3000000119
18647  -37.609  -64.457  -21.129 0.3000000119
18725  -38.618  -64.250  -31.950 0.4000000060
18746  -38.526  -64.478  -32.851 0.4000000060
19402  -37.082  -63.265  -21.672 0.3000000119
19450  -44.807  -63.336  -26.011 0.1000000015
19451  -45.235  -63.283  -26.073 0.1000000015
19456  -46.842  -63.137  -26.802 0.1000000015
19466  -37.883  -63.195  -27.802 0.3000000119
19467  -44.985  -63.322  -26.460 0.1000000015
19468  -45.624  -63.257  -26.767 0.1000000015
19591  -38.568  -63.137  -38.587 0.1000000015
19615  -44.426  -64.001  -43.610 0.1000000015
20124  -38.762  -62.059  -16.801 0.2000000030
20143  -42.791  -62.342  -16.982 0.1000000015
20233  -43.589  -62.779  -25.020 0.1000000015
20243  -44.124  -63.086  -25.634 0.1000000015
20244  -44.829  -63.179  -25.847 0.1000000015
20278  -45.897  -62.379  -28.236 0.1000000015
20949  -38.573  -61.329  -17.333 0.2000000030
20962  -44.517  -61.585  -18.509 0.1000000015
21016  -37.927  -61.055  -23.621 0.3000000119
21048  -41.758  -61.917  -24.537 0.1000000015
21049  -42.469  -62.397  -25.067 0.1000000015
21052  -46.001  -62.345  -26.016 0.1000000015
21056  -37.602  -61.894  -27.057 0.2000000030
21057  -38.102  -60.776  -25.998 0.2000000030
21060  -46.848  -62.155  -26.324 0.1000000015
21073  -37.967  -60.962  -27.816 0.3000000119
21088  -46.081  -61.618  -28.770 0.1000000015
21105  -47.730  -62.080  -30.307 0.1000000015
21123  -49.702  -62.927  -32.169 0.1000000015
21176  -40.390  -61.719  -35.449 0.2000000030
21797  -43.012  -60.877  -17.742 0.1000000015
21806  -38.486  -60.660  -17.961 0.2000000030
21837  -38.918  -59.844  -20.815 0.3000000119
21852  -38.205  -60.576  -21.948 0.3000000119
21865  -40.109  -60.341  -22.443 0.2000000030
21906  -45.068  -60.617  -25.590 0.1000000015
21907  -45.922  -60.483  -26.116 0.1000000015
21915  -42.382  -61.650  -25.760 0.1000000015
21930  -42.462  -60.374  -26.621 0.1000000015
21977  -38.635  -60.810  -29.899 0.3000000119
21988  -39.472  -60.525  -31.281 0.2000000030
21993  -40.631  -60.499  -32.698 0.2000000030
21996  -50.878  -61.965  -33.455 0.1000000015
22005  -42.280  -60.178  -34.038 0.1000000015
22018  -42.153  -60.473  -34.801 0.1000000015
22019  -51.222  -62.447  -33.917 0.1000000015
22020  -52.370  -62.795  -34.271 0.1000000015
22052  -39.532  -60.661  -38.710 0.1000000015
22057  -40.313  -60.510  -39.891 0.1000000015
22062  -40.691  -60.987  -41.443 0.1000000015
22063  -41.131  -60.612  -41.941 0.1000000015
22070  -42.030  -60.811  -43.143 0.1000000015
22071  -42.786  -60.346  -43.463 0.1000000015
22668  -39.709  -59.761  -17.580 0.1000000015
22710  -39.448  -59.306  -20.345 0.3000000119
22737  -40.429  -59.887  -22.109 0.2000000030
22791  -40.742  -59.388  -26.509 0.1000000015
22806  -39.525  -59.350  -27.209 0.2000000030
22824  -39.456  -59.283  -28.129 0.2000000030
22859  -41.317  -59.145  -31.172 0.1000000015
22861  -47.375  -60.158  -30.826 0.1000000015
22878  -41.855  -59.636  -32.505 0.1000000015
22892  -42.266  -59.764  -33.235 0.1000000015
22907  -43.504  -59.472  -34.459 0.1000000015
22908  -44.279  -59.099  -34.800 0.1000000015
22949  -41.097  -59.319  -37.641 0.1000000015
22966  -41.907  -59.491  -42.553 0.1000000015
23585  -39.974  -58.787  -18.917 0.2000000030
23586  -40.681  -58.571  -18.715 0.2000000030
23587  -41.481  -58.489  -18.634 0.1000000015
23597  -39.957  -58.745  -19.825 0.2000000030
23627  -41.108  -58.030  -21.654 0.2000000030
23673  -45.139  -58.687  -25.956 0.1000000015
23694  -40.609  -58.752  -27.895 0.2000000030
23714  -41.547  -58.323  -28.878 0.2000000030
23717  -44.043  -58.542  -28.940 0.1000000015
23727  -41.617  -58.403  -29.549 0.2000000030
23764  -46.358  -58.749  -31.513 0.1000000015
23776  -40.537  -57.733  -32.993 0.1000000015
23791  -39.305  -58.306  -33.517 0.1000000015
23793  -44.606  -58.759  -34.087 0.1000000015
23812  -47.543  -58.745  -34.194 0.1000000015
23828  -42.064  -58.035  -35.974 0.1000000015
23877  -42.196  -58.474  -40.705 0.1000000015
23881  -42.116  -58.543  -41.425 0.1000000015
24496  -41.642  -57.337  -21.477 0.3000000119
24548  -45.103  -57.894  -25.990 0.1000000015
24561  -45.751  -57.811  -26.240 0.1000000015
24563  -47.846  -57.538  -26.542 0.1000000015
24609  -39.316  -57.162  -30.978 0.1000000015
24624  -40.107  -57.348  -31.361 0.1000000015
24645  -38.128  -57.223  -33.393 0.1000000015
24646  -40.985  -57.817  -33.651 0.1000000015
24669  -38.207  -55.224  -36.917 0.1000000015
24684  -37.611  -55.867  -37.776 0.1000000015
24699  -36.992  -56.694  -38.681 0.1000000015
25399  -42.608  -56.763  -23.619 0.1000000015
25415  -43.586  -56.987  -24.985 0.1000000015
25417  -46.471  -56.267  -26.086 0.1000000015
25419  -49.035  -56.043  -26.112 0.1000000015
25432  -47.813  -56.784  -26.406 0.1000000015
25470  -38.347  -55.944  -29.903 0.1000000015
25472  -39.840  -56.184  -29.593 0.1000000015
25481  -38.759  -56.554  -30.405 0.1000000015
25503  -40.678  -56.776  -31.117 0.1000000015
25517  -37.352  -55.667  -32.699 0.1000000015
25518  -37.725  -56.371  -32.982 0.1000000015
25519  -40.810  -57.155  -31.866 0.1000000015
25527  -37.064  -55.555  -33.768 0.1000000015
25549  -37.308  -54.948  -36.395 0.1000000015
25559  -36.848  -55.538  -37.340 0.1000000015
25569  -36.904  -56.128  -38.133 0.1000000015
26222  -43.498  -55.384  -24.076 0.1000000015
26223  -44.001  -55.522  -24.684 0.1000000015
26243  -49.986  -55.358  -25.651 0.1000000015
26277  -39.709  -55.300  -28.686 0.1000000015
26290  -38.002  -55.412  -29.348 0.1000000015
26353  -37.279  -54.915  -36.348 0.1000000015
27004  -51.815  -54.057  -25.136 0.1000000015
27046  -40.441  -54.016  -27.795 0.1000000015
27062  -39.277  -54.866  -28.155 0.1000000015
111313  -43.730  -67.301  -43.389 0.1000000015
111317  -40.911  -66.471  -43.262 0.1000000015
111321  -43.895  -66.276  -43.698 0.1000000015
111322  -43.826  -65.653  -43.799 0.1000000015
111329  -43.888  -64.410  -43.781 0.1000000015
111330  -39.482  -64.889  -40.444 0.1000000015
111333  -40.734  -62.364  -42.060 0.1000000015
111555  -44.146  -66.808  -43.974 0.1000000015
111590  -39.732  -65.506  -41.051 0.1000000015
111595  -44.159  -65.607  -43.371 0.1000000015
111633  -41.102  -63.175  -42.684 0.1000000015
111711  -44.696  -67.955  -43.823 0.1000000015
111921  -40.272  -63.339  -41.288 0.1000000015
112780  -44.732  -58.560  -33.289 0.1000000015
112946  -42.181  -69.090  -29.889 0.5000000000
113176  -40.901  -67.169  -20.111 0.3000000119
113368  -39.418  -65.437  -36.174 0.4000000060
113456  -46.779  -60.467  -26.410 0.1000000015
113493  -37.416  -62.693  -25.011 0.3000000119
113936  -42.067  -58.437  -30.098 0.1000000015
114328  -40.616  -59.776  -38.866 0.1000000015
114524  -44.288  -62.807  -25.368 0.1000000015
114871  -39.591  -81.947  -36.855 0.1000000015
115261  -43.918  -71.316  -42.339 0.1000000015
115619  -40.491  -65.163  -15.220 0.2000000030
117225  -39.594  -70.352  -35.029 0.1000000015
117389  -36.507  -73.064  -41.984 0.1000000015
118167  -38.474  -66.324  -23.666 0.3000000119
118745  -43.348  -58.380  -30.775 0.1000000015
118777  -38.995  -62.811  -16.479 0.2000000030
120816  -40.320  -68.316  -24.961 0.3000000119
122308  -38.521  -63.060  -33.874 0.3000000119
122836  -49.349  -55.550  -25.786 0.1000000015
123485  -30.465  -74.707  -42.294 0.1000000015
123624  -38.030  -61.915  -28.895 0.3000000119
123703  -44.154  -58.309  -29.801 0.1000000015
123888  -38.404  -71.278  -38.733 0.2000000030
124316  -45.355  -63.188  -27.047 0.1000000015
124703  -39.108  -65.183  -35.546 0.4000000060
125797  -37.761  -73.272  -42.783 0.1000000015
125833  -39.290  -65.606  -32.379 0.4000000060
126134  -45.160  -66.673  -36.335 0.5000000000
126782  -40.135  -73.631  -35.106 0.2000000030
126967  -41.741  -71.708  -39.454 0.2000000030
127200  -41.788  -65.224  -43.833 0.1000000015
127201  -41.840  -63.645  -43.471 0.1000000015
127231  -39.205  -64.354  -39.754 0.1000000015
127266  -42.954  -65.054  -44.118 0.1000000015
127394  -40.532  -60.716  -40.801 0.1000000015
127425  -34.588  -72.840  -40.787 0.1000000015
127563  -48.807  -71.296  -36.297 0.2000000030
127643  -40.706  -58.921  -21.889 0.2000000030
128244  -44.808  -69.689  -31.635 0.4000000060
128925  -50.127  -72.642  -33.153 0.1000000015
129082  -44.855  -69.305  -44.041 0.1000000015
129203  -37.695  -64.030  -26.697 0.3000000119
129403  -38.953  -65.867  -39.592 0.1000000015
129593  -33.491  -77.607  -40.291 0.1000000015
129598  -40.170  -59.415  -36.531 0.1000000015
129981  -39.553  -66.452  -15.588 0.2000000030
130039  -47.118  -71.326  -25.707 0.1000000015
130082  -51.382  -72.312  -31.521 0.1000000015
130149  -37.537  -64.765  -24.067 0.4000000060
130283  -42.295  -58.362  -38.344 0.1000000015
130484  -45.370  -69.222  -27.582 0.3000000119
130837  -31.434  -82.042  -39.552 0.1000000015
131454  -48.475  -68.866  -36.042 0.5000000000
131701  -44.436  -60.132  -28.015 0.1000000015
131711  -47.055  -62.809  -28.481 0.1000000015
132141  -30.528  -77.948  -40.373 0.1000000015
132160  -43.507  -72.099  -27.192 0.1000000015
132300  -42.247  -58.380  -18.856 0.1000000015
132354  -35.362  -72.507  -40.279 0.1000000015
132503  -49.832  -57.224  -26.332 0.1000000015
132544  -30.043  -77.030  -39.727 0.1000000015
132622  -43.771  -60.189  -18.597 0.1000000015
132633  -29.903  -76.236  -39.937 0.1000000015
132752  -40.428  -60.612  -40.360 0.1000000015
132879  -42.876  -65.607  -44.185 0.1000000015
132938  -40.696  -63.572  -42.196 0.1000000015
133261  -40.269  -62.684  -37.320 0.1000000015
133343  -46.617  -67.387  -35.934 0.5000000000
134199  -34.563  -77.224  -38.722 0.1000000015
134373  -34.467  -76.637  -37.708 0.1000000015
134512  -45.250  -75.379  -36.424 0.3000000119
134683  -40.585  -66.870  -38.245 0.1000000015
134778  -40.263  -68.686  -17.130 0.1000000015
135146  -40.660  -67.688  -29.678 0.5000000000
135278  -30.932  -77.708  -39.978 0.1000000015
