#!ascii label  , from subject sub-v2s9x29170_ses-1 vox2ras=TkReg
971
96081  39.320  25.120  7.178 0.0000000000
136819  43.787  27.860  12.809 0.0000000000
93888  41.643  20.792  3.368 0.0000000000
96097  34.455  23.984  6.346 0.0000000000
113463  35.628  24.179  1.873 0.0000000000
99383  42.467  30.869  7.557 0.0000000000
124260  37.945  28.692  10.756 0.0000000000
101893  39.575  37.366  11.677 0.0000000000
90840  37.740  15.966  4.556 0.0000000000
92161  37.046  17.418  -0.237 0.0000000000
97214  44.324  26.919  10.104 0.0000000000
131405  42.600  23.466  3.726 0.0000000000
94373  45.565  21.667  8.454 0.0000000000
93313  41.068  18.912  8.707 0.0000000000
100949  37.750  33.427  5.408 0.0000000000
100893  43.961  33.374  9.131 0.0000000000
94447  38.610  21.524  -2.119 0.0000000000
96094  37.219  24.421  6.712 0.0000000000
95517  35.008  23.757  3.731 0.0000000000
95498  37.451  23.442  5.371 0.0000000000
97760  40.682  27.708  8.237 0.0000000000
117385  37.952  27.094  7.511 0.0000000000
99866  34.722  31.128  11.214 0.0000000000
89553  39.425  14.038  5.320 0.0000000000
90210  39.065  14.084  3.218 0.0000000000
89551  41.530  12.871  4.862 0.0000000000
101476  40.775  34.878  1.698 0.0000000000
98244  46.502  27.955  12.587 0.0000000000
96629  46.959  25.000  10.007 0.0000000000
96026  45.394  24.403  12.073 0.0000000000
130592  39.733  19.829  10.404 0.0000000000
93304  43.230  18.787  10.420 0.0000000000
92093  41.131  16.497  11.937 0.0000000000
92108  37.478  17.355  8.376 0.0000000000
120189  41.164  32.109  13.302 0.0000000000
122556  41.760  33.633  10.943 0.0000000000
133593  43.903  31.503  12.495 0.0000000000
99352  46.362  30.700  10.648 0.0000000000
94419  44.105  22.069  2.145 0.0000000000
95559  40.495  23.881  0.342 0.0000000000
93913  40.768  21.236  -0.582 0.0000000000
94424  33.998  22.835  2.445 0.0000000000
124971  35.701  20.936  1.806 0.0000000000
99932  44.513  31.840  4.795 0.0000000000
99921  41.032  31.208  4.887 0.0000000000
98263  40.455  28.823  11.549 0.0000000000
96028  42.247  25.158  11.065 0.0000000000
102889  32.332  37.192  9.318 0.0000000000
101914  35.497  35.394  9.194 0.0000000000
99857  38.002  31.706  12.064 0.0000000000
93345  38.871  19.246  4.090 0.0000000000
93364  38.819  19.407  1.305 0.0000000000
91516  37.243  16.452  2.174 0.0000000000
90233  38.739  14.661  0.550 0.0000000000
97236  42.370  26.262  8.467 0.0000000000
130040  40.700  23.741  5.902 0.0000000000
96077  43.865  24.480  7.424 0.0000000000
95490  45.488  24.096  5.545 0.0000000000
94395  44.157  21.010  4.957 0.0000000000
94926  43.708  22.054  9.660 0.0000000000
93321  43.936  19.068  8.309 0.0000000000
93862  41.150  20.257  6.092 0.0000000000
92739  38.529  18.576  6.455 0.0000000000
90826  37.534  15.602  6.349 0.0000000000
101949  38.412  35.392  2.341 0.0000000000
100983  40.925  33.645  3.950 0.0000000000
114216  41.047  32.993  7.739 0.0000000000
100931  44.217  33.414  6.195 0.0000000000
99892  44.841  31.664  8.075 0.0000000000
98865  42.888  29.598  9.361 0.0000000000
113473  39.198  23.633  2.790 0.0000000000
94996  37.506  23.106  0.397 0.0000000000
93371  36.212  20.013  -0.031 0.0000000000
93376  38.411  19.700  -1.775 0.0000000000
96681  38.490  25.160  7.180 0.0000000000
95481  37.746  23.838  6.131 0.0000000000
127550  38.489  24.033  6.304 0.0000000000
97773  40.139  27.158  7.812 0.0000000000
97774  39.297  27.444  7.675 0.0000000000
127112  38.239  26.441  7.500 0.0000000000
96667  37.210  25.857  7.416 0.0000000000
88895  40.321  12.687  6.375 0.0000000000
89552  40.705  13.274  5.046 0.0000000000
88219  41.847  12.240  6.326 0.0000000000
92150  34.466  17.529  2.287 0.0000000000
124711  45.641  28.234  13.340 0.0000000000
96589  46.832  25.966  12.597 0.0000000000
97187  45.101  26.840  12.849 0.0000000000
93269  39.546  17.955  12.252 0.0000000000
92688  41.977  17.328  12.316 0.0000000000
98814  42.159  29.834  12.758 0.0000000000
99853  42.321  31.593  13.232 0.0000000000
126350  44.136  30.216  13.418 0.0000000000
98812  46.111  29.667  13.045 0.0000000000
93896  42.396  21.098  2.451 0.0000000000
94429  42.378  21.551  0.471 0.0000000000
93905  40.760  20.671  1.088 0.0000000000
96106  32.581  24.039  6.039 0.0000000000
130452  33.066  23.489  4.257 0.0000000000
95529  35.098  24.043  2.551 0.0000000000
95543  33.996  23.570  2.727 0.0000000000
94984  34.532  23.385  2.044 0.0000000000
129157  34.984  21.066  2.520 0.0000000000
94989  35.160  22.796  1.640 0.0000000000
129586  43.231  31.368  5.983 0.0000000000
99920  41.886  31.269  5.081 0.0000000000
124680  41.376  30.880  6.419 0.0000000000
96669  35.103  25.335  7.308 0.0000000000
96098  33.017  24.510  6.680 0.0000000000
98264  39.539  28.773  11.223 0.0000000000
97743  40.155  27.161  10.986 0.0000000000
127516  38.296  27.182  10.501 0.0000000000
127699  36.389  30.382  11.615 0.0000000000
100363  36.623  31.959  11.588 0.0000000000
98825  37.660  30.154  11.425 0.0000000000
99338  39.480  30.463  11.850 0.0000000000
92137  37.641  17.399  4.441 0.0000000000
92755  37.815  18.157  3.121 0.0000000000
91510  37.414  16.615  3.133 0.0000000000
89592  39.878  13.660  2.098 0.0000000000
123425  38.646  14.393  1.830 0.0000000000
90223  40.050  13.826  1.254 0.0000000000
97228  42.861  26.672  9.008 0.0000000000
96647  42.778  25.490  8.141 0.0000000000
96631  44.610  25.629  9.229 0.0000000000
130060  46.880  23.848  8.463 0.0000000000
95466  46.448  24.022  7.614 0.0000000000
94388  45.458  22.501  6.774 0.0000000000
94963  45.016  22.711  5.072 0.0000000000
94383  44.863  21.088  7.094 0.0000000000
95433  41.509  24.042  10.037 0.0000000000
113969  43.185  24.116  10.727 0.0000000000
135112  41.744  22.538  9.599 0.0000000000
92714  43.544  17.678  10.616 0.0000000000
92712  44.099  18.616  9.596 0.0000000000
93312  41.810  19.113  8.427 0.0000000000
93332  41.785  20.092  6.732 0.0000000000
93324  40.779  19.457  7.730 0.0000000000
133366  39.607  19.528  6.365 0.0000000000
92738  39.230  19.159  7.077 0.0000000000
91478  36.682  16.132  7.401 0.0000000000
123308  37.110  16.680  7.017 0.0000000000
101446  38.500  34.428  3.414 0.0000000000
101445  39.907  34.057  3.180 0.0000000000
129076  39.777  33.368  4.857 0.0000000000
101903  37.555  36.222  10.750 0.0000000000
101410  36.620  34.417  9.556 0.0000000000
100879  38.430  34.785  10.360 0.0000000000
100875  42.782  33.323  10.429 0.0000000000
100895  41.055  33.373  9.224 0.0000000000
100904  42.476  33.493  8.624 0.0000000000
127041  42.182  33.268  6.734 0.0000000000
100903  44.048  33.477  8.298 0.0000000000
100918  44.894  32.868  7.468 0.0000000000
100387  45.320  32.472  9.008 0.0000000000
98284  45.157  28.665  10.800 0.0000000000
98847  44.674  29.472  10.292 0.0000000000
97751  43.569  27.715  9.935 0.0000000000
97752  42.659  27.627  9.356 0.0000000000
95494  42.206  23.505  5.359 0.0000000000
95513  39.873  23.301  4.567 0.0000000000
113682  41.216  23.545  2.895 0.0000000000
133279  40.198  22.661  -0.752 0.0000000000
95561  38.571  24.033  0.450 0.0000000000
127596  37.974  22.106  -0.169 0.0000000000
93915  37.250  21.394  -0.003 0.0000000000
93922  37.685  21.283  -1.425 0.0000000000
92774  37.732  18.337  0.320 0.0000000000
92780  38.303  19.145  -0.275 0.0000000000
92781  37.697  18.573  -0.789 0.0000000000
96096  35.296  24.067  6.484 0.0000000000
95484  35.017  23.619  5.800 0.0000000000
95483  35.911  23.645  5.966 0.0000000000
95516  36.140  23.480  4.320 0.0000000000
130078  36.625  23.594  3.693 0.0000000000
98870  41.405  29.756  8.526 0.0000000000
96668  35.930  25.235  7.251 0.0000000000
90832  38.278  15.398  5.208 0.0000000000
90839  38.059  15.248  4.078 0.0000000000
118068  39.078  14.213  4.109 0.0000000000
89570  40.383  13.433  3.550 0.0000000000
97740  46.426  27.248  11.509 0.0000000000
96615  46.326  25.846  10.483 0.0000000000
97211  47.356  26.031  11.987 0.0000000000
96024  47.248  24.491  11.852 0.0000000000
95429  46.669  23.288  10.649 0.0000000000
93830  40.204  20.702  9.646 0.0000000000
124495  41.890  20.919  9.606 0.0000000000
93283  42.414  18.497  11.682 0.0000000000
92704  43.358  17.247  11.370 0.0000000000
135826  41.173  17.199  10.517 0.0000000000
92721  38.924  18.321  8.599 0.0000000000
92104  38.988  17.125  10.451 0.0000000000
91472  36.926  16.808  8.811 0.0000000000
136490  35.936  15.844  8.512 0.0000000000
100950  36.838  33.556  5.770 0.0000000000
100860  40.321  34.714  12.471 0.0000000000
101392  40.448  35.790  11.434 0.0000000000
100867  41.547  33.472  12.090 0.0000000000
100361  42.879  32.533  11.857 0.0000000000
100360  43.971  32.167  11.591 0.0000000000
99871  46.025  31.689  10.449 0.0000000000
130233  46.412  30.922  11.719 0.0000000000
98820  46.633  29.377  11.973 0.0000000000
95536  43.957  23.783  2.409 0.0000000000
95538  42.125  23.737  1.943 0.0000000000
95557  42.522  23.357  0.667 0.0000000000
94444  41.455  22.229  -0.532 0.0000000000
93928  39.809  21.511  -1.926 0.0000000000
118867  37.177  16.243  -1.509 0.0000000000
92164  36.900  17.671  -2.061 0.0000000000
93882  33.120  20.932  4.088 0.0000000000
95519  33.595  23.533  3.678 0.0000000000
94977  33.401  22.885  3.051 0.0000000000
93892  33.786  20.334  3.856 0.0000000000
93891  34.553  19.877  3.433 0.0000000000
93359  35.046  19.085  2.916 0.0000000000
92762  35.309  18.763  1.957 0.0000000000
117996  43.001  31.537  3.839 0.0000000000
99950  41.393  31.514  3.601 0.0000000000
98248  42.043  28.735  12.299 0.0000000000
97202  42.399  26.846  11.906 0.0000000000
121146  41.623  26.580  11.437 0.0000000000
96617  40.658  25.554  10.519 0.0000000000
96052  40.084  24.133  9.717 0.0000000000
94931  39.132  22.165  9.451 0.0000000000
93831  38.479  20.796  9.588 0.0000000000
102409  34.701  37.074  9.820 0.0000000000
102401  35.913  35.928  10.428 0.0000000000
101387  37.556  35.602  11.484 0.0000000000
100862  38.696  34.468  12.211 0.0000000000
99855  39.615  31.898  12.682 0.0000000000
98815  41.319  30.446  12.622 0.0000000000
93344  39.383  19.789  3.652 0.0000000000
93898  40.062  20.366  1.928 0.0000000000
92760  38.284  18.787  2.698 0.0000000000
92761  37.822  18.178  2.222 0.0000000000
91522  37.080  16.622  1.214 0.0000000000
90846  37.857  15.109  2.982 0.0000000000
90858  37.584  15.222  1.328 0.0000000000
90872  37.685  15.504  -0.260 0.0000000000
96663  40.660  25.561  7.507 0.0000000000
96080  40.174  24.975  7.178 0.0000000000
96078  41.903  24.719  7.351 0.0000000000
96089  42.605  24.154  6.925 0.0000000000
95493  43.521  23.715  5.221 0.0000000000
96645  45.195  25.056  8.705 0.0000000000
95474  45.299  24.240  6.165 0.0000000000
95509  44.550  24.073  3.978 0.0000000000
94976  44.586  23.474  3.172 0.0000000000
94410  44.132  21.544  3.093 0.0000000000
93878  42.477  20.786  4.465 0.0000000000
115630  44.092  24.711  11.657 0.0000000000
95430  45.059  23.345  10.843 0.0000000000
126099  45.256  21.451  9.248 0.0000000000
124251  42.827  20.801  9.635 0.0000000000
93827  44.585  19.692  9.523 0.0000000000
93841  45.168  19.680  8.891 0.0000000000
93859  43.880  20.229  6.487 0.0000000000
93869  42.772  20.587  5.493 0.0000000000
93880  40.585  20.416  4.383 0.0000000000
93338  39.446  19.742  4.511 0.0000000000
92743  38.496  18.616  5.468 0.0000000000
92131  37.716  17.389  5.301 0.0000000000
92124  37.913  17.862  6.833 0.0000000000
92125  37.674  17.296  6.074 0.0000000000
90833  37.719  16.183  5.407 0.0000000000
90190  38.317  14.973  5.966 0.0000000000
101477  39.801  35.079  1.830 0.0000000000
100998  40.815  33.970  3.082 0.0000000000
113646  42.812  33.661  3.538 0.0000000000
100896  39.740  33.579  10.018 0.0000000000
100935  39.533  32.897  6.023 0.0000000000
100934  40.432  32.935  6.192 0.0000000000
100945  41.982  33.374  5.011 0.0000000000
115816  43.806  33.518  4.553 0.0000000000
100942  44.660  33.051  5.669 0.0000000000
99905  44.638  31.928  6.588 0.0000000000
99382  43.296  31.059  7.746 0.0000000000
99368  45.523  30.992  9.546 0.0000000000
134313  44.334  30.775  9.122 0.0000000000
98869  42.311  30.084  8.780 0.0000000000
98295  41.527  28.801  8.879 0.0000000000
97759  41.377  27.332  8.477 0.0000000000
95496  39.438  23.497  5.346 0.0000000000
113476  38.449  23.386  3.768 0.0000000000
132462  37.240  24.217  2.084 0.0000000000
95540  39.955  23.795  1.867 0.0000000000
95552  37.680  24.451  0.777 0.0000000000
95553  36.142  23.930  1.246 0.0000000000
135696  36.392  22.274  0.897 0.0000000000
93365  36.091  19.968  0.969 0.0000000000
93363  39.418  19.935  0.682 0.0000000000
93375  39.707  20.893  -1.901 0.0000000000
93929  39.220  21.156  -2.740 0.0000000000
92788  37.055  18.513  -3.118 0.0000000000
128050  37.539  21.024  -3.390 0.0000000000
88894  42.792  12.231  5.879 0.0000000000
116501  43.167  12.614  4.205 0.0000000000
96093  38.091  24.511  6.743 0.0000000000
123562  38.889  24.543  6.737 0.0000000000
96664  39.827  25.738  7.460 0.0000000000
97252  39.558  26.558  7.605 0.0000000000
96665  38.891  25.943  7.445 0.0000000000
88908  41.081  12.754  5.763 0.0000000000
98247  44.642  28.608  13.404 0.0000000000
129911  42.842  29.344  12.934 0.0000000000
123559  43.116  30.173  13.251 0.0000000000
124404  43.841  29.429  13.333 0.0000000000
131666  41.717  21.006  1.945 0.0000000000
116096  41.225  20.764  2.703 0.0000000000
96105  33.527  23.911  6.125 0.0000000000
95503  32.914  23.710  5.180 0.0000000000
135911  33.549  23.689  5.429 0.0000000000
135013  35.637  24.135  2.429 0.0000000000
113429  34.787  23.871  2.259 0.0000000000
95554  35.304  23.688  1.699 0.0000000000
99393  42.333  31.127  6.541 0.0000000000
99384  41.574  30.695  7.362 0.0000000000
96685  34.730  24.617  6.938 0.0000000000
121735  33.882  24.530  6.799 0.0000000000
98287  38.783  28.752  10.967 0.0000000000
98286  39.213  28.175  10.897 0.0000000000
97745  38.515  28.010  10.691 0.0000000000
98826  36.842  29.935  11.317 0.0000000000
99340  37.017  30.664  11.693 0.0000000000
98848  38.359  29.521  11.177 0.0000000000
92141  37.564  17.421  3.554 0.0000000000
91506  37.497  16.639  4.025 0.0000000000
97227  43.803  26.217  9.299 0.0000000000
97226  44.958  26.098  9.906 0.0000000000
94923  46.845  23.245  9.136 0.0000000000
94943  46.383  23.050  8.206 0.0000000000
122518  45.756  22.440  7.630 0.0000000000
94382  45.331  21.635  7.629 0.0000000000
95444  40.864  23.649  9.736 0.0000000000
94928  41.766  23.229  9.776 0.0000000000
94929  40.920  22.561  9.546 0.0000000000
92720  41.872  18.299  9.733 0.0000000000
92719  42.484  18.510  9.424 0.0000000000
93325  39.987  19.203  7.980 0.0000000000
90819  36.179  15.465  7.821 0.0000000000
100967  37.148  33.910  4.830 0.0000000000
101436  37.855  34.172  4.111 0.0000000000
114357  37.971  33.711  4.697 0.0000000000
100985  38.598  33.822  4.178 0.0000000000
100948  38.583  33.439  4.980 0.0000000000
101902  38.655  36.813  11.197 0.0000000000
101395  38.152  36.058  10.730 0.0000000000
101394  39.123  36.496  10.925 0.0000000000
100874  43.718  33.164  10.002 0.0000000000
100894  42.926  33.503  9.498 0.0000000000
131989  43.307  33.521  8.726 0.0000000000
100892  44.744  33.099  8.670 0.0000000000
100388  44.723  32.922  9.529 0.0000000000
97742  44.515  27.807  10.508 0.0000000000
118482  43.382  26.997  9.547 0.0000000000
95510  43.044  23.505  4.462 0.0000000000
113479  41.469  23.368  3.776 0.0000000000
95002  39.770  22.389  -1.006 0.0000000000
94437  39.109  21.969  -1.337 0.0000000000
94438  38.168  21.702  -0.941 0.0000000000
130948  37.114  17.900  -1.182 0.0000000000
96095  36.208  24.377  6.733 0.0000000000
95499  36.518  23.408  5.262 0.0000000000
95515  37.154  23.349  4.467 0.0000000000
98298  40.717  28.828  8.416 0.0000000000
98871  40.662  29.726  8.136 0.0000000000
97761  39.888  28.229  7.904 0.0000000000
97775  38.440  27.681  7.545 0.0000000000
98300  38.947  28.391  7.617 0.0000000000
96683  36.777  25.127  7.222 0.0000000000
127587  36.421  25.916  7.419 0.0000000000
96684  35.449  24.691  6.990 0.0000000000
90198  38.842  14.642  5.347 0.0000000000
90205  38.681  14.773  4.572 0.0000000000
90204  39.197  14.394  4.844 0.0000000000
89562  40.222  13.531  4.395 0.0000000000
89561  41.020  13.170  4.196 0.0000000000
89569  41.256  13.139  3.296 0.0000000000
88919  42.017  12.841  3.956 0.0000000000
101959  40.352  35.512  1.244 0.0000000000
101975  40.874  35.883  0.612 0.0000000000
97726  46.721  27.606  12.294 0.0000000000
97212  46.982  26.340  11.487 0.0000000000
97201  47.084  26.754  12.216 0.0000000000
96604  46.275  25.062  12.494 0.0000000000
96011  47.138  25.144  12.274 0.0000000000
96025  46.690  24.299  12.172 0.0000000000
95418  46.852  23.786  11.527 0.0000000000
95419  45.884  23.750  11.710 0.0000000000
127183  39.444  20.378  9.788 0.0000000000
93306  40.716  19.884  10.319 0.0000000000
93284  40.928  19.080  11.508 0.0000000000
116939  41.455  16.740  12.186 0.0000000000
92084  42.382  16.814  11.974 0.0000000000
92705  42.160  16.626  11.344 0.0000000000
92715  42.517  17.121  10.642 0.0000000000
92103  40.712  16.655  11.118 0.0000000000
92716  39.583  17.767  9.858 0.0000000000
91469  37.150  16.586  10.077 0.0000000000
91470  36.297  16.274  9.295 0.0000000000
100353  40.784  32.663  12.989 0.0000000000
100859  40.839  33.589  12.609 0.0000000000
100352  41.327  32.637  12.942 0.0000000000
117145  43.289  31.016  13.319 0.0000000000
99861  43.051  31.831  12.676 0.0000000000
99860  44.940  31.629  11.968 0.0000000000
99851  45.697  31.066  12.307 0.0000000000
98245  46.517  28.891  12.688 0.0000000000
98811  46.681  29.851  12.193 0.0000000000
98259  46.577  28.428  12.313 0.0000000000
97727  46.475  28.007  11.892 0.0000000000
94983  43.889  22.999  1.791 0.0000000000
95546  43.451  23.461  1.727 0.0000000000
94987  43.329  22.926  1.060 0.0000000000
93912  41.460  21.179  0.175 0.0000000000
94435  42.039  21.771  -0.150 0.0000000000
94436  41.369  21.593  -0.431 0.0000000000
94445  40.875  21.855  -0.917 0.0000000000
93920  40.393  21.619  -1.336 0.0000000000
94403  32.484  21.699  4.338 0.0000000000
94978  32.840  22.746  3.785 0.0000000000
95501  34.574  23.546  4.808 0.0000000000
95518  34.052  23.709  3.614 0.0000000000
94413  33.766  21.919  3.050 0.0000000000
117849  33.600  21.189  3.575 0.0000000000
94412  34.207  20.902  3.272 0.0000000000
93899  35.316  20.554  2.369 0.0000000000
123207  35.100  19.949  2.867 0.0000000000
93358  35.425  19.623  2.260 0.0000000000
93908  35.771  20.155  1.729 0.0000000000
100430  44.730  32.439  4.346 0.0000000000
119838  43.754  31.542  4.464 0.0000000000
99934  41.641  31.346  4.410 0.0000000000
114457  40.909  31.326  4.249 0.0000000000
99935  40.270  31.200  4.554 0.0000000000
98262  41.228  28.523  11.784 0.0000000000
98261  41.576  27.989  11.815 0.0000000000
97729  40.834  27.779  11.431 0.0000000000
97216  40.313  26.332  10.733 0.0000000000
96038  40.028  25.036  10.023 0.0000000000
95447  38.753  23.694  9.545 0.0000000000
123342  38.614  21.599  9.475 0.0000000000
102887  34.108  37.384  9.418 0.0000000000
102410  34.027  37.200  9.809 0.0000000000
118356  35.268  36.280  10.307 0.0000000000
101904  35.393  35.478  10.530 0.0000000000
101896  36.635  35.939  11.107 0.0000000000
100362  37.442  32.415  11.840 0.0000000000
100863  38.029  33.371  12.059 0.0000000000
100356  38.398  32.538  12.266 0.0000000000
100355  39.391  32.815  12.627 0.0000000000
99856  38.795  31.855  12.365 0.0000000000
98823  39.804  29.633  11.582 0.0000000000
99333  40.335  30.461  12.166 0.0000000000
98822  40.642  29.748  11.909 0.0000000000
98821  41.301  29.354  12.078 0.0000000000
93351  38.826  19.329  3.172 0.0000000000
92145  37.493  17.417  2.654 0.0000000000
92149  37.408  17.444  1.740 0.0000000000
90211  38.488  14.609  3.601 0.0000000000
121184  38.494  14.479  2.658 0.0000000000
132195  38.875  14.420  1.189 0.0000000000
90225  38.241  14.723  1.241 0.0000000000
90864  37.926  15.088  0.525 0.0000000000
90865  37.198  15.812  0.609 0.0000000000
90871  38.540  15.029  -0.242 0.0000000000
97250  41.154  26.101  7.823 0.0000000000
96662  41.447  25.391  7.616 0.0000000000
96648  41.905  25.843  8.004 0.0000000000
96660  43.502  24.945  7.964 0.0000000000
96661  42.822  24.725  7.532 0.0000000000
121385  43.412  24.207  7.002 0.0000000000
95477  42.486  23.759  6.155 0.0000000000
95476  43.780  23.974  6.130 0.0000000000
96630  45.786  25.464  9.511 0.0000000000
96644  46.536  24.781  8.857 0.0000000000
121904  45.912  24.005  6.818 0.0000000000
96075  45.801  24.118  6.844 0.0000000000
132694  45.350  24.199  5.600 0.0000000000
95492  44.854  24.260  4.924 0.0000000000
95508  45.081  24.179  4.301 0.0000000000
95525  44.644  24.026  3.592 0.0000000000
94969  45.375  24.049  4.831 0.0000000000
94394  44.550  21.364  5.399 0.0000000000
94400  44.596  21.950  4.491 0.0000000000
94401  44.135  21.261  4.034 0.0000000000
94402  43.501  21.082  3.699 0.0000000000
93877  43.522  20.881  4.680 0.0000000000
96607  42.739  25.465  11.498 0.0000000000
131398  43.030  26.081  11.900 0.0000000000
95442  43.424  22.772  9.935 0.0000000000
95431  43.853  23.367  10.505 0.0000000000
94915  44.530  22.617  10.096 0.0000000000
131060  44.686  21.871  9.579 0.0000000000
126126  42.012  20.045  9.906 0.0000000000
122828  42.950  19.850  9.887 0.0000000000
93311  44.487  18.777  9.314 0.0000000000
93302  44.420  18.897  9.541 0.0000000000
93301  44.892  19.160  9.284 0.0000000000
93826  45.117  20.193  9.181 0.0000000000
93310  44.865  19.139  8.753 0.0000000000
93851  44.906  19.855  7.971 0.0000000000
93852  44.385  19.676  7.650 0.0000000000
93861  41.997  20.388  6.023 0.0000000000
93870  41.702  20.522  5.335 0.0000000000
93871  40.624  20.301  5.288 0.0000000000
93872  39.985  20.163  4.766 0.0000000000
93337  39.644  19.754  5.472 0.0000000000
93334  39.053  19.159  5.986 0.0000000000
92136  38.013  18.035  4.932 0.0000000000
92130  38.068  17.967  5.851 0.0000000000
92107  38.342  17.729  9.082 0.0000000000
92115  38.023  17.922  7.939 0.0000000000
112937  37.068  16.081  6.778 0.0000000000
127915  37.446  17.180  6.677 0.0000000000
91487  37.486  16.475  6.202 0.0000000000
91494  37.584  16.824  5.577 0.0000000000
117940  37.843  15.716  5.819 0.0000000000
101943  38.030  35.078  2.877 0.0000000000
102446  36.993  36.368  2.069 0.0000000000
101962  37.663  35.779  2.328 0.0000000000
101948  39.025  35.300  2.055 0.0000000000
114065  40.059  33.712  3.774 0.0000000000
128702  41.794  33.785  3.367 0.0000000000
100964  41.848  33.554  4.180 0.0000000000
132494  40.895  34.693  11.590 0.0000000000
100877  40.348  34.724  10.787 0.0000000000
133902  41.016  34.280  10.920 0.0000000000
100906  40.532  33.031  8.470 0.0000000000
117099  40.113  33.216  9.213 0.0000000000
100923  40.112  32.788  7.708 0.0000000000
100401  39.806  32.768  6.863 0.0000000000
100922  40.681  32.865  7.001 0.0000000000
100932  43.182  33.435  6.210 0.0000000000
100933  42.124  33.266  5.879 0.0000000000
100944  43.146  33.465  5.259 0.0000000000
134710  43.793  33.500  5.699 0.0000000000
100943  44.250  33.374  5.178 0.0000000000
99890  45.046  32.345  7.558 0.0000000000
99904  44.843  32.204  6.956 0.0000000000
99899  44.923  31.981  7.460 0.0000000000
99900  44.224  31.542  7.355 0.0000000000
99882  45.804  31.865  9.460 0.0000000000
131457  46.096  30.885  10.071 0.0000000000
125557  43.638  29.326  9.888 0.0000000000
98864  44.152  30.152  9.653 0.0000000000
99369  43.292  30.388  9.018 0.0000000000
98866  42.033  29.439  9.012 0.0000000000
98294  42.266  28.661  9.287 0.0000000000
97758  42.095  27.036  8.752 0.0000000000
97237  41.628  26.560  8.239 0.0000000000
96091  40.643  24.236  6.608 0.0000000000
95479  39.989  23.870  6.016 0.0000000000
113477  39.506  23.315  3.786 0.0000000000
113475  37.424  23.621  3.381 0.0000000000
113472  38.166  23.883  2.517 0.0000000000
95548  41.901  23.935  1.073 0.0000000000
95539  40.998  23.710  1.938 0.0000000000
95549  40.780  23.996  0.977 0.0000000000
95562  37.810  23.886  0.492 0.0000000000
95551  38.630  24.446  0.836 0.0000000000
121918  36.997  24.047  0.761 0.0000000000
94997  36.593  23.251  0.774 0.0000000000
94439  37.100  22.079  0.521 0.0000000000
93923  36.824  20.763  -0.601 0.0000000000
93916  36.472  20.655  0.508 0.0000000000
93372  35.773  19.303  0.430 0.0000000000
93356  39.404  19.886  1.702 0.0000000000
120125  38.979  19.954  -1.035 0.0000000000
122303  39.214  20.669  -2.304 0.0000000000
119706  39.040  20.851  -3.039 0.0000000000
92168  36.837  17.597  -3.265 0.0000000000
92795  37.095  19.043  -4.606 0.0000000000
96682  37.644  25.130  7.186 0.0000000000
95497  38.457  23.547  5.511 0.0000000000
97253  38.735  26.838  7.568 0.0000000000
97254  37.564  26.520  7.480 0.0000000000
96666  38.020  25.839  7.404 0.0000000000
134507  39.770  13.643  5.495 0.0000000000
113102  39.998  13.634  5.118 0.0000000000
89540  40.168  13.277  5.726 0.0000000000
132878  42.074  12.535  5.445 0.0000000000
119821  46.265  28.181  13.064 0.0000000000
97185  46.860  26.754  12.521 0.0000000000
97186  46.369  26.819  12.844 0.0000000000
96590  45.629  25.969  12.666 0.0000000000
96605  44.798  25.215  12.248 0.0000000000
93285  39.387  19.223  11.268 0.0000000000
93268  40.822  18.245  12.136 0.0000000000
91458  39.761  16.407  12.313 0.0000000000
119321  41.670  31.533  13.286 0.0000000000
132059  41.691  32.057  13.276 0.0000000000
99332  42.327  30.848  13.308 0.0000000000
99331  45.308  30.347  13.073 0.0000000000
98813  45.027  29.514  13.578 0.0000000000
98246  45.852  28.843  13.403 0.0000000000
94420  43.418  21.642  1.690 0.0000000000
94428  43.218  21.946  0.738 0.0000000000
94421  42.582  21.342  1.319 0.0000000000
93904  41.658  21.043  1.128 0.0000000000
117472  40.631  20.723  0.275 0.0000000000
95530  34.321  23.886  2.872 0.0000000000
94423  34.497  21.621  2.591 0.0000000000
123807  34.614  22.525  2.075 0.0000000000
94422  35.179  21.579  2.058 0.0000000000
99918  43.983  31.511  5.360 0.0000000000
99919  42.886  31.371  5.276 0.0000000000
133699  42.616  31.297  5.854 0.0000000000
129846  42.034  31.205  5.768 0.0000000000
99413  41.186  31.035  5.598 0.0000000000
96670  34.153  25.363  7.314 0.0000000000
96686  33.339  25.109  7.213 0.0000000000
97730  39.899  27.990  11.136 0.0000000000
97744  39.242  27.401  10.730 0.0000000000
99865  35.543  31.101  11.472 0.0000000000
132714  35.957  31.716  11.399 0.0000000000
99864  36.352  31.076  11.697 0.0000000000
99863  37.201  31.435  11.821 0.0000000000
99335  38.430  31.220  12.052 0.0000000000
99334  39.125  31.160  12.181 0.0000000000
99339  38.564  30.464  11.681 0.0000000000
98824  39.061  29.865  11.491 0.0000000000
92750  37.905  18.094  4.013 0.0000000000
92754  38.335  18.720  3.595 0.0000000000
89582  39.739  13.651  2.935 0.0000000000
90217  39.164  14.019  2.363 0.0000000000
90224  39.334  14.079  1.570 0.0000000000
90232  39.455  14.284  0.790 0.0000000000
97235  43.095  26.007  8.688 0.0000000000
96646  43.853  25.403  8.612 0.0000000000
96050  46.996  24.472  9.207 0.0000000000
96066  46.776  24.292  8.464 0.0000000000
94951  46.019  23.410  7.196 0.0000000000
124901  45.686  23.670  6.329 0.0000000000
94957  45.421  23.284  5.723 0.0000000000
94389  44.862  21.962  6.075 0.0000000000
93867  44.180  20.715  5.896 0.0000000000
117956  41.803  24.664  10.532 0.0000000000
96037  42.483  24.594  10.784 0.0000000000
95432  42.232  23.998  10.303 0.0000000000
95443  42.793  23.336  10.078 0.0000000000
94927  42.570  22.478  9.690 0.0000000000
92703  43.879  17.934  10.745 0.0000000000
93303  43.706  18.696  9.861 0.0000000000
92713  43.531  18.540  9.933 0.0000000000
130093  42.960  18.600  9.081 0.0000000000
117433  42.704  19.136  8.316 0.0000000000
93322  42.667  19.673  7.405 0.0000000000
93323  41.668  19.603  7.552 0.0000000000
113145  40.864  19.866  6.887 0.0000000000
93333  40.269  19.928  6.201 0.0000000000
113324  40.020  19.603  7.044 0.0000000000
116684  36.898  16.818  7.807 0.0000000000
92116  37.419  17.321  7.402 0.0000000000
101448  36.717  34.980  3.804 0.0000000000
101447  37.591  34.725  3.538 0.0000000000
101462  38.765  34.878  2.658 0.0000000000
100984  39.287  33.938  3.633 0.0000000000
100966  39.396  33.551  4.438 0.0000000000
100965  40.197  33.479  4.504 0.0000000000
101913  36.238  35.471  9.877 0.0000000000
101411  35.911  34.641  9.204 0.0000000000
101409  37.511  34.817  10.152 0.0000000000
100876  41.514  33.600  10.064 0.0000000000
133670  42.263  33.526  10.074 0.0000000000
116806  41.971  33.525  9.328 0.0000000000
100905  41.510  33.293  8.500 0.0000000000
122610  41.444  33.077  7.105 0.0000000000
100921  42.107  33.311  7.683 0.0000000000
100920  43.071  33.441  7.106 0.0000000000
100919  44.134  33.454  7.297 0.0000000000
100930  44.685  33.055  6.756 0.0000000000
100902  44.661  33.180  7.882 0.0000000000
100392  45.107  32.657  8.146 0.0000000000
99891  45.335  32.051  8.350 0.0000000000
98846  46.169  29.709  10.976 0.0000000000
98863  45.610  30.353  10.160 0.0000000000
98285  43.968  28.599  10.270 0.0000000000
98293  43.073  28.585  9.724 0.0000000000
95495  41.183  23.512  5.330 0.0000000000
115814  40.299  23.496  5.293 0.0000000000
95512  40.793  23.363  4.563 0.0000000000
113478  40.457  23.332  3.776 0.0000000000
113474  40.196  23.535  2.886 0.0000000000
94993  40.284  23.317  -0.236 0.0000000000
95560  39.511  24.025  0.415 0.0000000000
94994  39.507  23.253  -0.181 0.0000000000
94995  38.669  22.923  -0.120 0.0000000000
92773  38.270  18.938  0.832 0.0000000000
93370  38.852  19.554  0.241 0.0000000000
96104  34.149  23.658  5.610 0.0000000000
95500  35.555  23.446  5.075 0.0000000000
95482  36.837  23.735  6.069 0.0000000000
95528  35.804  23.860  3.226 0.0000000000
114125  41.850  30.421  8.172 0.0000000000
98874  40.280  30.029  7.594 0.0000000000
97255  36.802  26.599  7.451 0.0000000000
126624  35.397  29.898  11.739 0.0000000000
98827  35.999  29.763  11.467 0.0000000000
89563  39.599  13.925  4.608 0.0000000000
89571  39.646  13.753  3.785 0.0000000000
89581  40.552  13.401  2.674 0.0000000000
122118  45.209  27.301  10.727 0.0000000000
97213  45.665  26.632  10.651 0.0000000000
96614  47.162  25.520  11.314 0.0000000000
96588  47.225  26.032  12.259 0.0000000000
96613  47.362  25.317  11.929 0.0000000000
96628  47.233  24.755  11.130 0.0000000000
95428  47.111  23.749  10.729 0.0000000000
95441  47.099  23.513  9.935 0.0000000000
94924  46.507  22.791  9.847 0.0000000000
94362  40.186  21.700  9.482 0.0000000000
94361  41.131  21.611  9.509 0.0000000000
93829  41.004  20.924  9.588 0.0000000000
126261  41.083  20.229  9.887 0.0000000000
93305  42.112  19.421  10.514 0.0000000000
93267  42.060  18.104  12.169 0.0000000000
93282  43.772  17.799  11.416 0.0000000000
127867  43.865  17.594  11.088 0.0000000000
122719  40.344  18.467  9.267 0.0000000000
92105  37.755  17.140  9.569 0.0000000000
90813  36.395  16.284  8.210 0.0000000000
101381  39.994  36.095  12.436 0.0000000000
101892  40.092  37.246  11.778 0.0000000000
101380  40.276  35.963  12.235 0.0000000000
100868  40.640  34.825  12.136 0.0000000000
100351  42.140  32.385  12.694 0.0000000000
135721  42.243  32.855  11.996 0.0000000000
100866  42.428  33.096  11.322 0.0000000000
100372  43.376  32.859  10.912 0.0000000000
100371  44.489  32.660  10.468 0.0000000000
100359  45.369  32.124  10.935 0.0000000000
127686  45.989  31.467  11.380 0.0000000000
131381  46.500  31.001  11.049 0.0000000000
99330  46.291  30.442  12.371 0.0000000000
99337  46.585  30.487  11.709 0.0000000000
98845  46.587  30.264  11.480 0.0000000000
98260  46.237  28.688  11.588 0.0000000000
97741  45.602  27.919  11.168 0.0000000000
129894  43.572  23.906  2.778 0.0000000000
115485  42.333  23.600  2.870 0.0000000000
95537  43.164  23.722  2.063 0.0000000000
95547  42.863  23.699  1.294 0.0000000000
95558  41.539  23.629  0.393 0.0000000000
94988  42.851  22.522  0.454 0.0000000000
94992  42.135  22.652  -0.013 0.0000000000
133499  41.150  23.114  -0.219 0.0000000000
95001  40.718  22.514  -0.719 0.0000000000
94446  40.296  22.071  -1.411 0.0000000000
123928  39.802  21.856  -1.822 0.0000000000
116385  37.018  16.231  -0.440 0.0000000000
91529  36.861  16.958  -1.204 0.0000000000
93883  32.553  20.644  4.613 0.0000000000
95502  33.617  23.579  4.561 0.0000000000
95531  33.385  23.368  3.489 0.0000000000
129195  33.839  23.698  3.157 0.0000000000
94414  33.117  21.943  3.580 0.0000000000
93353  33.924  19.398  4.059 0.0000000000
93900  34.803  20.627  2.882 0.0000000000
92763  34.896  18.219  2.505 0.0000000000
99933  42.551  31.405  4.529 0.0000000000
116611  42.163  31.440  3.942 0.0000000000
99385  40.720  30.500  7.134 0.0000000000
99394  40.519  30.683  6.211 0.0000000000
124027  43.147  28.462  12.761 0.0000000000
130092  42.976  27.556  12.393 0.0000000000
131490  42.249  27.778  12.115 0.0000000000
96608  42.057  25.920  11.399 0.0000000000
97203  40.942  26.846  11.218 0.0000000000
97215  41.181  26.104  11.015 0.0000000000
96616  41.481  25.371  10.776 0.0000000000
96051  40.923  24.662  10.164 0.0000000000
94930  39.908  22.558  9.492 0.0000000000
94363  39.315  21.195  9.501 0.0000000000
93307  38.739  20.014  9.989 0.0000000000
131166  35.088  36.918  9.848 0.0000000000
102402  34.575  36.691  10.169 0.0000000000
115888  35.262  36.690  10.050 0.0000000000
102408  35.611  36.269  10.029 0.0000000000
102400  36.546  35.931  10.820 0.0000000000
102393  37.570  36.440  11.131 0.0000000000
101894  38.430  36.665  11.444 0.0000000000
100364  36.019  32.479  11.284 0.0000000000
120778  36.938  34.431  11.477 0.0000000000
100869  37.827  34.473  11.806 0.0000000000
101382  39.344  35.718  12.321 0.0000000000
100861  39.615  34.364  12.546 0.0000000000
118631  40.308  33.419  12.764 0.0000000000
99854  40.460  32.009  13.057 0.0000000000
116256  39.956  31.200  12.513 0.0000000000
121342  40.833  31.331  12.895 0.0000000000
93889  40.635  20.519  3.532 0.0000000000
93897  40.299  20.456  2.737 0.0000000000
93890  39.880  20.247  3.356 0.0000000000
93350  39.469  19.954  2.710 0.0000000000
93357  38.818  19.376  2.255 0.0000000000
92768  38.275  18.842  1.791 0.0000000000
92769  37.797  18.236  1.302 0.0000000000
92155  37.302  17.488  0.814 0.0000000000
134496  36.949  16.665  0.406 0.0000000000
90847  37.603  15.843  3.600 0.0000000000
125318  37.453  15.859  2.815 0.0000000000
90853  37.454  15.467  2.139 0.0000000000
90218  37.957  14.808  2.020 0.0000000000
117613  37.203  15.858  1.490 0.0000000000
128700  37.558  15.776  -1.017 0.0000000000
96079  41.045  24.829  7.218 0.0000000000
96090  41.633  24.182  6.805 0.0000000000
132271  42.139  25.236  7.739 0.0000000000
96067  44.530  24.712  8.010 0.0000000000
116126  46.033  24.466  7.837 0.0000000000
96076  45.077  24.354  7.102 0.0000000000
96088  44.362  24.256  6.609 0.0000000000
95475  44.987  24.324  5.624 0.0000000000
95526  44.371  24.108  3.070 0.0000000000
95535  44.426  23.997  2.920 0.0000000000
94418  44.371  22.445  2.848 0.0000000000
94409  44.510  22.316  3.583 0.0000000000
94411  43.513  21.311  2.697 0.0000000000
93887  42.608  20.950  3.438 0.0000000000
97188  43.665  26.966  12.483 0.0000000000
96591  44.199  26.049  12.346 0.0000000000
136946  43.642  24.431  11.240 0.0000000000
96036  44.412  24.012  11.287 0.0000000000
94925  45.502  22.259  9.709 0.0000000000
94357  45.376  21.206  9.043 0.0000000000
94360  41.948  21.805  9.544 0.0000000000
94359  43.110  21.516  9.595 0.0000000000
93828  43.837  19.682  9.784 0.0000000000
126653  43.736  20.566  9.612 0.0000000000
94358  44.327  21.024  9.452 0.0000000000
93825  45.314  20.591  8.892 0.0000000000
93850  45.176  20.666  8.256 0.0000000000
93858  44.432  20.302  6.877 0.0000000000
93868  43.711  20.641  5.556 0.0000000000
93860  42.810  20.228  6.460 0.0000000000
135299  43.291  20.442  5.979 0.0000000000
133339  41.861  20.779  3.981 0.0000000000
122727  41.200  20.632  3.984 0.0000000000
93881  39.929  20.209  4.050 0.0000000000
93339  38.959  19.212  5.021 0.0000000000
92749  38.421  18.661  4.523 0.0000000000
91500  37.595  16.729  4.886 0.0000000000
92730  39.333  18.808  8.066 0.0000000000
92731  38.593  18.492  7.483 0.0000000000
89554  38.931  14.181  5.852 0.0000000000
89541  39.508  13.656  5.850 0.0000000000
130803  39.379  34.799  2.386 0.0000000000
101461  40.148  34.477  2.472 0.0000000000
101460  41.291  34.385  2.239 0.0000000000
100997  41.809  34.061  2.687 0.0000000000
113711  42.805  33.895  2.691 0.0000000000
123628  37.500  33.139  6.297 0.0000000000
101393  39.961  36.536  11.147 0.0000000000
100878  39.431  34.839  10.574 0.0000000000
132035  40.695  33.574  10.049 0.0000000000
100408  38.907  32.752  6.740 0.0000000000
100936  38.514  33.032  5.903 0.0000000000
100947  39.343  33.231  5.255 0.0000000000
100946  40.201  33.208  5.317 0.0000000000
114044  41.022  33.420  4.774 0.0000000000
117384  41.314  33.064  6.412 0.0000000000
114655  41.151  33.191  5.598 0.0000000000
100963  42.870  33.525  4.379 0.0000000000
115824  43.862  33.548  3.793 0.0000000000
100962  44.395  33.274  4.235 0.0000000000
100417  44.804  32.446  5.224 0.0000000000
100407  44.832  32.453  6.243 0.0000000000
99917  44.554  31.865  5.673 0.0000000000
99906  44.098  31.568  6.229 0.0000000000
99901  43.251  31.297  6.899 0.0000000000
100370  45.487  32.367  9.956 0.0000000000
99376  45.094  31.466  8.827 0.0000000000
99377  43.942  31.052  8.426 0.0000000000
99378  42.797  30.590  8.338 0.0000000000
124804  41.203  28.102  8.633 0.0000000000
97753  41.809  27.905  8.959 0.0000000000
97238  40.901  26.845  8.015 0.0000000000
97251  40.380  26.323  7.695 0.0000000000
96092  39.691  24.452  6.681 0.0000000000
95480  39.167  23.953  6.138 0.0000000000
115813  38.950  23.288  4.624 0.0000000000
95514  38.035  23.319  4.679 0.0000000000
133824  37.780  23.364  4.149 0.0000000000
113471  36.400  24.078  2.530 0.0000000000
95550  39.665  24.192  0.885 0.0000000000
95541  38.880  24.172  1.612 0.0000000000
95542  37.815  24.503  1.333 0.0000000000
114348  36.740  24.393  1.318 0.0000000000
127450  35.839  23.064  1.158 0.0000000000
94431  35.859  21.798  1.359 0.0000000000
94430  36.567  21.373  0.816 0.0000000000
93907  36.180  20.733  1.281 0.0000000000
93366  35.662  19.371  1.405 0.0000000000
93906  39.986  20.342  1.005 0.0000000000
93914  40.059  20.527  -0.062 0.0000000000
93369  39.508  20.257  -0.532 0.0000000000
93921  40.193  21.070  -1.279 0.0000000000
94450  39.349  21.445  -2.343 0.0000000000
92787  37.542  18.895  -2.225 0.0000000000
92794  37.613  19.856  -4.063 0.0000000000
93384  38.311  20.435  -3.346 0.0000000000
93383  38.674  21.106  -3.538 0.0000000000
93934  38.854  21.234  -3.165 0.0000000000
93930  38.102  21.296  -2.855 0.0000000000
93931  37.195  20.881  -1.996 0.0000000000
113032  42.309  12.648  4.711 0.0000000000
113741  42.981  12.446  5.078 0.0000000000
92687  43.096  17.457  12.123 0.0000000000
92718  43.789  18.572  9.239 0.0000000000
93853  43.564  19.763  7.220 0.0000000000
93879  41.387  20.594  4.584 0.0000000000
94427  43.703  22.265  1.388 0.0000000000
94434  42.687  21.995  0.155 0.0000000000
94914  45.790  22.828  10.428 0.0000000000
94970  45.039  23.623  3.999 0.0000000000
94982  44.267  23.223  2.484 0.0000000000
95473  45.557  24.084  6.144 0.0000000000
95478  41.440  23.755  6.083 0.0000000000
95491  45.249  24.216  5.045 0.0000000000
95511  41.833  23.370  4.586 0.0000000000
95527  43.734  23.852  3.546 0.0000000000
96027  43.070  24.834  11.295 0.0000000000
96035  47.242  24.171  11.147 0.0000000000
96049  47.246  24.262  10.127 0.0000000000
96065  47.146  23.990  9.148 0.0000000000
96606  43.579  25.379  11.816 0.0000000000
97707  46.699  27.277  12.457 0.0000000000
97708  46.497  27.453  12.781 0.0000000000
97709  45.960  27.595  13.147 0.0000000000
97710  44.834  27.718  13.107 0.0000000000
97728  41.594  27.277  11.628 0.0000000000
98265  39.107  29.297  11.282 0.0000000000
98849  37.392  29.373  10.920 0.0000000000
99341  35.801  30.414  11.676 0.0000000000
99342  35.109  30.386  11.657 0.0000000000
99367  46.216  31.265  10.191 0.0000000000
99852  44.506  30.936  12.854 0.0000000000
99862  37.782  30.938  11.894 0.0000000000
99948  43.928  31.775  3.572 0.0000000000
99949  42.405  31.636  3.312 0.0000000000
100354  40.182  32.536  12.885 0.0000000000
100400  44.858  32.584  6.999 0.0000000000
100968  36.294  34.131  5.390 0.0000000000
101385  40.421  36.251  11.946 0.0000000000
101386  38.582  35.912  11.923 0.0000000000
101886  40.077  37.117  12.065 0.0000000000
101887  39.572  37.127  12.101 0.0000000000
101895  37.204  36.213  11.216 0.0000000000
101897  35.987  35.394  10.885 0.0000000000
101901  39.693  37.348  11.556 0.0000000000
101912  37.076  35.256  10.300 0.0000000000
102394  36.908  36.139  11.108 0.0000000000
102395  36.387  35.894  10.969 0.0000000000
102399  37.032  36.120  10.779 0.0000000000
102407  36.355  35.718  10.478 0.0000000000
102888  33.420  37.485  9.338 0.0000000000
102894  33.638  37.800  8.834 0.0000000000
113910  39.318  34.424  2.971 0.0000000000
114871  46.014  22.203  9.115 0.0000000000
118749  40.909  20.686  1.965 0.0000000000
121516  39.303  23.052  9.507 0.0000000000
121794  38.820  33.425  12.381 0.0000000000
125916  43.203  33.525  7.976 0.0000000000
132783  44.523  20.917  6.204 0.0000000000
133244  46.117  23.350  11.118 0.0000000000
133823  43.719  33.498  6.693 0.0000000000
136219  39.928  37.538  11.885 0.0000000000
136566  44.660  33.142  7.366 0.0000000000
