#!ascii label  , from subject sub-v2s9x29151_ses-1 vox2ras=TkReg
1194
5957  36.606  -75.173  -41.215 0.5000000000
11628  36.357  -68.491  -41.587 0.6000000238
106466  36.731  -68.850  -42.266 0.6000000238
10709  35.622  -69.531  -42.519 0.6000000238
10707  37.093  -69.226  -42.968 0.6999999881
10719  35.986  -69.819  -43.180 0.6000000238
11641  37.917  -69.055  -43.362 0.6999999881
10717  37.434  -69.707  -43.863 0.6000000238
8879  31.070  -71.337  -36.572 0.5000000000
9741  33.612  -70.845  -37.050 0.6000000238
9722  33.091  -70.440  -36.394 0.6000000238
9743  31.890  -71.107  -36.863 0.5000000000
8895  35.017  -71.207  -37.699 0.5000000000
9740  34.498  -70.736  -37.129 0.4000000060
9742  32.728  -70.982  -36.955 0.5000000000
113859  30.006  -68.168  -38.374 0.5000000000
8118  37.041  -72.922  -40.296 0.4000000060
11581  30.761  -67.980  -38.487 0.5000000000
11602  29.598  -68.679  -38.858 0.5000000000
11600  31.289  -68.198  -39.110 0.6000000238
12508  33.590  -68.275  -40.083 0.6000000238
11614  35.899  -68.050  -40.820 0.6000000238
12523  36.732  -67.816  -41.186 0.6999999881
11629  35.570  -68.707  -41.431 0.6000000238
11627  37.125  -68.260  -41.854 0.6999999881
12534  38.570  -67.747  -42.499 0.6000000238
11635  38.291  -68.435  -42.902 0.6999999881
13384  39.997  -66.972  -43.402 0.6000000238
12547  39.056  -68.187  -43.308 0.6000000238
11640  38.808  -68.891  -43.721 0.6999999881
12545  40.797  -67.647  -44.123 0.6999999881
9803  36.552  -70.200  -43.928 0.6000000238
9705  31.044  -69.913  -35.492 0.5000000000
110366  32.247  -70.524  -36.334 0.6000000238
9723  31.416  -70.561  -36.153 0.5000000000
9720  34.883  -70.212  -36.600 0.6000000238
9721  33.993  -70.301  -36.504 0.6999999881
8894  35.989  -70.974  -37.734 0.4000000060
12474  31.704  -67.132  -37.733 0.5000000000
11582  30.293  -67.652  -37.790 0.5000000000
7338  37.211  -74.298  -40.855 0.5000000000
110237  31.501  -67.690  -38.511 0.5000000000
12494  34.267  -67.055  -38.981 0.6999999881
103077  32.691  -67.748  -39.148 0.6000000238
12493  35.520  -67.203  -39.698 0.6999999881
108529  34.754  -67.414  -39.607 0.6000000238
110548  33.964  -67.658  -39.519 0.6000000238
104747  35.878  -67.490  -40.217 0.6999999881
11615  34.951  -68.425  -40.834 0.6000000238
12505  36.467  -67.401  -40.499 0.6999999881
12521  38.158  -67.333  -41.798 0.6000000238
12522  37.482  -67.596  -41.492 0.6000000238
13365  39.439  -66.538  -42.524 0.6000000238
12535  37.876  -68.034  -42.148 0.6000000238
14145  40.136  -66.002  -42.890 0.6000000238
13383  40.905  -66.473  -43.833 0.6999999881
10723  39.014  -70.052  -44.996 0.6999999881
105097  37.790  -70.838  -45.138 0.5000000000
11639  39.654  -68.640  -44.172 0.6999999881
11650  39.353  -69.333  -44.548 0.6999999881
9813  38.156  -70.222  -44.697 0.6000000238
11535  32.525  -68.481  -34.341 0.5000000000
119019  31.237  -69.132  -34.836 0.5000000000
10620  33.947  -69.138  -35.394 0.6999999881
117290  32.336  -69.289  -35.110 0.6000000238
9719  35.702  -70.081  -36.665 0.5000000000
10636  35.270  -69.646  -36.149 0.6999999881
10619  34.842  -69.190  -35.602 0.6999999881
10638  33.365  -69.746  -35.747 0.6000000238
120708  32.581  -70.028  -35.827 0.6000000238
9738  36.660  -70.435  -37.421 0.4000000060
115532  36.034  -70.424  -37.157 0.4000000060
9739  35.352  -70.601  -37.176 0.5000000000
13330  31.406  -66.710  -36.644 0.5000000000
13339  33.774  -66.709  -38.266 0.5000000000
13340  32.758  -66.888  -38.040 0.5000000000
12486  32.317  -67.443  -38.578 0.5000000000
13347  35.083  -66.833  -39.106 0.6000000238
12485  33.323  -67.323  -38.869 0.5000000000
13346  35.872  -66.660  -39.239 0.6999999881
14115  37.819  -65.871  -40.173 0.6000000238
13344  37.252  -66.205  -39.764 0.6999999881
12492  36.216  -67.012  -39.866 0.6999999881
14114  38.377  -65.545  -40.593 0.6000000238
13352  38.093  -66.246  -40.829 0.6000000238
13353  37.507  -66.549  -40.475 0.6999999881
14966  40.051  -64.458  -41.748 0.6999999881
14121  38.626  -65.879  -41.206 0.6000000238
13359  38.395  -66.601  -41.486 0.6000000238
14995  40.856  -64.714  -42.816 0.6000000238
14130  40.212  -65.045  -42.435 0.6999999881
14131  39.566  -65.682  -42.167 0.6999999881
14993  43.213  -65.271  -43.658 0.6000000238
109357  42.361  -65.507  -43.576 0.6000000238
14144  40.789  -65.394  -43.236 0.6999999881
9826  38.605  -70.807  -46.360 0.6000000238
10722  39.719  -69.656  -45.287 0.6999999881
9822  38.578  -70.674  -45.462 0.6000000238
14141  43.467  -65.604  -44.280 0.6999999881
110319  42.402  -66.237  -43.907 0.6000000238
13382  42.009  -66.746  -44.056 0.8000000119
12555  42.133  -67.791  -44.713 0.6999999881
12556  41.534  -68.224  -44.628 0.6999999881
11648  41.122  -68.742  -44.898 0.6999999881
122863  31.747  -68.583  -34.416 0.6000000238
11532  35.274  -68.652  -35.229 0.6999999881
11533  34.397  -68.626  -34.969 0.6999999881
10621  33.137  -69.057  -35.066 0.6000000238
10635  36.153  -69.448  -36.179 0.5000000000
10618  35.571  -69.163  -35.724 0.6999999881
10649  37.212  -69.940  -37.070 0.4000000060
9718  36.466  -69.990  -36.807 0.5000000000
12461  30.920  -66.879  -35.775 0.5000000000
13329  32.311  -66.567  -37.152 0.5000000000
13327  34.225  -66.197  -37.693 0.6000000238
14099  35.860  -65.780  -38.113 0.6000000238
13337  35.482  -66.331  -38.581 0.6999999881
13338  34.665  -66.527  -38.422 0.6999999881
14098  36.655  -65.464  -38.280 0.6999999881
13336  36.264  -66.100  -38.783 0.6999999881
14105  38.190  -65.144  -39.922 0.6000000238
14106  37.610  -65.525  -39.440 0.6000000238
14107  36.987  -65.855  -39.057 0.6999999881
15806  40.355  -63.308  -41.061 0.6999999881
15820  39.886  -63.946  -41.107 0.6999999881
14113  38.776  -64.850  -40.477 0.6999999881
11675  38.326  -68.190  -47.790 0.6000000238
15819  40.677  -63.711  -41.801 0.6000000238
112927  38.860  -65.286  -40.979 0.6999999881
14991  44.322  -64.240  -44.248 0.6000000238
14977  43.456  -64.539  -43.181 0.6000000238
14979  41.447  -64.182  -42.607 0.6000000238
14980  40.609  -64.362  -42.310 0.6999999881
11669  38.735  -69.112  -47.579 0.6000000238
14992  43.817  -64.852  -43.850 0.6000000238
14978  42.419  -64.705  -43.158 0.6000000238
12570  40.803  -67.948  -46.217 0.6999999881
11667  40.260  -68.748  -46.233 0.6000000238
10734  39.626  -69.515  -46.376 0.6000000238
108896  44.189  -64.063  -45.310 0.5000000000
108869  43.837  -64.891  -44.656 0.6000000238
14156  43.440  -65.762  -45.069 0.8000000119
14161  42.829  -66.061  -45.661 0.8000000119
13407  42.417  -67.060  -45.462 0.8000000119
12564  42.271  -67.786  -44.980 0.8000000119
12569  41.733  -67.907  -45.463 0.6999999881
11658  41.119  -68.608  -45.355 0.6999999881
13399  43.133  -66.419  -44.593 0.8000000119
12554  42.672  -67.201  -44.788 0.8000000119
11534  33.491  -68.578  -34.635 0.6999999881
121292  32.382  -67.870  -33.901 0.6999999881
11518  31.806  -67.862  -34.005 0.6999999881
11519  31.125  -68.266  -34.376 0.6000000238
11514  35.696  -68.095  -34.701 0.6999999881
12437  31.164  -67.624  -34.468 0.6000000238
11531  36.197  -68.691  -35.475 0.6000000238
13309  31.318  -67.028  -34.889 0.5000000000
113426  31.589  -66.536  -35.636 0.5000000000
14133  35.193  -65.878  -42.226 0.6000000238
115108  32.169  -66.206  -35.673 0.5000000000
13367  35.723  -66.272  -42.756 0.5000000000
14091  33.758  -65.842  -36.863 0.5000000000
14147  36.791  -65.801  -43.747 0.6000000238
14078  35.000  -65.272  -36.707 0.6999999881
14090  34.644  -65.683  -37.162 0.6000000238
14943  37.173  -64.871  -38.041 0.6999999881
13326  35.080  -66.016  -37.890 0.6999999881
13409  37.837  -66.381  -46.198 0.6000000238
14950  38.001  -64.697  -39.088 0.6999999881
14942  37.604  -64.681  -38.433 0.6000000238
16645  39.741  -62.955  -39.761 0.6999999881
14948  39.234  -63.654  -39.734 0.6999999881
14949  38.675  -64.371  -39.764 0.6999999881
123798  38.370  -66.723  -47.388 0.6000000238
13413  38.075  -66.579  -47.172 0.6000000238
16668  41.036  -62.910  -41.349 0.6000000238
14957  39.292  -64.169  -40.421 0.6999999881
13419  38.478  -65.989  -47.343 0.6000000238
12577  37.757  -68.203  -47.694 0.6000000238
15817  42.993  -63.222  -41.851 0.6000000238
15831  42.616  -63.951  -42.588 0.6000000238
14172  39.009  -65.484  -47.489 0.6999999881
114559  39.376  -67.099  -47.511 0.6000000238
12576  38.893  -67.611  -47.675 0.6000000238
15839  44.198  -64.220  -43.347 0.6000000238
15021  41.791  -64.374  -46.735 0.6000000238
15022  40.789  -64.374  -47.117 0.6000000238
14169  40.844  -65.565  -47.036 0.6999999881
13417  40.329  -66.256  -47.192 0.6000000238
11668  39.342  -68.553  -47.257 0.6000000238
15862  41.976  -63.515  -46.701 0.6000000238
14168  41.939  -66.034  -46.325 0.8000000119
15020  42.842  -64.368  -46.344 0.6000000238
14167  42.394  -65.236  -46.325 0.6999999881
117521  41.250  -66.890  -46.435 0.8000000119
12434  34.342  -67.421  -33.837 0.6999999881
12435  33.428  -67.326  -33.691 0.6999999881
12436  32.515  -67.306  -33.815 0.6999999881
118440  35.937  -67.502  -34.210 0.6999999881
11515  34.824  -68.089  -34.504 0.6999999881
13294  32.566  -66.613  -33.997 0.6000000238
13308  32.091  -66.472  -34.723 0.6000000238
14959  34.805  -64.433  -40.654 0.6000000238
14969  34.183  -65.073  -41.067 0.6000000238
14958  35.731  -64.106  -41.033 0.6000000238
14122  34.679  -65.481  -41.672 0.6000000238
14069  32.663  -65.851  -35.258 0.6000000238
14982  36.407  -64.768  -42.437 0.5000000000
14930  34.955  -64.845  -35.908 0.6999999881
14079  34.247  -65.378  -36.222 0.6999999881
14981  37.021  -64.285  -43.010 0.4000000060
14997  36.725  -65.122  -43.241 0.5000000000
14936  36.593  -64.934  -37.571 0.6999999881
14929  35.589  -64.943  -36.719 0.8000000119
14146  37.219  -65.132  -44.076 0.5000000000
104536  37.539  -64.380  -37.962 0.6000000238
14088  36.154  -65.357  -37.707 0.6999999881
114721  37.605  -65.212  -44.709 0.6000000238
104167  38.634  -63.743  -38.966 0.6999999881
14941  37.974  -64.095  -38.383 0.6999999881
15016  38.234  -64.631  -46.257 0.6999999881
14162  37.991  -65.449  -46.167 0.6000000238
16643  40.886  -62.046  -40.208 0.6999999881
16644  40.291  -62.300  -39.646 0.6999999881
15865  38.673  -63.730  -46.463 0.5000000000
14170  38.284  -65.247  -46.903 0.6000000238
104395  42.137  -62.219  -40.829 0.6000000238
16667  41.977  -62.706  -41.370 0.6000000238
16655  40.453  -62.704  -40.509 0.6999999881
14173  38.685  -65.177  -47.258 0.6999999881
15818  41.772  -63.385  -41.979 0.6000000238
15866  39.805  -64.024  -47.377 0.5000000000
15023  39.092  -64.002  -47.175 0.6000000238
15830  43.699  -63.847  -42.589 0.6000000238
16710  41.065  -62.833  -46.681 0.6000000238
15863  40.350  -63.380  -47.102 0.5000000000
15025  40.076  -64.802  -47.401 0.6999999881
16709  42.154  -62.721  -46.497 0.6000000238
12422  34.780  -66.780  -33.544 0.6999999881
12423  33.950  -66.690  -33.563 0.6999999881
13293  33.150  -66.197  -33.898 0.6000000238
14056  32.847  -66.006  -34.376 0.6000000238
15810  34.412  -64.043  -39.976 0.4000000060
113370  33.735  -64.614  -40.443 0.5000000000
14068  33.408  -65.432  -34.900 0.6000000238
15808  36.188  -63.391  -40.776 0.5000000000
14123  33.610  -65.542  -41.636 0.6000000238
14915  34.717  -64.664  -34.789 0.6999999881
14914  35.438  -64.330  -35.293 0.6999999881
14080  33.409  -65.585  -35.905 0.6000000238
15833  36.687  -63.975  -42.246 0.5000000000
14928  36.318  -64.539  -36.760 0.6999999881
15841  37.677  -63.772  -43.722 0.4000000060
16613  39.384  -62.024  -37.435 0.6999999881
16614  38.862  -62.614  -37.569 0.6999999881
15784  38.146  -63.153  -37.217 0.6999999881
15008  37.721  -64.480  -44.500 0.6000000238
17509  40.680  -61.463  -38.597 0.6999999881
17510  40.157  -61.705  -38.221 0.6999999881
15790  38.395  -63.372  -38.066 0.6999999881
15785  37.778  -63.807  -37.650 0.6999999881
15840  38.240  -63.025  -44.233 0.5000000000
15007  38.173  -64.085  -45.424 0.5000000000
17523  41.740  -61.763  -40.229 0.6000000238
17524  40.918  -61.633  -39.471 0.6999999881
16629  40.190  -61.965  -38.851 0.6999999881
15797  39.265  -63.187  -39.176 0.6999999881
15848  38.552  -63.176  -45.337 0.5000000000
16652  43.668  -62.351  -40.837 0.5000000000
16653  42.774  -61.961  -40.537 0.6000000238
16654  41.348  -62.338  -40.787 0.6000000238
14037  34.659  -65.694  -33.527 0.6999999881
116530  34.287  -65.428  -33.855 0.6999999881
15791  34.012  -63.659  -39.193 0.4000000060
14878  34.919  -65.165  -33.625 0.6999999881
115716  33.556  -65.700  -34.112 0.6999999881
14951  33.294  -64.275  -39.788 0.4000000060
14895  34.768  -64.840  -33.974 0.6999999881
119702  32.850  -64.586  -40.314 0.6000000238
14913  36.172  -64.096  -35.807 0.8000000119
14894  35.316  -64.286  -34.291 0.6999999881
15776  37.278  -63.347  -36.109 0.6000000238
116907  36.858  -63.876  -36.407 0.6000000238
15824  31.860  -63.520  -41.288 0.6000000238
16597  38.459  -62.551  -36.694 0.6999999881
15775  37.830  -62.972  -36.374 0.6999999881
105028  37.526  -63.595  -36.863 0.6000000238
17494  39.893  -61.645  -37.622 0.6000000238
17492  41.159  -60.999  -38.283 0.6000000238
16686  33.281  -61.618  -44.563 0.5000000000
17537  42.604  -61.447  -39.901 0.6000000238
109347  41.789  -61.275  -39.465 0.6999999881
17536  43.618  -61.716  -40.180 0.5000000000
15754  35.837  -63.895  -33.825 0.6999999881
15792  33.205  -63.474  -38.528 0.4000000060
15764  35.918  -63.837  -34.791 0.8000000119
14952  32.301  -64.262  -39.899 0.5000000000
15762  37.388  -62.786  -35.355 0.8000000119
15801  31.584  -63.401  -39.824 0.4000000060
15800  31.867  -63.764  -39.459 0.4000000060
15763  36.672  -63.438  -35.366 0.6999999881
118578  32.184  -62.674  -41.415 0.4000000060
14972  31.828  -64.081  -40.941 0.5000000000
18374  41.022  -60.668  -37.446 0.6000000238
17477  39.598  -61.596  -36.907 0.6000000238
123981  38.678  -62.057  -36.210 0.6999999881
17541  31.953  -61.858  -40.252 0.4000000060
18388  41.808  -60.554  -38.026 0.6000000238
17493  40.534  -61.294  -37.870 0.6000000238
17558  33.446  -60.918  -42.929 0.4000000060
15823  32.357  -62.926  -42.423 0.6000000238
118668  41.822  -60.874  -38.795 0.6000000238
106332  43.225  -61.207  -39.620 0.5000000000
17521  43.911  -61.263  -39.636 0.5000000000
16633  32.653  -63.141  -37.955 0.4000000060
15740  36.404  -63.764  -33.343 0.8000000119
15794  31.667  -63.200  -39.010 0.4000000060
15752  36.857  -62.993  -34.577 0.6999999881
16649  31.519  -62.553  -39.443 0.4000000060
17468  38.580  -61.648  -35.357 0.6000000238
16589  38.138  -62.361  -35.809 0.6999999881
17476  40.262  -61.151  -37.096 0.6000000238
17478  39.172  -61.615  -36.184 0.6000000238
17528  31.838  -61.367  -39.603 0.4000000060
17550  33.369  -60.761  -42.200 0.4000000060
17549  33.376  -60.167  -42.158 0.4000000060
18387  42.574  -60.541  -38.562 0.4000000060
16618  32.405  -62.659  -37.352 0.4000000060
16585  37.312  -62.587  -34.194 0.6999999881
111271  31.550  -62.331  -38.124 0.4000000060
118330  38.436  -61.622  -34.314 0.6999999881
16584  37.875  -62.111  -34.789 0.6000000238
17513  31.420  -61.841  -38.653 0.4000000060
18361  40.607  -60.542  -36.571 0.6000000238
18362  39.829  -60.987  -36.155 0.6000000238
18406  32.594  -60.157  -39.898 0.4000000060
18372  42.530  -60.156  -37.772 0.6000000238
18426  33.331  -59.799  -41.680 0.3000000119
18371  43.336  -60.266  -38.262 0.4000000060
19273  44.039  -60.001  -37.922 0.4000000060
112372  31.348  -61.025  -38.201 0.4000000060
18407  32.266  -59.700  -39.358 0.4000000060
19245  40.963  -60.007  -36.196 0.6000000238
19258  42.462  -59.655  -36.968 0.6000000238
19243  42.424  -59.163  -36.062 0.6000000238
108257  43.904  -59.569  -37.272 0.4000000060
19242  43.302  -59.247  -36.629 0.5000000000
106208  44.653  -59.597  -37.566 0.4000000060
108231  31.257  -57.335  -41.438 0.3000000119
19256  44.265  -59.142  -36.776 0.4000000060
18355  30.625  -60.396  -35.487 0.4000000060
20965  31.080  -57.043  -39.893 0.3000000119
20150  28.295  -58.323  -40.789 0.4000000060
19231  30.321  -59.476  -34.584 0.4000000060
19249  29.459  -59.484  -36.338 0.4000000060
20953  30.302  -57.310  -38.961 0.3000000119
20946  29.432  -57.660  -38.148 0.3000000119
20165  30.275  -57.262  -41.661 0.3000000119
20985  31.026  -56.629  -41.593 0.3000000119
20166  28.938  -57.592  -41.443 0.3000000119
123594  29.080  -59.058  -35.273 0.4000000060
20099  28.866  -58.954  -36.803 0.4000000060
20113  29.520  -58.486  -37.560 0.4000000060
21870  30.739  -56.445  -40.629 0.3000000119
21881  30.330  -55.821  -41.227 0.3000000119
20153  24.602  -58.675  -41.032 0.4000000060
20154  23.581  -58.954  -40.813 0.3000000119
20967  23.325  -58.008  -39.884 0.3000000119
21891  29.824  -56.038  -42.300 0.3000000119
112262  28.452  -57.147  -42.006 0.3000000119
20100  28.083  -58.486  -36.512 0.4000000060
20114  28.566  -58.175  -37.375 0.4000000060
20954  28.369  -57.375  -38.043 0.3000000119
21859  29.277  -56.893  -39.049 0.3000000119
21871  29.850  -56.214  -40.183 0.3000000119
20169  26.025  -57.922  -41.431 0.3000000119
22738  29.880  -55.510  -41.774 0.3000000119
21884  24.978  -57.524  -40.854 0.3000000119
21900  29.308  -55.541  -42.263 0.3000000119
22731  25.219  -56.325  -40.402 0.4000000060
21874  24.598  -56.763  -39.733 0.3000000119
22732  24.788  -55.628  -39.607 0.3000000119
22718  24.239  -56.026  -38.795 0.3000000119
20947  27.621  -57.706  -37.207 0.4000000060
20955  27.559  -57.102  -37.979 0.4000000060
21860  28.058  -56.685  -38.767 0.3000000119
20978  25.428  -57.924  -41.277 0.4000000060
22729  28.565  -55.232  -40.621 0.3000000119
21894  26.798  -56.396  -41.862 0.3000000119
21883  25.628  -56.887  -41.158 0.4000000060
21895  26.209  -56.227  -41.503 0.4000000060
23593  24.350  -54.840  -38.820 0.3000000119
21850  27.037  -57.007  -37.461 0.4000000060
21861  27.265  -56.396  -38.335 0.4000000060
21873  27.793  -55.930  -39.445 0.4000000060
22730  27.699  -55.043  -40.116 0.4000000060
22739  29.025  -55.053  -41.744 0.3000000119
107204  27.726  -54.242  -41.835 0.3000000119
22748  27.226  -54.673  -41.936 0.3000000119
23635  26.394  -54.314  -41.544 0.3000000119
23623  25.572  -54.100  -40.938 0.5000000000
22741  25.735  -55.822  -41.037 0.4000000060
23609  25.362  -55.230  -40.451 0.4000000060
23594  23.760  -54.396  -37.996 0.3000000119
21862  26.873  -55.793  -38.214 0.4000000060
22717  26.940  -54.978  -38.476 0.4000000060
23591  27.286  -54.544  -39.490 0.3000000119
24568  27.101  -52.727  -41.107 0.3000000119
25516  26.621  -52.230  -40.624 0.3000000119
26457  25.994  -51.582  -40.356 0.3000000119
22740  28.197  -54.421  -41.292 0.3000000119
23622  27.643  -53.812  -41.376 0.3000000119
24582  26.358  -53.389  -41.423 0.3000000119
24570  25.701  -52.951  -41.097 0.3000000119
25518  25.244  -52.357  -40.656 0.3000000119
23634  27.166  -53.745  -41.644 0.3000000119
24571  24.997  -53.402  -40.426 0.3000000119
24559  24.470  -53.772  -39.491 0.3000000119
24551  22.957  -53.112  -37.700 0.3000000119
22677  26.781  -56.000  -35.069 0.3000000119
22678  26.603  -55.477  -35.640 0.3000000119
109594  26.505  -55.728  -36.715 0.3000000119
24540  26.715  -53.457  -38.040 0.3000000119
25503  26.582  -52.571  -38.334 0.3000000119
26449  25.863  -51.170  -39.742 0.3000000119
23578  26.721  -54.418  -37.840 0.3000000119
24548  26.912  -52.971  -38.993 0.3000000119
25509  26.935  -52.444  -39.877 0.3000000119
26448  26.446  -51.756  -39.870 0.3000000119
119054  25.469  -51.137  -40.125 0.3000000119
26450  24.907  -50.942  -40.117 0.3000000119
25510  24.584  -52.695  -40.042 0.3000000119
25511  24.207  -51.928  -39.692 0.3000000119
24560  24.056  -53.075  -39.184 0.3000000119
24550  23.549  -53.369  -38.283 0.3000000119
23545  27.320  -54.780  -34.179 0.3000000119
23559  26.642  -54.615  -35.443 0.3000000119
110669  26.618  -53.931  -36.994 0.3000000119
24534  26.509  -52.975  -37.347 0.3000000119
26429  25.787  -51.584  -37.959 0.3000000119
27384  24.352  -50.465  -39.482 0.3000000119
26451  24.000  -51.014  -39.551 0.3000000119
26442  23.429  -51.767  -39.116 0.3000000119
24542  22.374  -53.285  -37.146 0.3000000119
26441  25.593  -50.970  -38.849 0.3000000119
27383  25.096  -50.690  -39.587 0.3000000119
109513  23.203  -51.029  -39.160 0.3000000119
26443  22.579  -51.543  -38.524 0.3000000119
25505  23.090  -52.494  -38.371 0.3000000119
26431  21.791  -51.789  -37.768 0.3000000119
27373  24.773  -50.498  -38.391 0.3000000119
27374  24.315  -50.086  -39.030 0.3000000119
27375  23.728  -49.886  -39.166 0.3000000119
27363  24.657  -50.459  -37.082 0.3000000119
27364  24.192  -49.848  -37.928 0.3000000119
28281  23.679  -49.484  -38.625 0.3000000119
104963  23.103  -49.816  -39.104 0.3000000119
108190  22.535  -50.397  -38.860 0.3000000119
26444  21.558  -50.872  -38.179 0.3000000119
26432  20.754  -51.425  -37.483 0.3000000119
8130  36.687  -73.623  -40.654 0.4000000060
11636  37.504  -68.651  -42.557 0.6999999881
10716  38.462  -69.540  -44.204 0.6999999881
106653  36.405  -71.483  -38.413 0.4000000060
8129  37.672  -73.646  -40.726 0.5000000000
13358  38.973  -66.194  -41.827 0.6000000238
13328  33.285  -66.370  -37.445 0.5000000000
14120  39.165  -65.466  -41.506 0.6000000238
108831  35.695  -64.538  -36.126 0.8000000119
14067  34.135  -65.051  -35.255 0.6999999881
14935  37.128  -64.303  -37.328 0.6000000238
16630  39.586  -62.202  -38.179 0.6999999881
16671  32.941  -61.704  -42.281 0.4000000060
17535  44.607  -61.545  -40.169 0.5000000000
18373  41.760  -60.120  -37.263 0.6000000238
18402  43.451  -60.743  -39.076 0.4000000060
17467  39.227  -61.182  -35.502 0.6000000238
18348  40.391  -60.205  -35.557 0.6000000238
19291  32.789  -59.243  -40.146 0.3000000119
19257  43.245  -59.798  -37.495 0.4000000060
19239  29.564  -59.512  -35.393 0.4000000060
21851  26.709  -56.259  -37.572 0.3000000119
22664  26.846  -55.230  -34.852 0.3000000119
17464  38.612  -61.881  -33.510 0.5000000000
16573  37.580  -62.973  -33.228 0.6999999881
14875  37.176  -63.889  -32.871 0.6999999881
15741  36.024  -64.113  -33.350 0.6000000238
106316  39.069  -61.205  -33.974 0.5000000000
119195  37.923  -62.209  -33.769 0.6000000238
15739  36.872  -63.167  -33.596 0.6000000238
12421  35.623  -66.852  -33.607 0.6000000238
12433  35.211  -67.482  -34.055 0.6000000238
122665  37.896  -64.053  -32.799 0.6999999881
13280  36.970  -65.580  -33.019 0.6000000238
13281  36.156  -66.134  -33.197 0.6000000238
14034  36.857  -64.742  -32.830 0.6999999881
14035  36.099  -65.173  -32.951 0.6000000238
13282  35.218  -66.078  -33.271 0.6000000238
14032  39.042  -65.009  -33.420 0.6999999881
13279  37.833  -66.045  -33.557 0.6999999881
123371  37.784  -66.759  -34.085 0.6000000238
12432  36.477  -67.073  -33.875 0.6000000238
110077  38.643  -64.106  -32.931 0.6000000238
14033  37.884  -64.904  -33.017 0.6999999881
13292  37.102  -66.506  -33.598 0.6000000238
111857  39.454  -63.857  -33.006 0.6000000238
18338  40.243  -60.169  -34.093 0.5000000000
17463  39.017  -61.079  -34.745 0.5000000000
14054  38.697  -65.808  -33.764 0.6000000238
12448  36.648  -67.896  -34.777 0.6000000238
19212  40.875  -59.636  -33.857 0.5000000000
114922  40.077  -60.220  -34.702 0.5000000000
20064  42.561  -58.368  -34.400 0.5000000000
19224  40.687  -59.626  -34.597 0.5000000000
20079  43.278  -58.159  -35.014 0.4000000060
9793  35.232  -69.975  -43.019 0.4000000060
10698  35.282  -69.235  -41.922 0.4000000060
10710  34.854  -69.663  -42.392 0.4000000060
11630  34.324  -68.911  -41.202 0.5000000000
108022  34.185  -68.514  -40.627 0.5000000000
11631  33.509  -68.901  -40.845 0.5000000000
114899  41.290  -59.175  -34.796 0.5000000000
106138  32.921  -68.665  -40.311 0.5000000000
10694  29.530  -69.665  -39.962 0.6000000238
20065  41.835  -58.771  -34.550 0.4000000060
11599  32.613  -68.253  -39.678 0.5000000000
11616  32.050  -68.806  -40.201 0.5000000000
10682  29.941  -69.107  -39.595 0.5000000000
10711  34.023  -69.761  -42.281 0.5000000000
10700  33.744  -69.372  -41.589 0.5000000000
10712  33.084  -69.805  -42.111 0.5000000000
10701  32.866  -69.400  -41.334 0.5000000000
10713  32.033  -69.795  -41.831 0.5000000000
11632  32.698  -69.041  -40.719 0.5000000000
10702  31.366  -69.654  -41.185 0.5000000000
10693  30.281  -69.499  -40.303 0.5000000000
19234  41.738  -59.103  -35.394 0.5000000000
10692  31.151  -69.255  -40.476 0.5000000000
20931  44.006  -57.730  -34.408 0.4000000060
20080  42.418  -58.615  -35.182 0.4000000060
20078  44.283  -58.027  -35.338 0.4000000060
9823  38.100  -71.298  -45.937 0.5000000000
9796  32.427  -70.283  -42.660 0.5000000000
19235  41.070  -59.566  -35.499 0.5000000000
20096  43.022  -58.695  -35.776 0.4000000060
10744  38.114  -69.600  -47.911 0.5000000000
9837  37.575  -70.311  -48.172 0.5000000000
9002  37.248  -71.118  -48.205 0.5000000000
9827  37.977  -71.216  -47.117 0.5000000000
20095  43.803  -58.599  -35.975 0.4000000060
11676  37.765  -68.745  -48.036 0.5000000000
10746  36.919  -69.474  -48.308 0.5000000000
11670  37.471  -68.264  -47.482 0.5000000000
10736  36.566  -69.401  -47.774 0.5000000000
9838  36.745  -70.320  -48.380 0.5000000000
8192  36.544  -72.434  -48.273 0.4000000060
11660  37.337  -68.130  -46.388 0.5000000000
9828  36.411  -69.880  -48.278 0.6000000238
9839  35.942  -70.631  -48.462 0.6000000238
12572  37.769  -67.408  -47.035 0.5000000000
12566  36.936  -67.969  -45.201 0.5000000000
10728  36.423  -69.273  -46.395 0.5000000000
10729  35.709  -69.743  -46.303 0.6000000238
110417  35.234  -70.693  -48.125 0.6000000238
8995  35.096  -71.231  -48.496 0.6000000238
8194  34.482  -72.953  -49.141 0.5000000000
110854  33.394  -72.690  -49.312 0.5000000000
8195  32.419  -72.993  -49.326 0.5000000000
12565  37.477  -67.294  -45.708 0.5000000000
12558  37.015  -67.190  -44.674 0.5000000000
12559  36.435  -67.755  -44.278 0.5000000000
11662  36.015  -69.161  -45.393 0.5000000000
11652  35.434  -68.695  -44.570 0.6000000238
10737  35.054  -70.208  -46.652 0.6000000238
9840  34.442  -70.966  -47.904 0.6000000238
9005  34.000  -72.007  -49.087 0.6000000238
9006  33.141  -71.547  -48.652 0.5000000000
11665  30.386  -68.366  -46.191 0.5000000000
8190  30.638  -72.128  -48.661 0.5000000000
14157  37.327  -65.791  -44.478 0.5000000000
13385  36.290  -66.576  -43.423 0.5000000000
12548  35.954  -67.419  -43.600 0.6000000238
12549  35.048  -67.646  -43.507 0.6000000238
11643  33.941  -68.444  -44.199 0.6000000238
10730  34.673  -69.768  -45.829 0.6000000238
10725  34.062  -69.127  -44.984 0.6000000238
9831  33.835  -70.593  -47.134 0.6000000238
10739  33.282  -69.897  -46.576 0.6000000238
9841  33.477  -70.998  -47.815 0.6000000238
9842  32.445  -70.919  -47.728 0.5000000000
8189  31.674  -72.080  -48.927 0.5000000000
9843  31.380  -70.799  -47.648 0.5000000000
9834  30.599  -69.961  -47.301 0.5000000000
9844  30.287  -70.641  -47.682 0.5000000000
10747  29.543  -69.933  -47.394 0.5000000000
13386  35.390  -66.979  -43.071 0.6000000238
13387  34.366  -67.157  -43.071 0.6000000238
13388  33.324  -67.167  -43.346 0.6000000238
13389  32.552  -67.018  -43.879 0.6000000238
11654  33.289  -68.558  -44.636 0.6000000238
11663  33.067  -68.874  -45.504 0.6000000238
11655  32.592  -68.112  -45.097 0.6000000238
10740  32.291  -69.616  -46.727 0.5000000000
11672  31.941  -68.759  -46.469 0.5000000000
9833  31.768  -70.193  -47.163 0.5000000000
11673  31.291  -68.372  -46.517 0.5000000000
12574  31.513  -67.522  -46.437 0.6000000238
10741  31.135  -69.286  -46.843 0.5000000000
119940  30.935  -68.104  -46.390 0.5000000000
12575  30.922  -67.388  -46.225 0.5000000000
13405  29.981  -66.034  -44.470 0.5000000000
13370  32.766  -66.377  -43.101 0.6000000238
14148  32.293  -66.174  -44.141 0.6000000238
12561  32.457  -67.272  -44.927 0.6000000238
12573  32.018  -67.128  -46.446 0.6000000238
13415  32.039  -65.852  -46.550 0.6000000238
13404  30.896  -65.966  -45.804 0.5000000000
121055  32.574  -65.680  -42.665 0.6000000238
13414  32.127  -66.253  -46.491 0.6000000238
14165  32.055  -65.376  -46.469 0.6000000238
14159  30.634  -65.321  -45.350 0.5000000000
15835  31.916  -64.004  -41.846 0.6000000238
14984  32.096  -64.984  -42.829 0.6000000238
14998  32.283  -64.488  -44.119 0.6000000238
112017  32.395  -64.874  -46.027 0.6000000238
120401  32.312  -65.397  -46.264 0.6000000238
15019  31.991  -64.321  -46.172 0.5000000000
15834  32.135  -63.902  -43.067 0.6000000238
15842  32.707  -63.239  -44.656 0.6000000238
106339  33.211  -62.288  -44.941 0.6000000238
15018  32.158  -64.018  -45.887 0.6000000238
17590  32.953  -61.724  -45.385 0.6000000238
16696  31.218  -61.808  -45.164 0.5000000000
17581  33.149  -61.279  -44.953 0.4000000060
123105  35.713  -65.660  -33.139 0.6000000238
14876  36.337  -64.351  -33.047 0.6999999881
18349  39.605  -60.625  -35.149 0.5000000000
19211  41.592  -59.237  -33.640 0.5000000000
19223  41.344  -59.120  -34.144 0.5000000000
10703  30.662  -69.831  -41.001 0.6000000238
10724  35.138  -69.303  -45.168 0.6000000238
11653  34.671  -68.764  -44.520 0.6000000238
9832  32.838  -70.374  -47.147 0.6000000238
14136  32.242  -65.559  -43.548 0.6000000238
14158  32.434  -65.659  -45.629 0.6000000238
15857  32.517  -62.804  -45.536 0.6000000238
16707  31.971  -62.547  -45.638 0.6000000238
5949  36.092  -75.704  -40.712 0.4000000060
6593  36.763  -74.669  -39.170 0.5000000000
6592  37.814  -74.450  -39.559 0.5000000000
114666  37.305  -74.900  -39.953 0.4000000060
5948  37.072  -74.985  -40.538 0.4000000060
6604  37.872  -74.563  -40.339 0.4000000060
108005  37.900  -73.934  -38.769 0.5000000000
7313  37.083  -74.066  -38.536 0.5000000000
6591  38.526  -74.350  -40.224 0.5000000000
6615  38.413  -74.181  -40.497 0.5000000000
6616  37.389  -74.493  -40.715 0.4000000060
7312  38.790  -74.075  -39.576 0.5000000000
7311  39.443  -73.588  -39.817 0.5000000000
7323  39.004  -73.974  -40.344 0.5000000000
7336  38.711  -73.904  -40.541 0.5000000000
7337  38.106  -74.039  -40.723 0.4000000060
8128  38.451  -73.626  -40.619 0.4000000060
7322  39.356  -73.556  -40.113 0.5000000000
8115  39.791  -73.022  -39.716 0.5000000000
8116  38.805  -73.023  -40.396 0.5000000000
8117  37.942  -72.985  -40.497 0.4000000060
11530  37.163  -68.479  -35.565 0.5000000000
11554  36.830  -69.045  -35.941 0.4000000060
106066  37.001  -69.476  -36.475 0.4000000060
10634  37.768  -69.440  -36.740 0.4000000060
9737  37.432  -70.413  -37.665 0.4000000060
9763  36.900  -70.990  -38.035 0.4000000060
112471  39.286  -73.331  -40.189 0.5000000000
9762  37.765  -70.964  -38.336 0.4000000060
8915  37.260  -71.666  -38.912 0.4000000060
8932  37.316  -72.387  -39.762 0.4000000060
9774  40.072  -71.563  -39.518 0.4000000060
104401  39.522  -72.563  -39.811 0.5000000000
8931  38.052  -72.294  -39.757 0.4000000060
11553  37.559  -68.956  -36.161 0.4000000060
104426  37.949  -69.887  -37.316 0.4000000060
9736  38.249  -70.364  -37.897 0.4000000060
9773  40.941  -71.399  -39.501 0.4000000060
9761  38.652  -70.889  -38.621 0.4000000060
8914  38.272  -71.559  -39.158 0.4000000060
8930  39.173  -71.570  -39.421 0.4000000060
112376  38.795  -72.217  -39.757 0.4000000060
12447  37.644  -67.843  -35.162 0.5000000000
11529  38.066  -68.352  -35.821 0.4000000060
11552  38.463  -68.856  -36.525 0.4000000060
10633  39.073  -69.174  -37.145 0.4000000060
10648  38.699  -69.763  -37.545 0.4000000060
10667  39.094  -70.243  -38.170 0.4000000060
9759  40.446  -70.689  -39.167 0.4000000060
10666  39.965  -70.081  -38.463 0.4000000060
12431  37.309  -67.258  -34.344 0.5000000000
12430  38.133  -67.261  -34.751 0.6000000238
12446  38.514  -67.689  -35.484 0.5000000000
11551  39.418  -68.494  -36.751 0.4000000060
11566  39.914  -68.867  -37.416 0.4000000060
10647  40.406  -69.353  -38.079 0.4000000060
12445  39.340  -67.447  -35.765 0.4000000060
13291  38.443  -66.574  -34.301 0.5000000000
11550  40.316  -68.177  -37.028 0.4000000060
13306  39.676  -66.781  -35.417 0.5000000000
13305  40.452  -66.545  -35.687 0.4000000060
12444  40.151  -67.166  -36.038 0.4000000060
12458  40.650  -67.487  -36.677 0.4000000060
14053  39.566  -65.650  -34.151 0.6000000238
14066  40.787  -65.906  -35.340 0.5000000000
121081  41.111  -66.339  -35.917 0.4000000060
16572  38.327  -62.679  -33.083 0.5000000000
13368  34.770  -66.539  -42.592 0.5000000000
14135  33.235  -65.985  -42.291 0.5000000000
14971  32.246  -64.623  -41.365 0.5000000000
14124  32.641  -65.316  -41.889 0.5000000000
13369  33.758  -66.587  -42.699 0.5000000000
119903  38.389  -69.426  -37.045 0.4000000060
9760  39.566  -70.819  -38.934 0.4000000060
12460  38.938  -68.108  -36.121 0.4000000060
12459  39.787  -67.786  -36.413 0.4000000060
104433  39.519  -69.574  -37.774 0.4000000060
13307  38.913  -67.060  -35.078 0.5000000000
105735  39.243  -66.379  -34.638 0.5000000000
13290  40.028  -66.149  -34.982 0.6000000238
13317  40.914  -66.837  -36.334 0.5000000000
14052  40.387  -65.454  -34.508 0.5000000000
118663  45.661  -59.458  -32.246 0.3000000119
18319  44.567  -60.271  -32.485 0.3000000119
111293  43.991  -59.312  -32.580 0.3000000119
19198  45.337  -58.661  -32.406 0.3000000119
19197  46.121  -58.887  -32.098 0.3000000119
20039  47.447  -58.387  -31.601 0.3000000119
20040  46.661  -58.191  -32.050 0.3000000119
17443  44.207  -61.102  -32.656 0.3000000119
17444  43.300  -61.112  -32.677 0.4000000060
18318  45.485  -60.292  -32.378 0.3000000119
18321  42.626  -60.248  -32.715 0.4000000060
18320  43.578  -60.179  -32.564 0.4000000060
18333  40.507  -60.317  -33.586 0.4000000060
18334  39.772  -60.762  -33.751 0.4000000060
18317  46.477  -60.146  -32.067 0.3000000119
20045  43.658  -58.609  -32.941 0.3000000119
19210  42.345  -58.892  -33.396 0.4000000060
110416  45.766  -57.718  -32.812 0.3000000119
20044  44.212  -58.080  -33.128 0.3000000119
16569  42.618  -62.566  -33.201 0.4000000060
15735  41.465  -63.460  -33.521 0.4000000060
116349  40.745  -63.593  -33.350 0.4000000060
15736  39.983  -63.282  -32.926 0.4000000060
17456  43.891  -61.871  -32.978 0.4000000060
17457  43.075  -61.918  -32.910 0.4000000060
16570  41.707  -62.747  -33.121 0.4000000060
16571  40.850  -62.939  -33.032 0.4000000060
16555  40.164  -62.475  -32.837 0.4000000060
17442  45.125  -61.117  -32.604 0.3000000119
17445  42.394  -61.268  -32.735 0.4000000060
17447  40.709  -61.326  -32.898 0.4000000060
16556  39.017  -62.338  -32.987 0.4000000060
17441  46.047  -61.126  -32.495 0.3000000119
18323  40.916  -60.661  -33.081 0.4000000060
119039  39.608  -62.141  -32.896 0.4000000060
18307  47.307  -59.967  -31.689 0.3000000119
18332  41.218  -59.904  -33.344 0.4000000060
20050  42.745  -58.393  -33.748 0.4000000060
116495  42.010  -64.466  -34.676 0.4000000060
14892  40.750  -64.749  -34.111 0.4000000060
15750  42.782  -63.747  -34.373 0.4000000060
15734  42.292  -63.317  -33.675 0.4000000060
15751  41.969  -64.001  -34.185 0.4000000060
14873  40.231  -64.162  -33.424 0.4000000060
16566  45.293  -62.414  -33.461 0.3000000119
16567  44.393  -62.491  -33.440 0.4000000060
17440  46.953  -61.258  -32.375 0.3000000119
15724  39.518  -62.695  -32.842 0.4000000060
18316  47.499  -60.785  -31.937 0.3000000119
14051  41.194  -65.243  -34.872 0.4000000060
14891  41.523  -64.574  -34.473 0.4000000060
20063  43.293  -57.970  -34.079 0.3000000119
20914  44.610  -57.486  -33.934 0.3000000119
112925  43.477  -58.207  -33.469 0.3000000119
15737  38.975  -63.208  -32.823 0.4000000060
14874  39.465  -64.443  -33.283 0.4000000060
14893  39.947  -64.973  -33.731 0.4000000060
20042  45.883  -58.082  -32.426 0.3000000119
16568  43.521  -62.572  -33.370 0.4000000060
19199  42.981  -59.266  -32.852 0.4000000060
17446  41.433  -61.278  -32.804 0.4000000060
18322  41.727  -60.435  -32.888 0.4000000060
17458  40.183  -61.011  -33.246 0.4000000060
19209  43.016  -58.629  -33.252 0.4000000060
15733  43.141  -63.196  -33.806 0.4000000060
14872  41.133  -64.100  -33.817 0.4000000060
17455  44.761  -61.835  -32.982 0.3000000119
16553  41.952  -61.993  -32.826 0.4000000060
17454  45.666  -61.824  -32.932 0.3000000119
16583  43.999  -63.101  -33.922 0.4000000060
17453  46.590  -61.844  -32.870 0.3000000119
5297  34.338  -76.783  -36.423 0.3000000119
4641  35.205  -76.715  -35.910 0.3000000119
5926  33.930  -75.930  -36.412 0.3000000119
105932  33.842  -75.758  -37.230 0.3000000119
4657  34.878  -77.321  -36.543 0.3000000119
5935  33.785  -75.140  -36.606 0.3000000119
120848  33.856  -75.182  -36.065 0.3000000119
5285  34.444  -76.205  -35.870 0.3000000119
7295  34.474  -73.752  -37.111 0.3000000119
6581  34.052  -74.782  -37.303 0.3000000119
110498  33.958  -76.585  -37.128 0.3000000119
6605  36.480  -75.250  -39.820 0.3000000119
7286  33.736  -73.856  -35.999 0.3000000119
5914  34.032  -74.687  -35.446 0.3000000119
6573  33.866  -74.299  -36.614 0.3000000119
6574  33.778  -74.576  -36.082 0.3000000119
5913  34.327  -75.325  -35.528 0.3000000119
6580  34.938  -74.427  -37.902 0.3000000119
6594  35.634  -74.927  -38.819 0.3000000119
103116  35.353  -73.077  -36.947 0.3000000119
7294  35.529  -73.655  -37.571 0.3000000119
7293  36.509  -73.578  -37.791 0.3000000119
7314  36.069  -74.201  -38.280 0.3000000119
7292  37.403  -73.483  -37.987 0.3000000119
106593  40.100  -73.106  -39.252 0.4000000060
8103  39.286  -73.434  -38.880 0.4000000060
5256  37.748  -76.606  -33.191 0.3000000119
4604  38.826  -77.238  -32.072 0.3000000119
5912  35.260  -75.608  -35.241 0.3000000119
5284  36.195  -75.905  -35.368 0.3000000119
116325  34.270  -74.756  -34.078 0.3000000119
5877  35.317  -75.603  -33.791 0.3000000119
5875  37.020  -76.025  -33.704 0.3000000119
5237  39.264  -76.804  -32.718 0.3000000119
6552  33.599  -73.895  -34.638 0.3000000119
5896  34.912  -75.076  -34.362 0.3000000119
5876  36.104  -75.784  -33.796 0.3000000119
5874  38.031  -75.837  -33.865 0.3000000119
5255  38.704  -76.406  -33.346 0.3000000119
119645  34.405  -74.701  -34.742 0.3000000119
5894  36.555  -75.519  -34.382 0.3000000119
5893  37.438  -75.545  -34.448 0.3000000119
5911  36.137  -75.431  -34.917 0.3000000119
5910  36.910  -75.470  -35.022 0.3000000119
5943  34.437  -75.435  -38.225 0.3000000119
6564  33.806  -74.099  -35.391 0.3000000119
4605  37.536  -77.222  -32.495 0.3000000119
5909  37.924  -75.520  -35.142 0.3000000119
5897  34.004  -74.343  -34.669 0.3000000119
5258  35.580  -76.340  -33.389 0.3000000119
5895  35.734  -75.331  -34.363 0.3000000119
5892  38.242  -75.530  -34.506 0.3000000119
7291  38.320  -73.457  -38.377 0.3000000119
11578  45.405  -69.306  -38.958 0.3000000119
117188  44.634  -70.391  -38.972 0.3000000119
9756  43.843  -70.987  -39.028 0.3000000119
9770  43.342  -71.219  -39.160 0.4000000060
8927  42.320  -71.885  -39.185 0.4000000060
8928  41.516  -72.109  -39.373 0.3000000119
8929  40.495  -72.317  -39.536 0.3000000119
11579  44.546  -69.032  -39.280 0.3000000119
11597  44.089  -69.605  -39.416 0.4000000060
11598  43.266  -69.650  -39.439 0.4000000060
10663  42.303  -69.578  -39.198 0.4000000060
9758  41.244  -70.553  -39.309 0.3000000119
11564  41.770  -68.330  -38.030 0.4000000060
10646  41.410  -69.167  -38.517 0.4000000060
10665  40.832  -69.936  -38.738 0.3000000119
11565  40.833  -68.596  -37.723 0.3000000119
11562  44.731  -69.437  -37.769 0.3000000119
10643  45.603  -69.228  -38.428 0.3000000119
10662  44.606  -70.450  -38.905 0.4000000060
8911  43.085  -71.583  -38.948 0.4000000060
8100  42.535  -71.941  -38.967 0.3000000119
8101  41.876  -72.333  -39.058 0.3000000119
8102  40.935  -72.687  -39.191 0.3000000119
12482  45.869  -68.710  -38.557 0.3000000119
12483  45.130  -68.339  -38.883 0.3000000119
12484  43.813  -68.193  -38.787 0.3000000119
123478  42.769  -69.146  -39.170 0.4000000060
12469  44.985  -67.395  -38.476 0.3000000119
13323  43.725  -67.111  -37.897 0.3000000119
12470  44.159  -67.660  -38.526 0.3000000119
11563  42.713  -68.144  -38.428 0.4000000060
104589  42.350  -68.812  -38.759 0.4000000060
13315  43.222  -66.503  -37.220 0.3000000119
13324  42.742  -67.001  -37.444 0.4000000060
12472  42.136  -67.525  -37.622 0.4000000060
14064  42.443  -65.500  -35.952 0.3000000119
14077  42.173  -66.035  -36.364 0.4000000060
13325  42.065  -66.899  -37.078 0.4000000060
12473  41.189  -67.843  -37.339 0.4000000060
14911  42.840  -64.842  -35.539 0.3000000119
13304  41.682  -66.493  -36.486 0.4000000060
14065  41.633  -65.788  -35.755 0.3000000119
11528  40.842  -68.593  -35.274 0.3000000119
10616  40.536  -69.368  -35.661 0.3000000119
9714  41.045  -69.879  -36.458 0.3000000119
11547  43.958  -68.610  -36.867 0.3000000119
11548  42.993  -68.656  -36.548 0.3000000119
10631  42.942  -69.505  -37.079 0.3000000119
9734  41.788  -70.715  -37.411 0.3000000119
12454  45.652  -68.058  -37.089 0.3000000119
11546  45.120  -68.683  -37.423 0.3000000119
10630  43.705  -69.267  -37.227 0.3000000119
10645  42.966  -70.538  -37.748 0.3000000119
9733  42.714  -71.408  -38.466 0.3000000119
8890  42.045  -72.000  -38.612 0.3000000119
8913  41.676  -72.517  -38.971 0.3000000119
8082  40.702  -72.687  -38.704 0.3000000119
8083  39.704  -72.766  -38.272 0.3000000119
11545  46.162  -68.615  -38.038 0.3000000119
14076  43.710  -65.966  -36.895 0.3000000119
13316  42.420  -66.486  -36.848 0.3000000119
14063  43.240  -65.366  -36.214 0.3000000119
104688  42.819  -65.970  -36.586 0.3000000119
14889  43.251  -64.203  -35.053 0.3000000119
14890  42.485  -64.363  -34.835 0.3000000119
14912  42.023  -64.967  -35.198 0.3000000119
11512  40.472  -68.185  -34.536 0.3000000119
11527  41.613  -68.337  -35.535 0.3000000119
10615  41.331  -69.096  -35.982 0.3000000119
12456  43.240  -67.890  -36.139 0.3000000119
11549  42.151  -68.852  -36.292 0.3000000119
8084  38.692  -72.811  -37.811 0.3000000119
11504  40.133  -67.782  -33.808 0.3000000119
11511  41.179  -67.860  -34.812 0.3000000119
12443  41.907  -67.584  -35.063 0.3000000119
11526  42.389  -68.094  -35.808 0.3000000119
12455  44.309  -67.875  -36.511 0.3000000119
12429  40.824  -67.457  -34.044 0.3000000119
12428  41.552  -67.200  -34.256 0.3000000119
12442  42.690  -67.350  -35.319 0.3000000119
7310  39.907  -73.042  -39.562 0.3000000119
8114  40.780  -72.611  -39.324 0.3000000119
9772  41.799  -71.284  -39.465 0.3000000119
10664  41.562  -69.909  -39.021 0.4000000060
12457  41.463  -67.177  -36.905 0.4000000060
15749  43.613  -63.600  -34.532 0.3000000119
124357  45.426  -69.498  -38.742 0.3000000119
11596  44.854  -69.919  -39.127 0.3000000119
106974  45.098  -69.794  -38.680 0.3000000119
9755  44.081  -70.513  -39.251 0.4000000060
10680  42.988  -70.451  -39.455 0.4000000060
10681  42.064  -70.450  -39.422 0.4000000060
10644  44.144  -70.189  -38.074 0.3000000119
9732  43.728  -70.981  -38.762 0.3000000119
8889  42.623  -71.848  -38.870 0.4000000060
8912  42.246  -72.162  -38.932 0.3000000119
12468  46.483  -68.146  -38.186 0.3000000119
13335  46.070  -67.866  -38.522 0.3000000119
12471  43.171  -67.561  -38.125 0.4000000060
10632  41.983  -69.714  -36.792 0.3000000119
107053  43.710  -64.732  -35.781 0.3000000119
11617  31.218  -68.697  -39.746 0.4000000060
7335  38.973  -73.677  -40.432 0.5000000000
8926  42.830  -71.665  -39.078 0.3000000119
8994  37.185  -71.976  -48.019 0.5000000000
8996  34.181  -71.483  -48.485 0.6000000238
8997  32.045  -71.464  -48.353 0.5000000000
8998  31.016  -71.422  -48.143 0.5000000000
8999  29.927  -71.315  -48.065 0.5000000000
9004  34.797  -71.965  -48.918 0.6000000238
9706  30.466  -70.538  -35.711 0.5000000000
9757  43.297  -71.521  -39.024 0.4000000060
9771  42.603  -71.061  -39.409 0.4000000060
9785  31.098  -70.118  -41.710 0.6000000238
9814  37.363  -70.336  -44.492 0.6000000238
9815  36.905  -70.811  -44.772 0.5000000000
9824  37.304  -71.397  -45.549 0.5000000000
9829  35.683  -70.122  -47.775 0.6000000238
9830  34.772  -70.580  -47.306 0.6000000238
9836  38.343  -70.465  -47.390 0.5000000000
9846  36.613  -71.354  -48.375 0.4000000060
10637  34.406  -69.724  -36.018 0.6999999881
10639  31.810  -69.920  -35.641 0.5000000000
10661  45.136  -69.760  -38.806 0.3000000119
10691  32.002  -69.329  -40.942 0.5000000000
10699  34.541  -69.330  -41.792 0.4000000060
10708  36.350  -69.380  -42.673 0.6000000238
10718  36.654  -69.631  -43.323 0.6000000238
10727  39.223  -70.322  -45.801 0.6000000238
10731  33.672  -69.536  -45.883 0.6000000238
10732  32.775  -69.146  -46.220 0.6000000238
10735  38.866  -70.052  -46.922 0.6000000238
10738  34.227  -70.182  -46.500 0.6000000238
10742  29.926  -69.326  -47.065 0.5000000000
10745  37.377  -69.234  -48.240 0.5000000000
11516  33.914  -68.031  -34.205 0.6999999881
11517  33.000  -67.955  -33.944 0.6999999881
11561  45.573  -69.239  -38.633 0.3000000119
11580  43.326  -68.847  -39.161 0.4000000060
11583  29.282  -68.296  -38.121 0.5000000000
11601  30.480  -68.544  -39.171 0.4000000060
11618  30.611  -69.030  -39.873 0.5000000000
11637  36.004  -69.080  -42.028 0.4000000060
11642  34.803  -68.312  -43.956 0.6000000238
11644  32.964  -67.925  -44.019 0.6000000238
11647  41.762  -68.278  -44.913 0.6999999881
11649  40.218  -69.002  -44.861 0.6999999881
11651  36.248  -68.479  -44.773 0.5000000000
11656  30.136  -67.871  -45.448 0.5000000000
11659  40.368  -69.082  -45.416 0.6999999881
11661  36.729  -68.724  -45.804 0.5000000000
11664  32.276  -68.160  -46.104 0.5000000000
11666  29.911  -68.605  -45.707 0.5000000000
11671  36.974  -68.675  -47.230 0.5000000000
11674  30.483  -68.774  -46.610 0.5000000000
11677  37.212  -68.779  -48.055 0.5000000000
12424  33.177  -66.654  -33.715 0.6999999881
12495  33.267  -67.853  -39.461 0.6000000238
12496  32.009  -67.903  -39.134 0.6000000238
12504  37.168  -67.193  -40.816 0.6000000238
12506  35.235  -67.751  -40.227 0.6999999881
12507  34.452  -68.005  -40.147 0.6000000238
12533  39.258  -67.403  -42.908 0.6000000238
12546  39.840  -67.867  -43.809 0.6999999881
12550  34.046  -67.815  -43.604 0.6000000238
12551  32.406  -66.540  -44.897 0.6000000238
12557  40.685  -68.505  -44.479 0.6999999881
12560  35.690  -68.145  -43.973 0.6000000238
12567  32.254  -67.096  -46.078 0.6000000238
12568  31.185  -66.524  -46.226 0.5000000000
12571  39.852  -67.862  -47.028 0.6000000238
13283  34.448  -66.193  -33.482 0.6999999881
13284  33.846  -66.056  -33.694 0.6999999881
13295  31.856  -67.129  -34.180 0.6000000238
13318  32.030  -66.389  -36.345 0.5000000000
13345  36.593  -66.443  -39.470 0.6999999881
13354  36.870  -66.797  -40.147 0.6999999881
13360  37.795  -66.917  -41.154 0.6000000238
13366  38.788  -66.986  -42.144 0.6000000238
13381  42.662  -66.724  -44.325 0.8000000119
13400  42.319  -67.265  -44.470 0.8000000119
13401  41.758  -67.491  -44.315 0.6999999881
13402  37.494  -66.489  -45.011 0.5000000000
13403  36.916  -66.463  -44.192 0.5000000000
13406  43.037  -66.598  -45.098 0.8000000119
13408  38.024  -65.886  -46.873 0.6000000238
13410  32.378  -66.123  -46.091 0.6000000238
13411  31.716  -65.887  -46.465 0.6000000238
13412  40.224  -67.076  -47.072 0.6000000238
13416  31.749  -66.543  -46.478 0.6000000238
13418  39.379  -66.281  -47.518 0.6999999881
14036  35.364  -65.376  -33.291 0.6000000238
14055  34.112  -65.168  -34.408 0.6999999881
14081  32.767  -66.061  -36.433 0.5000000000
14087  44.349  -66.603  -37.698 0.3000000119
14089  35.494  -65.451  -37.378 0.6999999881
14097  37.370  -65.232  -38.699 0.6000000238
14132  36.068  -65.539  -42.565 0.5000000000
14134  34.190  -66.059  -42.134 0.5000000000
14142  43.002  -66.068  -44.017 0.6000000238
14143  41.591  -65.828  -43.669 0.6000000238
14163  37.731  -65.720  -45.263 0.6000000238
14164  32.148  -65.622  -46.449 0.6000000238
14166  31.570  -65.219  -46.211 0.5000000000
14171  39.775  -65.490  -47.420 0.6999999881
14877  35.548  -64.598  -33.449 0.6000000238
14937  36.046  -65.052  -37.238 0.6999999881
14960  32.252  -64.463  -40.599 0.5000000000
14968  35.228  -64.810  -41.329 0.6000000238
14970  33.005  -65.041  -40.961 0.6000000238
14983  35.651  -65.166  -41.967 0.6000000238
14985  32.088  -64.607  -42.150 0.6000000238
14994  41.488  -64.969  -43.226 0.6000000238
14996  37.277  -64.554  -43.711 0.5000000000
15009  32.476  -63.758  -45.494 0.6000000238
15017  37.924  -64.938  -45.344 0.6000000238
15024  38.630  -64.534  -47.005 0.6999999881
15026  39.230  -64.738  -47.398 0.6000000238
15738  38.072  -63.504  -32.893 0.6999999881
15753  36.355  -63.404  -34.235 0.6999999881
15789  39.064  -62.951  -38.491 0.6999999881
15793  32.139  -63.481  -38.677 0.4000000060
15798  35.120  -63.387  -39.622 0.4000000060
15799  32.715  -63.908  -39.209 0.4000000060
15807  39.807  -63.444  -40.434 0.6999999881
15809  35.399  -63.723  -40.336 0.6000000238
15811  31.790  -63.962  -40.195 0.5000000000
15812  31.682  -63.574  -40.560 0.4000000060
15849  38.073  -63.693  -44.634 0.5000000000
15850  32.888  -62.512  -45.342 0.6000000238
15858  32.210  -63.200  -45.787 0.6000000238
15859  31.896  -63.338  -45.842 0.6000000238
16554  40.987  -62.067  -32.775 0.4000000060
16596  39.040  -62.094  -36.852 0.6000000238
16634  31.839  -62.873  -38.162 0.4000000060
16635  31.550  -62.632  -38.640 0.4000000060
16659  32.687  -61.540  -41.249 0.4000000060
16660  31.707  -62.769  -40.502 0.4000000060
16666  42.866  -62.511  -41.150 0.5000000000
16694  33.166  -61.892  -45.246 0.6000000238
16695  32.244  -61.705  -45.425 0.5000000000
16705  32.902  -62.163  -45.421 0.6000000238
16706  32.615  -62.354  -45.535 0.6000000238
17448  40.136  -61.728  -32.897 0.4000000060
17459  39.410  -61.540  -33.307 0.4000000060
17508  41.247  -61.232  -38.923 0.6000000238
17522  42.554  -60.960  -39.275 0.5000000000
17540  32.726  -60.779  -40.562 0.4000000060
17557  33.322  -60.574  -42.726 0.4000000060
17569  33.246  -60.848  -43.724 0.4000000060
17582  32.579  -61.097  -45.177 0.4000000060
18339  39.598  -60.647  -34.374 0.5000000000
18344  30.300  -60.000  -35.139 0.4000000060
18360  41.192  -60.194  -36.802 0.6000000238
18434  33.195  -60.355  -42.709 0.4000000060
19200  42.033  -59.593  -33.099 0.4000000060
19244  41.646  -59.668  -36.341 0.6000000238
19248  30.069  -60.036  -35.938 0.4000000060
19264  29.635  -59.194  -37.114 0.4000000060
19312  27.787  -58.920  -40.234 0.4000000060
19327  33.248  -59.803  -42.029 0.3000000119
19328  33.120  -59.358  -41.454 0.3000000119
20049  44.019  -57.776  -33.703 0.3000000119
20051  41.987  -58.685  -33.922 0.5000000000
20084  28.691  -59.065  -35.913 0.4000000060
20148  30.735  -58.330  -41.168 0.3000000119
20152  26.181  -58.418  -41.149 0.3000000119
20886  46.517  -57.621  -32.613 0.3000000119
20966  30.312  -56.735  -39.686 0.3000000119
20977  31.480  -56.887  -40.967 0.3000000119
20979  24.185  -57.895  -40.338 0.3000000119
20986  30.335  -56.416  -42.078 0.3000000119
20987  29.447  -56.782  -42.139 0.3000000119
20990  26.132  -57.179  -41.509 0.4000000060
21863  23.852  -57.025  -39.203 0.3000000119
21872  28.781  -56.068  -39.786 0.3000000119
21880  30.733  -56.251  -41.534 0.3000000119
21882  29.554  -55.511  -40.957 0.3000000119
21890  30.542  -55.975  -42.041 0.3000000119
22701  26.636  -55.389  -37.681 0.4000000060
22716  27.323  -55.514  -38.958 0.4000000060
22737  30.360  -55.784  -41.837 0.3000000119
22745  30.002  -55.624  -42.122 0.3000000119
22747  28.106  -54.717  -42.144 0.3000000119
22749  26.329  -55.267  -41.551 0.3000000119
23569  26.536  -54.778  -36.297 0.3000000119
23607  27.617  -53.969  -40.626 0.3000000119
23610  24.863  -54.532  -39.937 0.3000000119
23621  28.096  -54.458  -41.840 0.3000000119
23633  27.585  -53.945  -41.545 0.3000000119
24549  24.097  -53.918  -38.666 0.3000000119
24558  27.148  -52.681  -40.559 0.3000000119
24569  26.666  -52.541  -41.110 0.3000000119
24580  27.329  -53.343  -41.313 0.3000000119
24581  26.932  -52.955  -41.396 0.3000000119
25494  22.406  -52.464  -37.723 0.3000000119
25504  23.626  -52.562  -38.965 0.3000000119
25517  26.051  -52.143  -40.923 0.3000000119
25524  26.370  -52.723  -41.264 0.3000000119
26430  25.197  -51.139  -37.530 0.3000000119
26440  26.270  -51.655  -38.859 0.3000000119
26452  23.551  -50.395  -39.273 0.3000000119
26458  25.460  -51.536  -40.502 0.3000000119
28282  23.065  -49.141  -38.905 0.3000000119
103345  31.821  -68.376  -39.568 0.6000000238
103876  39.672  -62.591  -39.011 0.6999999881
104239  26.684  -52.224  -39.195 0.3000000119
104519  32.397  -65.122  -44.940 0.6000000238
105103  31.689  -60.703  -38.987 0.4000000060
105291  32.791  -62.635  -43.864 0.6000000238
105314  33.300  -60.323  -41.527 0.4000000060
106509  39.384  -64.737  -41.133 0.6999999881
107057  45.934  -68.752  -38.456 0.3000000119
108165  32.181  -65.072  -46.288 0.6000000238
108377  25.832  -54.946  -41.145 0.4000000060
108389  41.173  -63.645  -46.898 0.6000000238
108466  39.651  -65.048  -41.801 0.6000000238
108490  34.938  -68.927  -41.438 0.5000000000
108709  41.556  -65.118  -46.746 0.8000000119
109423  27.426  -53.151  -40.951 0.3000000119
109694  36.563  -67.098  -43.963 0.5000000000
110210  26.542  -54.852  -37.114 0.3000000119
111343  27.055  -57.377  -36.732 0.4000000060
111896  38.726  -66.842  -47.579 0.6000000238
112057  33.221  -59.683  -40.914 0.3000000119
112352  44.909  -59.391  -32.406 0.3000000119
112567  33.207  -61.610  -43.387 0.5000000000
112791  29.485  -55.365  -42.073 0.3000000119
113290  37.584  -71.423  -47.847 0.5000000000
115537  26.770  -55.624  -41.867 0.3000000119
115812  31.827  -67.914  -46.418 0.5000000000
117396  43.126  -65.287  -45.828 0.6000000238
117465  30.989  -67.521  -37.937 0.5000000000
117743  24.905  -51.697  -40.388 0.3000000119
118614  32.514  -72.014  -49.088 0.5000000000
120542  38.229  -67.373  -47.532 0.6000000238
120984  42.549  -61.945  -32.866 0.4000000060
121180  36.371  -65.883  -43.087 0.5000000000
121296  35.229  -72.691  -48.819 0.5000000000
122312  33.783  -65.341  -35.582 0.6999999881
123808  31.751  -63.196  -40.913 0.4000000060
