#!ascii label  , from subject sub-v2s9x29168_ses-1 vox2ras=TkReg
926
132738  -24.974  -25.852  -32.823 0.4285714328
59349  -25.115  -24.738  -33.743 0.2857142985
60266  -25.984  -24.495  -33.361 0.4285714328
60285  -26.470  -23.896  -33.770 0.4285714328
61212  -25.240  -23.694  -35.236 0.2857142985
61213  -26.259  -23.474  -34.574 0.4285714328
61214  -27.045  -23.407  -34.075 0.4285714328
62143  -25.763  -22.756  -36.426 0.4285714328
62144  -26.688  -22.568  -35.944 0.4285714328
62159  -26.305  -22.263  -36.872 0.4285714328
63147  -26.793  -21.747  -37.326 0.4285714328
63189  -26.340  -21.457  -38.349 0.5714285970
63169  -27.274  -21.235  -37.814 0.4285714328
63981  -28.468  -20.444  -37.788 0.2857142985
131125  -27.109  -20.910  -39.012 0.7142857313
63996  -27.936  -20.396  -38.870 0.7142857313
64863  -29.013  -19.484  -39.429 0.7142857313
64847  -29.717  -19.427  -38.081 0.4285714328
64846  -28.757  -19.928  -38.498 0.5714285970
119704  -30.715  -18.442  -38.872 0.5714285970
64879  -28.439  -19.738  -40.728 0.5714285970
65797  -29.221  -19.176  -40.578 0.5714285970
65798  -30.114  -18.485  -40.365 0.5714285970
65799  -31.075  -17.959  -39.565 0.5714285970
133382  -31.137  -17.603  -41.339 0.5714285970
67732  -32.770  -16.737  -40.547 0.5714285970
65815  -29.869  -18.190  -41.743 0.7142857313
67731  -31.811  -17.242  -41.049 0.7142857313
67752  -33.331  -16.396  -41.400 0.7142857313
66787  -30.472  -17.635  -41.975 0.5714285970
66785  -28.993  -17.961  -41.913 0.5714285970
67769  -31.378  -17.084  -42.936 0.8571428657
68705  -34.059  -16.151  -42.272 0.7142857313
67749  -30.613  -17.350  -42.405 0.7142857313
67768  -29.972  -17.492  -42.099 0.5714285970
68734  -34.318  -16.067  -44.402 0.7142857313
68706  -35.389  -16.137  -41.958 0.5714285970
67770  -32.090  -17.041  -43.445 0.7142857313
68723  -33.497  -16.440  -43.695 0.7142857313
118985  -35.451  -15.758  -43.971 0.5714285970
67777  -32.674  -16.718  -43.714 0.7142857313
127716  -36.769  -16.057  -43.826 0.5714285970
68722  -31.750  -16.932  -43.331 0.5714285970
68732  -32.455  -16.776  -43.632 0.7142857313
116484  -36.223  -15.030  -44.101 0.7142857313
68735  -35.818  -15.515  -43.874 0.7142857313
69637  -33.469  -15.502  -44.345 0.7142857313
131136  -34.326  -15.945  -44.661 0.7142857313
69638  -35.151  -15.381  -44.710 0.7142857313
71329  -36.526  -13.300  -43.980 0.7142857313
70486  -36.742  -14.356  -43.980 0.5714285970
70483  -34.172  -14.784  -44.702 0.7142857313
70476  -32.186  -14.881  -43.137 0.5714285970
72090  -36.436  -12.256  -44.302 0.5714285970
120985  -37.293  -11.331  -44.817 0.5714285970
125775  -33.657  -13.602  -44.307 0.8571428657
70482  -33.290  -14.186  -44.106 0.8571428657
72089  -36.075  -11.456  -44.372 0.7142857313
119960  -34.272  -13.473  -44.544 0.8571428657
120813  -35.404  -12.147  -44.464 0.7142857313
73722  -36.258  -10.243  -43.952 0.8571428657
73723  -37.493  -10.087  -45.185 0.5714285970
127569  -35.509  -10.813  -44.190 0.8571428657
72887  -34.538  -10.560  -44.088 0.8571428657
125842  -34.491  -12.374  -44.493 0.8571428657
72088  -34.727  -11.318  -44.345 0.8571428657
74477  -35.008  -8.480  -42.792 0.8571428657
75292  -36.172  -7.988  -42.548 0.8571428657
76095  -35.182  -6.548  -41.869 0.8571428657
73721  -34.970  -10.015  -43.764 0.8571428657
126645  -35.040  -7.724  -42.389 0.8571428657
76104  -33.701  -6.883  -42.712 1.0000000000
75291  -34.608  -7.115  -42.302 1.0000000000
73705  -34.445  -9.237  -43.287 0.8571428657
76105  -34.328  -6.529  -42.201 1.0000000000
120615  -34.159  -7.706  -42.691 1.0000000000
77914  -33.453  -4.622  -42.568 1.0000000000
78836  -32.683  -3.392  -43.198 0.7142857313
76955  -34.076  -5.250  -41.975 1.0000000000
76954  -33.340  -5.434  -42.895 1.0000000000
78837  -33.413  -3.791  -42.461 1.0000000000
81500  -32.344  -0.422  -43.790 1.0000000000
134640  -32.148  -0.421  -44.635 0.8571428657
83005  -32.197  1.404  -44.494 0.8571428657
85381  -32.051  4.957  -46.163 0.8571428657
83788  -31.553  2.927  -45.891 0.8571428657
84532  -31.921  3.003  -44.844 1.0000000000
86923  -31.446  6.446  -48.159 0.8571428657
86907  -31.860  6.131  -47.207 0.8571428657
87602  -31.754  7.168  -48.529 0.7142857313
86159  -30.290  5.307  -49.014 0.5714285970
88277  -30.930  8.554  -50.480 0.7142857313
87627  -28.853  7.055  -50.979 0.5714285970
86939  -28.855  6.537  -50.676 0.5714285970
88275  -28.808  7.767  -51.031 0.4285714328
129237  -29.636  10.589  -51.320 0.4285714328
89711  -29.472  11.414  -51.730 0.4285714328
119414  -30.125  8.926  -47.715 0.2857142985
88254  -30.740  8.990  -46.559 0.2857142985
89009  -31.030  9.729  -46.411 0.2857142985
60283  -24.735  -24.415  -34.669 0.2857142985
66766  -30.716  -17.956  -40.941 0.5714285970
68724  -34.826  -15.869  -43.152 0.5714285970
72889  -37.936  -10.533  -45.440 0.5714285970
116723  -35.008  -13.285  -44.599 0.7142857313
73707  -36.725  -9.408  -43.928 0.8571428657
75279  -35.587  -7.194  -42.153 0.8571428657
79774  -32.737  -2.399  -42.915 0.8571428657
88983  -31.760  9.712  -43.961 0.1428571492
124737  -24.567  -23.632  -36.243 0.2857142985
61227  -26.067  -23.091  -35.508 0.4285714328
62160  -27.213  -22.058  -36.416 0.4285714328
61239  -24.888  -23.060  -36.800 0.2857142985
132890  -25.296  -23.225  -36.040 0.4285714328
62174  -26.014  -21.977  -37.671 0.5714285970
64007  -26.917  -20.630  -39.760 0.2857142985
130304  -27.460  -20.345  -40.103 0.7142857313
64862  -28.238  -20.082  -39.804 0.7142857313
64894  -28.550  -19.280  -41.525 0.5714285970
66751  -32.786  -17.464  -38.650 0.4285714328
138949  -28.718  -18.833  -41.860 0.7142857313
65814  -29.223  -18.784  -41.611 0.7142857313
66767  -31.491  -17.521  -40.193 0.7142857313
66768  -32.334  -17.174  -39.714 0.4285714328
67751  -32.084  -17.091  -42.313 0.7142857313
67771  -32.815  -16.833  -42.970 0.7142857313
134478  -29.487  -17.901  -42.041 0.5714285970
66786  -29.831  -17.762  -42.077 0.5714285970
69630  -37.140  -15.752  -44.032 0.5714285970
68721  -31.069  -16.999  -42.819 0.5714285970
133322  -36.180  -16.075  -42.995 0.5714285970
68733  -33.361  -16.381  -44.102 0.7142857313
69629  -31.972  -16.166  -43.408 0.8571428657
70484  -34.860  -14.317  -44.703 0.7142857313
72874  -33.987  -9.992  -43.676 1.0000000000
76940  -34.676  -5.919  -41.779 1.0000000000
75290  -33.355  -7.600  -42.918 1.0000000000
124194  -32.951  -4.182  -43.100 0.8571428657
79783  -31.782  -2.847  -44.387 0.7142857313
120562  -32.367  -1.939  -43.380 1.0000000000
81499  -32.038  -1.096  -44.400 0.7142857313
80673  -32.779  -1.527  -42.791 1.0000000000
80684  -31.826  -1.980  -44.102 0.7142857313
82271  -32.325  0.343  -44.349 0.8571428657
85367  -31.815  4.035  -46.043 0.8571428657
83773  -32.394  2.504  -44.355 1.0000000000
86922  -30.680  6.072  -48.823 0.7142857313
88276  -28.939  8.633  -51.115 0.7142857313
86935  -29.603  6.130  -49.882 0.5714285970
87628  -29.304  7.162  -50.848 0.7142857313
88292  -29.757  8.789  -51.250 0.7142857313
87615  -28.648  7.254  -50.328 0.4285714328
89016  -30.056  9.896  -48.753 0.2857142985
138475  -29.724  10.545  -50.222 0.4285714328
89048  -29.980  9.653  -51.308 0.4285714328
89698  -29.219  11.488  -51.295 0.4285714328
89017  -30.511  10.493  -47.453 0.2857142985
89688  -29.722  11.178  -49.479 0.4285714328
64892  -27.570  -20.042  -40.952 0.4285714328
64893  -28.013  -19.770  -41.359 0.4285714328
89031  -29.511  9.614  -50.615 0.4285714328
119260  -29.309  8.861  -51.316 0.7142857313
89008  -30.487  9.604  -47.218 0.2857142985
119500  -24.674  -25.451  -33.455 0.4285714328
60282  -23.917  -24.804  -35.084 0.2857142985
59348  -24.318  -25.066  -34.259 0.2857142985
60284  -25.631  -24.089  -34.191 0.4285714328
60301  -24.278  -24.242  -35.648 0.2857142985
62173  -25.350  -22.447  -37.386 0.2857142985
63995  -26.383  -21.014  -39.241 0.2857142985
63980  -27.751  -20.755  -38.119 0.4285714328
128815  -27.911  -20.140  -40.812 0.5714285970
67750  -31.160  -17.391  -42.220 0.7142857313
67733  -33.906  -16.434  -40.076 0.5714285970
120958  -29.193  -18.303  -41.969 0.7142857313
65813  -28.650  -18.632  -41.808 0.7142857313
134143  -32.705  -15.859  -43.894 0.8571428657
70485  -35.704  -14.102  -44.206 0.7142857313
70477  -32.756  -14.615  -43.713 0.8571428657
72888  -36.905  -10.879  -44.840 0.8571428657
73706  -35.576  -9.386  -43.262 0.8571428657
74478  -36.172  -8.811  -42.970 0.8571428657
72087  -33.615  -11.501  -44.144 0.8571428657
76953  -32.855  -4.836  -43.277 1.0000000000
78845  -32.052  -3.466  -44.070 0.8571428657
86148  -31.591  5.278  -47.080 0.8571428657
86160  -31.186  5.662  -48.023 0.8571428657
86936  -30.703  6.747  -49.353 0.7142857313
87616  -31.046  7.699  -49.810 0.7142857313
88291  -28.966  8.077  -51.196 0.5714285970
120531  -28.641  7.487  -49.093 0.4285714328
88259  -28.738  8.015  -50.076 0.4285714328
89047  -29.661  9.564  -51.184 0.4285714328
88260  -29.434  8.846  -49.461 0.2857142985
88250  -31.235  9.155  -45.774 0.2857142985
123648  -31.523  9.524  -44.949 0.1428571492
64878  -27.015  -20.255  -40.380 0.2857142985
80685  -32.341  -1.233  -43.497 1.0000000000
91666  -27.997  14.707  -50.015 0.2857142985
92314  -27.831  15.205  -48.292 0.1428571492
91001  -28.401  13.308  -51.093 0.2857142985
91667  -29.196  14.333  -49.461 0.2857142985
91651  -27.937  14.539  -48.751 0.1428571492
92305  -27.827  15.125  -46.849 0.1428571492
90318  -29.970  11.428  -48.246 0.1428571492
90317  -28.860  12.432  -50.026 0.2857142985
90976  -29.054  12.944  -47.849 0.1428571492
90993  -29.896  13.691  -49.869 0.2857142985
91675  -28.393  14.164  -50.551 0.2857142985
89689  -33.916  10.530  -48.227 0.2857142985
90328  -32.987  11.196  -49.001 0.2857142985
91644  -28.338  14.370  -47.114 0.1428571492
90326  -29.023  12.219  -51.505 0.2857142985
88294  -32.669  9.007  -49.734 0.2857142985
137338  -30.853  12.854  -50.221 0.2857142985
87590  -33.982  7.584  -46.805 0.1428571492
89700  -33.391  10.272  -49.287 0.2857142985
90327  -32.022  11.957  -50.072 0.2857142985
90957  -28.654  13.665  -47.442 0.1428571492
90337  -31.519  11.770  -51.064 0.2857142985
91011  -29.473  12.548  -51.475 0.2857142985
87586  -35.600  7.463  -45.888 0.1428571492
87591  -34.914  7.695  -46.646 0.1428571492
88280  -34.272  8.933  -48.850 0.4285714328
88293  -31.835  9.070  -50.432 0.2857142985
86122  -33.892  5.481  -44.489 0.2857142985
124975  -33.071  7.428  -47.161 0.4285714328
87617  -32.361  7.851  -48.868 0.2857142985
89059  -29.749  10.593  -51.522 0.2857142985
85343  -35.183  4.358  -43.426 0.1428571492
86892  -33.801  6.653  -45.506 0.2857142985
133463  -32.528  7.462  -47.976 0.4285714328
86136  -32.700  5.517  -45.495 0.5714285970
86924  -32.228  6.887  -47.536 0.7142857313
84513  -35.286  3.023  -42.748 0.1428571492
85342  -34.251  4.287  -43.735 0.1428571492
86908  -32.626  6.639  -46.642 0.7142857313
88278  -32.081  8.449  -49.690 0.4285714328
86121  -33.068  5.186  -44.737 0.4285714328
82238  -36.017  0.685  -42.060 0.2857142985
83743  -34.857  2.266  -42.584 0.7142857313
82988  -32.786  1.059  -43.658 0.8571428657
138982  -33.690  2.689  -43.412 0.8571428657
85351  -32.821  4.337  -44.540 0.5714285970
82222  -36.537  -0.060  -42.531 0.2857142985
84558  -31.365  3.349  -47.077 0.5714285970
84533  -32.611  3.448  -44.397 0.8571428657
81459  -36.412  -0.937  -42.257 0.1428571492
82236  -33.862  0.631  -42.465 0.7142857313
123805  -36.708  -2.092  -43.163 0.1428571492
75288  -31.180  -7.698  -42.875 0.5714285970
76118  -32.651  -6.334  -43.235 0.8571428657
76967  -32.611  -5.606  -43.397 0.8571428657
76117  -31.849  -6.267  -43.440 0.4285714328
124306  -32.300  -4.935  -43.681 0.5714285970
81480  -32.772  -0.557  -42.828 0.8571428657
79775  -34.071  -2.588  -41.767 0.8571428657
82257  -32.673  0.262  -43.314 0.8571428657
78824  -36.425  -3.032  -42.162 0.2857142985
80675  -34.392  -0.858  -41.858 0.8571428657
124759  -36.911  -3.893  -44.228 0.4285714328
80656  -35.381  -1.431  -41.580 0.7142857313
81482  -34.568  -0.050  -41.962 0.7142857313
74473  -30.649  -8.574  -42.530 0.2857142985
133011  -32.667  -7.413  -42.978 0.5714285970
75289  -31.915  -7.153  -43.036 0.5714285970
76119  -33.187  -6.201  -43.060 0.8571428657
78838  -33.940  -3.342  -41.868 0.8571428657
124745  -33.335  -2.926  -42.401 0.8571428657
132153  -33.417  -2.044  -42.291 0.8571428657
80674  -33.529  -1.157  -42.298 0.8571428657
78823  -36.336  -3.950  -41.977 0.4285714328
122116  -35.812  -3.073  -41.557 0.8571428657
117052  -34.278  -1.721  -41.755 0.8571428657
77903  -36.744  -4.657  -43.280 0.4285714328
71310  -31.123  -13.302  -41.733 0.7142857313
71319  -30.955  -12.338  -41.605 0.4285714328
122108  -31.730  -13.925  -42.317 0.7142857313
72086  -32.889  -12.153  -43.723 0.8571428657
72873  -32.214  -10.971  -42.218 0.5714285970
138325  -30.994  -9.989  -41.753 0.5714285970
73701  -30.074  -9.449  -42.095 0.4285714328
123335  -33.350  -10.542  -43.643 0.8571428657
120771  -31.885  -10.074  -41.957 0.5714285970
127497  -31.629  -8.581  -42.507 0.5714285970
74475  -32.991  -8.341  -42.921 0.7142857313
74474  -32.374  -8.672  -42.635 0.5714285970
76096  -36.113  -6.614  -42.029 0.7142857313
76941  -35.740  -5.855  -41.718 0.7142857313
78822  -35.647  -4.372  -41.562 0.7142857313
138257  -35.404  -3.746  -41.487 0.8571428657
76107  -38.034  -6.302  -47.022 0.2857142985
76956  -37.270  -6.206  -45.107 0.4285714328
122770  -37.118  -5.417  -43.978 0.5714285970
69622  -30.782  -16.112  -42.094 0.4285714328
124714  -31.024  -15.055  -41.854 0.4285714328
71309  -30.153  -12.886  -41.482 0.4285714328
71327  -33.599  -12.640  -44.240 0.7142857313
128410  -33.256  -9.825  -43.304 0.8571428657
74479  -37.158  -8.523  -44.049 0.7142857313
76106  -37.633  -7.017  -46.313 0.2857142985
75293  -36.992  -7.572  -43.618 0.5714285970
68720  -30.412  -16.918  -42.267 0.4285714328
69621  -29.417  -15.292  -41.035 0.5714285970
131573  -31.595  -15.036  -42.485 0.5714285970
70470  -31.222  -14.195  -41.867 0.5714285970
71326  -33.054  -13.112  -43.906 0.7142857313
73724  -38.147  -9.580  -45.871 0.4285714328
74493  -37.868  -8.516  -46.626 0.4285714328
75307  -38.286  -7.715  -47.133 0.4285714328
75306  -37.555  -7.793  -46.182 0.4285714328
130244  -27.944  -18.742  -41.452 0.5714285970
67772  -36.905  -16.849  -42.339 0.4285714328
72081  -38.110  -12.170  -43.831 0.4285714328
72082  -38.578  -11.342  -43.973 0.4285714328
137832  -38.438  -10.589  -45.296 0.4285714328
63149  -28.542  -21.285  -36.448 0.1428571492
69640  -37.562  -15.454  -43.962 0.4285714328
70487  -37.451  -14.560  -43.775 0.4285714328
71322  -37.650  -13.286  -43.562 0.4285714328
135481  -29.275  -20.053  -37.378 0.1428571492
65779  -31.494  -18.134  -38.465 0.2857142985
67735  -36.300  -17.192  -40.372 0.2857142985
128032  -39.319  -17.370  -42.338 0.2857142985
67773  -38.285  -17.399  -43.007 0.2857142985
67775  -39.083  -16.611  -42.906 0.2857142985
67778  -38.298  -17.042  -43.534 0.2857142985
67754  -35.866  -16.460  -40.946 0.2857142985
69625  -38.758  -15.499  -42.339 0.2857142985
69632  -38.562  -15.925  -43.354 0.4285714328
63965  -28.894  -20.638  -36.859 0.1428571492
63170  -28.109  -20.969  -37.281 0.1428571492
137745  -30.548  -19.293  -37.384 0.2857142985
65764  -30.515  -18.848  -38.077 0.2857142985
65782  -34.194  -18.331  -37.941 0.2857142985
66771  -35.688  -17.462  -39.429 0.2857142985
66769  -33.304  -16.969  -39.341 0.2857142985
63966  -29.723  -20.446  -36.599 0.1428571492
64850  -32.836  -19.277  -36.941 0.2857142985
63982  -30.141  -19.774  -36.943 0.2857142985
65766  -32.582  -18.565  -37.411 0.2857142985
64848  -31.198  -18.941  -37.395 0.2857142985
65781  -33.188  -18.089  -37.920 0.2857142985
62145  -27.646  -22.414  -35.570 0.1428571492
63128  -28.125  -21.870  -36.025 0.1428571492
58467  -24.869  -26.574  -32.514 0.2857142985
58490  -24.313  -26.178  -33.204 0.2857142985
62132  -27.075  -22.930  -34.925 0.2857142985
58468  -25.642  -26.043  -32.406 0.1428571492
58466  -23.981  -26.955  -32.866 0.2857142985
135328  -24.600  -27.577  -32.203 0.1428571492
63983  -31.182  -19.658  -36.735 0.2857142985
121669  -36.986  -18.163  -40.181 0.2857142985
66752  -33.804  -17.576  -38.504 0.2857142985
67755  -38.098  -17.834  -42.214 0.2857142985
68725  -37.519  -16.738  -43.486 0.4285714328
68726  -38.480  -16.678  -43.495 0.2857142985
123565  -38.420  -14.538  -41.895 0.2857142985
70478  -37.997  -14.189  -43.223 0.4285714328
73704  -32.865  -9.261  -42.864 0.5714285970
116481  -37.334  -12.313  -44.090 0.4285714328
126598  -37.744  -9.248  -45.812 0.4285714328
74494  -38.530  -8.631  -46.872 0.2857142985
76120  -38.668  -6.977  -46.746 0.2857142985
83772  -31.546  2.190  -45.017 0.7142857313
77902  -36.309  -5.017  -41.997 0.7142857313
85392  -31.022  4.565  -48.274 0.4285714328
82971  -33.474  1.389  -43.014 0.8571428657
84548  -32.194  3.767  -45.136 0.8571428657
82220  -35.527  -0.017  -41.831 0.5714285970
89049  -31.327  9.878  -51.077 0.2857142985
86137  -33.452  5.935  -45.090 0.4285714328
91645  -29.306  13.573  -45.886 0.1428571492
88261  -34.090  8.329  -48.338 0.2857142985
90994  -31.632  12.898  -48.543 0.2857142985
59316  -26.217  -25.538  -32.450 0.1428571492
59331  -23.784  -25.722  -33.981 0.2857142985
60286  -27.128  -23.875  -33.555 0.1428571492
63150  -30.135  -20.959  -36.156 0.1428571492
63967  -30.610  -20.444  -36.414 0.1428571492
65765  -31.773  -18.455  -37.613 0.2857142985
66754  -36.322  -18.451  -39.115 0.2857142985
66750  -31.911  -17.648  -39.034 0.2857142985
121228  -37.642  -18.029  -41.219 0.2857142985
128298  -30.176  -15.988  -41.583 0.5714285970
66770  -34.456  -17.116  -39.214 0.2857142985
136306  -29.498  -13.323  -41.376 0.2857142985
70454  -38.112  -13.840  -41.238 0.2857142985
71320  -31.885  -12.786  -42.201 0.7142857313
71321  -32.476  -12.833  -43.275 0.5714285970
72076  -29.464  -11.157  -41.643 0.4285714328
72078  -31.676  -11.695  -41.807 0.5714285970
70471  -38.275  -13.888  -42.345 0.4285714328
74492  -30.190  -7.826  -42.956 0.2857142985
73702  -31.243  -9.306  -42.139 0.5714285970
71311  -38.197  -13.088  -43.012 0.2857142985
117943  -32.680  -10.175  -42.811 0.7142857313
75304  -30.479  -7.056  -43.415 0.2857142985
72068  -38.550  -11.221  -42.556 0.1428571492
72092  -39.217  -10.027  -44.728 0.4285714328
72890  -38.647  -10.142  -45.497 0.4285714328
73708  -39.348  -9.148  -44.317 0.1428571492
77915  -34.432  -4.184  -41.670 0.8571428657
74495  -39.205  -8.479  -45.478 0.1428571492
76097  -36.816  -6.819  -43.183 0.5714285970
76968  -37.927  -5.674  -46.888 0.2857142985
79761  -36.063  -2.285  -41.666 0.7142857313
83756  -33.090  2.023  -43.700 0.8571428657
79785  -37.368  -3.380  -45.803 0.2857142985
80686  -37.144  -2.575  -45.127 0.1428571492
80657  -36.245  -1.614  -41.894 0.4285714328
123540  -36.713  -2.902  -43.276 0.4285714328
83758  -34.393  2.879  -43.023 0.5714285970
128435  -36.516  0.863  -42.499 0.1428571492
83744  -35.731  2.372  -42.506 0.1428571492
84522  -35.657  3.747  -43.005 0.1428571492
84534  -33.345  3.893  -43.986 0.5714285970
84514  -36.058  3.097  -42.706 0.1428571492
86113  -34.798  4.873  -43.775 0.1428571492
87618  -33.171  7.960  -48.109 0.2857142985
86909  -33.429  7.030  -46.237 0.2857142985
86882  -34.363  6.322  -44.842 0.2857142985
86883  -35.358  6.316  -44.601 0.1428571492
86893  -35.040  6.951  -45.180 0.1428571492
87585  -34.813  7.318  -45.745 0.1428571492
89033  -34.176  9.559  -48.726 0.2857142985
89018  -34.887  9.145  -48.542 0.2857142985
88262  -35.016  8.623  -48.333 0.1428571492
133928  -35.395  8.175  -47.744 0.1428571492
59334  -27.123  -24.766  -32.725 0.1428571492
63129  -29.045  -21.683  -35.725 0.1428571492
66788  -38.774  -18.494  -41.928 0.2857142985
119490  -38.845  -6.108  -46.686 0.2857142985
88255  -35.852  7.976  -47.049 0.1428571492
89690  -34.852  10.054  -47.946 0.2857142985
59332  -25.554  -25.246  -32.923 0.2857142985
59333  -26.435  -24.926  -32.753 0.1428571492
60267  -26.791  -24.350  -33.182 0.1428571492
63148  -27.671  -21.505  -36.853 0.1428571492
65778  -29.872  -18.917  -39.169 0.4285714328
67753  -34.627  -16.151  -40.914 0.4285714328
69623  -31.380  -16.235  -42.799 0.4285714328
72091  -38.171  -11.261  -44.953 0.4285714328
125335  -32.276  -13.716  -43.052 0.7142857313
132500  -33.985  -10.732  -44.129 0.7142857313
76103  -33.024  -6.874  -43.088 0.8571428657
74476  -33.855  -8.432  -42.985 0.8571428657
85380  -31.481  4.356  -47.032 0.5714285970
86149  -32.305  5.814  -46.351 0.7142857313
116614  -30.793  9.197  -50.912 0.2857142985
90335  -29.665  11.852  -51.871 0.2857142985
132269  -28.262  -19.157  -41.671 0.5714285970
123376  -38.022  -16.037  -43.923 0.4285714328
121712  -28.786  12.344  -51.162 0.2857142985
89061  -31.131  10.782  -51.491 0.2857142985
72080  -32.791  -11.182  -43.301 0.8571428657
92326  -27.871  14.646  -49.309 0.1428571492
91665  -27.815  14.613  -49.705 0.2857142985
90992  -28.156  13.410  -49.890 0.2857142985
90975  -27.904  13.986  -49.206 0.1428571492
91002  -29.060  13.448  -50.968 0.2857142985
90319  -32.498  12.217  -48.852 0.2857142985
89699  -32.534  11.008  -50.236 0.2857142985
89050  -32.485  9.623  -50.286 0.2857142985
89032  -33.398  9.428  -49.436 0.2857142985
88279  -33.252  8.546  -49.057 0.2857142985
90336  -30.455  12.118  -51.625 0.2857142985
87603  -33.796  7.854  -47.595 0.2857142985
87604  -34.604  7.989  -47.660 0.1428571492
89712  -32.199  10.429  -50.833 0.2857142985
87584  -34.199  7.278  -45.969 0.1428571492
86123  -34.848  5.544  -44.193 0.1428571492
86891  -33.016  6.312  -45.802 0.4285714328
86114  -35.528  5.056  -43.631 0.1428571492
84521  -34.788  3.635  -43.226 0.1428571492
133938  -34.435  6.917  -45.411 0.2857142985
85368  -32.445  4.669  -45.295 0.7142857313
84520  -33.927  3.407  -43.530 0.5714285970
82237  -34.959  0.730  -42.114 0.5714285970
82972  -34.393  1.469  -42.520 0.7142857313
82989  -33.945  2.144  -42.990 0.7142857313
83757  -33.139  3.004  -43.840 0.7142857313
81458  -35.929  -0.769  -41.757 0.5714285970
79762  -36.441  -2.342  -42.151 0.4285714328
81481  -33.676  -0.293  -42.328 0.8571428657
122897  -32.134  -7.931  -42.752 0.5714285970
137655  -32.441  -6.787  -43.144 0.5714285970
76966  -31.244  -5.660  -43.825 0.4285714328
75305  -31.266  -6.906  -43.305 0.4285714328
117870  -34.737  -3.202  -41.518 0.8571428657
79760  -35.085  -2.365  -41.482 0.8571428657
81457  -35.167  -0.600  -41.695 0.8571428657
70469  -30.404  -13.939  -41.481 0.5714285970
72079  -32.349  -11.919  -42.716 0.7142857313
72872  -31.346  -10.775  -41.702 0.4285714328
73703  -32.184  -9.321  -42.352 0.5714285970
72871  -30.250  -10.480  -41.656 0.4285714328
72870  -29.124  -10.228  -41.930 0.2857142985
129940  -33.568  -9.216  -43.160 0.8571428657
76942  -36.550  -5.980  -42.590 0.5714285970
116465  -30.250  -15.044  -41.421 0.5714285970
134472  -38.165  -9.078  -46.497 0.4285714328
75308  -39.096  -7.692  -46.707 0.2857142985
68736  -37.810  -16.461  -43.763 0.4285714328
72067  -38.389  -12.116  -42.861 0.4285714328
132350  -38.857  -10.704  -44.915 0.4285714328
69631  -38.017  -15.266  -43.634 0.4285714328
135978  -31.136  -18.503  -37.999 0.2857142985
65780  -32.293  -18.001  -38.091 0.2857142985
135420  -36.907  -17.229  -41.344 0.2857142985
67774  -38.815  -17.227  -42.978 0.2857142985
67734  -35.148  -16.615  -39.983 0.2857142985
69624  -38.403  -14.867  -42.856 0.4285714328
126240  -29.401  -21.090  -36.202 0.1428571492
66753  -34.983  -17.840  -38.577 0.2857142985
64849  -31.968  -19.077  -37.013 0.2857142985
58469  -26.454  -26.120  -32.029 0.1428571492
73725  -38.900  -9.373  -45.866 0.2857142985
90958  -29.806  12.812  -46.232 0.1428571492
60268  -27.654  -24.298  -33.156 0.1428571492
90293  -30.340  11.992  -46.642 0.1428571492
120075  -31.192  1.767  -46.245 0.5714285970
82281  -31.179  0.301  -45.642 0.4285714328
83004  -31.376  1.202  -45.364 0.5714285970
80711  -31.312  -0.475  -45.484 0.4285714328
79796  -31.465  -2.491  -44.924 0.4285714328
129738  -31.684  -1.611  -45.038 0.4285714328
80697  -30.846  -1.910  -45.307 0.4285714328
122923  -31.830  -0.824  -45.095 0.5714285970
81510  -31.887  -0.104  -45.076 0.5714285970
82270  -31.795  0.649  -44.972 0.5714285970
77923  -31.788  -4.642  -44.092 0.5714285970
68693  -39.299  -16.919  -41.083 0.1428571492
68708  -39.138  -16.209  -41.825 0.1428571492
68707  -38.386  -14.879  -41.031 0.1428571492
63188  -25.562  -21.265  -38.767 0.2857142985
67756  -39.052  -17.998  -42.391 0.1428571492
66740  -39.031  -17.934  -38.745 0.1428571492
67736  -39.476  -17.840  -40.754 0.1428571492
67703  -38.530  -16.842  -38.096 0.1428571492
68678  -39.055  -16.811  -39.902 0.1428571492
67686  -38.307  -15.992  -37.650 0.1428571492
63168  -25.433  -21.846  -38.154 0.2857142985
66755  -37.603  -19.085  -40.230 0.1428571492
66773  -39.238  -19.163  -41.129 0.1428571492
66772  -38.632  -19.099  -41.208 0.1428571492
66756  -39.449  -18.669  -40.365 0.1428571492
125378  -38.447  -18.061  -36.785 0.1428571492
123900  -39.341  -19.073  -39.367 0.1428571492
67665  -39.265  -16.401  -34.010 0.1428571492
118263  -38.393  -17.109  -36.219 0.1428571492
67664  -38.805  -16.264  -34.761 0.1428571492
62172  -24.680  -22.127  -37.869 0.2857142985
65768  -34.563  -19.237  -37.534 0.1428571492
134447  -36.246  -19.163  -38.694 0.1428571492
64881  -39.048  -20.338  -40.312 0.1428571492
64880  -38.543  -20.292  -40.373 0.1428571492
133988  -39.189  -19.387  -38.598 0.1428571492
65801  -39.020  -19.782  -40.774 0.1428571492
65769  -38.678  -19.074  -37.477 0.1428571492
128772  -38.360  -18.508  -34.835 0.1428571492
66685  -39.035  -18.038  -33.638 0.1428571492
120972  -38.529  -17.594  -34.825 0.1428571492
62158  -24.451  -22.758  -37.386 0.2857142985
61238  -24.134  -23.438  -36.965 0.2857142985
135226  -34.455  -20.075  -37.210 0.1428571492
127693  -35.584  -19.561  -38.180 0.1428571492
64864  -36.641  -20.026  -38.935 0.1428571492
64866  -38.661  -20.877  -40.012 0.1428571492
65784  -37.387  -19.678  -39.744 0.1428571492
63973  -38.803  -20.767  -37.706 0.1428571492
64825  -38.223  -19.564  -35.622 0.1428571492
64836  -38.525  -19.768  -36.986 0.1428571492
66687  -40.271  -17.318  -33.245 0.1428571492
66686  -39.594  -17.629  -33.352 0.1428571492
63984  -32.230  -19.852  -36.572 0.1428571492
64851  -33.717  -19.575  -37.014 0.1428571492
63985  -33.129  -20.025  -36.613 0.1428571492
63986  -34.993  -20.659  -37.795 0.1428571492
63191  -38.059  -22.015  -39.366 0.1428571492
64000  -39.021  -21.510  -39.227 0.1428571492
133359  -37.004  -20.845  -39.227 0.1428571492
63987  -39.165  -21.130  -38.805 0.1428571492
64814  -38.364  -19.181  -34.022 0.1428571492
63957  -38.331  -20.354  -36.552 0.1428571492
129714  -38.866  -18.802  -33.454 0.1428571492
63969  -32.653  -20.701  -36.394 0.1428571492
63155  -34.261  -21.575  -37.457 0.1428571492
63971  -34.267  -20.863  -37.112 0.1428571492
138172  -33.839  -20.253  -36.820 0.1428571492
63172  -35.665  -21.365  -38.360 0.1428571492
63173  -38.385  -22.309  -38.609 0.1428571492
62188  -37.304  -22.503  -38.984 0.1428571492
63174  -38.801  -21.685  -38.440 0.1428571492
63972  -38.282  -21.275  -36.865 0.1428571492
139016  -38.252  -19.283  -34.735 0.1428571492
62175  -34.505  -22.112  -38.084 0.1428571492
63154  -33.802  -21.469  -36.807 0.1428571492
62187  -36.303  -22.904  -38.630 0.1428571492
62176  -35.391  -22.086  -38.399 0.1428571492
62189  -38.050  -22.509  -38.903 0.1428571492
63956  -38.111  -20.534  -35.667 0.1428571492
63156  -38.243  -22.254  -37.668 0.1428571492
64852  -35.113  -19.977  -37.714 0.1428571492
63190  -36.855  -21.570  -39.028 0.1428571492
63998  -37.942  -21.323  -39.673 0.1428571492
65718  -39.444  -18.402  -33.122 0.1428571492
67658  -40.486  -16.514  -33.487 0.1428571492
66696  -38.693  -17.770  -34.177 0.1428571492
125894  -38.799  -18.437  -38.014 0.1428571492
118594  -38.401  -17.810  -35.644 0.1428571492
67757  -39.490  -18.125  -41.796 0.1428571492
68677  -38.531  -15.894  -39.715 0.1428571492
121459  -38.006  -20.810  -34.848 0.1428571492
63947  -38.277  -19.951  -33.714 0.1428571492
65705  -40.045  -18.051  -32.925 0.1428571492
129936  -41.203  -16.407  -33.522 0.1428571492
78856  -31.428  -3.418  -44.692 0.4285714328
68624  -39.940  -15.781  -33.769 0.1428571492
117552  -38.812  -17.019  -34.418 0.1428571492
67657  -39.747  -16.790  -33.560 0.1428571492
67676  -38.470  -16.240  -35.629 0.1428571492
131033  -39.274  -15.577  -34.415 0.1428571492
69600  -38.088  -14.767  -39.644 0.1428571492
83802  -31.139  2.295  -47.351 0.4285714328
118923  -31.217  3.648  -48.012 0.4285714328
89681  -35.351  11.010  -47.144 0.1428571492
90321  -34.451  11.175  -47.406 0.1428571492
65767  -33.501  -18.795  -37.375 0.1428571492
71295  -38.139  -12.901  -41.750 0.1428571492
66789  -39.224  -18.586  -41.655 0.1428571492
68692  -38.652  -15.701  -40.602 0.1428571492
67719  -39.077  -17.358  -39.412 0.1428571492
67718  -38.440  -16.184  -38.716 0.1428571492
66729  -38.520  -17.408  -37.412 0.1428571492
66774  -39.431  -18.623  -41.355 0.1428571492
68663  -38.138  -15.346  -37.802 0.1428571492
67687  -38.376  -16.318  -36.819 0.1428571492
65800  -38.401  -19.735  -40.621 0.1428571492
65802  -39.270  -19.690  -40.538 0.1428571492
65753  -38.341  -18.762  -36.188 0.1428571492
66712  -38.539  -16.990  -35.229 0.1428571492
65783  -35.287  -18.685  -38.225 0.1428571492
65785  -39.319  -20.047  -39.641 0.1428571492
64865  -37.734  -20.593  -39.817 0.1428571492
64853  -39.167  -20.238  -38.473 0.1428571492
63997  -35.946  -20.541  -38.408 0.1428571492
125387  -39.129  -20.924  -39.590 0.1428571492
63999  -38.694  -21.451  -39.516 0.1428571492
63970  -33.502  -20.787  -36.606 0.1428571492
63171  -34.788  -21.418  -37.935 0.1428571492
63192  -38.656  -22.008  -39.157 0.1428571492
62177  -37.910  -22.976  -38.214 0.1428571492
63132  -37.958  -21.376  -35.606 0.1428571492
128021  -36.302  -22.112  -38.673 0.1428571492
56579  -22.805  -28.045  -33.222 0.1428571492
57553  -22.342  -27.564  -33.781 0.1428571492
57554  -23.207  -27.331  -33.435 0.1428571492
58489  -23.521  -26.536  -33.642 0.1428571492
59347  -23.234  -25.691  -34.729 0.1428571492
59361  -23.116  -25.230  -35.344 0.1428571492
60300  -23.450  -24.517  -35.821 0.1428571492
60299  -22.690  -24.582  -35.772 0.1428571492
61225  -23.078  -24.060  -36.299 0.1428571492
61226  -23.805  -24.015  -36.452 0.1428571492
62156  -22.951  -22.571  -36.864 0.1428571492
135824  -23.460  -22.238  -37.283 0.1428571492
63166  -24.248  -21.670  -37.825 0.1428571492
62171  -24.005  -22.272  -37.589 0.1428571492
63979  -24.415  -21.129  -38.059 0.2857142985
63167  -24.841  -21.502  -38.290 0.1428571492
63993  -24.966  -20.775  -38.574 0.1428571492
67746  -28.158  -16.994  -40.486 0.4285714328
67748  -29.421  -17.318  -41.696 0.4285714328
68704  -29.802  -16.573  -41.581 0.4285714328
76979  -31.179  -4.998  -44.168 0.2857142985
77937  -31.249  -4.252  -44.518 0.2857142985
78844  -31.806  -4.029  -44.320 0.2857142985
81521  -29.846  -0.426  -46.361 0.2857142985
82280  -30.329  0.199  -46.399 0.2857142985
83020  -30.738  0.929  -46.314 0.2857142985
127515  -24.225  -20.253  -37.733 0.1428571492
64006  -26.469  -20.421  -39.691 0.1428571492
61236  -22.651  -23.370  -36.380 0.1428571492
63145  -23.087  -21.692  -37.016 0.1428571492
63146  -23.642  -21.688  -37.449 0.1428571492
63978  -23.887  -21.061  -37.589 0.1428571492
64860  -24.791  -19.729  -38.319 0.2857142985
64876  -25.916  -19.982  -39.361 0.2857142985
64861  -25.387  -20.134  -38.828 0.2857142985
65777  -25.387  -19.311  -38.742 0.2857142985
64891  -27.171  -19.719  -40.684 0.2857142985
67745  -27.309  -16.365  -40.112 0.2857142985
76116  -30.852  -6.283  -43.714 0.2857142985
76965  -30.621  -5.504  -44.152 0.2857142985
78854  -29.783  -3.899  -44.768 0.2857142985
78855  -30.699  -3.726  -44.854 0.2857142985
80709  -29.815  -1.775  -45.525 0.2857142985
80708  -28.642  -1.689  -45.759 0.2857142985
81522  -30.666  -0.390  -45.920 0.2857142985
64877  -26.567  -19.840  -39.977 0.2857142985
77936  -30.434  -4.643  -44.543 0.2857142985
76978  -29.827  -5.427  -44.417 0.2857142985
79806  -29.400  -2.472  -45.224 0.2857142985
79795  -30.860  -2.899  -45.136 0.2857142985
80696  -30.210  -2.423  -45.240 0.2857142985
80698  -31.227  -1.118  -45.435 0.2857142985
77944  -28.818  -4.029  -44.794 0.2857142985
78864  -28.291  -3.518  -45.234 0.2857142985
79794  -30.051  -3.113  -45.026 0.2857142985
66784  -28.397  -17.913  -41.226 0.4285714328
67747  -28.814  -17.101  -41.008 0.4285714328
130045  -23.667  -25.308  -34.689 0.1428571492
58502  -23.060  -26.254  -34.435 0.1428571492
137956  -30.909  -0.772  -45.695 0.2857142985
63994  -25.775  -20.671  -39.154 0.1428571492
62157  -23.714  -22.864  -37.256 0.1428571492
61237  -23.410  -23.478  -36.801 0.1428571492
67730  -27.632  -17.650  -40.282 0.4285714328
80710  -30.380  -1.069  -45.775 0.2857142985
65796  -27.337  -18.843  -40.643 0.4285714328
78865  -29.121  -3.227  -44.885 0.2857142985
69607  -28.511  -15.234  -40.772 0.2857142985
68703  -29.114  -16.234  -40.910 0.2857142985
70468  -29.390  -14.119  -41.205 0.2857142985
91637  -32.508  13.675  -44.747 0.1428571492
91638  -33.209  13.221  -44.151 0.1428571492
90960  -32.511  12.890  -45.998 0.1428571492
90995  -32.926  12.339  -47.591 0.1428571492
90311  -33.905  11.895  -47.000 0.1428571492
91626  -32.983  14.046  -43.938 0.1428571492
90977  -30.915  13.659  -48.253 0.1428571492
92935  -30.168  15.713  -46.128 0.1428571492
90312  -34.640  11.389  -46.523 0.1428571492
90952  -33.555  12.450  -44.479 0.1428571492
90979  -33.206  12.395  -46.537 0.1428571492
90320  -33.462  11.527  -47.875 0.1428571492
91646  -31.080  14.303  -46.517 0.1428571492
92307  -30.583  14.967  -46.244 0.1428571492
91653  -30.245  14.329  -47.942 0.1428571492
91652  -28.638  14.630  -48.925 0.1428571492
92315  -28.005  15.091  -48.589 0.1428571492
90951  -32.791  12.918  -45.015 0.1428571492
92298  -32.322  14.472  -44.549 0.1428571492
90961  -33.296  12.315  -45.427 0.1428571492
90978  -32.226  12.938  -47.208 0.1428571492
91647  -32.089  13.558  -45.652 0.1428571492
92925  -32.434  15.318  -44.305 0.1428571492
91654  -31.608  13.599  -46.837 0.1428571492
76977  -28.847  -5.454  -44.558 0.1428571492
77935  -29.379  -4.691  -44.619 0.1428571492
79805  -28.498  -2.689  -45.451 0.1428571492
119036  -26.060  -1.956  -45.324 0.1428571492
80706  -26.400  -1.132  -45.405 0.1428571492
76131  -30.128  -6.079  -44.058 0.1428571492
80707  -27.592  -2.031  -45.740 0.1428571492
81518  -26.182  0.271  -45.127 0.1428571492
127257  -27.960  0.226  -45.885 0.1428571492
72077  -30.603  -11.414  -41.565 0.2857142985
139570  -28.873  -7.945  -43.310 0.1428571492
127026  -29.744  -7.373  -43.415 0.1428571492
76130  -29.308  -6.111  -44.297 0.1428571492
77916  -37.395  -4.897  -46.113 0.1428571492
77934  -28.413  -4.779  -44.775 0.1428571492
118628  -29.312  -1.033  -46.071 0.1428571492
82279  -29.351  0.275  -46.810 0.1428571492
82278  -28.242  0.832  -46.311 0.2857142985
83035  -30.202  1.768  -48.107 0.2857142985
137321  -28.606  4.902  -48.389 0.2857142985
86147  -28.367  5.202  -47.312 0.2857142985
86921  -28.512  6.664  -48.893 0.2857142985
125969  -30.460  8.170  -45.054 0.1428571492
83029  -30.549  1.532  -47.390 0.2857142985
83019  -28.959  1.010  -47.176 0.2857142985
84568  -30.368  2.658  -49.006 0.2857142985
85391  -30.105  4.185  -49.367 0.2857142985
84567  -29.642  2.885  -49.169 0.2857142985
84566  -28.993  3.359  -48.794 0.2857142985
86166  -29.330  5.165  -49.670 0.2857142985
85400  -28.884  4.236  -49.031 0.2857142985
85390  -28.580  4.238  -47.897 0.2857142985
86934  -28.823  6.359  -50.523 0.2857142985
88252  -29.304  8.104  -48.164 0.1428571492
86889  -28.424  5.972  -46.327 0.2857142985
89680  -31.134  10.446  -46.239 0.1428571492
89665  -31.448  10.379  -45.380 0.1428571492
85379  -28.322  4.309  -46.732 0.1428571492
84547  -28.233  3.550  -46.395 0.1428571492
127412  -27.107  1.121  -45.329 0.2857142985
127668  -28.765  7.332  -47.947 0.1428571492
86906  -28.638  6.739  -47.203 0.2857142985
118177  -29.343  7.493  -46.712 0.1428571492
86890  -28.856  6.824  -45.920 0.1428571492
81509  -24.804  1.501  -45.129 0.2857142985
130302  -28.274  5.563  -45.349 0.1428571492
87580  -30.190  7.769  -44.402 0.1428571492
86881  -28.939  6.934  -44.852 0.1428571492
80683  -23.512  1.164  -43.152 0.1428571492
76121  -39.248  -6.573  -46.086 0.1428571492
74472  -29.653  -8.542  -42.646 0.1428571492
75302  -28.223  -6.971  -44.203 0.1428571492
78846  -37.928  -4.282  -47.162 0.1428571492
76129  -28.256  -6.246  -44.510 0.1428571492
132174  -27.215  -4.566  -45.454 0.1428571492
77942  -26.501  -4.343  -45.455 0.1428571492
78863  -27.608  -3.820  -45.423 0.1428571492
81520  -28.230  -0.619  -45.951 0.1428571492
135482  -29.059  1.566  -47.380 0.1428571492
130136  -28.803  2.165  -47.316 0.1428571492
83800  -29.226  2.561  -48.227 0.2857142985
121938  -28.608  2.876  -47.091 0.1428571492
86880  -28.531  6.249  -45.151 0.1428571492
87582  -29.445  7.340  -45.486 0.1428571492
125728  -29.918  7.710  -45.061 0.1428571492
77925  -38.161  -5.012  -47.566 0.1428571492
86171  -28.838  5.913  -50.336 0.2857142985
88253  -30.140  8.294  -46.733 0.1428571492
88249  -30.725  8.493  -45.830 0.1428571492
86165  -28.732  5.953  -49.701 0.2857142985
87583  -30.122  7.845  -45.842 0.1428571492
89002  -31.359  9.810  -45.744 0.1428571492
73700  -28.804  -9.239  -42.520 0.1428571492
75294  -39.342  -7.714  -44.891 0.1428571492
84569  -31.026  2.770  -48.314 0.2857142985
82286  -29.956  0.823  -47.012 0.1428571492
77943  -27.974  -4.258  -45.095 0.1428571492
79804  -27.662  -3.063  -45.588 0.1428571492
76985  -27.202  -5.431  -45.291 0.1428571492
76128  -27.301  -6.145  -44.982 0.1428571492
79803  -26.832  -2.514  -45.617 0.1428571492
124083  -27.410  -0.890  -45.713 0.1428571492
76115  -29.682  -6.717  -43.796 0.1428571492
81519  -27.182  0.215  -45.505 0.1428571492
133666  -28.770  -0.209  -46.442 0.1428571492
75303  -28.854  -7.396  -43.681 0.1428571492
83812  -30.015  2.190  -48.651 0.2857142985
83813  -30.585  2.154  -48.287 0.2857142985
83028  -29.723  1.360  -47.595 0.2857142985
86158  -28.529  5.676  -48.543 0.2857142985
129915  -28.838  5.061  -49.349 0.2857142985
86905  -28.442  6.067  -47.633 0.2857142985
88247  -30.851  8.254  -44.251 0.1428571492
117435  -30.670  3.387  -48.918 0.2857142985
84577  -29.894  3.355  -49.524 0.2857142985
84576  -29.290  3.665  -49.534 0.2857142985
85402  -29.285  4.239  -49.639 0.2857142985
84557  -28.630  3.450  -47.471 0.1428571492
85401  -29.077  4.432  -49.705 0.2857142985
90294  -31.139  11.150  -45.889 0.1428571492
83027  -28.325  1.714  -46.504 0.1428571492
87579  -29.499  7.387  -44.593 0.1428571492
65762  -23.059  -18.665  -37.555 0.1428571492
65776  -24.649  -18.750  -38.346 0.1428571492
66749  -25.283  -18.355  -38.784 0.1428571492
66736  -22.796  -17.697  -38.082 0.1428571492
66747  -22.864  -16.908  -38.460 0.1428571492
67713  -23.939  -16.918  -38.975 0.1428571492
123532  -24.402  -17.847  -38.613 0.1428571492
67726  -23.882  -16.185  -39.667 0.1428571492
66763  -24.994  -17.422  -39.136 0.1428571492
65795  -26.678  -18.936  -39.824 0.1428571492
67727  -24.699  -16.464  -39.701 0.1428571492
67729  -26.587  -16.764  -39.715 0.1428571492
66765  -26.820  -17.871  -39.579 0.1428571492
68688  -25.122  -15.673  -40.240 0.1428571492
69606  -27.622  -14.826  -40.730 0.1428571492
126456  -28.549  -13.312  -41.415 0.1428571492
64844  -22.743  -19.264  -37.025 0.1428571492
124261  -22.295  -18.033  -37.508 0.1428571492
66748  -23.588  -17.546  -38.456 0.1428571492
86135  -28.201  5.051  -46.017 0.1428571492
68702  -28.108  -15.943  -40.507 0.1428571492
65763  -24.068  -19.192  -37.785 0.1428571492
65794  -26.011  -19.077  -39.243 0.1428571492
65775  -23.763  -18.291  -38.175 0.1428571492
135417  -22.025  -16.937  -38.285 0.1428571492
67728  -25.742  -17.068  -39.463 0.1428571492
66764  -25.995  -18.069  -39.166 0.1428571492
135214  -25.598  -16.302  -39.827 0.1428571492
121909  -24.127  -15.811  -40.215 0.1428571492
68689  -26.222  -15.854  -40.056 0.1428571492
68670  -22.961  -16.013  -38.768 0.1428571492
63964  -23.338  -21.007  -37.112 0.1428571492
65706  -40.495  -18.551  -32.776 0.1428571492
65717  -38.585  -18.421  -33.958 0.1428571492
65812  -27.739  -19.491  -41.309 0.4285714328
67656  -39.163  -17.249  -33.806 0.1428571492
68740  -34.957  -15.878  -44.574 0.5714285970
69639  -37.087  -15.140  -44.095 0.4285714328
71328  -35.682  -12.963  -44.290 0.7142857313
71330  -37.164  -13.606  -43.856 0.4285714328
74471  -28.871  -8.380  -42.954 0.1428571492
74491  -29.385  -7.890  -43.151 0.1428571492
75280  -36.331  -7.236  -42.455 0.7142857313
76114  -28.877  -6.682  -44.115 0.1428571492
76976  -27.888  -5.474  -44.819 0.1428571492
76986  -27.695  -4.905  -45.104 0.1428571492
77901  -35.171  -5.092  -41.567 0.7142857313
77924  -32.355  -4.229  -43.724 0.5714285970
79784  -32.215  -2.680  -43.688 0.8571428657
82221  -36.175  -0.194  -41.956 0.5714285970
82235  -33.115  0.195  -42.712 0.8571428657
82258  -33.106  0.765  -42.985 0.8571428657
82973  -35.387  1.543  -42.313 0.1428571492
83801  -29.538  1.888  -47.950 0.2857142985
85352  -33.579  4.720  -44.242 0.5714285970
85353  -34.255  4.997  -44.073 0.4285714328
86170  -29.044  5.337  -49.916 0.2857142985
87614  -28.684  6.640  -50.341 0.4285714328
87629  -29.877  8.083  -50.891 0.7142857313
89060  -30.425  10.448  -51.505 0.2857142985
89713  -32.871  10.159  -49.972 0.2857142985
89722  -30.020  11.154  -51.880 0.2857142985
89723  -30.790  11.528  -51.689 0.2857142985
90991  -27.932  14.395  -50.321 0.2857142985
92285  -32.910  14.773  -43.930 0.1428571492
117512  -41.029  -17.095  -33.262 0.1428571492
119836  -31.817  -5.348  -43.774 0.4285714328
121936  -33.809  -6.058  -42.472 1.0000000000
123140  -39.890  -18.704  -32.763 0.1428571492
126699  -32.733  -13.630  -43.617 0.7142857313
135984  -39.225  -7.167  -46.126 0.1428571492
136261  -30.299  -6.515  -43.734 0.1428571492
136319  -35.120  -12.647  -44.534 0.7142857313
137926  -30.936  12.388  -51.076 0.2857142985
138943  -31.775  11.146  -51.166 0.2857142985
