#!ascii label  , from subject sub-v2s9x29168_ses-1 vox2ras=TkReg
739
48889  27.247  -27.369  42.468 0.0000000000
66964  43.657  -10.439  27.426 0.0000000000
68914  54.524  -9.111  27.255 0.0000000000
63582  43.695  -13.189  37.552 0.0000000000
46750  33.535  -30.185  37.657 0.0000000000
44395  31.704  -31.037  42.232 0.0000000000
68904  48.615  -8.889  27.420 0.0000000000
69736  48.121  -7.557  32.726 0.0000000000
60571  41.100  -17.110  38.914 0.0000000000
49934  36.672  -26.348  39.479 0.0000000000
74685  55.440  -2.116  20.461 0.0000000000
70844  52.136  -6.652  23.508 0.0000000000
63655  40.928  -13.322  33.223 0.0000000000
69719  41.652  -7.187  33.887 0.0000000000
47811  30.539  -28.798  40.625 0.0000000000
47782  29.231  -28.774  42.418 0.0000000000
68907  46.194  -8.930  28.140 0.0000000000
69804  49.063  -7.618  30.126 0.0000000000
69807  46.095  -7.397  30.194 0.0000000000
54120  43.329  -22.641  36.968 0.0000000000
45585  35.368  -30.009  41.199 0.0000000000
129540  35.739  -28.132  38.463 0.0000000000
46712  36.772  -29.887  39.924 0.0000000000
74688  53.598  -2.412  20.711 0.0000000000
72781  55.515  -4.027  21.319 0.0000000000
72755  54.124  -4.110  22.369 0.0000000000
68945  50.658  -8.194  25.011 0.0000000000
69883  49.816  -7.609  23.435 0.0000000000
69869  52.464  -7.550  24.850 0.0000000000
68943  55.808  -9.044  24.666 0.0000000000
67951  55.150  -9.622  25.803 0.0000000000
62529  42.224  -15.010  39.062 0.0000000000
61591  41.655  -15.299  35.470 0.0000000000
64720  40.930  -12.130  37.090 0.0000000000
66862  40.161  -10.272  33.610 0.0000000000
67783  41.791  -9.158  37.094 0.0000000000
67806  44.286  -7.858  35.058 0.0000000000
141691  43.513  -11.629  34.958 0.0000000000
46693  33.166  -29.735  41.378 0.0000000000
67954  48.517  -9.230  25.394 0.0000000000
147704  51.613  -8.340  27.663 0.0000000000
68858  51.880  -8.708  29.574 0.0000000000
66888  50.429  -10.500  31.322 0.0000000000
54083  38.434  -22.267  39.259 0.0000000000
55091  40.881  -20.781  39.605 0.0000000000
124912  43.395  -19.497  38.125 0.0000000000
59549  44.424  -17.618  36.317 0.0000000000
62618  44.314  -15.288  34.211 0.0000000000
51965  36.647  -24.332  37.784 0.0000000000
50960  39.083  -25.382  39.746 0.0000000000
134845  55.084  -2.573  19.081 0.0000000000
71831  51.784  -5.373  21.803 0.0000000000
70859  54.550  -6.207  23.123 0.0000000000
68003  56.131  -8.964  21.978 0.0000000000
68842  43.001  -8.288  30.451 0.0000000000
134258  44.559  -6.023  32.548 0.0000000000
67820  46.029  -8.427  33.840 0.0000000000
46659  26.998  -28.838  42.711 0.0000000000
48888  27.988  -27.963  42.477 0.0000000000
45568  28.134  -29.978  42.468 0.0000000000
148939  44.888  -9.765  27.633 0.0000000000
135274  46.054  -8.426  28.770 0.0000000000
68889  44.646  -8.732  28.963 0.0000000000
134294  35.836  -30.045  40.780 0.0000000000
72796  52.212  -3.637  19.886 0.0000000000
73741  53.279  -3.405  21.031 0.0000000000
133033  52.782  -4.239  20.970 0.0000000000
68916  52.160  -8.125  26.579 0.0000000000
68929  51.956  -7.879  25.568 0.0000000000
69849  53.440  -7.891  25.789 0.0000000000
68926  55.266  -8.966  25.793 0.0000000000
132771  43.178  -14.182  38.628 0.0000000000
63583  41.320  -13.505  38.086 0.0000000000
65807  41.918  -11.859  38.282 0.0000000000
66828  40.867  -10.138  36.892 0.0000000000
65818  42.563  -11.197  37.543 0.0000000000
66826  43.151  -9.567  36.508 0.0000000000
139379  43.760  -12.449  36.406 0.0000000000
46694  32.064  -29.521  41.203 0.0000000000
46654  32.194  -29.962  41.836 0.0000000000
45574  33.781  -30.364  42.050 0.0000000000
67941  47.501  -9.656  26.273 0.0000000000
67955  47.680  -9.638  25.443 0.0000000000
68919  48.900  -9.026  26.741 0.0000000000
68918  49.847  -8.750  26.741 0.0000000000
128915  49.587  -8.634  27.613 0.0000000000
68882  52.143  -8.635  28.854 0.0000000000
68884  49.973  -8.194  28.633 0.0000000000
69785  48.713  -7.327  30.901 0.0000000000
68840  50.209  -8.037  31.085 0.0000000000
67836  49.336  -8.557  32.196 0.0000000000
65894  49.430  -10.837  31.289 0.0000000000
67838  48.371  -9.204  32.775 0.0000000000
53026  40.309  -23.351  39.337 0.0000000000
54069  39.968  -21.628  39.519 0.0000000000
132821  41.328  -22.318  39.087 0.0000000000
55101  43.215  -21.406  37.952 0.0000000000
58416  44.087  -18.480  37.130 0.0000000000
48920  36.281  -27.649  39.361 0.0000000000
49947  35.991  -26.557  38.679 0.0000000000
50971  36.280  -25.222  38.873 0.0000000000
51941  37.230  -24.429  39.661 0.0000000000
124474  37.697  -26.063  40.117 0.0000000000
75644  53.552  -1.347  19.576 0.0000000000
74699  55.484  -2.263  19.781 0.0000000000
71829  55.378  -5.080  21.710 0.0000000000
70845  51.195  -6.782  23.257 0.0000000000
70863  49.843  -6.787  22.237 0.0000000000
135721  50.833  -6.459  22.581 0.0000000000
71832  50.921  -5.725  21.454 0.0000000000
71819  52.120  -5.620  22.413 0.0000000000
71818  53.048  -5.367  22.615 0.0000000000
71802  53.622  -6.040  23.160 0.0000000000
67983  55.834  -9.215  23.715 0.0000000000
68959  56.065  -9.018  23.984 0.0000000000
58419  39.922  -18.779  38.064 0.0000000000
59550  41.364  -17.501  36.970 0.0000000000
62607  41.292  -14.011  34.604 0.0000000000
61610  41.455  -15.462  33.600 0.0000000000
68790  40.500  -8.401  33.678 0.0000000000
67860  39.931  -9.876  31.594 0.0000000000
68821  40.474  -8.872  31.804 0.0000000000
67873  41.359  -9.254  30.358 0.0000000000
137618  42.100  -7.824  31.580 0.0000000000
69764  43.390  -7.005  31.643 0.0000000000
70705  43.294  -6.268  33.460 0.0000000000
67822  44.075  -9.625  33.871 0.0000000000
128938  45.315  -8.489  34.195 0.0000000000
67841  44.616  -9.495  33.415 0.0000000000
66893  45.573  -10.239  31.724 0.0000000000
47798  30.192  -28.938  42.119 0.0000000000
45565  30.317  -30.303  42.338 0.0000000000
44410  30.396  -31.739  41.581 0.0000000000
44398  29.205  -30.899  42.140 0.0000000000
68905  47.882  -8.919  27.680 0.0000000000
68885  48.778  -8.465  28.344 0.0000000000
68862  47.449  -7.888  29.351 0.0000000000
69806  47.150  -7.297  30.110 0.0000000000
69787  46.856  -6.804  30.941 0.0000000000
46733  34.774  -29.929  39.210 0.0000000000
46748  35.029  -29.606  38.401 0.0000000000
46713  35.578  -29.617  40.242 0.0000000000
47810  36.032  -29.228  39.986 0.0000000000
48908  36.867  -28.296  39.679 0.0000000000
48918  38.129  -27.831  39.431 0.0000000000
46710  37.826  -29.298  39.356 0.0000000000
74687  54.434  -2.055  20.873 0.0000000000
73728  55.502  -2.608  20.973 0.0000000000
74671  54.881  -2.472  21.278 0.0000000000
72754  54.802  -3.591  22.068 0.0000000000
72753  55.179  -4.817  22.272 0.0000000000
68960  49.325  -8.200  23.957 0.0000000000
69871  50.210  -7.925  24.232 0.0000000000
69881  51.724  -7.260  23.978 0.0000000000
69880  52.798  -7.121  24.275 0.0000000000
70830  53.744  -7.119  24.412 0.0000000000
140814  54.918  -8.248  25.442 0.0000000000
68944  55.437  -9.270  25.220 0.0000000000
138150  41.750  -16.020  39.063 0.0000000000
145153  41.651  -15.975  37.135 0.0000000000
61555  41.571  -14.970  38.284 0.0000000000
63599  41.020  -13.113  36.299 0.0000000000
64740  40.935  -12.603  35.199 0.0000000000
65879  40.548  -11.743  32.958 0.0000000000
65855  40.625  -10.836  34.867 0.0000000000
67797  40.800  -9.115  35.783 0.0000000000
68777  41.065  -7.863  35.426 0.0000000000
69702  43.070  -6.906  34.956 0.0000000000
68762  43.185  -8.071  36.047 0.0000000000
128436  43.841  -9.271  35.531 0.0000000000
65866  43.412  -10.960  33.677 0.0000000000
46717  30.959  -29.443  39.505 0.0000000000
127967  32.489  -29.935  39.397 0.0000000000
125793  33.225  -30.040  39.444 0.0000000000
46692  34.095  -29.831  41.508 0.0000000000
44419  34.719  -30.886  41.453 0.0000000000
128935  49.339  -8.793  25.353 0.0000000000
68917  51.051  -8.400  26.814 0.0000000000
136349  52.396  -8.338  27.470 0.0000000000
68881  52.981  -8.955  28.573 0.0000000000
67914  52.698  -9.239  29.179 0.0000000000
66933  52.343  -10.759  29.777 0.0000000000
68860  50.113  -7.879  30.281 0.0000000000
139646  51.042  -9.234  30.966 0.0000000000
55119  38.366  -21.879  37.587 0.0000000000
56189  38.983  -20.737  38.548 0.0000000000
57303  39.738  -19.592  39.373 0.0000000000
58377  40.625  -18.932  39.957 0.0000000000
131887  42.645  -22.134  38.392 0.0000000000
57300  42.557  -19.948  39.090 0.0000000000
59499  42.109  -17.763  39.485 0.0000000000
137753  43.457  -16.934  38.766 0.0000000000
60568  44.138  -15.705  38.110 0.0000000000
62577  44.511  -15.063  36.678 0.0000000000
62589  44.493  -14.595  35.863 0.0000000000
130346  44.581  -16.306  35.812 0.0000000000
53035  37.390  -23.264  38.866 0.0000000000
51948  38.815  -23.996  39.887 0.0000000000
51957  39.969  -25.194  38.876 0.0000000000
49946  38.796  -27.064  39.203 0.0000000000
49944  40.345  -26.496  37.766 0.0000000000
74730  54.821  -1.663  18.245 0.0000000000
72784  52.120  -4.600  20.591 0.0000000000
72770  53.272  -4.234  21.716 0.0000000000
71817  54.098  -5.052  22.707 0.0000000000
70858  55.383  -6.566  22.845 0.0000000000
70841  55.328  -7.206  23.648 0.0000000000
70840  56.031  -7.673  23.118 0.0000000000
68974  56.346  -8.487  22.136 0.0000000000
60630  41.688  -16.503  34.758 0.0000000000
124008  41.898  -9.866  29.139 0.0000000000
132397  43.766  -9.285  28.855 0.0000000000
69789  44.559  -7.519  30.566 0.0000000000
70766  45.590  -6.568  31.385 0.0000000000
70725  46.603  -6.597  32.583 0.0000000000
69716  44.553  -6.372  34.235 0.0000000000
69714  46.421  -7.161  33.618 0.0000000000
132718  47.215  -8.483  33.397 0.0000000000
139733  47.438  -9.866  32.367 0.0000000000
130584  43.999  -13.538  34.924 0.0000000000
64774  43.364  -12.508  33.278 0.0000000000
47784  27.135  -28.016  42.763 0.0000000000
48890  26.536  -27.345  42.742 0.0000000000
128224  27.819  -28.655  42.721 0.0000000000
67930  44.392  -10.058  27.542 0.0000000000
67916  44.633  -9.477  28.191 0.0000000000
72783  52.539  -3.844  20.425 0.0000000000
134321  51.982  -4.252  20.021 0.0000000000
125216  53.116  -8.070  26.389 0.0000000000
68928  54.199  -8.488  26.658 0.0000000000
68927  54.988  -9.266  26.531 0.0000000000
63566  43.263  -13.257  38.301 0.0000000000
64680  42.829  -12.687  38.367 0.0000000000
64699  42.619  -11.955  38.093 0.0000000000
145590  42.008  -11.369  37.948 0.0000000000
65817  43.198  -11.768  37.436 0.0000000000
66815  43.095  -10.931  37.000 0.0000000000
64719  43.597  -12.448  37.145 0.0000000000
45564  31.188  -30.332  42.264 0.0000000000
46655  31.498  -29.795  42.046 0.0000000000
45563  32.020  -30.346  42.124 0.0000000000
44408  32.265  -31.528  42.016 0.0000000000
67928  48.063  -9.242  26.846 0.0000000000
68903  50.538  -8.301  28.170 0.0000000000
69761  48.510  -7.349  31.892 0.0000000000
68819  49.155  -7.931  32.055 0.0000000000
68802  48.699  -8.305  32.588 0.0000000000
67837  49.086  -9.275  32.409 0.0000000000
53034  41.106  -23.693  38.786 0.0000000000
54081  41.032  -22.971  39.095 0.0000000000
49935  36.301  -26.837  39.230 0.0000000000
50964  36.304  -26.007  39.051 0.0000000000
50972  36.006  -25.743  38.380 0.0000000000
50962  37.004  -25.831  39.863 0.0000000000
49933  37.194  -26.679  39.760 0.0000000000
75628  54.911  -1.501  20.356 0.0000000000
75643  54.478  -0.984  19.829 0.0000000000
75627  55.381  -1.676  20.191 0.0000000000
75641  55.380  -1.410  19.814 0.0000000000
74698  55.510  -1.859  20.104 0.0000000000
70861  51.655  -6.229  22.807 0.0000000000
70876  51.268  -5.931  22.171 0.0000000000
70860  52.584  -6.062  23.029 0.0000000000
68005  55.501  -9.360  23.304 0.0000000000
59517  40.570  -17.831  38.844 0.0000000000
146077  40.979  -17.877  37.387 0.0000000000
59534  40.992  -17.484  38.043 0.0000000000
62630  41.067  -14.113  32.827 0.0000000000
68789  40.960  -7.914  33.292 0.0000000000
68806  40.405  -8.628  32.758 0.0000000000
68805  40.992  -8.113  32.445 0.0000000000
68820  41.346  -8.233  31.666 0.0000000000
69766  41.815  -7.631  32.272 0.0000000000
69765  42.578  -7.197  31.995 0.0000000000
69740  42.352  -6.882  33.015 0.0000000000
67842  44.011  -10.087  33.068 0.0000000000
66875  44.340  -10.178  32.610 0.0000000000
66894  44.498  -10.561  31.783 0.0000000000
47800  28.807  -28.269  42.204 0.0000000000
47799  29.513  -28.456  42.013 0.0000000000
46657  29.667  -29.556  42.463 0.0000000000
45566  29.594  -30.396  42.394 0.0000000000
45567  28.946  -30.148  42.534 0.0000000000
67943  45.834  -9.904  26.841 0.0000000000
67929  46.415  -9.423  27.365 0.0000000000
129866  47.256  -9.361  27.089 0.0000000000
68906  47.025  -8.926  27.899 0.0000000000
68886  47.711  -8.490  28.559 0.0000000000
68887  46.803  -8.444  28.681 0.0000000000
68864  45.489  -8.141  29.333 0.0000000000
68863  46.491  -7.921  29.384 0.0000000000
147815  35.010  -29.946  41.310 0.0000000000
46690  36.189  -29.613  40.240 0.0000000000
47809  36.443  -28.980  39.798 0.0000000000
47824  36.347  -28.307  39.604 0.0000000000
47808  37.105  -29.045  39.747 0.0000000000
74702  52.579  -2.534  19.472 0.0000000000
74701  53.225  -2.145  19.873 0.0000000000
73740  54.049  -2.672  21.331 0.0000000000
72769  53.985  -3.416  21.785 0.0000000000
136397  54.837  -4.359  22.447 0.0000000000
68946  49.727  -8.454  24.725 0.0000000000
69870  51.231  -7.703  24.544 0.0000000000
69868  53.859  -7.604  25.136 0.0000000000
67965  55.280  -9.558  25.052 0.0000000000
67984  55.438  -9.428  24.221 0.0000000000
67985  54.862  -9.700  24.447 0.0000000000
61518  42.082  -15.602  39.192 0.0000000000
60570  41.578  -15.784  38.590 0.0000000000
62542  41.815  -14.571  38.821 0.0000000000
63584  41.071  -12.899  37.483 0.0000000000
62562  41.216  -13.601  37.223 0.0000000000
63615  41.149  -13.391  35.153 0.0000000000
129270  40.852  -11.916  36.106 0.0000000000
130300  40.793  -11.660  35.130 0.0000000000
67770  41.016  -9.722  37.187 0.0000000000
134701  40.829  -9.819  36.163 0.0000000000
143501  40.995  -8.790  36.403 0.0000000000
129154  40.644  -8.523  35.109 0.0000000000
68764  41.461  -8.120  36.107 0.0000000000
68763  42.256  -7.965  36.180 0.0000000000
67782  42.624  -8.760  36.617 0.0000000000
65842  43.515  -11.088  35.641 0.0000000000
142907  43.552  -9.611  36.067 0.0000000000
66839  43.572  -10.146  35.438 0.0000000000
66850  43.697  -10.006  34.417 0.0000000000
65854  43.447  -10.869  34.620 0.0000000000
47825  30.039  -28.892  39.525 0.0000000000
47835  30.153  -29.501  38.618 0.0000000000
46716  31.932  -29.524  40.014 0.0000000000
128739  32.760  -29.763  40.354 0.0000000000
46715  33.669  -29.819  40.551 0.0000000000
67969  47.945  -9.292  24.745 0.0000000000
68931  50.013  -8.674  26.016 0.0000000000
68900  53.211  -8.737  27.997 0.0000000000
68901  52.382  -8.509  28.210 0.0000000000
66932  52.916  -10.127  29.199 0.0000000000
145165  52.266  -9.662  29.977 0.0000000000
68861  48.429  -7.927  29.286 0.0000000000
125661  49.463  -7.921  29.325 0.0000000000
68817  50.413  -8.726  31.391 0.0000000000
68839  50.758  -8.399  30.678 0.0000000000
67872  51.121  -10.156  31.018 0.0000000000
66910  51.723  -10.471  30.419 0.0000000000
65915  50.990  -10.883  30.741 0.0000000000
55093  38.250  -22.070  38.982 0.0000000000
55118  38.657  -21.342  38.075 0.0000000000
55092  38.882  -21.493  39.114 0.0000000000
55077  40.336  -20.965  39.521 0.0000000000
56155  40.009  -20.380  39.491 0.0000000000
56154  40.409  -20.124  39.707 0.0000000000
57302  40.401  -19.243  39.791 0.0000000000
56153  41.106  -20.108  39.925 0.0000000000
54093  42.751  -22.891  38.124 0.0000000000
55117  43.051  -22.233  37.981 0.0000000000
124103  43.342  -20.447  37.993 0.0000000000
56188  42.832  -20.812  38.592 0.0000000000
57299  42.975  -19.268  38.861 0.0000000000
129028  42.186  -19.115  39.420 0.0000000000
133502  42.685  -18.462  39.225 0.0000000000
126223  42.635  -16.998  39.297 0.0000000000
58402  43.432  -18.516  38.444 0.0000000000
59533  44.267  -17.588  37.193 0.0000000000
59516  44.031  -17.255  38.045 0.0000000000
60588  44.298  -16.610  37.619 0.0000000000
131103  44.332  -15.156  37.507 0.0000000000
61574  44.483  -15.840  37.197 0.0000000000
142936  44.584  -15.872  36.437 0.0000000000
60603  44.528  -17.023  35.902 0.0000000000
47848  35.472  -29.029  38.378 0.0000000000
47849  34.863  -29.364  37.608 0.0000000000
47862  35.269  -28.381  37.392 0.0000000000
51971  37.033  -24.298  36.727 0.0000000000
53047  37.213  -23.621  37.430 0.0000000000
53046  37.448  -23.043  38.124 0.0000000000
53036  36.938  -23.760  38.386 0.0000000000
50961  38.254  -25.383  40.174 0.0000000000
51940  38.004  -24.583  40.070 0.0000000000
123831  38.725  -24.778  40.040 0.0000000000
51947  39.438  -24.558  39.680 0.0000000000
74714  55.307  -1.937  18.944 0.0000000000
72808  54.292  -3.390  18.802 0.0000000000
132421  55.532  -3.260  21.296 0.0000000000
69894  48.713  -7.594  22.406 0.0000000000
69893  49.466  -7.326  22.671 0.0000000000
71844  50.696  -5.567  20.558 0.0000000000
71843  51.538  -5.198  20.976 0.0000000000
72771  52.367  -4.810  21.381 0.0000000000
71830  52.640  -4.990  22.102 0.0000000000
71816  54.897  -5.385  22.665 0.0000000000
69879  55.302  -7.710  24.408 0.0000000000
70842  54.372  -6.822  24.005 0.0000000000
68975  56.139  -8.991  23.011 0.0000000000
131185  56.196  -8.497  23.195 0.0000000000
69892  56.345  -7.924  22.512 0.0000000000
138120  41.749  -15.826  36.192 0.0000000000
60604  41.674  -16.671  36.632 0.0000000000
129983  41.753  -15.961  35.320 0.0000000000
65867  40.285  -10.999  33.285 0.0000000000
127589  40.023  -9.648  31.330 0.0000000000
68867  42.410  -8.959  30.029 0.0000000000
67897  41.993  -9.490  29.698 0.0000000000
67896  42.748  -9.493  29.209 0.0000000000
68866  43.324  -8.845  29.688 0.0000000000
68890  44.047  -8.648  29.446 0.0000000000
68841  43.867  -8.191  30.112 0.0000000000
70748  44.018  -6.273  32.063 0.0000000000
69763  44.223  -6.891  31.335 0.0000000000
70747  44.883  -6.207  31.825 0.0000000000
70746  45.864  -6.297  32.244 0.0000000000
70726  46.094  -6.454  33.166 0.0000000000
68776  43.600  -7.538  35.414 0.0000000000
69717  43.631  -6.331  34.306 0.0000000000
69701  44.044  -6.950  34.779 0.0000000000
68787  45.865  -7.594  34.067 0.0000000000
68786  46.596  -8.077  33.695 0.0000000000
67839  46.700  -8.909  33.391 0.0000000000
131040  47.615  -9.164  33.061 0.0000000000
147131  47.081  -9.366  32.902 0.0000000000
66892  46.690  -10.242  31.680 0.0000000000
62604  44.443  -14.992  35.082 0.0000000000
62590  44.337  -14.275  35.249 0.0000000000
62605  44.167  -14.446  34.531 0.0000000000
47783  28.489  -28.572  42.551 0.0000000000
141880  28.588  -29.236  42.613 0.0000000000
46658  27.754  -29.295  42.665 0.0000000000
67944  45.034  -10.029  27.121 0.0000000000
67915  45.500  -9.502  27.696 0.0000000000
68888  45.418  -8.874  28.507 0.0000000000
44418  35.418  -30.535  41.028 0.0000000000
46691  35.664  -29.881  40.680 0.0000000000
144904  36.007  -30.637  40.445 0.0000000000
45599  36.475  -30.351  40.031 0.0000000000
73753  52.790  -2.979  20.174 0.0000000000
68930  50.929  -8.271  25.865 0.0000000000
69848  54.615  -8.424  25.996 0.0000000000
62541  42.368  -14.291  38.863 0.0000000000
136602  41.813  -13.805  38.677 0.0000000000
63567  42.502  -13.367  38.607 0.0000000000
64682  41.580  -12.343  38.289 0.0000000000
64700  41.175  -12.243  37.794 0.0000000000
65831  40.881  -11.137  36.946 0.0000000000
66804  41.507  -11.128  37.604 0.0000000000
66817  41.378  -10.233  37.353 0.0000000000
66816  41.873  -9.885  37.347 0.0000000000
66827  42.522  -9.622  37.002 0.0000000000
148984  42.974  -10.191  36.806 0.0000000000
65830  43.508  -11.585  36.589 0.0000000000
64739  43.658  -12.024  35.719 0.0000000000
46695  31.321  -29.158  40.692 0.0000000000
46673  31.727  -29.628  41.700 0.0000000000
46672  32.647  -29.882  41.684 0.0000000000
46671  33.566  -29.959  41.847 0.0000000000
45575  32.914  -30.271  42.029 0.0000000000
67956  46.877  -9.937  25.759 0.0000000000
67940  48.309  -9.413  26.096 0.0000000000
68932  49.113  -9.023  26.042 0.0000000000
142384  50.653  -8.462  27.505 0.0000000000
68902  51.443  -8.323  28.260 0.0000000000
68883  51.118  -8.231  29.029 0.0000000000
69784  49.546  -7.689  30.970 0.0000000000
69760  49.153  -7.670  31.540 0.0000000000
68818  49.754  -8.155  31.696 0.0000000000
67857  49.862  -9.207  31.986 0.0000000000
66889  49.718  -10.578  31.548 0.0000000000
67858  49.418  -10.019  32.047 0.0000000000
66871  48.755  -9.942  32.329 0.0000000000
66891  48.333  -10.347  31.861 0.0000000000
54071  38.864  -22.581  39.554 0.0000000000
55079  39.247  -21.700  39.396 0.0000000000
54070  39.579  -22.277  39.545 0.0000000000
146171  40.409  -21.610  39.471 0.0000000000
55090  41.526  -21.526  39.222 0.0000000000
55116  43.310  -22.025  37.412 0.0000000000
57335  43.683  -19.849  37.380 0.0000000000
57334  43.757  -18.913  37.581 0.0000000000
57347  44.009  -19.224  36.850 0.0000000000
147952  44.155  -18.774  36.720 0.0000000000
48932  35.986  -27.403  39.013 0.0000000000
49959  35.827  -26.332  37.750 0.0000000000
50978  35.978  -25.583  37.475 0.0000000000
50977  36.175  -25.002  38.135 0.0000000000
51958  36.545  -24.531  38.655 0.0000000000
53027  36.942  -24.026  39.091 0.0000000000
51950  36.668  -24.817  39.257 0.0000000000
50953  37.424  -25.223  40.050 0.0000000000
49932  38.527  -26.177  39.822 0.0000000000
74713  55.482  -1.660  19.711 0.0000000000
70862  50.297  -6.988  22.898 0.0000000000
146844  50.324  -6.629  22.413 0.0000000000
70877  50.392  -6.310  21.923 0.0000000000
69865  55.898  -8.384  24.092 0.0000000000
68004  55.859  -9.144  22.699 0.0000000000
140670  39.822  -19.336  37.559 0.0000000000
62606  41.515  -14.713  34.975 0.0000000000
61601  41.620  -15.558  34.574 0.0000000000
62620  41.416  -14.744  34.105 0.0000000000
135961  41.295  -14.742  33.252 0.0000000000
67823  40.115  -9.508  33.878 0.0000000000
67844  39.953  -9.688  32.429 0.0000000000
67843  40.086  -9.083  33.162 0.0000000000
67859  40.046  -9.276  32.145 0.0000000000
67874  40.395  -9.445  30.938 0.0000000000
142339  41.059  -8.811  31.135 0.0000000000
68843  41.967  -8.363  30.858 0.0000000000
69791  42.754  -7.674  31.191 0.0000000000
69790  43.628  -7.599  30.867 0.0000000000
69739  43.234  -6.522  32.495 0.0000000000
70728  43.936  -6.012  32.930 0.0000000000
131112  44.245  -8.973  34.985 0.0000000000
67821  44.683  -8.669  34.537 0.0000000000
67840  45.581  -9.178  33.358 0.0000000000
66873  46.264  -9.630  32.552 0.0000000000
66874  45.047  -9.827  32.505 0.0000000000
47812  29.693  -28.342  40.433 0.0000000000
124158  30.027  -28.549  41.462 0.0000000000
46656  30.682  -29.619  42.265 0.0000000000
44396  30.818  -31.083  42.178 0.0000000000
44397  29.954  -31.051  42.166 0.0000000000
130409  29.535  -31.447  41.588 0.0000000000
67942  46.674  -9.795  26.551 0.0000000000
69805  48.119  -7.361  30.089 0.0000000000
69786  47.832  -6.951  30.961 0.0000000000
69762  47.443  -6.878  32.171 0.0000000000
53045  41.915  -23.924  38.326 0.0000000000
46749  34.355  -29.934  38.044 0.0000000000
46732  35.462  -29.411  39.153 0.0000000000
47834  35.960  -28.530  39.442 0.0000000000
126508  36.659  -27.368  39.527 0.0000000000
48919  37.349  -27.612  39.650 0.0000000000
47823  37.583  -28.484  39.555 0.0000000000
47822  38.339  -28.689  39.114 0.0000000000
46730  38.530  -29.443  38.619 0.0000000000
74700  54.026  -1.623  20.314 0.0000000000
74686  55.210  -2.025  20.731 0.0000000000
73729  55.268  -3.086  21.573 0.0000000000
73730  54.565  -2.991  21.618 0.0000000000
72768  55.345  -3.900  21.899 0.0000000000
71815  55.365  -5.953  22.134 0.0000000000
69882  50.713  -7.381  23.713 0.0000000000
70843  53.164  -6.603  23.749 0.0000000000
69867  54.696  -7.631  24.804 0.0000000000
69866  55.446  -8.588  24.993 0.0000000000
67964  55.695  -9.282  24.572 0.0000000000
142977  41.456  -16.405  38.878 0.0000000000
60589  41.446  -16.555  37.936 0.0000000000
131788  41.555  -15.674  37.852 0.0000000000
61575  41.601  -15.150  37.102 0.0000000000
132907  41.561  -14.204  38.370 0.0000000000
62578  41.424  -14.267  36.507 0.0000000000
62591  41.533  -14.674  35.703 0.0000000000
62592  41.359  -14.026  35.517 0.0000000000
63636  40.979  -13.178  34.256 0.0000000000
64775  40.797  -12.472  33.536 0.0000000000
64794  40.742  -12.567  32.637 0.0000000000
64759  40.816  -12.215  34.377 0.0000000000
143027  40.689  -11.480  34.427 0.0000000000
66851  40.332  -10.114  34.405 0.0000000000
65843  40.798  -10.777  35.926 0.0000000000
66840  40.595  -9.978  35.311 0.0000000000
67808  40.375  -9.277  34.752 0.0000000000
132086  40.331  -8.792  34.182 0.0000000000
68778  40.699  -8.075  34.567 0.0000000000
69704  41.323  -7.424  34.779 0.0000000000
69718  42.654  -6.589  34.110 0.0000000000
69703  42.155  -6.973  34.831 0.0000000000
69693  42.790  -7.430  35.653 0.0000000000
67796  43.505  -8.886  36.180 0.0000000000
67807  43.878  -8.361  35.650 0.0000000000
148271  33.148  -30.330  38.020 0.0000000000
46735  32.718  -30.249  38.505 0.0000000000
46734  33.675  -30.164  38.589 0.0000000000
129749  34.028  -30.023  39.634 0.0000000000
46714  34.609  -29.826  40.657 0.0000000000
46670  34.331  -30.010  41.796 0.0000000000
45586  34.905  -30.130  41.568 0.0000000000
127635  50.104  -8.517  25.358 0.0000000000
68915  53.472  -8.463  27.246 0.0000000000
68899  53.929  -9.134  27.752 0.0000000000
144700  53.508  -9.252  28.204 0.0000000000
67927  53.812  -9.852  28.070 0.0000000000
136009  50.409  -7.988  29.505 0.0000000000
68859  51.015  -8.244  29.913 0.0000000000
67895  51.498  -8.858  30.291 0.0000000000
143234  51.586  -9.679  30.560 0.0000000000
55134  38.568  -21.883  36.573 0.0000000000
57319  39.265  -20.228  38.282 0.0000000000
56156  39.512  -20.842  39.242 0.0000000000
57304  39.492  -20.096  38.982 0.0000000000
57318  39.648  -19.529  38.388 0.0000000000
58404  39.897  -18.857  38.917 0.0000000000
58403  40.347  -18.416  39.361 0.0000000000
59501  40.846  -17.824  39.537 0.0000000000
53033  41.928  -23.140  38.631 0.0000000000
54094  42.125  -22.266  38.709 0.0000000000
55089  42.278  -21.413  38.854 0.0000000000
55102  42.839  -21.648  38.364 0.0000000000
147403  42.228  -20.567  39.181 0.0000000000
56170  41.568  -20.699  39.454 0.0000000000
57301  41.630  -19.782  39.608 0.0000000000
59482  41.396  -18.172  39.756 0.0000000000
59500  41.382  -17.691  39.613 0.0000000000
139046  41.912  -17.107  39.431 0.0000000000
60549  42.185  -16.322  39.290 0.0000000000
61517  42.715  -15.578  39.134 0.0000000000
133097  43.644  -17.695  38.412 0.0000000000
146542  43.972  -16.521  38.289 0.0000000000
61534  43.396  -15.160  38.678 0.0000000000
61554  43.920  -14.741  38.092 0.0000000000
62560  43.767  -13.911  37.923 0.0000000000
63581  44.102  -13.780  37.223 0.0000000000
63598  44.008  -13.246  36.637 0.0000000000
63597  44.381  -14.140  36.589 0.0000000000
61590  44.563  -15.449  35.793 0.0000000000
124213  44.525  -15.962  34.874 0.0000000000
60617  44.512  -16.883  35.136 0.0000000000
60629  44.436  -16.789  34.299 0.0000000000
48953  35.378  -27.450  36.779 0.0000000000
124311  37.711  -22.891  37.168 0.0000000000
54095  37.805  -22.552  38.707 0.0000000000
54084  37.842  -22.749  39.167 0.0000000000
51949  37.527  -23.536  39.342 0.0000000000
53021  38.569  -23.286  39.699 0.0000000000
129299  39.649  -23.838  39.630 0.0000000000
51946  40.254  -24.192  39.103 0.0000000000
51956  41.113  -24.576  38.258 0.0000000000
132232  37.938  -26.927  39.791 0.0000000000
49945  39.621  -26.754  38.493 0.0000000000
49931  39.310  -26.090  39.127 0.0000000000
143380  39.962  -26.007  38.409 0.0000000000
49903  26.722  -26.946  42.409 0.0000000000
72756  53.433  -4.699  22.357 0.0000000000
133210  56.067  -7.082  22.287 0.0000000000
69905  56.562  -8.246  21.173 0.0000000000
124691  42.886  -10.740  27.361 0.0000000000
59569  41.657  -17.415  35.987 0.0000000000
135235  41.368  -9.770  29.717 0.0000000000
67917  42.498  -10.065  28.553 0.0000000000
127382  43.180  -9.823  28.529 0.0000000000
142995  43.785  -9.921  28.093 0.0000000000
68865  44.635  -8.161  29.733 0.0000000000
69808  45.227  -7.677  30.086 0.0000000000
69788  45.409  -7.126  30.693 0.0000000000
137021  46.090  -6.835  30.955 0.0000000000
70765  46.446  -6.573  31.716 0.0000000000
69737  47.605  -7.423  33.053 0.0000000000
70704  44.044  -6.053  33.743 0.0000000000
70703  44.818  -6.086  33.440 0.0000000000
68788  44.965  -7.294  34.579 0.0000000000
69715  45.531  -6.630  33.857 0.0000000000
146961  45.508  -6.281  33.386 0.0000000000
68804  47.157  -7.721  33.394 0.0000000000
68803  47.877  -8.315  33.158 0.0000000000
66872  48.147  -9.746  32.550 0.0000000000
139177  47.570  -10.443  31.583 0.0000000000
125865  43.911  -12.928  35.735 0.0000000000
142363  43.656  -12.482  34.904 0.0000000000
63635  43.807  -13.835  34.096 0.0000000000
133857  43.581  -12.956  34.088 0.0000000000
64758  43.372  -11.830  34.065 0.0000000000
44405  34.390  -30.406  41.846 0.0000000000
46689  36.709  -29.446  39.869 0.0000000000
50954  36.908  -25.169  39.678 0.0000000000
50963  36.611  -25.546  39.385 0.0000000000
53020  39.460  -23.104  39.609 0.0000000000
53022  37.952  -23.783  39.767 0.0000000000
54072  38.076  -22.989  39.526 0.0000000000
54082  40.380  -22.353  39.417 0.0000000000
54107  43.172  -22.817  37.515 0.0000000000
54108  37.914  -22.411  37.883 0.0000000000
55078  39.831  -21.030  39.415 0.0000000000
55103  38.744  -21.424  38.787 0.0000000000
55104  38.271  -21.944  38.453 0.0000000000
56171  39.791  -20.183  39.280 0.0000000000
56172  39.219  -20.771  39.021 0.0000000000
57281  41.084  -19.265  40.080 0.0000000000
57282  40.460  -19.477  39.849 0.0000000000
57283  40.217  -19.762  39.652 0.0000000000
57317  43.062  -20.013  38.568 0.0000000000
57364  44.235  -18.976  36.297 0.0000000000
58376  41.247  -18.805  39.873 0.0000000000
58389  41.876  -18.425  39.581 0.0000000000
58390  40.571  -18.668  39.782 0.0000000000
58391  40.119  -18.997  39.593 0.0000000000
58417  43.948  -18.067  37.812 0.0000000000
58418  40.502  -18.185  37.844 0.0000000000
58431  44.267  -18.329  36.615 0.0000000000
58432  41.398  -18.031  36.183 0.0000000000
59483  40.918  -18.321  39.918 0.0000000000
59498  43.096  -17.710  39.063 0.0000000000
60548  42.939  -16.338  39.202 0.0000000000
60550  41.497  -16.918  39.270 0.0000000000
60569  43.484  -16.032  38.759 0.0000000000
60618  41.758  -16.629  35.654 0.0000000000
61535  42.755  -14.829  38.948 0.0000000000
61536  41.793  -15.299  38.921 0.0000000000
62559  44.251  -14.455  37.348 0.0000000000
62561  41.375  -14.261  37.674 0.0000000000
62621  41.188  -14.019  33.707 0.0000000000
63568  41.721  -13.026  38.505 0.0000000000
63569  41.272  -12.802  38.095 0.0000000000
63614  44.296  -13.776  35.827 0.0000000000
64681  42.210  -12.503  38.465 0.0000000000
64698  43.268  -12.520  37.912 0.0000000000
65808  41.457  -11.759  37.975 0.0000000000
65819  41.137  -11.493  37.522 0.0000000000
66803  41.907  -10.700  37.519 0.0000000000
66818  41.055  -10.586  37.327 0.0000000000
66890  49.088  -10.500  31.777 0.0000000000
66965  42.321  -10.606  27.991 0.0000000000
67769  41.374  -9.563  37.206 0.0000000000
67784  41.156  -9.061  37.034 0.0000000000
67785  40.949  -9.229  36.751 0.0000000000
67824  39.986  -9.742  33.181 0.0000000000
67856  50.519  -9.682  31.481 0.0000000000
67931  43.061  -10.279  27.989 0.0000000000
68753  41.629  -8.576  36.650 0.0000000000
68754  41.140  -8.675  36.586 0.0000000000
68765  41.029  -8.432  35.955 0.0000000000
69694  41.908  -7.429  35.564 0.0000000000
69705  40.946  -7.742  34.059 0.0000000000
69738  46.970  -6.900  33.075 0.0000000000
69741  41.543  -7.529  32.975 0.0000000000
70727  45.322  -6.121  32.780 0.0000000000
70767  44.925  -6.807  31.136 0.0000000000
123759  43.201  -23.224  37.084 0.0000000000
123986  40.829  -21.584  39.406 0.0000000000
126624  43.406  -10.428  36.340 0.0000000000
128328  41.612  -15.054  36.171 0.0000000000
130164  44.497  -16.693  36.663 0.0000000000
131136  40.644  -11.653  33.766 0.0000000000
133154  49.994  -10.081  31.749 0.0000000000
134361  39.827  -19.429  39.169 0.0000000000
136819  40.171  -18.366  38.635 0.0000000000
138607  40.455  -10.905  34.047 0.0000000000
139807  42.523  -10.398  37.258 0.0000000000
143795  38.115  -22.330  37.085 0.0000000000
145024  42.514  -7.140  35.311 0.0000000000
147034  41.708  -11.537  37.971 0.0000000000
