#!ascii label  , from subject sub-v2s9x29168_ses-1 vox2ras=TkReg
1584
40568  26.376  -36.721  -29.254 0.8999999762
39686  26.933  -37.280  -28.926 0.8000000119
39685  27.897  -37.359  -28.429 0.8000000119
38806  28.763  -38.760  -28.134 0.6999999881
38805  29.653  -38.534  -28.094 0.8000000119
40569  25.473  -36.586  -29.760 0.8999999762
41490  27.386  -35.886  -28.580 1.0000000000
144534  27.929  -36.184  -28.346 1.0000000000
40552  28.436  -36.558  -28.176 0.8999999762
39684  29.560  -37.623  -28.098 0.8000000119
39683  30.448  -37.925  -28.382 0.8000000119
40550  30.285  -37.051  -28.302 0.8999999762
38803  31.124  -39.012  -28.728 0.8000000119
38817  31.395  -38.838  -29.281 0.6999999881
37966  31.512  -39.468  -29.638 0.6999999881
40570  24.170  -35.961  -30.507 0.8000000119
41516  24.983  -35.476  -29.810 0.8999999762
41517  23.697  -34.994  -30.478 0.8999999762
41538  22.776  -34.871  -30.783 0.8999999762
39716  22.217  -36.098  -31.208 0.8999999762
41515  26.297  -35.878  -29.181 0.8999999762
41491  26.922  -35.089  -28.748 1.0000000000
40551  29.391  -36.769  -28.049 0.8999999762
41488  29.749  -35.287  -28.201 1.0000000000
41487  30.173  -36.113  -28.256 0.8999999762
40549  30.863  -36.585  -28.641 0.8999999762
39682  31.137  -38.278  -28.799 0.8000000119
126559  31.595  -39.864  -30.296 0.6999999881
147671  23.853  -33.574  -30.000 0.8999999762
42452  22.672  -33.960  -29.954 0.8999999762
130611  22.412  -34.557  -30.156 0.8999999762
41518  22.296  -35.081  -30.265 0.8999999762
39702  22.229  -36.562  -30.649 0.8999999762
131401  24.367  -34.384  -30.044 0.8999999762
131093  25.784  -34.715  -29.366 0.8999999762
42430  28.404  -34.832  -28.271 1.0000000000
143500  31.324  -36.589  -29.311 0.8000000119
135080  31.399  -37.810  -29.562 0.8000000119
38844  31.535  -38.104  -31.268 0.8000000119
39739  31.397  -37.533  -31.932 0.8000000119
38857  31.410  -38.381  -32.092 0.8000000119
37990  31.019  -38.808  -32.932 0.8000000119
41492  23.120  -34.627  -28.955 0.8999999762
39689  22.832  -36.665  -29.572 0.8999999762
126616  22.926  -38.559  -29.691 0.8999999762
136477  23.190  -33.337  -29.424 0.8999999762
38821  23.694  -38.269  -29.094 0.8999999762
37970  24.080  -39.342  -29.098 0.8000000119
37971  23.126  -39.558  -29.652 0.8000000119
42450  24.906  -33.783  -29.628 0.8999999762
37077  24.692  -40.293  -28.678 0.6999999881
37083  23.999  -40.341  -29.328 0.6999999881
36170  23.828  -41.228  -29.489 0.6999999881
43284  25.329  -33.125  -29.445 0.8999999762
35206  24.403  -42.080  -29.041 0.6999999881
34283  23.969  -43.019  -29.391 0.6999999881
43271  26.422  -33.293  -29.039 1.0000000000
34270  24.315  -43.856  -28.629 0.6000000238
42431  27.612  -34.504  -28.544 1.0000000000
43269  28.406  -33.999  -28.437 1.0000000000
42429  29.324  -34.459  -28.282 1.0000000000
146419  30.493  -35.394  -28.500 1.0000000000
41486  30.985  -35.864  -28.771 0.8999999762
42447  31.341  -34.669  -29.470 0.8999999762
41513  31.377  -35.533  -29.405 0.8000000119
40590  31.588  -36.021  -30.209 0.8000000119
39728  31.525  -37.288  -31.103 0.8000000119
40616  31.378  -36.684  -31.706 0.8000000119
40617  30.952  -36.927  -32.542 0.8000000119
39747  30.257  -37.224  -33.325 0.8000000119
42434  22.705  -34.027  -29.624 0.8999999762
132499  22.840  -35.574  -29.398 0.8999999762
144393  23.949  -34.368  -28.368 0.8999999762
40556  23.902  -35.834  -28.488 0.8999999762
39688  23.776  -36.801  -28.679 0.8999999762
137852  24.610  -38.702  -28.553 0.8999999762
43272  23.703  -32.573  -29.223 0.8999999762
36161  24.525  -41.136  -28.904 0.6999999881
139172  23.913  -32.557  -29.411 0.8999999762
133345  24.874  -41.731  -28.443 0.6000000238
34269  24.627  -43.005  -28.482 0.6000000238
136052  24.640  -32.346  -29.441 1.0000000000
32404  24.474  -45.336  -27.178 0.5000000000
43270  27.471  -33.609  -28.713 1.0000000000
33312  24.084  -45.086  -25.960 0.5000000000
44267  28.315  -33.121  -28.674 1.0000000000
43268  29.209  -33.522  -28.526 1.0000000000
42448  30.907  -34.208  -28.963 1.0000000000
42459  31.531  -34.363  -30.068 0.8999999762
40606  31.472  -35.852  -31.246 0.8000000119
42467  31.551  -34.515  -30.653 0.8999999762
41547  31.548  -35.073  -31.008 0.8000000119
42468  31.430  -34.349  -31.538 0.8999999762
42474  31.121  -34.604  -32.372 0.8000000119
43333  30.784  -33.700  -33.046 0.8999999762
41561  30.379  -35.642  -33.187 0.8000000119
41562  29.677  -35.831  -33.737 0.8000000119
127656  29.160  -35.216  -34.200 0.8000000119
129442  28.703  -36.151  -34.434 0.8000000119
39687  24.806  -37.346  -28.164 0.8999999762
42414  24.201  -33.879  -28.101 0.8999999762
134277  24.762  -34.618  -27.756 0.8999999762
37960  25.416  -38.994  -28.125 0.6999999881
37076  25.406  -40.309  -28.089 0.8000000119
136481  23.918  -32.257  -28.029 0.8999999762
43252  24.045  -33.027  -27.942 0.8999999762
35196  25.392  -41.982  -27.678 0.6999999881
35183  25.157  -42.894  -27.660 0.6000000238
34255  24.906  -43.815  -27.590 0.6000000238
35182  25.583  -42.706  -26.828 0.6999999881
34254  25.347  -43.389  -26.950 0.6000000238
33327  24.807  -44.641  -26.917 0.5000000000
44279  25.771  -32.387  -29.340 1.0000000000
33303  24.104  -44.340  -25.660 0.5000000000
137231  23.395  -44.877  -25.593 0.5000000000
44268  27.129  -32.409  -29.048 1.0000000000
44266  29.093  -32.815  -28.731 1.0000000000
43282  30.733  -33.291  -29.214 1.0000000000
43297  31.482  -33.755  -30.601 0.8999999762
44277  28.415  -32.262  -28.966 1.0000000000
128487  30.330  -32.602  -29.273 0.8999999762
43298  31.287  -33.062  -29.954 0.8999999762
43325  31.398  -33.435  -31.671 0.8999999762
43313  31.381  -32.838  -30.904 0.8999999762
138793  31.144  -33.167  -32.581 0.8999999762
139323  30.154  -33.945  -33.522 0.8999999762
42483  30.058  -34.926  -33.553 0.8999999762
133329  31.323  -32.596  -31.859 0.8999999762
44324  30.491  -33.001  -33.362 0.8999999762
42490  29.420  -34.321  -34.084 0.8999999762
44325  29.879  -32.500  -33.808 0.8999999762
41475  24.349  -35.190  -28.155 0.8999999762
40543  24.879  -36.103  -27.846 0.8999999762
38809  25.136  -38.173  -28.163 0.8999999762
135362  25.298  -36.903  -27.779 0.8999999762
38796  25.884  -38.527  -27.662 1.0000000000
37063  25.948  -40.145  -27.489 0.8000000119
42412  25.834  -34.743  -27.293 0.8999999762
130177  25.807  -41.043  -27.383 0.6999999881
44280  24.225  -31.811  -29.164 0.8999999762
133975  24.511  -32.378  -27.662 0.8999999762
36138  25.877  -41.899  -26.660 0.6999999881
34239  25.418  -43.248  -26.204 0.6999999881
34228  24.769  -43.595  -25.696 0.5000000000
137313  25.032  -31.552  -29.323 1.0000000000
137413  23.476  -44.156  -25.402 0.5000000000
137650  22.836  -44.259  -25.374 0.5000000000
147954  26.006  -31.584  -29.373 1.0000000000
45446  25.508  -30.645  -29.218 1.0000000000
133123  25.730  -29.786  -29.035 1.0000000000
44278  27.706  -31.561  -29.305 1.0000000000
44276  29.524  -32.196  -29.171 1.0000000000
45445  28.649  -31.389  -29.385 1.0000000000
131691  26.278  -29.920  -29.284 1.0000000000
44275  30.440  -31.905  -29.671 0.8999999762
44307  31.237  -32.016  -31.163 0.8999999762
147058  31.215  -31.870  -31.999 0.8999999762
42512  27.597  -34.510  -37.340 0.6999999881
43361  26.796  -34.094  -37.348 0.8000000119
42513  26.789  -34.979  -37.037 0.8000000119
42514  26.199  -34.618  -36.925 0.8000000119
42404  25.869  -33.712  -27.217 0.8999999762
41473  26.130  -35.660  -27.226 1.0000000000
39667  26.599  -37.087  -27.036 1.0000000000
38785  27.022  -38.573  -26.412 1.0000000000
37062  26.476  -39.852  -26.909 0.6999999881
141330  26.296  -40.555  -26.873 0.6999999881
44261  24.229  -31.683  -27.893 0.8999999762
43251  24.944  -33.127  -27.500 0.8999999762
141714  26.119  -41.771  -25.926 0.6999999881
145422  24.337  -43.094  -25.184 0.6000000238
46508  24.691  -30.812  -28.298 1.0000000000
45425  24.668  -31.088  -27.897 0.8999999762
43250  25.693  -32.696  -27.308 0.8999999762
34231  21.977  -43.890  -25.436 0.4000000060
46536  25.114  -30.400  -28.926 1.0000000000
131955  27.482  -30.366  -29.511 1.0000000000
45443  30.260  -31.089  -29.935 1.0000000000
135720  28.676  -30.326  -29.654 1.0000000000
131670  26.400  -33.665  -35.696 0.8999999762
43353  29.464  -33.071  -37.141 0.6000000238
42511  28.406  -34.081  -37.369 0.6000000238
44350  27.606  -33.121  -37.601 0.8000000119
43362  25.620  -33.890  -37.076 0.8000000119
139107  26.330  -34.780  -36.581 0.8999999762
147964  25.848  -34.061  -36.169 0.8999999762
42403  26.763  -34.428  -26.743 0.8999999762
37050  26.647  -40.434  -26.049 0.8000000119
36147  26.259  -41.185  -26.403 0.6999999881
36127  25.808  -41.765  -25.339 0.6999999881
35144  24.311  -42.354  -24.789 0.6000000238
35146  22.453  -42.165  -25.016 0.4000000060
45424  25.398  -31.012  -27.719 1.0000000000
44260  24.976  -31.728  -27.571 0.8999999762
46507  25.098  -30.553  -28.162 1.0000000000
143719  25.572  -30.028  -28.723 1.0000000000
46534  26.749  -29.172  -29.277 1.0000000000
46533  27.671  -29.423  -29.569 1.0000000000
47624  28.431  -29.257  -29.813 1.0000000000
44334  27.131  -32.572  -35.384 0.8999999762
45495  26.838  -31.789  -35.448 0.8999999762
44343  24.772  -32.987  -36.401 0.8999999762
43346  25.415  -33.556  -36.190 0.8999999762
45503  30.533  -31.755  -37.108 0.6000000238
44341  30.295  -32.618  -36.757 0.6000000238
43359  28.737  -33.429  -37.406 0.6000000238
128960  28.338  -33.059  -37.571 0.8000000119
124079  26.525  -33.159  -37.480 0.8000000119
43355  25.127  -33.509  -36.779 0.8999999762
40535  26.696  -36.272  -26.901 0.8999999762
134350  27.231  -36.912  -26.483 0.8999999762
147936  27.471  -37.451  -25.991 0.8999999762
36114  26.129  -41.112  -25.071 0.6000000238
43236  26.865  -33.439  -26.724 1.0000000000
36115  25.564  -41.169  -24.725 0.6000000238
36116  24.680  -41.449  -24.531 0.6000000238
36117  23.751  -41.553  -24.467 0.5000000000
44259  25.991  -31.800  -27.407 1.0000000000
44258  26.847  -31.788  -27.268 1.0000000000
45423  26.341  -31.002  -27.574 1.0000000000
46506  25.795  -30.305  -28.077 1.0000000000
47598  26.209  -29.602  -28.595 1.0000000000
127987  26.486  -28.950  -28.914 1.0000000000
47626  26.649  -28.807  -29.012 1.0000000000
47625  27.367  -28.600  -29.325 1.0000000000
47636  29.187  -29.091  -30.317 1.0000000000
47635  30.041  -29.782  -30.719 1.0000000000
47652  30.341  -29.830  -32.374 1.0000000000
137259  30.059  -29.897  -33.285 1.0000000000
47668  29.495  -29.923  -34.006 1.0000000000
46573  29.218  -30.876  -34.254 0.8999999762
46568  29.933  -30.688  -33.650 0.8999999762
45494  27.690  -31.732  -35.211 0.8999999762
44335  26.044  -32.776  -35.652 0.8999999762
43356  24.674  -33.003  -36.766 0.8999999762
46588  31.778  -31.083  -37.019 0.6000000238
45502  31.479  -31.705  -36.687 0.6000000238
44348  29.622  -32.227  -37.371 0.6000000238
126229  27.452  -32.299  -37.641 0.8000000119
44351  25.507  -33.036  -37.304 0.8000000119
40534  27.467  -36.114  -26.416 0.8999999762
38773  27.322  -38.482  -24.738 0.6999999881
37038  26.490  -40.577  -25.177 0.6000000238
124978  26.478  -39.982  -24.561 0.6000000238
43235  27.920  -33.609  -26.206 0.8999999762
37025  24.962  -40.618  -24.217 0.6000000238
37026  24.077  -40.760  -24.212 0.5000000000
44249  26.760  -32.516  -27.031 1.0000000000
45422  27.490  -31.184  -27.354 1.0000000000
45414  27.568  -32.147  -26.861 0.8999999762
46505  26.679  -30.174  -27.927 1.0000000000
47597  26.904  -29.338  -28.455 1.0000000000
47613  27.049  -28.530  -28.919 1.0000000000
48733  27.249  -28.422  -29.043 1.0000000000
48741  28.000  -28.143  -29.423 1.0000000000
47637  28.195  -28.264  -29.854 1.0000000000
47646  29.736  -28.934  -31.047 1.0000000000
147754  29.755  -29.434  -33.549 1.0000000000
47669  28.700  -29.523  -34.406 1.0000000000
47677  27.139  -30.320  -35.302 0.8999999762
46580  27.471  -30.964  -35.275 0.8999999762
45496  25.832  -31.862  -35.619 0.8999999762
45498  23.969  -31.988  -35.910 0.8999999762
45510  30.405  -30.903  -37.573 0.6000000238
127108  28.940  -31.844  -37.670 0.6000000238
45512  28.182  -31.579  -37.684 0.6999999881
45513  27.295  -31.431  -37.633 0.6999999881
126261  26.441  -32.211  -37.572 0.6999999881
44352  24.749  -32.806  -37.101 0.8000000119
44353  24.201  -32.434  -36.743 0.8999999762
46593  31.961  -30.336  -37.651 0.6000000238
133382  26.312  -31.310  -37.612 0.6999999881
45514  25.424  -32.099  -37.468 0.8000000119
45515  24.497  -31.986  -37.241 0.8999999762
37912  26.627  -39.319  -24.082 0.6999999881
127312  26.014  -39.641  -23.933 0.6000000238
41454  28.304  -35.267  -25.446 0.8999999762
141625  28.092  -35.953  -25.921 0.8000000119
126573  27.755  -37.066  -24.501 0.6999999881
136276  27.613  -32.882  -26.464 0.8999999762
42395  28.231  -34.414  -25.906 0.8000000119
45413  28.363  -31.795  -26.681 1.0000000000
128588  28.236  -32.456  -26.364 0.8000000119
46504  27.697  -30.124  -27.761 1.0000000000
47596  27.892  -29.262  -28.283 1.0000000000
48732  27.888  -28.088  -29.199 1.0000000000
48756  29.330  -28.155  -31.568 1.0000000000
47653  29.972  -28.922  -32.043 1.0000000000
48780  29.351  -28.957  -33.821 1.0000000000
46575  27.969  -30.090  -34.993 0.8999999762
47678  26.273  -30.151  -35.383 0.8999999762
46581  26.604  -30.985  -35.478 0.8999999762
46583  23.851  -31.096  -35.711 0.8999999762
45511  29.677  -31.359  -37.616 0.6000000238
45504  23.843  -32.067  -36.208 0.8999999762
47699  31.698  -29.617  -38.462 0.6000000238
46594  31.095  -30.534  -37.587 0.6000000238
138908  26.217  -30.572  -37.574 0.6999999881
46599  25.234  -31.091  -37.544 0.6999999881
39653  27.478  -37.902  -24.096 0.6999999881
37896  26.256  -38.914  -23.684 0.6000000238
41453  28.418  -35.322  -24.335 0.8000000119
40517  28.155  -36.160  -24.830 0.8000000119
39644  27.441  -37.238  -23.643 0.6999999881
140966  27.102  -37.867  -23.637 0.6999999881
44235  28.918  -32.969  -25.000 0.6999999881
42385  28.529  -34.462  -24.767 0.8000000119
45403  28.997  -32.288  -25.817 0.6999999881
45412  29.179  -31.426  -26.321 0.6999999881
46495  29.414  -30.656  -26.743 0.8000000119
148671  29.948  -29.378  -27.570 0.8000000119
47595  29.166  -29.334  -28.025 0.8000000119
47612  28.115  -28.478  -28.681 0.8999999762
48746  28.849  -28.177  -30.638 1.0000000000
48772  29.414  -28.326  -33.280 1.0000000000
141483  28.570  -28.784  -34.238 1.0000000000
48765  29.531  -28.175  -32.610 1.0000000000
47670  27.910  -29.151  -34.674 1.0000000000
48782  27.084  -28.728  -34.687 1.0000000000
139156  27.154  -29.564  -35.095 0.8999999762
47679  25.473  -29.636  -35.291 0.8999999762
46582  25.104  -30.626  -35.515 0.8999999762
127664  24.532  -30.100  -35.468 0.8999999762
130788  30.163  -30.061  -38.126 0.6000000238
46595  29.651  -30.600  -37.811 0.6000000238
46596  28.880  -30.841  -37.746 0.6000000238
46597  27.937  -30.713  -37.623 0.6999999881
45505  23.323  -31.487  -36.311 0.8999999762
47704  26.632  -29.961  -37.447 0.6999999881
134052  25.619  -30.136  -37.500 0.6999999881
46600  24.099  -31.237  -37.243 0.8999999762
46602  23.111  -30.967  -36.520 0.8999999762
41427  28.320  -35.361  -23.586 0.6999999881
40507  27.886  -36.517  -23.791 0.6000000238
143952  26.666  -37.255  -23.189 0.6000000238
38760  25.537  -38.371  -23.336 0.6000000238
43215  28.886  -33.662  -24.254 0.6999999881
42370  28.286  -35.042  -23.000 0.6000000238
44221  29.556  -32.278  -24.472 0.6999999881
45402  29.627  -31.562  -25.245 0.6999999881
46486  29.863  -30.896  -25.790 0.6999999881
147197  29.091  -28.719  -28.406 0.8000000119
48731  29.002  -28.115  -28.773 0.8000000119
49736  28.710  -27.578  -29.367 0.8000000119
48747  28.334  -27.497  -30.204 1.0000000000
49737  28.311  -27.596  -29.803 0.8000000119
49774  29.000  -27.600  -33.053 1.0000000000
48773  28.695  -28.115  -33.712 1.0000000000
48781  27.872  -28.346  -34.303 1.0000000000
49775  28.266  -27.258  -33.327 1.0000000000
49783  27.860  -27.670  -33.877 1.0000000000
48783  26.226  -28.415  -34.669 1.0000000000
48784  25.318  -28.328  -34.709 1.0000000000
47672  25.630  -28.903  -34.988 1.0000000000
47701  29.299  -29.871  -37.872 0.6000000238
47700  30.443  -29.344  -38.527 0.6000000238
47702  28.419  -29.968  -37.574 0.6999999881
46584  22.843  -30.810  -35.913 0.8999999762
47703  27.547  -29.958  -37.443 0.6999999881
47692  24.887  -29.652  -37.294 0.6999999881
47693  23.624  -29.964  -37.113 0.8999999762
41430  26.164  -35.977  -22.525 0.5000000000
136776  28.514  -34.388  -22.964 0.6000000238
42371  27.559  -35.177  -22.639 0.5000000000
43203  29.313  -32.976  -24.045 0.6999999881
43204  29.064  -33.221  -23.360 0.6999999881
146154  29.968  -31.543  -24.299 0.6999999881
46485  30.389  -30.179  -25.202 0.6999999881
46479  30.125  -30.936  -24.751 0.6999999881
47585  30.539  -29.729  -26.141 0.6999999881
47594  30.612  -29.216  -27.068 0.6999999881
48718  29.943  -28.834  -28.014 0.8000000119
48730  30.280  -28.020  -28.324 0.8000000119
144443  29.619  -27.609  -28.918 0.8000000119
49744  29.502  -27.135  -29.365 0.8000000119
49745  28.589  -27.095  -29.819 0.8000000119
49754  28.231  -26.981  -30.972 0.8999999762
49766  28.766  -27.330  -32.021 1.0000000000
50796  28.538  -26.782  -30.171 0.8000000119
49761  28.292  -26.545  -31.796 0.8999999762
49767  28.357  -26.866  -32.662 1.0000000000
49784  26.989  -27.770  -34.273 1.0000000000
48791  24.629  -29.162  -35.211 0.8999999762
47680  23.504  -30.099  -35.570 0.8999999762
48792  23.271  -29.162  -35.325 0.8999999762
47681  22.359  -30.046  -35.802 0.8999999762
127753  29.872  -29.399  -38.194 0.6000000238
47688  28.828  -29.190  -37.255 0.6000000238
47690  27.084  -29.366  -37.000 0.6999999881
47694  22.569  -30.315  -36.427 0.8999999762
47691  26.079  -29.429  -37.122 0.6999999881
48808  22.542  -29.396  -36.652 0.8000000119
47682  21.715  -29.699  -36.109 0.8999999762
48807  24.133  -29.082  -36.895 0.6999999881
123911  21.854  -29.816  -36.179 0.8999999762
43205  28.548  -33.574  -22.626 0.5000000000
42351  26.975  -34.320  -22.206 0.5000000000
44203  29.393  -32.470  -23.420 0.6999999881
43185  27.706  -33.568  -22.264 0.5000000000
45377  29.738  -31.731  -23.595 0.6999999881
46478  30.440  -30.357  -24.217 0.6999999881
45376  30.140  -31.038  -23.864 0.6999999881
48706  31.125  -28.937  -25.858 0.6999999881
141107  31.227  -28.540  -26.633 0.6999999881
48717  30.873  -28.416  -27.505 0.6999999881
49735  30.539  -27.191  -28.679 0.8000000119
50795  29.237  -26.644  -29.844 0.8000000119
135060  28.289  -26.444  -31.204 0.8000000119
50821  27.827  -26.443  -33.007 0.8999999762
49777  26.405  -26.939  -33.902 1.0000000000
49785  25.943  -27.621  -34.382 1.0000000000
50802  28.957  -26.297  -30.383 0.8000000119
50808  28.204  -25.939  -31.633 0.8000000119
49776  27.342  -26.919  -33.567 0.8999999762
50833  25.529  -26.847  -34.092 1.0000000000
49786  25.028  -27.572  -34.468 1.0000000000
49787  24.177  -27.572  -34.568 1.0000000000
48785  24.287  -28.309  -34.843 1.0000000000
132369  22.996  -28.170  -34.880 1.0000000000
48794  21.097  -28.992  -35.937 0.8999999762
47689  27.995  -29.325  -37.009 0.6999999881
48786  21.563  -28.303  -35.295 0.8999999762
48814  29.540  -29.019  -37.594 0.6000000238
48809  21.289  -29.147  -36.117 0.8999999762
48803  28.483  -28.623  -36.549 0.6999999881
48805  26.571  -28.729  -36.634 0.6999999881
48806  25.485  -28.838  -36.772 0.6999999881
49812  24.937  -28.105  -36.535 0.6999999881
49815  20.983  -28.077  -36.230 0.8000000119
48795  20.799  -28.340  -35.908 0.8999999762
49813  23.552  -28.288  -36.690 0.6999999881
44204  28.835  -32.593  -22.609 0.6000000238
44205  28.504  -32.823  -21.742 0.5000000000
139087  30.055  -30.354  -23.542 0.6999999881
46465  29.600  -31.036  -23.071 0.5000000000
47576  30.914  -29.391  -25.031 0.6999999881
143002  30.718  -29.757  -24.408 0.6999999881
48697  31.508  -27.944  -25.599 0.6999999881
47570  30.955  -29.117  -24.034 0.6999999881
48716  31.510  -27.850  -26.839 0.6999999881
49721  31.151  -27.612  -27.797 0.6999999881
49720  31.739  -27.057  -27.124 0.6999999881
50786  31.077  -26.358  -28.788 0.8000000119
50794  30.250  -26.550  -29.396 0.8000000119
51769  29.914  -26.053  -30.049 0.8000000119
51780  28.563  -25.938  -31.007 0.8000000119
51778  30.417  -25.307  -30.319 0.8000000119
51791  29.141  -25.213  -31.305 0.8000000119
50816  27.590  -25.691  -32.707 0.8000000119
148587  26.655  -26.358  -33.473 0.8999999762
50824  25.070  -26.144  -33.726 0.8999999762
50834  24.643  -26.841  -34.257 1.0000000000
52887  28.731  -24.813  -31.877 0.8000000119
51801  28.103  -25.337  -32.170 0.8000000119
124334  23.587  -27.027  -34.419 1.0000000000
48802  29.383  -28.567  -36.620 0.6000000238
49788  22.233  -27.304  -34.605 1.0000000000
48804  27.550  -28.661  -36.549 0.6999999881
49811  26.056  -27.990  -36.397 0.6999999881
49801  20.891  -28.165  -35.631 0.8999999762
49789  21.030  -27.441  -34.957 1.0000000000
50864  24.495  -27.303  -36.292 0.8000000119
49814  22.052  -28.346  -36.560 0.8000000119
48698  31.251  -28.529  -24.693 0.6999999881
136309  31.341  -27.631  -24.433 0.6999999881
49710  31.730  -27.117  -26.064 0.6999999881
50771  31.853  -26.231  -27.327 0.6999999881
148035  31.429  -25.710  -28.797 0.6999999881
50785  31.670  -26.009  -28.177 0.6999999881
51760  30.898  -25.743  -29.518 0.8000000119
52878  29.959  -24.879  -30.973 0.8000000119
51813  26.457  -25.690  -33.313 0.8999999762
50823  25.927  -26.233  -33.579 0.8999999762
51812  27.112  -25.342  -33.099 0.8000000119
51814  25.566  -25.432  -33.495 0.8999999762
50825  24.126  -26.157  -33.964 0.8999999762
52903  24.954  -25.018  -33.661 0.8999999762
51815  24.602  -25.465  -33.727 0.8999999762
49807  29.981  -27.980  -36.017 0.6000000238
145117  21.419  -26.325  -34.506 0.8999999762
49800  25.557  -27.268  -36.081 0.6999999881
146584  20.531  -26.651  -34.911 0.8999999762
50865  23.234  -27.297  -36.461 0.8000000119
49816  20.584  -27.297  -35.889 0.8000000119
49703  31.582  -26.961  -24.928 0.6999999881
50745  31.772  -26.409  -25.466 0.6999999881
131893  32.039  -25.566  -26.548 0.6999999881
142605  31.583  -25.096  -29.090 0.6999999881
51759  31.845  -25.263  -28.309 0.6999999881
52869  31.202  -24.875  -29.878 0.6999999881
52895  28.242  -24.559  -32.638 0.8000000119
125777  26.400  -25.036  -33.345 0.8000000119
52902  27.345  -24.676  -33.230 0.8000000119
53944  26.510  -24.490  -33.699 0.8000000119
50835  22.949  -26.237  -34.195 0.8999999762
49809  28.008  -27.958  -36.054 0.6000000238
143612  25.642  -24.829  -33.631 0.8000000119
52912  24.909  -24.650  -34.022 0.8999999762
50826  23.652  -25.463  -33.981 0.8999999762
49808  29.016  -28.011  -35.968 0.6000000238
49810  27.042  -27.937  -36.243 0.6999999881
51825  21.153  -25.409  -34.608 0.8999999762
146675  25.158  -26.593  -35.830 0.6999999881
50837  20.131  -26.316  -35.248 0.8000000119
50851  23.076  -26.416  -36.293 0.6999999881
145908  20.841  -27.037  -36.189 0.8000000119
51717  31.875  -25.596  -25.536 0.6999999881
130352  32.143  -24.797  -26.741 0.6999999881
52839  32.128  -24.660  -27.606 0.6999999881
53943  27.421  -23.963  -33.846 0.8000000119
52911  25.741  -24.297  -34.156 0.8000000119
52904  24.092  -24.968  -33.965 0.8999999762
52913  22.948  -24.776  -34.395 0.8999999762
49798  27.480  -27.186  -35.751 0.6000000238
51824  22.462  -25.353  -34.262 0.8999999762
49799  26.497  -27.220  -35.892 0.6999999881
50849  25.989  -26.481  -35.684 0.6999999881
52914  21.549  -24.895  -34.749 0.8999999762
50850  24.220  -26.284  -35.965 0.6999999881
50852  22.299  -26.028  -36.379 0.8000000119
51843  19.961  -25.268  -35.311 0.8000000119
51842  23.298  -25.639  -36.325 0.6999999881
50867  20.980  -26.010  -36.384 0.8000000119
51858  19.825  -25.793  -35.857 0.8000000119
51856  21.831  -25.118  -36.736 0.8000000119
51733  32.163  -24.934  -25.951 0.6999999881
49797  28.486  -27.188  -35.679 0.6000000238
53957  24.936  -24.006  -34.644 0.8000000119
53958  24.023  -24.416  -34.519 0.8999999762
50847  27.894  -26.387  -35.517 0.6000000238
52929  21.954  -24.332  -35.266 0.8999999762
52930  20.743  -24.538  -35.489 0.8999999762
52949  20.280  -24.657  -36.155 0.8000000119
51841  24.498  -25.213  -36.179 0.6999999881
135461  20.615  -24.983  -36.496 0.8000000119
52968  20.963  -23.913  -36.556 0.8000000119
50848  26.942  -26.426  -35.578 0.6999999881
51840  26.363  -25.679  -35.621 0.5000000000
132664  25.347  -25.841  -35.710 0.6000000238
52927  25.672  -25.045  -35.941 0.6000000238
53974  21.064  -23.835  -36.208 0.8000000119
125717  25.090  -24.470  -36.581 0.6000000238
141243  24.106  -24.550  -36.828 0.6000000238
52947  21.987  -24.348  -37.140 0.6999999881
52948  20.969  -24.102  -36.782 0.8000000119
53975  20.462  -24.360  -36.019 0.8000000119
52966  22.927  -24.068  -37.439 0.6000000238
53973  23.837  -23.639  -35.301 0.8000000119
146255  22.863  -23.128  -36.050 0.8000000119
54987  22.354  -23.659  -35.718 0.8999999762
52926  26.690  -24.829  -35.949 0.6000000238
54015  20.946  -23.084  -37.077 0.8000000119
53995  21.494  -23.050  -36.559 0.8000000119
52967  21.560  -23.680  -37.272 0.6000000238
54986  24.031  -22.793  -36.030 0.8000000119
54999  22.350  -22.493  -36.646 0.8000000119
52965  24.379  -24.008  -37.377 0.6000000238
53996  20.972  -22.972  -36.933 0.8000000119
55016  21.141  -22.500  -37.095 0.6999999881
55000  21.150  -22.411  -37.106 0.8000000119
54027  22.457  -22.696  -37.956 0.6000000238
55015  21.377  -22.451  -37.394 0.6000000238
55033  21.608  -21.848  -37.543 0.6999999881
54012  24.704  -23.398  -37.921 0.6000000238
54026  23.827  -22.982  -38.199 0.6000000238
54996  25.592  -21.931  -36.198 0.8000000119
53994  26.608  -24.056  -36.704 0.6000000238
54997  24.714  -22.206  -36.313 0.8000000119
53993  27.464  -23.721  -36.955 0.5000000000
56054  21.723  -21.728  -37.420 0.8000000119
54011  26.560  -23.440  -37.511 0.6000000238
52964  25.614  -23.811  -37.211 0.6000000238
56065  21.109  -20.933  -37.879 0.6000000238
54010  27.224  -23.201  -37.733 0.5000000000
127273  25.744  -23.169  -38.036 0.6000000238
54025  24.815  -22.826  -38.404 0.6000000238
55032  21.587  -21.865  -37.996 0.6000000238
54024  25.835  -22.618  -38.524 0.6000000238
55031  23.351  -22.255  -38.443 0.6000000238
56079  22.120  -21.276  -38.536 0.6000000238
56052  24.621  -21.535  -36.644 0.8000000119
54998  23.484  -22.022  -36.721 0.8000000119
57171  25.796  -21.011  -36.410 0.8000000119
57172  24.384  -20.692  -37.063 0.6999999881
55014  26.628  -22.934  -38.168 0.6000000238
56080  21.081  -20.990  -38.060 0.6000000238
57185  21.543  -20.326  -37.897 0.6000000238
56064  21.765  -20.844  -37.598 0.6999999881
55029  26.790  -22.383  -38.558 0.5000000000
145034  21.679  -20.368  -38.549 0.6000000238
123738  25.778  -22.020  -38.879 0.5000000000
56077  24.749  -21.472  -39.144 0.6000000238
56078  23.747  -21.616  -38.826 0.6000000238
56076  26.442  -21.742  -38.770 0.5000000000
146557  26.098  -20.229  -36.391 0.6999999881
127438  22.409  -19.630  -37.855 0.6000000238
57184  22.809  -20.348  -37.494 0.6000000238
58272  21.707  -19.932  -38.193 0.6000000238
58263  23.901  -19.735  -37.397 0.6000000238
57195  25.651  -21.226  -39.068 0.5000000000
56086  23.261  -20.745  -39.156 0.6000000238
58273  21.612  -20.065  -38.390 0.6000000238
57201  24.660  -20.584  -39.490 0.6000000238
57194  26.576  -20.941  -38.679 0.5000000000
57193  27.477  -20.382  -38.163 0.4000000060
132711  26.393  -19.833  -38.773 0.5000000000
134219  25.225  -20.059  -36.767 0.6000000238
57202  23.626  -19.851  -39.583 0.6000000238
58281  22.071  -19.584  -38.632 0.6000000238
58271  23.320  -18.806  -37.845 0.6000000238
130012  24.724  -19.639  -39.808 0.6000000238
58289  23.883  -19.026  -39.864 0.6000000238
57200  25.574  -20.286  -39.286 0.5000000000
58287  25.515  -19.311  -39.613 0.6000000238
58279  27.204  -19.222  -38.359 0.4000000060
58280  26.262  -18.850  -39.089 0.4000000060
59403  22.700  -18.678  -38.944 0.6000000238
58262  24.882  -19.057  -37.126 0.5000000000
58290  22.682  -19.255  -39.309 0.6000000238
59394  23.238  -18.169  -38.660 0.5000000000
58288  24.759  -18.762  -40.114 0.6000000238
59410  25.472  -18.452  -39.911 0.5000000000
59384  25.277  -18.240  -36.986 0.4000000060
59413  23.284  -18.575  -39.582 0.6000000238
59402  23.364  -17.994  -39.477 0.5000000000
59412  24.011  -18.243  -40.058 0.6000000238
60453  23.984  -17.454  -40.172 0.6000000238
60446  23.644  -17.565  -39.340 0.4000000060
59401  26.126  -18.147  -39.475 0.4000000060
60451  25.508  -17.704  -40.166 0.4000000060
60441  24.001  -17.394  -38.627 0.4000000060
59411  24.755  -17.962  -40.367 0.4000000060
60452  24.859  -17.248  -40.630 0.4000000060
60434  26.203  -17.210  -36.413 0.4000000060
60440  24.756  -17.470  -37.544 0.4000000060
61429  23.969  -16.960  -39.574 0.4000000060
61434  25.685  -16.855  -40.509 0.4000000060
140858  24.991  -16.631  -40.948 0.4000000060
61438  24.398  -16.790  -40.461 0.4000000060
60435  25.252  -16.971  -37.157 0.4000000060
61423  25.017  -16.322  -37.600 0.4000000060
61428  24.488  -16.697  -38.431 0.4000000060
61435  24.353  -16.336  -39.831 0.4000000060
61422  25.686  -16.371  -36.797 0.4000000060
62454  24.752  -15.923  -38.660 0.4000000060
42508  26.584  -35.253  -36.642 0.8000000119
127938  26.284  -34.553  -36.070 0.8999999762
43345  27.179  -34.228  -35.428 0.8999999762
42499  26.918  -35.071  -35.682 0.8999999762
42492  27.749  -34.757  -35.135 0.8999999762
129206  30.847  -31.481  -30.454 0.8999999762
46550  30.456  -30.646  -30.564 1.0000000000
143852  29.629  -30.226  -30.012 1.0000000000
43334  29.541  -33.331  -34.033 0.8999999762
44318  31.049  -32.327  -32.708 0.8999999762
131539  30.351  -31.251  -33.349 0.8999999762
46562  30.692  -30.637  -32.187 1.0000000000
136955  28.667  -33.202  -34.594 0.8999999762
45487  30.463  -32.017  -33.370 0.8999999762
45490  28.864  -31.710  -34.479 0.8999999762
46567  30.470  -30.593  -32.949 1.0000000000
43344  27.728  -33.189  -35.164 0.8999999762
59393  24.183  -18.049  -37.774 0.4000000060
59383  26.264  -18.199  -36.380 0.4000000060
143221  29.179  -35.915  -27.991 1.0000000000
38832  31.541  -37.804  -30.495 0.8000000119
41539  22.373  -35.227  -31.025 0.8999999762
42432  26.683  -34.203  -28.864 1.0000000000
39712  31.534  -37.015  -30.222 0.8000000119
144468  23.617  -32.701  -28.671 0.8999999762
43281  31.295  -33.868  -29.654 0.8999999762
41537  31.617  -35.085  -30.157 0.8000000119
40607  30.995  -35.953  -32.407 0.8000000119
40622  30.313  -36.370  -33.212 0.8000000119
42482  30.706  -34.387  -33.006 0.8999999762
42491  28.557  -34.656  -34.602 0.8999999762
44294  31.129  -32.281  -30.243 0.8999999762
44328  29.191  -32.470  -34.277 0.8999999762
40542  25.875  -36.403  -27.423 0.8999999762
133559  26.461  -37.976  -27.190 1.0000000000
35159  24.897  -42.744  -25.283 0.6000000238
34230  22.960  -43.532  -25.213 0.4000000060
35160  23.645  -42.975  -25.002 0.4000000060
45444  29.618  -31.229  -29.606 1.0000000000
129122  30.984  -31.138  -31.479 0.8999999762
41595  26.890  -35.684  -36.736 0.6999999881
43363  24.979  -33.404  -37.027 0.8000000119
41465  26.784  -35.395  -26.802 0.8999999762
42506  29.196  -34.011  -36.994 0.6000000238
38774  27.189  -39.012  -25.485 0.6999999881
36118  22.825  -41.506  -24.637 0.4000000060
44329  28.439  -32.441  -34.761 0.8999999762
44336  25.083  -32.723  -35.885 0.8999999762
141779  24.358  -32.579  -36.396 0.8999999762
44349  28.281  -32.413  -37.646 0.6999999881
40526  27.746  -36.782  -25.701 0.8000000119
41464  27.736  -35.147  -26.311 0.8999999762
139492  29.722  -31.646  -33.915 0.8999999762
46574  28.339  -31.055  -34.847 0.8999999762
45491  28.256  -31.836  -34.906 0.8999999762
45497  24.723  -31.771  -35.740 0.8999999762
44248  28.433  -33.011  -25.952 0.8000000119
38761  24.639  -38.590  -23.301 0.5000000000
144838  25.731  -31.057  -35.557 0.8999999762
45421  28.560  -30.963  -27.151 0.8999999762
46503  28.815  -30.102  -27.548 0.8999999762
46598  27.057  -30.621  -37.574 0.6999999881
46589  22.841  -30.944  -36.063 0.8999999762
47705  24.479  -30.446  -37.390 0.8000000119
141433  26.437  -38.126  -23.464 0.6000000238
147860  28.738  -34.202  -24.003 0.8000000119
40508  27.291  -36.570  -23.188 0.6000000238
46494  30.058  -30.325  -26.245 0.6999999881
47586  29.837  -29.893  -27.109 0.6999999881
48757  28.636  -27.557  -31.055 1.0000000000
47671  26.335  -29.183  -35.065 1.0000000000
46585  22.271  -30.273  -36.114 0.8999999762
41429  27.072  -35.942  -22.696 0.6000000238
39645  25.697  -37.602  -23.042 0.5000000000
49746  28.299  -27.093  -30.285 0.8999999762
41411  26.557  -35.207  -22.373 0.5000000000
48793  21.959  -29.200  -35.585 0.8999999762
47551  30.485  -29.718  -23.802 0.6999999881
51779  29.485  -25.616  -30.673 0.8000000119
49790  20.564  -27.244  -35.504 0.8999999762
45379  28.786  -31.971  -21.695 0.5000000000
47552  29.831  -29.610  -23.274 0.6999999881
49734  31.419  -26.796  -28.035 0.6999999881
50866  21.865  -27.088  -36.418 0.8000000119
50758  31.913  -26.349  -26.343 0.6999999881
51744  31.977  -25.440  -27.484 0.6999999881
52894  29.103  -24.103  -32.280 0.8000000119
50836  20.258  -25.765  -34.901 0.8999999762
52810  31.739  -24.672  -25.414 0.6000000238
51855  23.188  -24.862  -36.776 0.6999999881
52928  23.105  -24.232  -35.048 0.8999999762
54013  23.425  -23.420  -37.818 0.6000000238
56053  23.156  -21.236  -37.227 0.6999999881
55030  24.837  -22.208  -38.785 0.6000000238
57204  21.916  -19.813  -38.821 0.6000000238
59395  22.474  -19.187  -38.361 0.6000000238
141701  25.560  -17.650  -36.807 0.4000000060
138277  24.755  -16.180  -40.855 0.4000000060
43340  28.155  -33.971  -34.901 0.8999999762
30532  27.952  -47.483  -27.554 0.4000000060
31454  26.861  -46.825  -27.875 0.4000000060
31467  26.210  -46.712  -28.545 0.4000000060
31453  28.246  -46.149  -27.548 0.4000000060
32418  26.588  -45.309  -28.550 0.4000000060
31482  25.813  -46.163  -29.242 0.4000000060
141881  28.808  -44.034  -27.573 0.3000000119
32417  27.197  -45.351  -27.907 0.4000000060
138720  29.578  -44.143  -27.789 0.4000000060
34265  30.661  -43.600  -28.569 0.4000000060
34280  31.065  -43.691  -29.329 0.4000000060
34279  31.330  -43.008  -29.783 0.4000000060
33347  26.351  -44.589  -29.170 0.5000000000
32432  26.009  -45.401  -29.255 0.4000000060
34253  27.966  -43.908  -27.603 0.4000000060
136389  27.405  -43.892  -28.126 0.4000000060
35193  29.842  -42.824  -27.802 0.5000000000
35192  30.525  -42.876  -28.253 0.4000000060
35191  30.977  -42.181  -28.558 0.4000000060
36167  31.499  -41.439  -29.784 0.5000000000
36176  31.514  -41.234  -30.801 0.5000000000
149060  31.513  -40.823  -31.299 0.6000000238
35229  31.127  -42.146  -32.054 0.5000000000
36193  30.961  -41.453  -32.874 0.4000000060
34282  26.516  -42.943  -29.601 0.5000000000
33360  26.073  -43.812  -29.742 0.5000000000
33361  25.468  -43.887  -30.487 0.5000000000
33375  24.960  -43.944  -31.174 0.5000000000
35195  27.800  -42.126  -28.367 0.6000000238
34281  27.185  -42.875  -28.871 0.6000000238
35194  28.345  -42.622  -27.806 0.5000000000
36159  28.276  -41.227  -28.201 0.6000000238
36146  29.592  -42.224  -27.749 0.5000000000
137135  30.295  -42.162  -28.026 0.5000000000
36156  30.728  -41.336  -28.334 0.4000000060
137438  31.462  -40.870  -29.349 0.6000000238
130378  31.568  -40.670  -30.090 0.6000000238
37088  31.566  -40.437  -30.909 0.6000000238
37099  31.507  -40.424  -31.647 0.6000000238
37115  31.246  -39.732  -32.771 0.6000000238
137314  30.800  -39.532  -33.446 0.6000000238
37109  31.314  -40.528  -32.463 0.6000000238
37116  30.842  -40.422  -33.459 0.6000000238
38006  30.210  -39.780  -34.136 0.6000000238
35205  26.213  -42.251  -30.091 0.5000000000
34294  25.861  -43.080  -30.282 0.5000000000
34295  25.268  -43.206  -30.914 0.5000000000
34304  24.727  -43.314  -31.618 0.5000000000
36168  27.484  -41.221  -28.803 0.6000000238
35204  26.975  -41.991  -29.395 0.6000000238
146417  29.027  -41.141  -27.825 0.6000000238
37075  27.910  -40.456  -28.476 0.6000000238
126549  29.607  -40.664  -27.906 0.5000000000
37958  28.499  -39.646  -28.249 0.6000000238
132924  30.964  -40.107  -28.494 0.6000000238
37955  31.308  -39.674  -28.906 0.6000000238
128216  31.551  -38.824  -31.449 0.6000000238
37997  30.265  -38.934  -33.850 0.6000000238
38870  29.383  -38.367  -34.307 0.6999999881
37090  25.500  -40.998  -30.697 0.6000000238
35220  24.933  -42.528  -31.318 0.5000000000
35221  24.238  -42.575  -32.253 0.5000000000
37082  27.195  -40.449  -29.098 0.6000000238
36169  26.948  -41.104  -29.471 0.6000000238
37089  26.067  -40.963  -30.281 0.6000000238
36194  23.566  -41.538  -32.661 0.5000000000
35231  23.244  -42.258  -33.350 0.5000000000
37967  26.938  -39.803  -29.259 0.6000000238
37957  30.017  -39.349  -28.091 0.6000000238
39748  29.440  -37.529  -34.087 0.6999999881
37976  25.791  -40.330  -30.382 0.6000000238
37091  25.022  -40.228  -30.876 0.6000000238
36186  24.499  -41.721  -31.748 0.6000000238
37968  26.488  -40.405  -29.788 0.6000000238
37978  24.460  -39.268  -31.187 0.6000000238
37101  24.151  -39.970  -31.668 0.6000000238
128011  22.646  -40.385  -33.143 0.6000000238
36195  22.422  -41.263  -33.611 0.6000000238
148827  25.791  -38.968  -30.056 0.6000000238
36202  21.361  -41.430  -34.273 0.5000000000
37959  27.546  -39.716  -28.708 0.6000000238
36203  20.753  -40.772  -34.112 0.6000000238
37977  25.360  -39.546  -30.509 0.6000000238
37102  23.009  -39.512  -32.684 0.6000000238
38820  25.537  -38.240  -30.096 0.6000000238
38833  24.802  -38.547  -30.636 0.6000000238
38834  23.640  -38.238  -31.552 0.6000000238
37110  21.541  -39.106  -33.490 0.6000000238
36196  21.195  -40.133  -34.056 0.6000000238
37969  26.440  -39.379  -29.603 0.6000000238
37104  20.635  -39.521  -33.645 0.6000000238
38818  27.073  -39.043  -29.016 0.6000000238
125708  28.304  -38.111  -28.325 0.6000000238
129443  28.539  -37.094  -34.549 0.6999999881
144435  27.723  -36.744  -35.173 0.6999999881
134170  25.538  -37.548  -29.920 0.6000000238
38835  22.961  -37.496  -32.069 0.6999999881
38846  21.519  -37.746  -32.929 0.6999999881
39699  26.163  -37.291  -29.469 0.6000000238
41572  27.545  -35.530  -35.292 0.6999999881
39713  23.785  -37.448  -31.147 0.6999999881
39701  24.556  -36.971  -30.474 0.6999999881
39729  22.483  -36.998  -31.856 0.6999999881
38847  22.037  -37.669  -32.536 0.6999999881
37991  20.988  -38.195  -33.398 0.6000000238
37987  21.000  -38.656  -32.422 0.6999999881
37093  21.564  -39.837  -31.693 0.6000000238
37103  20.670  -39.415  -32.883 0.5000000000
42500  26.577  -35.285  -36.223 0.8000000119
39714  23.304  -36.314  -31.295 0.6999999881
39715  22.639  -36.814  -31.843 0.6999999881
38836  22.065  -37.144  -31.356 0.6999999881
133938  21.702  -38.010  -31.764 0.6999999881
137023  21.997  -42.596  -31.736 0.5000000000
37972  22.418  -38.773  -30.479 0.6999999881
37092  22.504  -40.274  -30.578 0.6000000238
36179  22.288  -40.988  -30.998 0.6000000238
127000  26.619  -23.825  -34.316 0.6999999881
52877  30.741  -24.516  -30.591 0.6999999881
52886  29.525  -24.467  -31.599 0.6999999881
52868  31.766  -24.273  -29.298 0.6000000238
52876  31.403  -24.067  -30.119 0.6000000238
53931  28.719  -23.719  -33.013 0.6999999881
53956  25.858  -23.618  -34.770 0.6999999881
52858  32.034  -24.473  -28.446 0.6000000238
53910  30.988  -23.729  -30.814 0.6000000238
52885  30.297  -24.111  -31.251 0.6999999881
53930  29.466  -23.340  -32.659 0.6999999881
125702  32.286  -23.824  -27.649 0.6000000238
53955  27.480  -23.173  -34.572 0.6999999881
148758  26.613  -23.279  -34.880 0.6999999881
54985  25.333  -22.587  -35.801 0.6999999881
53897  31.936  -23.429  -29.528 0.6000000238
53909  31.535  -23.350  -30.302 0.6000000238
53920  30.588  -23.295  -31.489 0.6000000238
53942  28.358  -23.349  -33.896 0.6999999881
54970  26.891  -22.696  -35.226 0.6999999881
54984  26.234  -22.318  -35.689 0.6999999881
126273  32.217  -23.588  -28.568 0.6000000238
54933  31.261  -22.274  -31.194 0.5000000000
53929  30.183  -22.791  -32.286 0.6000000238
54955  29.381  -22.222  -33.445 0.5000000000
54968  28.222  -22.628  -34.458 0.6999999881
56033  27.652  -21.422  -35.256 0.6999999881
145082  26.333  -21.683  -35.940 0.6999999881
61426  28.000  -16.070  -38.259 0.3000000119
61427  27.629  -16.917  -38.444 0.3000000119
60445  26.361  -17.540  -39.539 0.3000000119
29596  26.783  -48.287  -27.974 0.4000000060
29597  26.161  -48.298  -28.475 0.3000000119
29613  25.569  -48.355  -29.074 0.4000000060
30531  28.579  -46.914  -27.628 0.3000000119
31468  25.573  -46.888  -29.300 0.4000000060
33337  29.814  -44.870  -28.020 0.4000000060
143256  25.367  -46.374  -29.709 0.4000000060
33336  30.360  -44.919  -28.639 0.4000000060
138087  30.889  -44.310  -29.647 0.4000000060
34293  31.012  -43.843  -30.424 0.4000000060
134840  31.402  -41.892  -31.295 0.5000000000
35230  30.587  -42.466  -32.833 0.4000000060
31496  24.658  -46.105  -30.951 0.4000000060
36201  30.512  -41.252  -33.736 0.5000000000
143349  24.470  -44.968  -31.888 0.5000000000
37998  29.318  -39.204  -34.549 0.6000000238
34305  24.302  -43.408  -32.275 0.5000000000
34314  23.797  -43.068  -32.822 0.5000000000
34315  23.242  -43.094  -33.689 0.5000000000
35241  22.247  -42.328  -34.190 0.5000000000
35242  21.141  -42.310  -34.586 0.4000000060
39755  28.378  -37.924  -34.729 0.6999999881
35233  20.655  -40.989  -33.927 0.5000000000
40633  27.145  -36.357  -35.618 0.6999999881
35222  21.124  -41.532  -32.834 0.5000000000
40643  26.714  -36.557  -36.039 0.8000000119
41583  26.701  -35.989  -36.306 0.6999999881
34306  21.849  -43.348  -32.070 0.5000000000
137802  22.722  -42.695  -30.704 0.6000000238
48688  30.833  -28.172  -23.739 0.6000000238
143883  32.256  -24.112  -26.909 0.6000000238
123844  32.286  -22.663  -28.791 0.5000000000
54920  31.602  -22.035  -30.698 0.5000000000
54943  30.596  -21.840  -32.201 0.5000000000
54944  29.939  -22.021  -32.855 0.5000000000
56021  28.777  -20.990  -34.313 0.5000000000
130674  28.191  -20.822  -34.919 0.5000000000
57160  27.383  -20.472  -35.562 0.5000000000
61433  26.729  -16.855  -39.588 0.3000000119
38808  27.401  -38.163  -28.725 0.6000000238
38807  27.914  -38.910  -28.490 0.6000000238
126237  29.417  -39.920  -27.995 0.6000000238
38823  22.265  -37.680  -30.687 0.8000000119
38869  30.254  -38.087  -33.523 0.6999999881
40623  29.511  -36.681  -33.902 0.6999999881
41571  28.344  -35.444  -34.722 0.6999999881
53972  25.071  -23.290  -35.329 0.6999999881
141814  26.620  -20.543  -36.083 0.6000000238
41582  26.796  -35.859  -35.884 0.8000000119
40655  26.913  -36.401  -36.443 0.6999999881
53921  29.860  -23.682  -31.920 0.6999999881
131162  27.422  -46.187  -27.674 0.4000000060
33325  28.306  -44.685  -27.535 0.4000000060
32401  29.436  -45.561  -27.871 0.3000000119
34252  28.505  -43.288  -27.635 0.5000000000
33348  25.596  -44.760  -29.939 0.5000000000
34303  30.992  -43.329  -31.222 0.3000000119
142971  30.194  -42.688  -33.431 0.4000000060
31523  24.337  -45.918  -31.842 0.5000000000
36180  21.351  -40.628  -32.219 0.6000000238
53971  26.043  -22.998  -35.328 0.6999999881
54921  31.267  -22.842  -30.899 0.6000000238
53941  29.113  -22.989  -33.379 0.6999999881
133447  31.971  -22.527  -29.949 0.6000000238
54934  30.876  -22.474  -31.617 0.5000000000
148759  29.637  -22.686  -32.949 0.6000000238
54956  28.804  -22.455  -33.991 0.6999999881
54969  27.688  -22.286  -34.993 0.6999999881
54983  27.000  -21.945  -35.538 0.6999999881
56004  31.237  -21.645  -31.415 0.5000000000
135105  29.055  -21.657  -33.942 0.5000000000
134301  28.405  -21.763  -34.592 0.5000000000
56043  26.834  -21.184  -35.799 0.6999999881
54886  32.247  -22.005  -28.000 0.5000000000
130262  30.155  -21.060  -32.724 0.5000000000
57151  28.534  -20.262  -34.511 0.5000000000
39757  26.790  -37.184  -35.903 0.6000000238
39770  26.803  -36.963  -36.165 0.6000000238
41593  28.275  -35.589  -36.870 0.5000000000
127590  26.955  -37.111  -36.396 0.6000000238
124838  27.265  -35.910  -36.825 0.6000000238
42505  30.078  -34.479  -36.299 0.5000000000
130880  29.105  -34.854  -36.768 0.5000000000
41594  27.453  -35.269  -37.072 0.6000000238
33340  23.919  -44.623  -28.842 0.5000000000
43343  30.788  -33.779  -35.995 0.5000000000
43342  31.481  -33.610  -35.750 0.5000000000
33339  24.503  -44.679  -27.884 0.4000000060
32419  24.019  -45.486  -28.174 0.4000000060
32390  24.083  -45.788  -26.498 0.4000000060
43352  30.131  -33.488  -36.537 0.5000000000
44332  31.915  -33.105  -35.808 0.5000000000
43351  31.094  -33.008  -36.149 0.5000000000
32379  23.525  -45.701  -25.885 0.4000000060
45501  32.149  -31.790  -36.584 0.5000000000
44340  31.729  -32.386  -36.242 0.5000000000
32380  22.793  -45.548  -25.605 0.4000000060
37914  24.328  -40.027  -23.874 0.4000000060
37915  23.493  -40.054  -24.020 0.4000000060
37027  23.183  -40.778  -24.332 0.4000000060
37028  22.330  -40.733  -24.589 0.3000000119
43187  26.070  -33.707  -21.647 0.4000000060
42352  25.895  -34.574  -21.861 0.4000000060
39646  24.782  -37.877  -22.979 0.4000000060
125400  24.047  -38.113  -23.097 0.4000000060
39636  23.952  -37.355  -22.839 0.4000000060
38762  23.672  -38.746  -23.442 0.4000000060
40496  23.350  -36.612  -22.748 0.4000000060
39647  23.330  -37.918  -23.252 0.4000000060
37900  23.044  -39.336  -23.822 0.4000000060
38763  22.259  -39.224  -24.194 0.4000000060
41412  25.552  -35.359  -22.211 0.4000000060
42353  24.848  -34.781  -21.788 0.4000000060
39635  24.932  -37.076  -22.698 0.4000000060
44186  26.233  -32.778  -21.600 0.4000000060
134956  25.160  -33.912  -21.589 0.4000000060
129732  24.211  -34.130  -21.629 0.4000000060
40495  24.222  -36.431  -22.527 0.4000000060
41414  23.505  -35.735  -22.353 0.4000000060
40497  22.838  -36.098  -22.737 0.4000000060
123957  22.660  -38.459  -23.700 0.4000000060
125599  22.434  -34.573  -22.260 0.4000000060
40512  21.728  -36.404  -23.584 0.4000000060
45378  28.928  -31.300  -22.519 0.4000000060
43188  25.319  -33.024  -21.548 0.4000000060
141154  24.493  -33.296  -21.549 0.4000000060
137745  29.534  -30.190  -22.978 0.5000000000
46467  28.487  -30.920  -21.676 0.4000000060
45357  26.603  -31.896  -21.687 0.4000000060
137090  24.553  -32.453  -21.532 0.4000000060
44187  23.774  -32.823  -21.548 0.4000000060
43189  23.731  -33.574  -21.604 0.4000000060
141440  23.130  -34.997  -22.084 0.4000000060
43190  22.539  -33.830  -21.930 0.4000000060
41416  21.928  -35.135  -22.819 0.4000000060
48672  30.301  -28.999  -23.550 0.5000000000
147699  29.554  -28.975  -23.097 0.5000000000
47554  28.391  -29.867  -22.479 0.5000000000
46446  26.939  -30.904  -21.954 0.4000000060
137608  25.954  -31.236  -21.700 0.4000000060
45358  25.458  -31.972  -21.575 0.4000000060
140441  23.030  -33.345  -21.668 0.4000000060
47553  29.129  -29.477  -22.724 0.5000000000
47535  27.475  -30.043  -22.315 0.4000000060
46447  25.761  -30.484  -21.978 0.4000000060
137089  25.079  -31.009  -21.701 0.4000000060
137442  28.465  -29.039  -22.663 0.4000000060
47555  27.627  -29.049  -22.579 0.4000000060
47536  26.749  -29.338  -22.468 0.4000000060
146856  26.104  -29.485  -22.410 0.4000000060
46448  24.798  -30.206  -22.072 0.4000000060
49690  27.961  -27.103  -23.392 0.4000000060
50719  27.043  -26.738  -23.536 0.4000000060
49670  26.572  -27.532  -23.287 0.4000000060
48675  26.181  -28.155  -22.881 0.4000000060
49671  25.622  -27.599  -23.323 0.4000000060
49687  30.953  -27.169  -23.843 0.5000000000
50731  29.288  -26.320  -23.712 0.5000000000
49689  28.795  -27.107  -23.420 0.4000000060
50733  26.309  -26.109  -23.914 0.4000000060
50720  26.012  -26.846  -23.603 0.4000000060
50721  25.106  -26.968  -23.689 0.3000000119
50746  31.527  -26.070  -24.794 0.5000000000
49669  28.412  -27.786  -23.174 0.5000000000
48674  28.082  -28.337  -22.827 0.4000000060
149205  26.764  -28.690  -22.629 0.4000000060
48660  25.923  -28.895  -22.551 0.4000000060
48661  25.112  -28.905  -22.565 0.4000000060
133315  27.546  -27.623  -23.219 0.4000000060
48676  25.306  -28.263  -22.868 0.4000000060
50730  30.411  -26.419  -23.840 0.5000000000
50732  28.043  -26.276  -23.693 0.4000000060
133206  27.065  -25.971  -23.873 0.4000000060
50734  25.464  -26.262  -24.050 0.3000000119
51718  31.322  -25.198  -24.795 0.5000000000
51704  29.824  -25.640  -24.158 0.5000000000
51705  28.573  -25.496  -24.243 0.4000000060
51706  27.473  -25.512  -24.279 0.4000000060
51707  26.603  -25.512  -24.347 0.4000000060
50735  24.584  -26.395  -24.203 0.3000000119
49691  24.304  -27.030  -23.769 0.3000000119
52811  30.900  -24.198  -24.918 0.5000000000
141307  32.168  -24.127  -26.059 0.5000000000
52813  28.609  -24.171  -24.753 0.3000000119
52796  28.395  -24.747  -24.569 0.4000000060
52798  26.916  -24.935  -24.634 0.4000000060
51708  25.805  -25.591  -24.419 0.3000000119
145423  24.323  -25.791  -24.618 0.3000000119
50736  23.746  -26.273  -24.469 0.3000000119
52812  29.695  -24.148  -24.729 0.3000000119
53821  31.593  -23.950  -25.494 0.4000000060
53839  31.747  -23.351  -25.891 0.4000000060
53880  32.346  -22.910  -27.761 0.4000000060
133174  27.895  -24.341  -24.757 0.3000000119
52797  27.713  -24.894  -24.577 0.3000000119
51721  25.349  -25.011  -24.934 0.3000000119
51709  25.009  -25.693  -24.524 0.3000000119
51710  22.992  -25.898  -24.853 0.3000000119
50747  22.178  -26.268  -24.779 0.3000000119
51722  24.530  -25.196  -25.069 0.3000000119
51723  23.749  -25.533  -24.987 0.3000000119
51724  22.254  -25.558  -25.376 0.3000000119
53822  31.046  -23.429  -25.416 0.3000000119
54847  31.630  -22.600  -26.306 0.3000000119
54908  32.136  -21.660  -29.055 0.4000000060
127017  31.951  -21.656  -30.012 0.4000000060
57122  31.349  -20.641  -31.214 0.4000000060
56020  29.571  -21.445  -33.380 0.4000000060
54835  29.333  -22.825  -25.522 0.3000000119
53824  28.904  -23.536  -25.168 0.3000000119
53823  30.056  -23.477  -25.187 0.3000000119
54834  30.406  -22.777  -25.559 0.3000000119
55930  31.352  -21.760  -26.583 0.3000000119
135148  31.916  -21.268  -28.164 0.3000000119
55959  31.737  -20.742  -28.711 0.3000000119
55982  31.821  -20.936  -29.671 0.4000000060
57114  31.554  -20.312  -30.274 0.4000000060
56011  30.876  -20.934  -32.006 0.4000000060
57131  29.978  -20.133  -32.830 0.4000000060
57140  29.577  -20.636  -33.361 0.4000000060
141002  29.241  -21.019  -33.825 0.4000000060
54848  30.853  -22.194  -25.962 0.3000000119
57096  31.501  -20.099  -29.296 0.3000000119
57130  30.500  -20.345  -32.345 0.4000000060
57141  29.006  -20.290  -33.920 0.4000000060
132703  28.413  -18.598  -34.462 0.4000000060
58237  28.436  -19.526  -34.570 0.4000000060
58247  27.345  -19.492  -35.631 0.4000000060
57161  26.717  -19.890  -36.101 0.5000000000
58186  30.947  -18.891  -30.582 0.3000000119
141999  30.807  -19.222  -31.439 0.3000000119
58217  30.372  -19.536  -32.247 0.4000000060
58218  29.806  -19.418  -32.827 0.4000000060
59349  29.364  -18.817  -33.204 0.4000000060
58228  28.868  -19.353  -33.920 0.4000000060
59350  28.813  -18.477  -33.793 0.3000000119
58238  27.927  -19.015  -35.138 0.4000000060
59372  27.204  -18.468  -35.695 0.3000000119
58248  26.602  -19.085  -36.183 0.3000000119
58261  25.942  -19.535  -36.494 0.4000000060
127833  25.817  -18.844  -36.586 0.3000000119
58167  30.804  -18.621  -29.719 0.3000000119
59318  30.574  -18.426  -31.146 0.3000000119
59339  30.382  -18.818  -31.829 0.3000000119
59340  29.923  -18.800  -32.430 0.3000000119
60405  28.997  -17.880  -33.296 0.3000000119
60417  28.532  -17.741  -34.084 0.3000000119
59362  27.871  -18.149  -35.035 0.3000000119
136515  27.408  -17.595  -35.423 0.3000000119
59293  30.543  -18.152  -30.332 0.3000000119
59319  30.096  -18.151  -31.786 0.3000000119
60404  29.552  -18.012  -32.542 0.3000000119
138979  28.715  -17.188  -33.444 0.3000000119
60418  27.972  -17.325  -34.753 0.3000000119
59373  26.852  -17.714  -35.962 0.3000000119
141900  27.488  -16.884  -35.250 0.3000000119
61418  26.514  -16.361  -36.192 0.3000000119
48689  29.758  -28.299  -23.308 0.5000000000
39756  27.498  -37.545  -35.339 0.6000000238
141267  26.743  -37.909  -35.928 0.5000000000
39781  26.806  -37.808  -36.221 0.5000000000
125823  27.756  -37.077  -36.644 0.5000000000
39780  27.115  -37.886  -36.582 0.5000000000
41580  31.584  -35.264  -35.478 0.5000000000
40652  29.961  -36.299  -35.988 0.5000000000
136135  28.681  -36.320  -36.576 0.5000000000
36171  23.030  -41.194  -30.055 0.6000000238
35214  22.880  -41.928  -30.418 0.6000000238
138198  23.312  -42.663  -30.024 0.6000000238
34296  23.279  -43.526  -30.073 0.5000000000
33349  23.449  -44.460  -29.684 0.5000000000
32434  23.519  -45.345  -29.290 0.5000000000
123185  23.422  -46.716  -28.856 0.5000000000
31455  23.854  -46.655  -26.974 0.4000000060
31444  23.482  -46.481  -26.210 0.4000000060
31434  22.951  -46.321  -25.782 0.4000000060
32381  21.895  -45.429  -25.572 0.4000000060
147895  21.458  -42.589  -25.459 0.3000000119
36128  21.984  -41.430  -24.953 0.3000000119
37917  21.868  -39.956  -24.551 0.4000000060
39654  21.830  -38.466  -24.206 0.4000000060
41432  21.482  -35.599  -23.403 0.4000000060
45359  23.632  -31.823  -21.576 0.4000000060
136143  21.911  -33.884  -22.290 0.4000000060
42356  21.216  -33.968  -22.679 0.4000000060
44188  22.867  -32.505  -21.625 0.4000000060
137088  24.039  -30.802  -21.757 0.4000000060
44189  22.039  -32.200  -21.828 0.4000000060
127815  24.664  -27.729  -23.338 0.4000000060
136586  23.938  -27.534  -23.530 0.4000000060
47538  24.444  -29.366  -22.477 0.4000000060
48677  24.508  -28.495  -22.822 0.4000000060
49692  23.571  -27.004  -23.927 0.3000000119
50737  22.893  -26.623  -24.401 0.3000000119
49693  22.725  -27.308  -23.905 0.3000000119
135502  32.044  -33.888  -35.573 0.5000000000
139036  21.139  -44.001  -25.681 0.4000000060
41442  21.033  -36.066  -23.984 0.4000000060
42372  21.193  -34.748  -23.168 0.4000000060
137201  22.984  -31.004  -21.731 0.4000000060
33304  22.378  -44.774  -25.487 0.4000000060
42507  28.370  -34.733  -37.152 0.5000000000
44185  27.298  -32.789  -21.858 0.4000000060
147457  31.315  -27.068  -24.318 0.5000000000
53858  32.186  -23.288  -26.749 0.5000000000
45356  27.745  -31.904  -22.081 0.4000000060
55996  31.671  -21.197  -30.575 0.4000000060
57152  28.039  -19.940  -35.120 0.4000000060
149190  28.707  -19.876  -34.214 0.4000000060
40654  27.523  -36.432  -36.713 0.6000000238
41592  29.489  -35.490  -36.410 0.5000000000
41581  30.576  -35.314  -35.783 0.5000000000
40510  23.132  -37.246  -23.060 0.4000000060
40511  22.536  -36.724  -23.197 0.4000000060
39648  22.604  -37.572  -23.463 0.4000000060
145269  22.091  -37.888  -23.847 0.4000000060
46466  28.998  -30.486  -22.577 0.5000000000
43191  22.147  -33.115  -21.924 0.4000000060
42355  21.716  -34.466  -22.624 0.4000000060
49668  29.126  -27.810  -23.233 0.5000000000
47537  25.474  -29.635  -22.350 0.4000000060
51703  30.856  -25.797  -24.316 0.5000000000
49688  29.923  -27.305  -23.493 0.5000000000
51719  30.369  -24.986  -24.508 0.5000000000
52795  29.233  -24.846  -24.493 0.4000000060
53840  31.201  -22.812  -25.746 0.3000000119
54864  32.070  -22.306  -27.081 0.4000000060
58205  30.955  -20.054  -31.760 0.4000000060
54849  29.786  -22.105  -25.862 0.3000000119
130673  29.431  -19.782  -33.354 0.4000000060
58185  31.231  -19.391  -29.867 0.3000000119
57115  31.239  -19.724  -30.893 0.3000000119
60387  29.187  -17.048  -32.611 0.3000000119
60426  26.975  -17.017  -35.810 0.3000000119
43192  21.439  -33.367  -22.365 0.4000000060
35243  20.836  -41.986  -34.339 0.4000000060
35232  20.733  -42.086  -33.694 0.4000000060
33389  20.700  -43.488  -33.960 0.4000000060
33377  21.508  -43.989  -32.594 0.3000000119
136327  21.293  -42.526  -32.724 0.4000000060
134640  21.959  -44.946  -31.906 0.3000000119
37122  29.113  -40.609  -35.167 0.5000000000
34297  22.544  -43.492  -31.000 0.5000000000
123734  22.524  -45.187  -30.778 0.3000000119
38007  29.260  -39.984  -34.862 0.5000000000
127334  28.154  -39.450  -35.359 0.5000000000
38014  28.160  -40.178  -35.676 0.5000000000
33362  22.939  -44.344  -30.493 0.4000000060
38879  28.237  -38.705  -35.000 0.5000000000
38015  27.157  -39.564  -36.398 0.3000000119
129343  27.312  -38.278  -35.534 0.5000000000
38008  27.143  -38.953  -35.833 0.4000000060
38892  26.899  -39.009  -36.434 0.4000000060
38028  27.179  -39.904  -37.136 0.3000000119
38893  27.071  -39.417  -36.759 0.3000000119
38908  27.217  -39.246  -37.016 0.3000000119
123997  27.401  -38.516  -36.800 0.3000000119
39768  29.240  -37.715  -36.327 0.3000000119
38891  28.432  -38.283  -36.659 0.3000000119
39779  28.006  -37.732  -36.694 0.4000000060
127113  26.980  -38.723  -36.518 0.4000000060
30523  23.311  -47.941  -26.777 0.3000000119
40641  30.859  -36.870  -35.648 0.4000000060
39767  30.448  -37.711  -35.845 0.4000000060
40653  28.930  -37.021  -36.417 0.4000000060
31445  22.960  -47.117  -25.945 0.3000000119
33305  21.472  -44.670  -25.623 0.3000000119
38768  21.466  -39.169  -24.604 0.3000000119
39655  21.465  -37.700  -24.239 0.3000000119
38769  21.050  -38.372  -24.667 0.3000000119
40518  21.244  -36.868  -24.181 0.3000000119
39656  20.652  -37.417  -24.812 0.3000000119
40519  20.573  -36.447  -24.601 0.3000000119
42373  20.588  -34.067  -23.239 0.3000000119
44190  21.348  -31.922  -22.119 0.3000000119
136172  21.347  -32.661  -22.237 0.3000000119
43206  20.635  -33.211  -22.680 0.3000000119
44206  19.883  -32.676  -22.842 0.3000000119
43216  19.561  -33.969  -24.240 0.3000000119
47539  23.561  -29.501  -22.512 0.3000000119
46449  23.301  -30.215  -22.173 0.3000000119
45360  21.968  -31.266  -21.925 0.3000000119
45361  20.959  -31.293  -22.299 0.3000000119
44191  20.485  -32.161  -22.461 0.3000000119
48662  23.762  -28.789  -22.787 0.3000000119
48663  23.107  -29.017  -22.799 0.3000000119
47541  21.904  -29.684  -22.628 0.3000000119
46451  21.464  -30.501  -22.379 0.3000000119
46452  20.508  -30.582  -22.519 0.3000000119
47557  21.395  -29.037  -23.027 0.3000000119
47542  20.943  -29.810  -22.656 0.3000000119
134904  23.883  -28.132  -23.218 0.3000000119
48678  23.160  -28.443  -23.188 0.3000000119
47556  22.381  -28.866  -23.032 0.3000000119
37121  29.986  -40.708  -34.413 0.5000000000
31435  22.229  -46.822  -25.688 0.3000000119
46450  22.406  -30.382  -22.242 0.3000000119
43207  19.822  -33.457  -23.462 0.3000000119
47540  22.775  -29.601  -22.556 0.3000000119
123190  23.045  -45.770  -30.054 0.3000000119
123189  23.353  -46.100  -29.402 0.3000000119
30545  23.375  -47.579  -28.594 0.3000000119
30589  24.413  -46.962  -31.410 0.4000000060
30590  24.062  -47.652  -31.933 0.4000000060
30604  23.950  -46.790  -32.265 0.4000000060
30620  23.514  -46.843  -33.856 0.4000000060
31549  23.219  -46.174  -34.875 0.3000000119
32477  24.040  -45.258  -32.487 0.4000000060
32478  23.658  -45.324  -33.219 0.4000000060
32486  23.276  -44.790  -34.229 0.4000000060
34313  30.684  -43.129  -32.071 0.3000000119
138818  23.690  -44.642  -33.114 0.4000000060
32494  22.113  -44.551  -35.281 0.3000000119
132483  21.053  -44.123  -35.457 0.3000000119
33406  22.539  -44.013  -34.700 0.4000000060
31551  20.591  -45.513  -34.907 0.3000000119
32497  20.834  -45.366  -35.520 0.3000000119
32487  20.751  -45.045  -34.201 0.3000000119
34324  22.174  -43.170  -34.569 0.4000000060
34335  20.814  -43.153  -34.870 0.3000000119
138544  20.647  -44.130  -34.423 0.3000000119
30605  23.647  -47.491  -32.902 0.4000000060
129974  23.646  -46.624  -33.059 0.4000000060
135900  21.137  -45.602  -33.171 0.3000000119
31495  24.986  -46.221  -30.234 0.3000000119
31525  20.796  -46.145  -33.732 0.3000000119
28665  25.404  -49.174  -29.192 0.4000000060
29584  27.522  -48.250  -27.675 0.4000000060
30533  27.135  -47.562  -27.737 0.4000000060
30534  23.429  -47.811  -27.618 0.3000000119
30543  26.466  -47.554  -28.153 0.3000000119
30544  25.852  -47.579  -28.815 0.4000000060
30560  25.267  -47.633  -29.534 0.4000000060
30579  24.714  -46.873  -30.607 0.3000000119
30621  20.663  -47.097  -33.781 0.3000000119
31452  29.046  -46.268  -27.749 0.3000000119
31466  26.727  -46.043  -28.100 0.4000000060
31469  23.791  -46.320  -27.969 0.4000000060
31524  23.787  -45.984  -32.715 0.4000000060
31541  23.498  -45.878  -33.819 0.4000000060
32389  24.450  -45.095  -26.485 0.5000000000
32402  28.693  -45.473  -27.583 0.4000000060
32403  27.870  -45.392  -27.564 0.4000000060
32405  24.145  -45.961  -27.298 0.4000000060
32433  25.454  -45.715  -29.810 0.4000000060
32444  25.012  -45.430  -30.467 0.4000000060
32445  23.171  -45.037  -30.086 0.5000000000
32461  24.683  -45.262  -31.202 0.5000000000
32496  20.698  -44.379  -35.144 0.3000000119
33311  24.579  -44.487  -26.133 0.5000000000
33324  29.144  -44.796  -27.622 0.3000000119
33326  27.602  -44.620  -27.743 0.4000000060
33338  27.019  -44.586  -28.404 0.4000000060
33346  30.671  -44.926  -29.394 0.4000000060
33363  22.295  -44.243  -31.422 0.5000000000
33376  24.518  -44.111  -31.937 0.5000000000
33388  23.839  -43.859  -32.810 0.4000000060
33398  23.295  -43.919  -33.930 0.4000000060
33399  20.670  -43.499  -34.806 0.3000000119
33407  21.430  -43.701  -35.168 0.3000000119
33408  20.832  -43.572  -35.126 0.3000000119
34227  25.304  -42.928  -25.692 0.6999999881
34229  23.932  -43.668  -25.282 0.5000000000
34240  25.063  -43.927  -26.510 0.6000000238
34251  29.343  -43.426  -27.668 0.5000000000
34266  30.045  -43.513  -27.972 0.4000000060
34267  27.717  -43.135  -28.011 0.6000000238
34268  26.852  -43.728  -28.984 0.6000000238
34292  31.248  -43.005  -30.624 0.5000000000
34302  31.208  -42.625  -31.301 0.5000000000
34316  20.987  -42.999  -33.268 0.4000000060
34317  20.641  -42.667  -34.098 0.4000000060
34325  20.726  -42.910  -34.564 0.4000000060
34334  21.010  -43.053  -34.999 0.4000000060
35143  25.158  -42.042  -24.927 0.6000000238
35145  23.318  -42.255  -24.754 0.4000000060
35158  25.409  -42.414  -25.415 0.6999999881
35161  22.886  -42.777  -25.046 0.4000000060
35162  22.072  -42.887  -25.311 0.4000000060
35171  25.759  -42.472  -25.941 0.6999999881
35181  29.078  -42.714  -27.636 0.5000000000
35197  24.891  -42.340  -28.291 0.6000000238
35202  31.362  -42.217  -29.328 0.5000000000
35203  31.147  -42.959  -28.878 0.4000000060
35207  23.594  -42.039  -29.717 0.6999999881
35212  31.442  -42.206  -30.411 0.4000000060
35213  25.574  -42.427  -30.663 0.5000000000
35215  22.093  -41.769  -31.417 0.6000000238
35240  30.393  -42.008  -33.535 0.4000000060
35252  20.860  -42.778  -34.684 0.4000000060
36137  26.315  -41.182  -25.611 0.6000000238
36155  31.313  -41.446  -28.932 0.6000000238
36157  29.796  -41.471  -27.849 0.5000000000
36158  28.815  -41.917  -27.787 0.5000000000
36160  25.151  -41.091  -28.234 0.6000000238
36177  26.447  -41.401  -29.943 0.6000000238
36178  25.859  -41.648  -30.444 0.6000000238
36184  31.404  -41.223  -31.801 0.6000000238
36185  25.208  -41.748  -30.983 0.5000000000
36187  23.842  -40.738  -32.135 0.5000000000
36188  20.662  -40.255  -33.442 0.5000000000
36197  20.599  -40.156  -33.943 0.6000000238
37023  26.134  -40.659  -24.765 0.6000000238
37024  25.756  -40.333  -24.334 0.6000000238
37039  21.537  -40.668  -24.933 0.4000000060
37071  31.224  -40.598  -28.780 0.4000000060
37072  30.745  -40.607  -28.352 0.6000000238
37073  30.291  -40.142  -28.137 0.5000000000
37074  28.759  -40.501  -28.042 0.6000000238
37081  31.495  -40.190  -29.464 0.6000000238
37084  23.149  -40.423  -29.780 0.6000000238
37100  24.771  -40.944  -31.316 0.6000000238
37111  20.754  -39.200  -33.631 0.6000000238
37117  20.651  -39.899  -33.906 0.6000000238
37897  25.384  -39.130  -23.575 0.6000000238
37898  24.486  -39.311  -23.572 0.5000000000
37899  23.770  -39.487  -23.706 0.4000000060
37911  27.008  -39.266  -24.600 0.6999999881
37913  25.190  -39.875  -23.850 0.6000000238
37916  22.678  -40.013  -24.246 0.4000000060
37923  26.868  -39.833  -25.312 0.6000000238
37936  26.895  -39.482  -26.213 0.8000000119
37947  26.542  -38.980  -27.046 0.6999999881
37948  26.001  -39.371  -27.561 1.0000000000
37956  30.771  -39.508  -28.432 0.6000000238
37961  24.967  -39.554  -28.423 0.6999999881
37979  22.666  -39.688  -30.222 0.8000000119
37980  22.030  -39.205  -31.197 0.6000000238
37984  31.574  -39.636  -31.280 0.6000000238
37985  23.360  -38.812  -32.149 0.6000000238
37986  21.946  -38.268  -33.028 0.6999999881
37989  31.448  -39.212  -32.120 0.8000000119
37992  20.675  -38.677  -33.277 0.6999999881
38759  27.046  -38.643  -23.906 0.6999999881
38784  27.336  -38.152  -25.752 0.8999999762
38804  30.573  -38.764  -28.388 0.6000000238
38810  24.287  -37.813  -28.599 0.8999999762
38811  23.452  -37.462  -29.081 0.8999999762
38819  26.362  -38.251  -29.450 0.6000000238
38822  22.780  -37.550  -29.753 0.8999999762
38845  22.462  -37.829  -32.434 0.6999999881
38858  20.979  -37.767  -32.992 0.6999999881
38907  28.111  -38.957  -36.932 0.3000000119
39649  21.934  -37.202  -23.733 0.4000000060
39660  27.508  -37.627  -25.135 0.6999999881
39675  25.998  -37.216  -27.465 0.8999999762
39676  25.611  -37.685  -27.750 0.8999999762
39700  24.895  -37.785  -30.421 0.6000000238
39740  30.949  -37.826  -32.699 0.8000000119
39769  26.800  -38.486  -36.190 0.4000000060
40494  25.189  -36.205  -22.474 0.4000000060
40506  28.241  -35.864  -23.893 0.6999999881
40509  25.876  -36.811  -22.727 0.5000000000
40553  27.576  -36.628  -28.522 1.0000000000
40554  26.897  -36.492  -28.850 0.8999999762
40555  24.577  -36.617  -28.174 0.8999999762
40571  22.411  -35.878  -30.156 0.8999999762
40572  22.114  -35.545  -30.825 0.8999999762
40591  23.009  -35.424  -31.207 0.6999999881
40592  22.461  -35.934  -31.396 0.6999999881
40593  22.206  -35.456  -31.045 0.8999999762
40632  27.899  -36.060  -35.050 0.6999999881
40642  29.908  -37.114  -35.936 0.4000000060
41413  24.522  -35.578  -22.196 0.4000000060
41415  22.658  -35.424  -22.513 0.4000000060
41428  27.850  -35.786  -23.238 0.6000000238
41431  22.199  -35.900  -23.054 0.4000000060
41474  25.314  -35.482  -27.569 0.8999999762
41489  28.306  -35.678  -28.222 1.0000000000
41493  22.511  -34.637  -29.751 0.8999999762
41514  31.020  -35.038  -28.850 0.8999999762
41519  22.233  -35.100  -30.682 0.8999999762
41548  31.274  -35.157  -31.910 0.8000000119
41554  30.768  -35.117  -32.778 0.8000000119
42350  28.100  -34.437  -22.602 0.5000000000
42354  23.888  -34.935  -21.866 0.4000000060
42369  28.553  -34.693  -23.663 0.6999999881
42413  24.924  -33.859  -27.594 0.8999999762
42428  30.321  -34.687  -28.519 1.0000000000
42433  23.381  -33.581  -28.796 0.8999999762
42449  25.880  -33.869  -29.250 0.8999999762
42451  23.102  -34.128  -30.284 0.8999999762
42460  22.461  -34.712  -30.444 0.8999999762
42498  31.262  -34.399  -35.649 0.5000000000
43186  26.854  -33.483  -21.801 0.4000000060
43226  28.533  -33.687  -25.412 0.8000000119
43267  30.119  -33.829  -28.619 1.0000000000
43283  29.869  -33.019  -28.825 1.0000000000
43285  24.205  -33.011  -29.661 0.8999999762
43286  23.388  -33.301  -29.645 0.8999999762
43339  28.873  -33.884  -34.421 0.8999999762
43354  25.806  -34.149  -36.623 0.8999999762
43360  27.949  -33.728  -37.555 0.6000000238
44269  23.890  -31.834  -28.609 0.8999999762
44333  27.886  -32.328  -35.129 0.8999999762
44337  24.299  -32.439  -36.062 0.8999999762
44342  28.914  -32.671  -37.525 0.6000000238
45436  24.321  -31.221  -28.345 0.8999999762
45447  24.677  -31.003  -29.082 1.0000000000
45448  24.257  -31.281  -28.833 1.0000000000
45483  30.865  -31.379  -32.630 0.8999999762
45499  23.324  -31.483  -36.026 0.8999999762
45516  23.805  -31.823  -36.769 0.8999999762
46520  24.628  -30.857  -28.705 1.0000000000
46535  26.218  -29.263  -29.067 1.0000000000
46556  30.543  -30.247  -31.426 1.0000000000
46601  23.455  -31.141  -36.947 0.8999999762
47627  26.144  -29.291  -29.005 1.0000000000
47645  30.207  -29.549  -31.477 1.0000000000
47661  29.930  -29.006  -33.071 1.0000000000
47706  23.499  -30.712  -37.042 0.8999999762
48673  28.966  -28.535  -22.871 0.5000000000
48813  30.202  -28.812  -38.102 0.6000000238
50729  31.183  -26.558  -24.264 0.5000000000
50803  28.368  -26.649  -30.656 0.8000000119
50815  27.976  -26.114  -32.305 0.8000000119
50822  27.159  -26.064  -33.137 0.8999999762
50853  20.107  -26.430  -35.717 0.8000000119
50868  20.238  -26.325  -36.045 0.8000000119
51720  26.136  -24.954  -24.750 0.3000000119
51792  28.540  -25.457  -31.603 0.8000000119
51802  27.641  -25.087  -32.718 0.8000000119
51844  19.846  -25.707  -35.525 0.8000000119
51857  20.001  -25.491  -36.062 0.8000000119
52901  28.060  -24.085  -33.349 0.6999999881
52915  20.423  -25.041  -35.013 0.8999999762
52931  20.136  -24.837  -35.597 0.8000000119
52950  19.913  -25.303  -35.741 0.8000000119
54014  21.972  -23.210  -37.602 0.6000000238
57186  21.291  -20.501  -38.106 0.6000000238
57203  22.453  -19.935  -39.183 0.6000000238
124508  31.569  -38.791  -30.395 0.8000000119
125359  30.273  -40.845  -28.064 0.5000000000
125476  29.270  -39.243  -28.027 0.6999999881
125620  28.759  -37.413  -28.099 0.8999999762
125802  23.608  -45.976  -28.742 0.5000000000
126010  28.985  -38.087  -28.010 0.8000000119
126635  22.160  -37.429  -32.317 0.6999999881
127268  31.466  -39.905  -32.071 0.6000000238
128771  30.939  -29.792  -38.344 0.6000000238
128966  23.599  -47.078  -27.824 0.4000000060
129222  23.259  -34.211  -21.785 0.4000000060
129268  26.272  -45.924  -28.709 0.4000000060
129346  28.996  -35.218  -28.028 1.0000000000
130070  30.728  -44.296  -28.930 0.4000000060
130543  23.356  -47.273  -26.462 0.3000000119
130999  23.576  -47.371  -27.070 0.3000000119
131173  26.658  -31.061  -29.413 1.0000000000
131919  25.031  -44.621  -30.757 0.4000000060
132178  31.164  -36.036  -35.545 0.4000000060
132194  27.080  -37.703  -26.522 0.8999999762
133170  28.751  -30.293  -34.511 0.8999999762
133289  28.759  -33.965  -23.420 0.6000000238
133912  30.850  -32.621  -29.643 0.8999999762
134135  29.212  -31.879  -22.712 0.5000000000
135760  22.313  -46.058  -25.626 0.4000000060
136007  27.916  -46.724  -27.536 0.4000000060
136320  25.568  -39.679  -27.970 0.8000000119
137127  31.171  -33.949  -32.424 0.8999999762
137699  25.961  -24.416  -36.440 0.6000000238
137831  26.391  -29.996  -22.253 0.4000000060
138189  27.155  -28.185  -22.853 0.4000000060
138238  31.059  -37.367  -28.771 0.8999999762
138395  27.435  -46.946  -27.636 0.4000000060
138848  21.682  -42.109  -25.304 0.3000000119
139346  24.024  -30.014  -22.205 0.4000000060
139475  24.166  -44.593  -32.413 0.4000000060
139575  23.776  -43.897  -29.332 0.5000000000
140930  31.073  -32.287  -36.544 0.5000000000
141681  21.948  -29.985  -36.167 0.8999999762
141973  26.019  -39.737  -30.093 0.6000000238
142037  24.997  -30.514  -28.572 1.0000000000
142876  31.538  -36.575  -30.894 0.8000000119
143140  21.174  -44.707  -33.226 0.3000000119
143556  22.688  -31.747  -21.661 0.4000000060
143782  27.731  -35.207  -28.445 1.0000000000
144678  20.905  -41.569  -34.402 0.6000000238
144775  30.194  -44.215  -28.284 0.4000000060
146097  31.119  -31.178  -37.148 0.6000000238
146264  28.235  -17.950  -34.590 0.3000000119
146771  27.303  -43.411  -28.514 0.4000000060
147153  24.723  -44.575  -31.381 0.5000000000
147253  26.771  -36.531  -36.203 0.6000000238
147308  24.545  -31.590  -21.596 0.4000000060
147525  31.582  -35.508  -30.629 0.8000000119
147541  23.344  -25.094  -34.099 0.8999999762
147752  26.654  -36.545  -22.799 0.6000000238
148004  24.052  -26.671  -24.091 0.3000000119
148082  27.531  -34.203  -26.380 1.0000000000
148426  28.079  -35.089  -34.929 0.8999999762
148934  22.362  -41.826  -33.920 0.5000000000
149296  19.777  -25.558  -35.804 0.8000000119
