#!ascii label  , from subject sub-v2s9x29168_ses-1 vox2ras=TkReg
2079
147877  27.568  -75.903  -39.012 0.6999999881
6110  27.407  -77.616  -39.341 0.8000000119
143578  26.901  -77.215  -37.954 0.8000000119
5614  26.168  -78.675  -38.460 0.6999999881
6570  27.516  -76.423  -41.268 0.6000000238
129618  27.562  -76.208  -40.306 0.6000000238
6111  26.930  -78.463  -38.955 0.6000000238
7084  27.713  -75.452  -41.816 0.6000000238
6546  27.047  -76.459  -37.945 0.8000000119
144973  26.364  -77.497  -37.752 0.6999999881
124708  25.093  -77.235  -37.330 0.6999999881
6083  23.908  -77.733  -36.903 0.6999999881
128642  27.730  -74.793  -40.239 0.6000000238
6545  27.364  -76.114  -38.474 0.6999999881
5598  24.996  -78.338  -37.612 0.6999999881
7651  28.041  -74.818  -42.224 0.6000000238
7669  28.687  -74.608  -43.340 0.6000000238
7106  27.855  -75.354  -43.738 0.6000000238
7126  28.424  -75.115  -45.871 0.6000000238
7117  27.861  -75.322  -44.598 0.6000000238
7050  25.762  -76.156  -37.670 0.8000000119
6532  24.622  -76.208  -37.678 0.8000000119
6520  24.241  -76.189  -36.441 0.6999999881
7575  23.884  -74.872  -36.398 0.6999999881
7560  23.337  -74.533  -34.865 0.6999999881
7033  26.527  -75.383  -37.855 0.8000000119
6531  24.697  -76.753  -37.214 0.6999999881
6511  23.537  -75.781  -35.522 0.6999999881
7596  26.990  -74.582  -38.073 0.6999999881
6530  25.734  -76.766  -37.540 0.8000000119
6071  24.341  -76.993  -36.722 0.6999999881
7595  27.348  -74.635  -38.505 0.6999999881
7638  27.931  -74.738  -41.208 0.6999999881
8248  29.072  -74.093  -41.793 0.6000000238
7637  28.407  -74.430  -41.627 0.6000000238
7682  28.874  -74.672  -44.307 0.6000000238
7116  28.253  -74.921  -44.012 0.6000000238
7125  29.363  -74.980  -46.110 0.6000000238
6611  29.187  -75.753  -48.755 0.6999999881
6612  28.268  -75.893  -48.495 0.6000000238
6168  29.931  -77.138  -50.149 0.5000000000
6622  29.349  -76.720  -50.408 0.6000000238
5689  29.548  -77.939  -49.993 0.5000000000
136916  24.156  -76.156  -38.732 0.8999999762
7034  24.297  -75.883  -37.072 0.8000000119
7582  23.652  -74.965  -37.522 0.6999999881
8194  25.758  -74.170  -38.245 0.6999999881
7598  24.540  -75.953  -38.764 0.8999999762
8145  23.437  -73.989  -35.242 0.6999999881
8794  26.912  -73.016  -38.565 0.8000000119
8795  26.020  -73.154  -38.490 0.8000000119
8204  27.489  -73.160  -38.956 0.8000000119
8819  29.153  -72.336  -39.960 0.6999999881
149171  27.771  -74.243  -39.753 0.6999999881
140968  28.813  -73.931  -40.962 0.8000000119
8232  29.657  -73.551  -41.012 0.8000000119
7649  29.261  -74.221  -42.656 0.6999999881
7668  29.476  -74.343  -43.522 0.6999999881
7693  29.884  -74.695  -45.273 0.6000000238
126019  29.279  -75.430  -47.801 0.6999999881
6617  30.330  -76.442  -49.611 0.6999999881
7609  24.697  -75.219  -39.522 0.8999999762
7599  23.875  -76.012  -38.409 0.8000000119
8162  23.396  -74.016  -36.817 0.6999999881
8808  25.520  -72.684  -39.122 0.8000000119
8809  24.885  -73.467  -39.661 0.8000000119
9481  26.027  -71.872  -39.588 0.6999999881
8804  28.591  -71.750  -39.768 0.6999999881
9479  27.868  -71.640  -39.601 0.6000000238
8805  28.278  -72.244  -39.516 0.8000000119
8217  30.018  -72.712  -40.575 0.8000000119
8247  29.910  -73.759  -41.931 0.8000000119
7667  30.359  -74.150  -43.702 0.6999999881
7680  30.619  -74.400  -44.629 0.8000000119
7681  29.742  -74.481  -44.375 0.6999999881
7691  32.038  -74.452  -46.319 0.8000000119
7146  32.003  -75.100  -48.972 0.6999999881
7147  30.998  -75.253  -48.605 0.6999999881
7705  30.369  -74.824  -46.356 0.6999999881
6616  31.219  -76.547  -49.628 0.6999999881
7155  30.786  -75.920  -49.347 0.6999999881
9532  16.318  -71.711  -42.347 0.6000000238
9561  14.959  -71.852  -45.316 0.6000000238
145309  15.721  -70.047  -44.799 0.6000000238
11065  15.807  -68.980  -44.877 0.6999999881
7061  24.091  -76.354  -39.778 0.8999999762
137379  23.093  -74.687  -38.551 0.6999999881
9495  26.600  -71.402  -40.326 0.6000000238
10215  28.663  -70.542  -41.290 0.6000000238
9494  27.567  -71.226  -40.073 0.6000000238
10194  29.797  -71.150  -40.651 0.6999999881
8817  31.234  -71.980  -40.961 0.6999999881
9491  30.554  -71.518  -40.788 0.6999999881
132294  20.774  -74.632  -41.544 0.6999999881
7628  20.549  -74.287  -40.786 0.6999999881
8230  31.331  -72.969  -41.519 0.8000000119
8830  30.852  -72.593  -40.989 0.8000000119
7098  21.190  -75.274  -42.964 0.6000000238
7656  20.528  -74.730  -42.283 0.6000000238
7629  19.564  -73.871  -40.836 0.6999999881
8246  30.771  -73.514  -42.104 0.6999999881
7657  19.442  -74.413  -42.426 0.5000000000
8222  19.201  -73.417  -40.242 0.6999999881
7679  31.563  -74.268  -44.964 0.8000000119
7666  31.228  -73.967  -43.936 0.8000000119
7672  20.265  -74.950  -43.231 0.5000000000
7673  19.288  -74.786  -43.553 0.5000000000
7704  31.929  -74.744  -47.816 0.6999999881
7684  19.060  -75.248  -44.688 0.5000000000
7130  19.358  -75.966  -46.699 0.6000000238
7122  18.715  -75.707  -45.928 0.5000000000
7659  17.677  -74.147  -43.365 0.6000000238
8849  16.776  -72.841  -42.396 0.6999999881
7685  18.076  -75.203  -45.207 0.5000000000
125949  17.467  -74.581  -44.533 0.6000000238
8251  17.068  -73.494  -42.906 0.6000000238
8880  15.274  -73.089  -44.619 0.6000000238
7131  18.257  -75.988  -47.136 0.6000000238
8277  15.855  -73.841  -44.746 0.6000000238
7697  17.779  -75.704  -46.347 0.5000000000
7686  16.975  -75.306  -45.932 0.5000000000
8881  14.906  -72.663  -45.320 0.6000000238
10264  15.183  -70.804  -45.382 0.6000000238
10275  15.081  -70.271  -46.413 0.6999999881
12726  15.784  -68.067  -46.215 0.6000000238
12718  15.855  -67.677  -45.628 0.6999999881
7687  15.990  -74.898  -45.919 0.6000000238
7700  15.238  -74.436  -46.738 0.6000000238
125834  14.660  -72.032  -46.695 0.6000000238
133446  15.042  -71.127  -46.739 0.6999999881
11084  15.744  -69.152  -47.174 0.5000000000
7062  23.720  -76.240  -40.275 0.8999999762
9496  25.707  -71.727  -40.469 0.6000000238
8820  25.154  -72.382  -39.969 0.6999999881
7610  23.165  -75.465  -39.503 0.8000000119
8163  22.903  -73.455  -36.296 0.6999999881
7600  22.409  -74.461  -39.183 0.6999999881
7074  22.986  -75.897  -40.901 0.8000000119
10214  29.555  -70.599  -41.158 0.6999999881
7655  21.513  -75.083  -42.027 0.8000000119
7612  20.967  -74.082  -39.960 0.6000000238
7108  21.764  -75.501  -43.600 0.6999999881
7119  21.573  -75.652  -44.538 0.6000000238
8272  32.098  -73.762  -44.226 0.8000000119
8244  32.455  -73.194  -42.584 0.8000000119
8271  33.024  -73.639  -44.597 0.8000000119
7120  20.736  -75.754  -44.952 0.5000000000
7678  32.493  -74.032  -45.317 0.8000000119
7109  20.046  -75.346  -44.274 0.5000000000
7717  20.651  -74.926  -48.287 0.5000000000
7150  20.284  -75.542  -47.705 0.6000000238
7129  20.361  -75.863  -46.115 0.6000000238
7151  19.623  -75.683  -47.906 0.6000000238
7152  19.065  -75.694  -47.912 0.6000000238
136024  18.866  -67.507  -45.596 0.5000000000
135111  16.229  -75.407  -46.857 0.5000000000
11891  17.253  -68.320  -46.585 0.5000000000
12724  17.116  -67.151  -45.945 0.6000000238
7711  15.704  -75.019  -47.084 0.6000000238
8310  15.016  -73.370  -47.118 0.6999999881
9580  15.449  -71.958  -47.348 0.6999999881
10284  15.369  -69.865  -46.920 0.6999999881
8300  17.591  -74.991  -47.599 0.6000000238
9574  15.951  -71.259  -47.355 0.6000000238
8288  17.404  -73.950  -47.268 0.6999999881
8900  16.127  -72.364  -47.451 0.6000000238
8890  16.739  -71.842  -46.746 0.5000000000
8821  24.597  -73.061  -40.519 0.6999999881
8220  24.570  -74.493  -40.438 0.6999999881
7072  24.048  -76.103  -41.162 0.6999999881
7073  23.736  -76.180  -40.952 0.8000000119
7095  23.301  -75.512  -42.040 0.6999999881
7107  22.500  -75.410  -43.298 0.6999999881
128204  22.319  -75.407  -42.049 0.6999999881
127498  20.010  -67.029  -43.391 0.5000000000
8904  21.765  -72.397  -48.645 0.5000000000
7721  20.489  -74.554  -48.463 0.6000000238
12716  19.067  -66.788  -45.312 0.5000000000
8905  21.174  -73.142  -48.558 0.5000000000
9573  22.307  -71.600  -47.598 0.5000000000
7718  19.814  -75.135  -48.143 0.6000000238
7709  18.483  -75.527  -47.722 0.6000000238
10274  17.395  -70.108  -46.472 0.5000000000
8897  21.679  -72.232  -47.351 0.5000000000
8898  21.057  -72.937  -47.169 0.6000000238
139535  19.817  -73.832  -47.045 0.6000000238
8297  20.403  -73.457  -47.039 0.6000000238
8832  24.522  -72.748  -41.511 0.6999999881
8249  24.217  -73.486  -42.122 0.6999999881
7640  23.840  -75.569  -41.681 0.6999999881
8276  18.662  -73.221  -45.699 0.5000000000
136282  22.953  -71.011  -46.831 0.5000000000
8879  17.603  -72.375  -45.798 0.5000000000
134900  22.392  -71.555  -46.283 0.5000000000
8284  20.942  -72.982  -45.771 0.5000000000
8286  19.155  -73.803  -46.596 0.5000000000
8889  17.845  -73.153  -46.231 0.5000000000
8876  19.912  -72.914  -44.289 0.5000000000
8862  20.339  -72.579  -43.454 0.5000000000
9557  23.068  -70.925  -44.636 0.5000000000
8860  21.843  -72.081  -44.321 0.5000000000
8877  19.134  -72.723  -44.602 0.5000000000
10262  23.403  -70.618  -45.215 0.5000000000
8874  21.567  -72.402  -45.137 0.5000000000
8274  20.295  -73.143  -45.067 0.5000000000
10273  23.503  -70.493  -46.229 0.5000000000
8888  21.670  -72.300  -46.097 0.5000000000
10254  23.582  -70.371  -43.972 0.5000000000
14517  21.649  -64.879  -43.257 0.6000000238
14518  21.165  -64.832  -44.148 0.6000000238
12689  21.671  -65.818  -42.773 0.5000000000
14496  22.399  -64.313  -42.617 0.6999999881
14497  21.368  -64.526  -42.657 0.6000000238
14499  18.967  -64.950  -42.021 0.6000000238
130864  17.575  -65.038  -40.104 0.6999999881
141076  22.737  -63.766  -42.067 0.6000000238
14475  20.503  -64.829  -41.455 0.6999999881
14476  19.408  -65.054  -41.009 0.6999999881
14477  18.281  -64.954  -40.893 0.6999999881
14454  17.833  -65.459  -39.090 0.8000000119
15346  23.707  -63.536  -41.177 0.5000000000
14473  23.569  -64.125  -41.688 0.5000000000
142723  19.954  -65.071  -40.193 0.8000000119
14451  20.720  -64.929  -39.636 0.6000000238
14419  17.723  -65.791  -37.531 0.6999999881
15326  24.275  -63.481  -39.644 0.5000000000
14449  23.899  -64.903  -40.256 0.5000000000
14418  18.684  -65.799  -37.688 0.6999999881
14435  17.185  -65.558  -38.420 0.6999999881
14452  19.741  -65.456  -39.003 0.6999999881
15335  22.897  -63.300  -40.139 0.6999999881
13513  16.175  -66.234  -36.739 0.6999999881
144603  18.475  -65.972  -37.001 0.6999999881
15327  23.594  -62.991  -39.465 0.6000000238
14432  21.640  -64.356  -39.284 0.8000000119
17990  16.549  -61.376  -37.312 0.6999999881
130682  16.059  -62.222  -36.023 0.8000000119
126018  23.948  -63.592  -35.482 0.4000000060
13484  16.411  -66.393  -35.059 0.6999999881
15306  24.341  -63.835  -36.889 0.5000000000
14407  17.809  -66.061  -36.595 0.6999999881
15316  24.274  -63.234  -38.728 0.6000000238
15317  23.518  -62.856  -38.409 0.6000000238
125461  19.565  -65.756  -37.947 0.6999999881
15328  22.570  -63.433  -38.847 0.8000000119
14415  21.408  -64.734  -37.960 0.8000000119
17915  10.731  -60.926  -31.105 0.5000000000
17933  11.687  -61.403  -32.531 0.5000000000
144133  11.384  -61.050  -33.215 0.5000000000
20941  15.706  -58.463  -39.656 0.5000000000
19013  17.343  -59.742  -39.813 0.6000000238
20003  17.699  -59.030  -40.311 0.6000000238
20931  14.060  -58.689  -38.824 0.6000000238
19952  11.271  -58.522  -35.805 0.6000000238
19001  16.182  -60.003  -39.095 0.6999999881
19015  15.851  -59.324  -39.655 0.6999999881
18010  15.900  -60.978  -37.677 0.6999999881
18011  14.942  -60.732  -37.657 0.6999999881
14356  18.014  -65.246  -33.755 0.6999999881
131456  18.100  -63.708  -34.028 0.6999999881
16189  17.504  -63.045  -34.782 0.8000000119
125869  24.276  -63.223  -36.474 0.5000000000
13463  18.074  -65.932  -34.732 0.6999999881
16213  24.057  -62.681  -37.865 0.6000000238
13482  18.853  -66.049  -35.332 0.8000000119
15318  22.076  -63.753  -37.469 0.6999999881
14392  20.040  -65.624  -35.742 0.8000000119
124977  20.206  -65.711  -36.591 0.8000000119
17894  11.534  -61.446  -30.657 0.5000000000
17913  12.044  -61.713  -31.633 0.6000000238
17010  13.352  -62.212  -32.072 0.5000000000
17932  12.651  -61.834  -32.469 0.6000000238
17950  12.123  -61.328  -33.267 0.6000000238
18921  11.617  -60.669  -33.830 0.6000000238
18919  13.453  -60.914  -34.035 0.6000000238
18941  12.884  -60.271  -34.683 0.5000000000
20017  17.985  -58.657  -40.174 0.5000000000
20929  16.172  -58.073  -39.467 0.5000000000
20002  18.633  -59.251  -40.455 0.6000000238
20915  15.365  -58.132  -38.488 0.6000000238
20917  13.375  -58.443  -38.275 0.6999999881
19936  11.562  -59.264  -35.162 0.6000000238
19011  18.895  -59.907  -39.843 0.6000000238
143292  17.766  -60.394  -39.400 0.6999999881
127306  14.632  -59.813  -38.762 0.6999999881
19991  14.450  -59.020  -39.353 0.6999999881
20932  13.323  -58.805  -38.563 0.8000000119
20899  12.052  -58.310  -37.063 0.6999999881
18999  18.451  -60.529  -39.188 0.6999999881
132268  17.380  -61.313  -37.654 0.6999999881
18007  18.675  -60.980  -38.152 0.6999999881
133050  17.161  -61.707  -36.859 0.8000000119
17045  18.213  -62.503  -35.702 0.8000000119
17046  17.478  -62.545  -35.666 0.8000000119
16202  24.035  -62.473  -36.776 0.5000000000
17060  22.559  -61.768  -36.308 0.6000000238
140520  19.106  -64.306  -34.118 0.8000000119
16188  18.408  -63.119  -34.799 0.8000000119
15307  23.139  -62.825  -37.298 0.6000000238
16203  23.610  -62.382  -36.796 0.6999999881
14373  19.996  -64.749  -34.710 0.8000000119
146857  21.988  -63.440  -36.699 0.6999999881
15297  20.610  -64.638  -35.506 0.6999999881
14404  20.994  -64.997  -36.908 0.8000000119
141075  12.620  -61.912  -29.987 0.4000000060
17912  12.872  -62.141  -31.554 0.5000000000
17947  14.863  -61.451  -33.402 0.4000000060
18918  14.343  -60.984  -34.064 0.5000000000
18956  14.555  -60.145  -35.276 0.5000000000
20950  19.048  -58.326  -40.587 0.5000000000
129183  16.596  -58.186  -38.913 0.6000000238
20896  15.574  -58.527  -37.451 0.6000000238
19934  13.076  -59.515  -35.490 0.6000000238
20000  20.133  -59.043  -40.602 0.6000000238
19969  13.305  -58.390  -36.966 0.6999999881
147122  12.816  -58.873  -36.065 0.6999999881
19990  19.560  -59.672  -39.703 0.6000000238
17988  18.585  -61.524  -37.238 0.8000000119
17971  21.254  -61.837  -35.815 0.6999999881
16186  20.574  -63.393  -35.308 0.6999999881
16187  19.929  -63.064  -34.997 0.8000000119
17044  19.727  -62.269  -35.548 0.8000000119
16185  21.270  -63.667  -35.828 0.6999999881
17893  13.230  -62.191  -30.723 0.4000000060
17867  12.485  -61.628  -29.164 0.4000000060
17846  11.844  -61.474  -28.600 0.4000000060
17929  15.377  -61.921  -32.710 0.5000000000
16995  13.689  -62.327  -31.418 0.4000000060
17821  10.932  -61.257  -26.922 0.5000000000
18939  14.642  -60.592  -34.595 0.5000000000
19948  16.569  -59.573  -36.365 0.5000000000
19950  14.565  -59.457  -36.072 0.5000000000
19964  18.490  -59.245  -36.748 0.5000000000
19968  14.090  -58.608  -36.914 0.6999999881
18997  19.768  -60.061  -38.671 0.6000000238
17061  19.090  -61.812  -36.398 0.8000000119
17984  23.018  -60.856  -36.232 0.6000000238
17986  20.858  -61.056  -35.992 0.6000000238
18967  21.221  -60.199  -36.344 0.6999999881
18968  19.941  -60.966  -36.880 0.6999999881
17043  20.562  -62.577  -35.502 0.6999999881
19811  10.865  -60.158  -25.884 0.3000000119
16992  15.890  -62.376  -31.977 0.4000000060
16972  15.057  -62.291  -30.610 0.3000000119
138516  13.716  -62.081  -29.924 0.4000000060
17866  13.339  -61.705  -29.131 0.4000000060
17834  12.231  -61.367  -27.748 0.4000000060
18804  11.306  -60.695  -26.477 0.5000000000
17946  15.765  -61.467  -33.393 0.4000000060
19810  11.633  -59.839  -26.197 0.3000000119
18917  15.245  -60.968  -34.115 0.4000000060
19965  17.433  -59.441  -36.851 0.5000000000
143817  15.768  -60.705  -34.556 0.4000000060
144166  18.251  -58.484  -38.118 0.6000000238
18916  16.151  -61.063  -34.037 0.4000000060
20913  18.696  -58.610  -37.402 0.4000000060
18954  16.693  -60.228  -35.575 0.5000000000
18982  19.393  -60.701  -37.919 0.6999999881
17987  19.894  -61.561  -36.141 0.6999999881
18805  10.494  -60.787  -26.334 0.4000000060
18817  12.573  -60.867  -27.204 0.4000000060
20785  11.820  -58.789  -26.152 0.3000000119
17928  16.298  -61.916  -32.649 0.3000000119
18936  17.341  -60.633  -34.829 0.4000000060
20895  19.300  -58.544  -36.561 0.4000000060
19947  18.104  -59.778  -36.103 0.4000000060
17891  15.543  -61.853  -30.068 0.3000000119
17865  14.331  -61.645  -29.309 0.3000000119
141397  13.408  -61.309  -28.435 0.4000000060
17844  13.795  -60.794  -28.053 0.3000000119
19820  12.825  -60.196  -26.857 0.3000000119
16971  16.255  -62.225  -31.164 0.3000000119
17945  16.701  -61.476  -33.366 0.3000000119
19933  19.120  -59.935  -35.097 0.3000000119
18935  18.379  -60.473  -34.767 0.3000000119
20883  19.656  -58.711  -35.648 0.3000000119
18847  14.794  -61.136  -28.932 0.3000000119
18815  14.104  -60.070  -27.713 0.3000000119
130135  15.180  -61.472  -29.434 0.3000000119
18828  14.648  -60.485  -28.430 0.3000000119
18914  18.662  -60.933  -33.725 0.3000000119
19932  19.705  -59.603  -34.629 0.3000000119
20874  19.969  -58.879  -34.923 0.3000000119
19792  11.067  -59.324  -25.742 0.3000000119
126466  16.380  -61.725  -30.388 0.3000000119
17863  16.778  -61.087  -29.900 0.3000000119
19920  19.965  -59.933  -33.827 0.3000000119
142707  18.599  -74.020  -42.110 0.6000000238
7658  17.908  -73.800  -42.405 0.6999999881
8224  17.742  -72.946  -41.140 0.6999999881
8236  17.484  -73.187  -41.978 0.6999999881
18955  15.173  -60.038  -35.505 0.4000000060
135309  15.860  -59.066  -36.684 0.6000000238
19808  12.957  -58.902  -26.748 0.3000000119
5632  27.149  -78.453  -39.957 0.6999999881
6522  23.144  -76.553  -35.749 0.6999999881
7624  27.988  -74.229  -40.371 0.8000000119
7137  28.831  -75.259  -46.866 0.6000000238
125141  29.953  -75.145  -47.345 0.6999999881
9480  27.000  -71.664  -39.471 0.6000000238
8176  22.900  -73.953  -37.748 0.6999999881
8261  31.846  -73.593  -43.227 0.8000000119
129461  31.232  -74.688  -46.645 0.6999999881
11076  15.301  -69.081  -46.497 0.6999999881
7674  18.366  -74.657  -43.998 0.5000000000
8252  16.441  -73.031  -43.081 0.6000000238
13633  16.714  -66.628  -45.452 0.6000000238
8302  16.101  -73.467  -47.496 0.6999999881
7627  22.152  -75.190  -40.720 0.8000000119
7139  21.698  -75.583  -45.936 0.5000000000
130073  20.883  -75.726  -46.630 0.6000000238
137054  20.061  -74.253  -47.939 0.6000000238
13483  18.873  -65.704  -34.683 0.8000000119
3134  29.332  -83.683  -43.407 0.4000000060
3125  29.549  -83.891  -42.247 0.4000000060
4630  28.972  -80.884  -44.845 0.3000000119
3141  29.257  -83.386  -44.586 0.4000000060
2683  28.767  -84.346  -43.963 0.4000000060
129581  28.899  -84.517  -42.904 0.4000000060
131885  29.981  -78.411  -42.968 0.4000000060
147635  29.974  -79.118  -43.071 0.5000000000
5159  30.703  -79.775  -43.324 0.5000000000
5665  29.400  -78.856  -43.438 0.3000000119
5160  29.749  -79.657  -43.632 0.4000000060
3599  30.185  -81.945  -44.166 0.4000000060
5161  28.909  -79.407  -43.966 0.3000000119
4090  29.860  -81.718  -44.751 0.3000000119
3592  29.759  -82.749  -43.837 0.3000000119
5171  28.514  -80.013  -44.567 0.3000000119
6145  30.141  -77.369  -44.258 0.4000000060
6586  30.775  -76.869  -43.970 0.4000000060
6577  31.240  -77.205  -42.282 0.5000000000
6595  30.782  -76.985  -44.961 0.3000000119
6146  29.531  -77.796  -44.618 0.3000000119
5680  28.498  -78.858  -46.664 0.4000000060
140062  29.229  -78.171  -45.944 0.3000000119
5686  29.443  -78.429  -48.758 0.4000000060
5683  28.919  -78.595  -47.566 0.4000000060
5687  28.932  -78.652  -49.422 0.4000000060
6585  31.461  -76.387  -43.633 0.4000000060
6593  32.257  -76.112  -44.440 0.4000000060
6594  31.529  -76.558  -44.750 0.4000000060
6599  32.430  -76.560  -45.449 0.4000000060
7113  34.866  -75.524  -45.349 0.5000000000
6149  30.671  -77.340  -45.765 0.4000000060
125233  33.082  -76.915  -47.144 0.4000000060
5679  29.144  -78.407  -46.705 0.4000000060
6153  30.690  -77.781  -47.463 0.5000000000
6605  32.325  -77.268  -47.386 0.4000000060
6163  30.186  -77.802  -49.343 0.4000000060
6619  28.810  -76.225  -49.627 0.6000000238
126280  29.157  -77.284  -50.727 0.4000000060
7112  35.450  -75.227  -46.356 0.6000000238
7133  35.492  -74.749  -47.619 0.6000000238
129544  33.715  -76.374  -47.829 0.6000000238
7134  34.820  -75.038  -48.406 0.6000000238
6603  33.463  -75.596  -49.117 0.6000000238
7714  33.998  -74.497  -48.989 0.6999999881
6610  32.420  -76.930  -49.093 0.5000000000
6615  32.558  -75.760  -49.645 0.6000000238
7703  32.998  -74.447  -47.892 0.6999999881
8894  36.316  -72.131  -48.172 0.6999999881
8885  35.744  -72.019  -47.550 0.6999999881
7701  35.974  -73.626  -48.419 0.6000000238
138450  35.451  -73.189  -48.746 0.6999999881
8871  34.254  -72.818  -44.481 0.6999999881
8259  33.549  -73.183  -43.976 0.6999999881
8229  32.157  -72.850  -41.858 0.6999999881
7702  34.021  -73.867  -48.196 0.6999999881
8282  33.291  -73.771  -45.626 0.6999999881
7690  33.113  -74.103  -46.593 0.6999999881
8856  35.672  -71.282  -44.932 0.5000000000
9539  35.068  -71.506  -43.640 0.6000000238
8870  34.933  -72.588  -45.746 0.6999999881
8842  34.059  -72.610  -43.478 0.6000000238
8843  33.821  -72.272  -42.477 0.6999999881
9524  33.793  -71.510  -41.969 0.6999999881
8280  34.862  -72.933  -47.094 0.6999999881
8844  32.968  -72.633  -42.128 0.6999999881
9508  32.015  -71.476  -41.407 0.6000000238
9523  34.479  -71.566  -42.714 0.6000000238
10229  34.347  -70.710  -42.388 0.6000000238
10211  32.633  -70.712  -41.626 0.6000000238
11022  33.120  -70.112  -41.872 0.6000000238
132846  28.386  -70.370  -42.017 0.5000000000
6073  22.420  -77.168  -36.211 0.6000000238
5599  24.174  -78.356  -37.472 0.6000000238
10212  31.667  -70.584  -41.585 0.6000000238
9509  31.199  -71.273  -41.187 0.6000000238
125282  30.050  -70.271  -41.842 0.5000000000
128635  29.131  -70.331  -41.942 0.5000000000
6506  21.316  -76.096  -34.620 0.6000000238
6512  22.661  -76.029  -35.274 0.6000000238
6523  21.948  -76.628  -35.718 0.6000000238
143456  32.423  -70.121  -41.806 0.6000000238
10231  31.003  -70.145  -41.913 0.5000000000
10213  30.554  -70.761  -41.236 0.5000000000
7538  21.290  -74.104  -32.634 0.6000000238
139062  21.780  -73.691  -33.315 0.6000000238
7007  21.828  -75.084  -33.138 0.6000000238
6497  21.190  -75.723  -32.968 0.6000000238
7014  21.892  -75.438  -33.816 0.6000000238
8146  22.968  -73.795  -34.561 0.6000000238
7561  22.825  -74.377  -34.219 0.6000000238
8845  24.959  -72.012  -41.914 0.6000000238
11023  31.851  -69.806  -42.041 0.6000000238
8140  20.998  -73.275  -32.973 0.6000000238
145747  20.671  -72.473  -35.896 0.6000000238
8155  22.292  -73.129  -34.916 0.6000000238
8165  20.734  -73.209  -37.368 0.6000000238
136974  22.158  -73.055  -35.832 0.6000000238
8207  20.379  -73.728  -39.184 0.5000000000
8177  21.879  -73.502  -37.663 0.6000000238
8206  21.470  -73.993  -39.208 0.5000000000
7539  20.071  -75.072  -31.671 0.6999999881
8127  20.470  -73.735  -32.382 0.6000000238
138807  21.531  -72.766  -34.518 0.6000000238
8197  19.871  -73.317  -38.399 0.6000000238
10133  18.244  -70.416  -34.610 0.6000000238
8748  20.553  -72.557  -33.429 0.6000000238
8755  20.762  -72.283  -34.277 0.6000000238
8178  19.782  -72.855  -37.500 0.5000000000
9428  20.021  -71.638  -34.523 0.6000000238
9441  19.548  -71.438  -36.103 0.6000000238
10140  19.242  -70.618  -35.381 0.6000000238
10141  18.644  -70.028  -35.261 0.6000000238
8749  19.827  -72.301  -33.196 0.6000000238
8208  19.524  -73.404  -39.378 0.6000000238
8770  19.601  -72.266  -36.805 0.6000000238
145315  19.288  -72.348  -37.544 0.5000000000
8797  18.874  -72.014  -38.050 0.6000000238
9442  19.174  -70.728  -36.251 0.5000000000
9458  18.854  -70.502  -36.888 0.5000000000
8235  18.260  -73.531  -41.486 0.6000000238
8822  18.446  -72.739  -39.919 0.6000000238
9473  18.310  -71.603  -38.747 0.6000000238
9474  17.904  -70.769  -39.172 0.6999999881
10989  18.183  -69.415  -37.865 0.6999999881
10178  17.990  -69.682  -38.766 0.6999999881
11002  17.678  -69.050  -39.208 0.6999999881
8823  17.969  -72.591  -40.387 0.6000000238
132731  17.626  -71.996  -40.182 0.6999999881
10222  16.945  -71.022  -40.915 0.6999999881
9499  17.439  -71.074  -40.069 0.6999999881
10203  17.127  -70.141  -40.406 0.6999999881
133152  16.749  -70.147  -41.219 0.6000000238
8850  16.199  -72.402  -43.013 0.6000000238
10250  28.439  -70.288  -43.702 0.5000000000
10236  27.023  -70.830  -42.096 0.5000000000
129552  27.432  -70.508  -44.169 0.5000000000
10252  27.040  -70.682  -43.293 0.5000000000
148810  26.478  -71.063  -42.825 0.6000000238
10277  27.646  -70.541  -47.051 0.6000000238
10269  27.808  -70.437  -45.823 0.6000000238
130200  26.577  -70.841  -44.483 0.6000000238
129609  25.808  -71.416  -42.929 0.6000000238
9526  25.033  -71.899  -42.932 0.6000000238
10271  26.416  -70.992  -46.381 0.5000000000
9564  25.967  -71.241  -45.450 0.6000000238
8858  24.514  -72.551  -43.393 0.6000000238
9565  25.698  -71.403  -46.658 0.6000000238
9566  24.819  -72.150  -45.706 0.5000000000
8872  24.392  -72.643  -44.303 0.6000000238
8264  24.161  -73.280  -42.997 0.6000000238
9571  24.916  -71.973  -46.934 0.5000000000
8873  23.796  -73.306  -44.636 0.6000000238
7118  22.311  -75.451  -44.177 0.5000000000
7695  23.088  -74.270  -45.798 0.5000000000
7654  23.109  -75.314  -42.868 0.6000000238
131544  23.582  -73.794  -44.181 0.6000000238
6162  30.703  -77.113  -49.600 0.6000000238
7715  32.879  -74.812  -49.106 0.6999999881
9511  26.499  -71.271  -41.316 0.5000000000
8209  18.902  -73.048  -39.715 0.6000000238
9516  17.252  -71.691  -40.726 0.6999999881
9512  25.645  -71.609  -41.428 0.6000000238
125492  23.400  -74.769  -43.201 0.6000000238
7683  22.729  -75.052  -44.672 0.6000000238
4095  29.501  -82.098  -45.369 0.3000000119
5170  29.315  -80.264  -44.211 0.3000000119
4615  30.506  -80.520  -44.054 0.4000000060
5676  28.546  -78.807  -45.730 0.3000000119
137450  30.149  -77.353  -45.058 0.4000000060
135527  30.437  -77.622  -46.426 0.4000000060
6592  33.159  -76.145  -45.146 0.4000000060
145944  32.634  -76.988  -46.363 0.3000000119
6598  33.444  -76.671  -46.309 0.5000000000
7123  34.966  -75.639  -46.770 0.6000000238
6148  31.245  -77.494  -46.805 0.5000000000
6604  33.089  -76.617  -48.408 0.5000000000
6152  31.602  -77.473  -48.248 0.5000000000
7144  34.838  -74.166  -48.984 0.6000000238
8857  34.911  -72.172  -44.363 0.6999999881
8761  20.570  -72.110  -35.139 0.6000000238
11822  17.295  -68.405  -39.543 0.6000000238
148259  26.634  -70.835  -45.460 0.6000000238
10279  26.237  -71.196  -47.675 0.5000000000
132434  25.780  -71.339  -44.445 0.6000000238
9542  24.908  -72.064  -43.904 0.6000000238
149027  25.357  -71.692  -45.912 0.6000000238
9570  25.497  -71.599  -47.984 0.5000000000
127632  24.168  -72.808  -45.326 0.5000000000
8887  23.636  -73.405  -46.172 0.5000000000
3463  25.759  -82.038  -30.109 0.4000000060
3960  26.814  -81.462  -30.186 0.4000000060
129662  26.284  -82.928  -30.695 0.5000000000
2528  26.065  -84.451  -27.681 0.5000000000
127450  26.103  -85.135  -27.390 0.5000000000
1720  25.814  -86.596  -27.197 0.5000000000
2541  25.623  -84.192  -28.593 0.5000000000
126238  25.945  -83.444  -28.054 0.5000000000
131469  27.445  -81.805  -30.163 0.4000000060
3948  28.188  -81.403  -29.723 0.4000000060
3450  28.273  -82.514  -29.694 0.5000000000
2634  28.596  -85.272  -38.719 0.3000000119
3078  27.666  -83.968  -37.498 0.3000000119
2646  27.942  -84.645  -39.445 0.3000000119
2232  28.347  -84.979  -41.216 0.3000000119
2973  25.764  -82.867  -27.373 0.4000000060
124234  25.980  -83.796  -27.137 0.5000000000
2504  25.639  -84.914  -26.175 0.5000000000
3926  25.642  -81.775  -27.713 0.4000000060
126950  25.744  -81.874  -29.439 0.4000000060
3950  26.643  -80.899  -29.800 0.3000000119
4461  26.199  -80.386  -28.567 0.3000000119
132938  30.037  -83.561  -28.435 0.4000000060
3947  28.974  -80.853  -29.310 0.3000000119
3938  29.754  -81.282  -28.874 0.4000000060
2986  29.116  -83.186  -28.990 0.5000000000
4459  29.644  -80.321  -28.878 0.3000000119
2614  29.200  -85.148  -36.885 0.3000000119
131085  27.725  -83.613  -36.828 0.3000000119
2645  28.711  -85.296  -39.413 0.3000000119
2237  29.004  -84.884  -40.715 0.3000000119
2238  28.471  -84.997  -41.410 0.3000000119
3410  25.216  -82.124  -26.825 0.3000000119
2960  25.342  -83.130  -26.554 0.4000000060
4470  28.952  -79.986  -29.131 0.3000000119
3437  31.343  -82.434  -28.001 0.4000000060
2985  30.837  -83.938  -28.000 0.4000000060
3937  30.630  -81.613  -28.434 0.4000000060
4458  30.300  -79.908  -28.458 0.3000000119
2604  30.637  -85.160  -35.927 0.4000000060
3065  29.625  -84.711  -36.182 0.4000000060
3515  29.311  -82.781  -35.291 0.4000000060
4025  28.794  -81.909  -34.894 0.4000000060
4010  28.508  -81.602  -34.372 0.4000000060
3998  28.283  -81.659  -33.834 0.5000000000
2623  30.341  -85.598  -37.718 0.3000000119
2211  29.380  -85.688  -38.286 0.3000000119
2220  29.461  -85.397  -39.242 0.3000000119
3115  29.549  -84.307  -41.320 0.3000000119
3133  29.978  -83.020  -42.837 0.3000000119
3913  24.618  -81.453  -26.302 0.3000000119
3924  32.877  -81.551  -27.269 0.3000000119
3925  32.222  -82.262  -27.586 0.3000000119
2525  32.735  -84.525  -27.629 0.4000000060
2537  32.879  -84.697  -28.004 0.4000000060
4975  30.179  -79.475  -27.792 0.3000000119
4443  31.689  -80.312  -27.920 0.3000000119
4989  31.055  -79.779  -28.083 0.3000000119
4457  30.942  -80.504  -28.331 0.3000000119
138385  31.270  -81.929  -31.056 0.5000000000
3460  31.895  -82.955  -30.754 0.5000000000
3513  32.930  -83.412  -35.150 0.3000000119
3040  32.373  -83.847  -34.825 0.3000000119
3064  32.181  -84.443  -35.962 0.3000000119
3041  31.690  -83.976  -34.828 0.3000000119
3514  30.524  -83.529  -34.979 0.4000000060
4512  30.521  -80.201  -32.441 0.5000000000
3971  29.769  -81.280  -32.122 0.5000000000
2602  31.779  -84.979  -35.792 0.3000000119
3503  29.756  -82.139  -34.718 0.4000000060
4009  29.207  -81.353  -34.253 0.4000000060
3996  29.697  -80.815  -33.452 0.5000000000
3981  29.309  -80.915  -32.873 0.5000000000
2633  30.297  -85.145  -38.539 0.3000000119
2657  30.031  -84.665  -39.838 0.3000000119
140737  30.259  -83.701  -41.381 0.3000000119
3124  30.333  -83.246  -42.027 0.3000000119
3581  30.901  -82.517  -42.240 0.4000000060
139004  32.943  -82.732  -26.957 0.3000000119
138301  33.806  -84.189  -26.984 0.4000000060
4960  29.776  -79.562  -27.382 0.3000000119
4974  31.686  -79.685  -27.525 0.3000000119
4442  32.551  -80.299  -27.386 0.3000000119
2536  33.616  -84.373  -28.102 0.4000000060
135356  30.940  -79.538  -27.627 0.3000000119
2558  33.203  -83.978  -29.686 0.4000000060
3003  32.541  -83.717  -30.413 0.5000000000
147740  34.602  -81.889  -29.587 0.4000000060
3459  33.297  -83.150  -30.005 0.5000000000
4546  33.995  -81.366  -35.048 0.3000000119
3959  31.760  -80.736  -30.834 0.5000000000
146000  32.478  -81.662  -30.469 0.5000000000
3500  32.883  -83.211  -34.413 0.3000000119
4493  31.887  -79.798  -31.146 0.4000000060
4484  32.539  -79.880  -30.710 0.5000000000
130343  32.285  -82.547  -36.404 0.3000000119
3501  32.168  -83.246  -34.387 0.4000000060
3994  31.964  -81.443  -33.663 0.4000000060
5031  31.702  -79.652  -31.689 0.5000000000
3970  30.651  -80.852  -31.584 0.5000000000
2622  31.586  -84.971  -36.348 0.3000000119
3502  30.973  -82.713  -34.530 0.4000000060
4008  30.207  -81.448  -34.178 0.5000000000
3995  30.759  -80.902  -33.632 0.5000000000
130869  30.565  -84.525  -38.895 0.3000000119
3563  30.901  -83.519  -40.229 0.4000000060
3562  31.418  -82.751  -40.675 0.3000000119
3572  30.969  -83.331  -40.920 0.4000000060
3571  31.506  -82.548  -41.322 0.4000000060
5678  25.713  -78.513  -45.401 0.5000000000
4085  30.857  -81.408  -43.706 0.3000000119
149224  30.700  -80.072  -26.109 0.3000000119
4958  31.532  -79.487  -26.782 0.3000000119
2983  34.673  -83.716  -27.360 0.3000000119
4424  30.246  -79.801  -26.681 0.3000000119
3435  35.276  -83.020  -27.537 0.3000000119
3458  34.104  -82.559  -29.671 0.5000000000
3946  35.128  -81.130  -29.522 0.4000000060
3945  35.690  -81.691  -28.930 0.3000000119
5080  33.646  -80.449  -35.124 0.3000000119
4469  34.526  -79.994  -29.924 0.5000000000
4023  33.947  -82.035  -34.662 0.3000000119
5029  33.537  -79.180  -31.063 0.4000000060
5016  34.037  -79.400  -30.586 0.4000000060
3993  33.027  -81.903  -33.703 0.4000000060
4523  33.172  -80.876  -33.279 0.4000000060
4509  33.102  -79.877  -32.546 0.4000000060
5044  33.156  -79.305  -31.724 0.4000000060
3527  32.038  -83.515  -36.634 0.3000000119
3533  31.343  -83.512  -37.444 0.3000000119
136532  32.324  -80.861  -33.346 0.4000000060
4510  32.044  -80.007  -32.673 0.5000000000
3553  31.243  -82.830  -40.062 0.3000000119
4066  31.860  -82.210  -40.601 0.4000000060
4073  32.145  -81.860  -41.400 0.4000000060
5673  26.319  -78.007  -44.133 0.5000000000
3580  31.634  -81.985  -41.976 0.4000000060
4077  32.129  -81.353  -42.289 0.5000000000
5681  26.072  -77.805  -45.729 0.5000000000
4410  31.348  -80.014  -25.612 0.3000000119
130896  21.153  -76.096  -33.782 0.5000000000
130902  36.240  -80.562  -29.334 0.3000000119
6514  20.628  -76.448  -35.392 0.5000000000
6058  20.150  -77.318  -33.466 0.6000000238
5070  33.097  -79.498  -34.887 0.3000000119
4536  34.455  -80.787  -34.753 0.3000000119
5081  32.645  -79.999  -35.360 0.3000000119
4022  34.413  -81.445  -34.378 0.3000000119
3990  35.084  -80.872  -33.725 0.3000000119
5015  35.243  -79.331  -30.431 0.4000000060
4482  35.466  -79.983  -29.761 0.4000000060
5616  24.482  -78.927  -38.066 0.5000000000
6034  18.194  -77.601  -32.375 0.5000000000
3992  33.865  -81.833  -33.867 0.3000000119
4522  34.251  -80.773  -33.250 0.3000000119
145545  33.915  -79.725  -32.412 0.3000000119
5043  35.299  -79.300  -31.964 0.3000000119
5104  25.641  -79.219  -38.941 0.5000000000
4041  30.438  -81.452  -37.861 0.3000000119
4049  30.318  -81.862  -38.638 0.3000000119
5642  26.753  -78.922  -40.607 0.5000000000
4057  31.384  -82.012  -39.962 0.3000000119
5660  26.669  -78.401  -42.290 0.5000000000
4586  32.231  -81.575  -40.583 0.4000000060
5666  26.479  -78.193  -43.265 0.6000000238
4585  33.031  -81.033  -40.932 0.4000000060
4594  33.249  -80.643  -41.453 0.5000000000
6147  26.632  -77.248  -44.599 0.5000000000
5657  33.152  -79.546  -42.151 0.4000000060
5150  32.608  -79.942  -42.530 0.3000000119
4603  32.048  -80.526  -42.795 0.4000000060
6602  26.818  -76.489  -45.948 0.6000000238
6561  34.022  -76.124  -40.711 0.3000000119
6568  32.484  -76.740  -41.520 0.4000000060
5651  31.659  -77.927  -41.964 0.4000000060
133833  31.581  -79.638  -42.795 0.3000000119
6607  26.873  -76.358  -46.829 0.6000000238
6155  26.354  -77.213  -46.445 0.5000000000
7081  34.024  -75.308  -40.871 0.3000000119
7082  33.395  -75.596  -41.086 0.5000000000
6576  32.139  -76.058  -42.137 0.4000000060
139964  31.542  -76.503  -42.610 0.4000000060
6614  27.063  -76.331  -47.614 0.6000000238
7635  34.668  -74.652  -41.032 0.3000000119
7636  33.836  -74.928  -41.535 0.5000000000
7092  32.820  -75.474  -42.474 0.4000000060
7105  32.224  -75.809  -43.273 0.4000000060
7648  34.605  -74.590  -42.256 0.4000000060
7091  33.784  -74.991  -42.742 0.5000000000
7115  32.910  -75.772  -44.248 0.4000000060
7103  34.336  -75.287  -44.092 0.5000000000
6482  20.516  -76.342  -32.361 0.6000000238
6046  20.158  -77.141  -32.558 0.6000000238
5575  32.600  -78.613  -34.587 0.3000000119
139117  34.509  -79.344  -34.530 0.3000000119
5573  35.428  -79.321  -34.256 0.3000000119
5068  35.542  -80.187  -34.104 0.3000000119
6983  20.187  -75.894  -31.755 0.6000000238
6024  19.268  -76.923  -31.887 0.6000000238
5585  32.090  -79.138  -34.985 0.3000000119
4519  35.882  -80.084  -33.584 0.3000000119
4506  36.194  -79.944  -33.162 0.3000000119
6484  17.951  -76.821  -32.415 0.6000000238
5592  30.183  -78.327  -36.328 0.3000000119
4521  35.086  -80.712  -33.455 0.3000000119
4507  35.708  -80.230  -32.976 0.3000000119
138865  17.691  -76.011  -32.848 0.6000000238
4574  30.223  -80.852  -38.516 0.3000000119
7562  17.192  -74.117  -33.924 0.6000000238
7016  17.093  -75.511  -34.629 0.6000000238
7022  16.730  -75.569  -35.260 0.6000000238
7569  16.393  -74.931  -35.850 0.5000000000
5649  33.736  -79.351  -41.661 0.4000000060
6124  33.122  -77.672  -41.425 0.4000000060
7646  36.184  -74.180  -43.009 0.4000000060
7665  34.884  -74.764  -43.475 0.5000000000
6055  32.131  -77.836  -34.273 0.3000000119
6044  32.649  -77.290  -33.876 0.3000000119
6054  33.136  -78.065  -34.197 0.3000000119
147038  34.313  -78.336  -34.174 0.3000000119
133119  36.186  -79.573  -33.786 0.3000000119
5560  36.997  -79.085  -33.513 0.3000000119
5040  37.840  -78.608  -32.737 0.3000000119
6992  20.776  -75.656  -32.276 0.5000000000
5576  31.646  -78.322  -34.733 0.3000000119
5587  30.572  -78.372  -35.679 0.3000000119
125915  19.080  -74.153  -32.220 0.5000000000
6993  19.353  -75.668  -31.702 0.6000000238
6063  30.263  -77.599  -35.740 0.3000000119
5041  37.101  -79.308  -32.827 0.3000000119
6995  17.972  -75.195  -32.664 0.6000000238
6070  30.056  -77.520  -36.639 0.3000000119
7556  17.613  -74.600  -33.304 0.6000000238
5126  34.105  -79.764  -40.545 0.3000000119
139726  32.789  -80.008  -40.345 0.3000000119
127646  16.763  -73.642  -34.548 0.6000000238
8166  15.298  -73.243  -36.051 0.6000000238
7542  18.278  -74.277  -32.684 0.6000000238
8750  18.799  -72.502  -33.108 0.5000000000
8751  18.090  -72.539  -33.376 0.6000000238
8148  17.262  -73.101  -33.807 0.6000000238
8149  16.745  -72.704  -34.371 0.6000000238
135013  16.399  -74.012  -35.401 0.6000000238
133218  15.485  -71.885  -35.632 0.6000000238
126085  16.314  -72.418  -34.878 0.6000000238
9443  14.949  -71.527  -36.096 0.5000000000
8128  19.586  -73.481  -32.403 0.5000000000
9411  18.784  -71.798  -33.496 0.5000000000
8756  17.362  -72.118  -33.887 0.5000000000
8763  16.111  -71.710  -35.119 0.6000000238
136840  14.186  -70.301  -37.326 0.5000000000
11812  16.440  -68.104  -38.413 0.6000000238
11798  15.008  -68.860  -37.812 0.6000000238
10977  13.686  -70.069  -38.048 0.5000000000
11814  14.561  -68.560  -38.534 0.6000000238
10992  13.490  -69.520  -38.658 0.6000000238
9419  18.588  -71.019  -34.042 0.5000000000
10143  16.806  -70.184  -35.138 0.5000000000
10944  16.471  -69.713  -35.726 0.5000000000
9431  15.653  -71.172  -35.586 0.6000000238
10973  17.734  -68.896  -37.211 0.6000000238
10974  16.193  -69.042  -36.778 0.5000000000
10957  14.793  -70.154  -36.729 0.5000000000
11796  17.066  -68.455  -37.829 0.6000000238
139147  16.572  -70.974  -41.748 0.6000000238
11797  16.133  -68.569  -37.563 0.6000000238
12651  15.060  -67.971  -39.016 0.5000000000
12605  11.580  -67.193  -35.743 0.5000000000
143374  19.512  -71.043  -34.724 0.5000000000
10134  17.418  -70.470  -34.690 0.5000000000
10955  17.581  -69.047  -36.348 0.6000000238
13488  11.029  -66.399  -35.188 0.5000000000
14394  9.507  -65.310  -35.021 0.6000000238
13487  12.058  -66.803  -34.927 0.6000000238
142040  13.298  -67.245  -35.306 0.6000000238
12606  10.453  -66.653  -35.935 0.5000000000
12620  13.222  -67.420  -36.092 0.5000000000
12638  12.721  -67.300  -37.056 0.5000000000
12677  14.088  -67.146  -40.290 0.5000000000
129048  14.583  -67.581  -39.670 0.5000000000
16190  16.725  -63.074  -34.674 0.6000000238
127937  15.281  -62.464  -35.508 0.6999999881
16155  15.597  -63.896  -33.741 0.6000000238
16172  14.219  -63.270  -34.532 0.6999999881
16173  12.877  -63.850  -34.468 0.6000000238
15288  11.775  -64.657  -34.472 0.6000000238
15273  14.982  -64.504  -33.596 0.6000000238
15285  14.191  -64.195  -33.853 0.6000000238
16169  17.101  -63.566  -34.024 0.6000000238
15272  15.916  -64.832  -33.372 0.6000000238
14361  13.987  -65.871  -33.851 0.6000000238
15287  12.549  -64.817  -34.318 0.5000000000
14381  9.947  -64.902  -34.394 0.6000000238
14357  17.314  -65.379  -33.603 0.6000000238
14360  14.858  -65.879  -33.646 0.6000000238
13467  12.579  -66.369  -34.558 0.5000000000
14379  12.149  -65.556  -34.474 0.6000000238
13448  16.133  -66.044  -33.749 0.6000000238
13466  13.608  -66.519  -34.376 0.6000000238
147359  15.739  -66.515  -34.688 0.6000000238
13464  15.130  -66.593  -34.422 0.6000000238
128004  14.536  -66.985  -35.062 0.6000000238
13504  14.026  -67.031  -36.611 0.5000000000
12652  11.632  -66.682  -38.549 0.5000000000
129190  13.141  -65.905  -38.572 0.5000000000
14440  12.738  -65.131  -39.539 0.5000000000
14459  12.215  -64.369  -40.769 0.5000000000
16192  13.348  -63.075  -34.831 0.6000000238
16193  12.403  -62.947  -35.114 0.6999999881
126496  17.098  -66.062  -34.435 0.5000000000
13503  15.475  -66.559  -36.365 0.6000000238
129827  14.852  -66.556  -36.928 0.6000000238
13516  13.499  -66.687  -37.589 0.5000000000
14422  14.859  -65.852  -37.850 0.6000000238
14438  14.471  -65.279  -38.821 0.5000000000
126833  15.738  -65.018  -39.224 0.6000000238
14457  14.019  -64.555  -39.778 0.6000000238
20910  21.761  -58.296  -38.311 0.4000000060
18012  14.003  -60.891  -37.214 0.6999999881
18971  11.476  -60.687  -37.086 0.5000000000
17974  9.268  -61.652  -36.487 0.5000000000
19976  21.149  -58.987  -37.578 0.6000000238
19977  20.452  -59.522  -38.146 0.5000000000
17068  11.327  -61.833  -36.181 0.6000000238
17051  10.308  -62.421  -35.660 0.5000000000
148714  22.747  -58.346  -36.807 0.5000000000
17992  14.733  -61.485  -36.678 0.6000000238
17973  12.974  -61.623  -36.184 0.8000000119
17065  15.262  -61.961  -36.182 0.6999999881
17048  13.108  -62.380  -35.474 0.8000000119
16194  11.202  -63.210  -35.083 0.6999999881
14420  16.182  -65.841  -37.533 0.6000000238
14437  15.303  -65.345  -38.594 0.6000000238
17997  8.941  -61.150  -37.056 0.5000000000
20911  20.994  -58.716  -38.896 0.5000000000
18985  13.086  -60.319  -37.696 0.6999999881
17052  8.670  -61.716  -35.659 0.5000000000
131039  23.507  -58.073  -36.260 0.4000000060
20909  22.631  -57.818  -37.854 0.4000000060
20881  23.427  -58.927  -35.752 0.4000000060
19960  23.434  -59.751  -35.908 0.5000000000
18964  23.741  -60.594  -36.030 0.4000000060
18988  10.484  -59.973  -37.406 0.5000000000
17975  8.470  -61.227  -36.222 0.5000000000
143045  22.448  -57.842  -39.135 0.3000000119
20926  21.041  -58.492  -40.590 0.3000000119
18986  12.105  -60.118  -37.641 0.6000000238
20872  23.571  -58.889  -35.287 0.4000000060
18933  23.921  -60.469  -35.222 0.4000000060
17059  23.788  -61.755  -36.476 0.4000000060
19982  11.312  -59.256  -37.699 0.6000000238
19004  13.305  -59.499  -38.512 0.6000000238
17960  23.965  -61.195  -34.935 0.4000000060
19983  10.503  -59.358  -37.305 0.5000000000
18957  8.848  -60.409  -36.789 0.5000000000
23554  24.250  -55.480  -37.795 0.3000000119
21815  23.427  -56.897  -40.238 0.3000000119
21824  22.044  -57.910  -40.929 0.3000000119
21832  20.672  -58.056  -41.230 0.4000000060
141388  23.548  -61.913  -33.910 0.3000000119
17041  24.150  -62.200  -35.700 0.4000000060
125314  23.542  -62.621  -34.078 0.4000000060
22724  22.372  -56.864  -40.816 0.4000000060
20918  11.926  -58.639  -37.614 0.6000000238
128474  9.555  -59.303  -36.438 0.4000000060
21825  20.594  -57.592  -40.924 0.4000000060
24419  23.600  -54.586  -36.278 0.3000000119
125839  24.415  -54.481  -38.597 0.3000000119
20886  11.035  -58.361  -36.444 0.5000000000
21827  19.213  -57.796  -40.151 0.4000000060
20928  17.309  -58.370  -39.522 0.4000000060
19979  17.037  -58.866  -37.908 0.5000000000
21818  19.526  -57.381  -39.450 0.4000000060
20927  18.167  -58.187  -39.027 0.4000000060
142482  21.017  -55.035  -36.856 0.3000000119
131468  20.466  -55.840  -36.251 0.3000000119
22701  20.331  -56.451  -36.970 0.3000000119
21805  19.736  -57.527  -36.746 0.3000000119
140573  20.211  -56.946  -36.180 0.3000000119
23556  20.575  -54.835  -36.032 0.3000000119
5026  37.102  -79.034  -31.554 0.3000000119
4584  33.677  -80.322  -40.970 0.4000000060
21810  19.308  -57.501  -38.406 0.3000000119
14455  16.652  -65.116  -39.453 0.6000000238
17822  10.133  -61.134  -26.855 0.4000000060
18966  22.173  -60.023  -36.192 0.5000000000
20912  19.257  -57.931  -37.450 0.3000000119
133373  31.328  -78.701  -42.384 0.3000000119
6569  31.775  -76.931  -41.879 0.4000000060
8757  16.740  -71.832  -34.444 0.5000000000
3951  26.049  -81.350  -29.732 0.4000000060
3452  25.441  -82.507  -29.839 0.5000000000
2101  26.043  -85.424  -26.783 0.5000000000
145685  28.550  -83.300  -29.392 0.5000000000
3066  28.521  -83.895  -36.533 0.4000000060
3939  25.860  -81.163  -28.743 0.4000000060
3439  29.884  -82.398  -28.710 0.4000000060
134506  30.346  -84.564  -28.146 0.4000000060
2613  30.405  -85.475  -36.740 0.4000000060
3067  27.852  -83.016  -36.130 0.4000000060
3517  27.700  -82.536  -35.354 0.4000000060
2947  24.678  -83.360  -25.683 0.3000000119
4976  29.391  -79.413  -27.990 0.3000000119
3936  31.521  -81.332  -28.046 0.3000000119
3425  31.948  -83.401  -27.611 0.4000000060
2526  31.958  -84.801  -27.731 0.4000000060
2612  31.259  -85.269  -36.151 0.3000000119
124199  30.682  -85.022  -37.927 0.4000000060
2970  33.326  -84.202  -27.043 0.4000000060
2547  32.973  -84.632  -28.880 0.4000000060
4495  30.628  -80.134  -31.969 0.5000000000
5667  26.020  -78.801  -43.690 0.5000000000
3098  30.528  -84.237  -39.700 0.4000000060
4972  33.102  -79.877  -26.687 0.3000000119
2984  34.237  -84.031  -27.751 0.4000000060
2993  34.137  -83.822  -28.707 0.4000000060
3448  33.831  -83.493  -29.449 0.5000000000
3958  32.875  -80.843  -30.343 0.5000000000
4006  33.973  -82.134  -34.216 0.3000000119
4033  31.235  -82.279  -37.253 0.3000000119
3076  31.233  -84.627  -37.348 0.3000000119
3544  30.614  -82.999  -38.668 0.3000000119
6151  26.490  -77.201  -45.462 0.6000000238
3446  35.336  -82.546  -28.539 0.3000000119
144066  34.412  -83.174  -29.198 0.4000000060
5028  34.635  -78.981  -31.079 0.3000000119
5652  27.057  -78.190  -41.572 0.5000000000
4065  32.408  -81.713  -40.945 0.4000000060
4468  37.230  -80.312  -29.008 0.3000000119
5027  35.806  -79.001  -31.248 0.3000000119
6123  34.069  -77.958  -41.105 0.4000000060
5650  32.877  -78.514  -41.854 0.4000000060
5658  32.275  -79.083  -42.331 0.4000000060
7622  35.400  -75.030  -40.423 0.3000000119
5561  36.385  -78.774  -33.897 0.3000000119
8141  17.810  -73.627  -33.255 0.6000000238
134741  33.864  -78.695  -41.518 0.3000000119
6040  37.342  -78.134  -33.551 0.3000000119
5559  37.770  -78.468  -33.117 0.3000000119
6528  30.494  -76.376  -37.451 0.3000000119
10149  15.262  -70.626  -36.046 0.5000000000
10975  15.365  -69.291  -37.059 0.6000000238
146586  14.623  -62.659  -35.143 0.6999999881
17049  12.202  -62.087  -35.776 0.6999999881
17993  13.894  -61.561  -36.403 0.6999999881
18970  12.504  -60.845  -36.913 0.6000000238
134986  23.892  -56.780  -39.140 0.3000000119
22714  24.254  -56.126  -39.988 0.3000000119
6579  27.529  -76.215  -42.381 0.5000000000
131018  27.367  -76.953  -41.989 0.5000000000
8884  36.554  -71.526  -47.219 0.6000000238
10942  18.141  -69.463  -35.793 0.4000000060
10177  18.551  -70.049  -37.478 0.5000000000
12650  15.885  -67.813  -38.866 0.5000000000
10223  16.504  -70.141  -41.981 0.5000000000
11029  16.674  -69.171  -41.691 0.5000000000
11834  17.076  -68.421  -40.395 0.5000000000
12665  15.678  -67.467  -39.584 0.5000000000
11848  16.705  -67.640  -41.148 0.5000000000
9549  15.432  -71.547  -44.464 0.5000000000
12676  14.995  -66.935  -40.393 0.4000000060
130221  16.455  -69.569  -42.698 0.5000000000
11042  16.642  -68.500  -42.606 0.5000000000
144541  16.484  -67.326  -40.792 0.5000000000
13554  14.738  -66.174  -41.526 0.5000000000
11057  16.390  -68.804  -43.622 0.6000000238
11862  16.697  -67.534  -42.664 0.5000000000
12692  16.289  -66.570  -41.899 0.5000000000
15338  13.515  -64.003  -40.874 0.5000000000
11884  16.113  -67.931  -44.513 0.6000000238
14503  14.006  -64.098  -42.251 0.5000000000
15368  13.394  -63.727  -41.959 0.5000000000
12700  16.420  -66.698  -43.522 0.6000000238
13575  15.295  -65.272  -42.938 0.6000000238
13577  13.751  -65.252  -42.030 0.5000000000
11885  15.699  -68.009  -45.543 0.6000000238
12708  16.162  -66.418  -44.576 0.6000000238
13604  16.007  -65.883  -43.987 0.6000000238
14521  14.679  -63.835  -42.251 0.6000000238
13620  16.550  -66.103  -44.775 0.6000000238
15350  14.762  -63.754  -41.500 0.5000000000
15336  15.555  -64.416  -40.342 0.5000000000
13593  15.762  -65.286  -43.614 0.6000000238
14502  14.870  -64.412  -42.564 0.6000000238
134167  10.482  -64.321  -34.175 0.5000000000
15275  10.309  -63.894  -33.823 0.5000000000
16174  12.022  -63.804  -34.650 0.5000000000
14479  16.575  -64.530  -40.663 0.6000000238
14541  16.748  -65.399  -44.295 0.6000000238
15348  16.635  -64.212  -41.706 0.6000000238
15377  16.076  -64.078  -43.065 0.6000000238
15364  16.817  -64.183  -42.674 0.6000000238
15376  17.216  -64.441  -43.427 0.6000000238
21817  20.328  -57.103  -39.969 0.3000000119
131716  11.191  -61.244  -29.208 0.3000000119
7677  35.326  -74.999  -44.575 0.4000000060
7689  35.899  -74.504  -46.823 0.5000000000
6620  27.884  -76.363  -49.288 0.5000000000
144238  27.887  -75.730  -47.579 0.5000000000
8279  36.759  -72.941  -47.124 0.4000000060
7138  27.927  -75.428  -46.704 0.4000000060
9554  36.475  -70.942  -46.324 0.4000000060
5659  27.106  -77.632  -42.165 0.4000000060
130241  27.523  -75.827  -44.200 0.4000000060
146671  27.158  -76.751  -43.573 0.4000000060
6597  26.900  -76.538  -45.110 0.4000000060
138992  27.298  -75.849  -46.303 0.4000000060
11868  35.948  -68.514  -43.982 0.4000000060
11034  35.474  -69.373  -43.391 0.4000000060
9522  35.151  -70.833  -43.190 0.4000000060
6126  27.363  -77.542  -41.213 0.4000000060
10247  36.851  -69.311  -45.179 0.4000000060
9538  35.747  -70.680  -44.320 0.4000000060
11856  34.142  -68.925  -42.845 0.4000000060
11857  33.250  -68.967  -42.897 0.5000000000
13619  17.647  -66.106  -45.192 0.5000000000
13632  17.688  -66.617  -45.650 0.5000000000
14529  18.963  -65.164  -44.486 0.5000000000
13617  19.520  -66.018  -44.897 0.5000000000
13603  20.550  -65.695  -44.542 0.5000000000
15384  18.707  -64.705  -43.850 0.5000000000
13591  21.185  -65.381  -44.291 0.5000000000
16176  10.340  -63.051  -34.673 0.4000000060
17031  9.333  -62.340  -34.498 0.4000000060
14528  20.050  -65.350  -44.670 0.5000000000
15363  18.184  -64.462  -42.962 0.5000000000
8869  35.696  -71.669  -46.093 0.5000000000
143532  36.353  -70.528  -45.539 0.4000000060
11855  35.025  -68.790  -43.138 0.4000000060
2111  25.973  -85.815  -27.378 0.4000000060
1731  25.593  -86.161  -27.999 0.4000000060
592  22.016  -90.696  -30.825 0.4000000060
2120  25.774  -85.228  -28.155 0.4000000060
136650  24.812  -85.698  -28.808 0.4000000060
826  22.540  -89.839  -31.089 0.4000000060
1737  23.796  -86.061  -29.304 0.4000000060
1072  23.883  -89.125  -31.199 0.4000000060
831  22.969  -89.008  -31.318 0.4000000060
1074  21.826  -88.154  -30.618 0.4000000060
2997  25.127  -83.280  -30.259 0.5000000000
2121  24.895  -84.818  -29.099 0.5000000000
2551  24.329  -84.639  -29.851 0.4000000060
2128  24.110  -85.349  -29.538 0.4000000060
1381  22.418  -87.429  -30.860 0.4000000060
148712  25.566  -82.657  -30.298 0.5000000000
3005  26.313  -83.796  -30.967 0.5000000000
2562  25.007  -83.880  -30.814 0.5000000000
2129  23.812  -85.307  -30.220 0.4000000060
131938  23.481  -85.778  -29.842 0.4000000060
2152  25.880  -84.655  -31.242 0.4000000060
2571  25.077  -84.521  -31.204 0.4000000060
1369  26.313  -87.683  -30.300 0.4000000060
1370  25.512  -87.482  -30.850 0.4000000060
1379  24.003  -87.563  -31.428 0.4000000060
1759  22.933  -86.825  -31.013 0.4000000060
1739  22.599  -86.882  -30.358 0.4000000060
1371  24.975  -87.955  -30.971 0.4000000060
1078  23.461  -88.276  -31.356 0.4000000060
2141  26.316  -85.750  -30.953 0.5000000000
2153  25.429  -85.348  -31.346 0.4000000060
2154  24.661  -85.331  -31.272 0.4000000060
1748  23.276  -86.090  -30.616 0.4000000060
2140  27.288  -85.913  -30.169 0.5000000000
1747  25.767  -86.648  -31.011 0.4000000060
1756  25.054  -86.001  -31.437 0.4000000060
1758  23.691  -86.636  -31.332 0.4000000060
1360  29.128  -87.028  -29.833 0.3000000119
1377  29.102  -87.252  -31.074 0.3000000119
1367  29.714  -86.759  -30.051 0.4000000060
1730  28.408  -86.994  -29.444 0.3000000119
1735  30.231  -86.324  -29.525 0.4000000060
1359  29.561  -86.641  -29.582 0.4000000060
2163  29.562  -86.147  -32.224 0.3000000119
2162  29.979  -86.081  -31.697 0.4000000060
1755  29.885  -86.452  -31.259 0.4000000060
2139  30.962  -85.699  -30.520 0.4000000060
129619  30.391  -85.536  -31.563 0.4000000060
2151  30.459  -85.942  -31.124 0.4000000060
2138  31.486  -85.121  -30.570 0.4000000060
2559  32.563  -84.497  -29.833 0.3000000119
148706  27.673  -87.348  -29.594 0.3000000119
1727  30.913  -85.801  -29.049 0.3000000119
1728  30.219  -86.030  -28.882 0.4000000060
2578  30.116  -85.027  -31.954 0.4000000060
2125  31.645  -85.397  -29.262 0.3000000119
2569  31.396  -84.686  -31.059 0.4000000060
3012  31.749  -83.918  -30.957 0.4000000060
2560  31.971  -84.476  -30.506 0.4000000060
2126  28.411  -86.133  -29.229 0.4000000060
143480  29.085  -86.428  -29.076 0.4000000060
2172  29.052  -86.135  -32.752 0.4000000060
2124  32.272  -85.031  -28.568 0.3000000119
3023  29.546  -83.105  -32.113 0.4000000060
2580  28.735  -84.416  -32.768 0.4000000060
3472  29.760  -82.245  -31.945 0.4000000060
3014  30.327  -83.106  -31.625 0.4000000060
2570  30.758  -84.839  -31.534 0.4000000060
2549  27.758  -85.229  -29.898 0.4000000060
2548  28.555  -85.151  -29.148 0.4000000060
2538  30.627  -85.233  -28.167 0.3000000119
2540  29.280  -85.074  -28.590 0.4000000060
2110  31.392  -85.133  -28.098 0.3000000119
3024  28.618  -83.161  -32.699 0.4000000060
3482  28.254  -82.130  -33.259 0.4000000060
3481  28.988  -81.867  -32.583 0.4000000060
3471  30.429  -82.055  -31.529 0.4000000060
3470  31.126  -83.057  -31.195 0.4000000060
3004  27.167  -83.279  -30.549 0.4000000060
135838  29.549  -84.299  -28.553 0.3000000119
3451  27.533  -82.599  -30.247 0.4000000060
130302  27.246  -84.240  -30.550 0.4000000060
144677  28.070  -83.329  -29.880 0.4000000060
2996  27.983  -84.216  -29.946 0.4000000060
2995  28.708  -84.100  -29.134 0.4000000060
131775  32.561  -69.062  -43.115 0.4000000060
3022  30.222  -84.109  -31.780 0.4000000060
827  21.671  -89.457  -30.693 0.4000000060
1058  28.668  -87.463  -30.132 0.3000000119
1071  24.419  -88.603  -31.131 0.4000000060
1073  22.133  -88.873  -31.051 0.4000000060
1079  22.616  -88.180  -31.215 0.4000000060
1354  29.065  -86.804  -29.428 0.4000000060
1361  28.512  -87.342  -29.717 0.3000000119
1368  29.151  -87.167  -30.428 0.3000000119
1376  29.605  -86.809  -30.779 0.4000000060
1378  24.709  -86.843  -31.377 0.4000000060
1380  23.158  -87.439  -31.286 0.4000000060
1729  29.638  -86.382  -29.196 0.4000000060
1736  27.762  -86.618  -29.549 0.4000000060
1738  23.047  -86.419  -29.811 0.4000000060
1744  30.960  -85.893  -29.785 0.4000000060
1745  30.321  -86.335  -30.425 0.4000000060
1746  26.887  -86.909  -30.071 0.4000000060
1757  24.272  -86.023  -31.364 0.4000000060
1766  29.464  -86.552  -31.917 0.4000000060
2109  32.162  -84.975  -27.997 0.4000000060
2116  31.528  -85.315  -28.531 0.3000000119
2117  30.789  -85.555  -28.523 0.3000000119
2118  29.951  -85.629  -28.477 0.3000000119
2119  29.160  -85.846  -28.752 0.4000000060
2127  27.808  -86.010  -29.601 0.4000000060
2137  31.939  -84.995  -29.928 0.3000000119
2142  24.412  -84.696  -30.671 0.4000000060
2150  30.965  -85.347  -31.106 0.4000000060
2155  23.933  -85.521  -31.027 0.4000000060
2164  29.463  -85.358  -32.445 0.4000000060
2173  28.705  -85.385  -33.000 0.4000000060
2200  30.019  -85.545  -38.366 0.3000000119
2201  29.738  -85.667  -37.583 0.3000000119
2210  29.680  -85.607  -38.642 0.3000000119
2221  29.029  -85.336  -39.683 0.3000000119
2222  28.398  -84.935  -40.201 0.3000000119
2230  29.381  -85.016  -39.916 0.3000000119
2231  28.822  -85.020  -40.497 0.3000000119
2242  28.481  -84.996  -42.081 0.3000000119
2515  26.064  -84.636  -26.899 0.5000000000
2523  33.860  -84.262  -27.322 0.4000000060
2524  33.400  -84.358  -27.451 0.4000000060
2527  31.166  -84.817  -27.865 0.4000000060
2539  29.938  -85.045  -28.279 0.3000000119
2550  24.859  -83.980  -29.576 0.5000000000
2561  26.851  -84.898  -30.755 0.4000000060
2579  29.497  -84.241  -32.286 0.4000000060
2603  31.295  -84.770  -35.473 0.3000000119
2624  28.624  -85.117  -37.732 0.3000000119
2644  29.896  -85.192  -39.091 0.3000000119
2667  29.528  -84.613  -40.584 0.3000000119
2677  28.952  -84.653  -42.064 0.4000000060
2968  34.820  -83.577  -26.576 0.3000000119
2969  34.236  -84.026  -26.836 0.4000000060
2971  32.446  -84.299  -27.439 0.4000000060
2972  31.621  -84.244  -27.687 0.4000000060
2987  25.468  -83.285  -29.177 0.5000000000
2994  33.630  -84.148  -29.022 0.4000000060
2998  24.624  -84.041  -30.220 0.4000000060
3006  25.622  -83.232  -30.684 0.5000000000
3013  31.009  -84.026  -31.407 0.4000000060
3015  25.486  -83.949  -31.067 0.4000000060
3049  32.504  -84.031  -35.412 0.3000000119
3050  32.053  -84.543  -35.296 0.3000000119
3051  28.834  -83.375  -35.871 0.4000000060
3075  31.778  -84.346  -36.712 0.3000000119
3077  28.285  -84.286  -37.071 0.3000000119
3089  30.827  -84.155  -38.407 0.3000000119
3108  30.305  -84.091  -40.533 0.3000000119
3423  33.496  -83.606  -26.599 0.3000000119
3424  32.736  -83.549  -27.103 0.4000000060
3436  34.784  -83.335  -28.409 0.4000000060
3438  30.664  -82.855  -28.275 0.4000000060
3440  25.778  -81.973  -28.525 0.4000000060
3447  34.910  -82.396  -29.223 0.5000000000
3449  29.017  -81.958  -29.242 0.4000000060
3461  26.702  -82.242  -30.440 0.5000000000
3462  25.942  -82.412  -30.432 0.5000000000
3491  33.401  -82.614  -34.124 0.3000000119
3492  32.666  -82.662  -33.967 0.4000000060
3493  27.762  -82.194  -33.944 0.4000000060
3499  33.496  -82.727  -34.658 0.3000000119
3516  28.330  -82.435  -35.440 0.4000000060
3526  32.647  -83.496  -35.907 0.3000000119
3534  30.645  -82.537  -37.996 0.3000000119
3554  30.701  -83.614  -39.371 0.4000000060
3591  30.486  -82.190  -43.302 0.4000000060
3600  29.670  -82.460  -44.706 0.3000000119
3607  29.371  -82.829  -45.318 0.3000000119
3912  25.079  -80.983  -26.959 0.3000000119
3957  34.007  -81.167  -29.871 0.5000000000
3961  26.248  -81.692  -30.174 0.4000000060
3982  28.697  -81.455  -33.258 0.5000000000
3991  34.567  -81.383  -33.881 0.3000000119
3997  28.882  -81.227  -33.661 0.5000000000
4005  34.934  -81.091  -34.032 0.3000000119
4007  31.469  -82.016  -34.082 0.4000000060
4011  28.090  -81.949  -34.938 0.4000000060
4058  30.654  -82.401  -39.301 0.3000000119
4072  32.708  -81.254  -41.429 0.5000000000
4078  31.253  -81.696  -42.788 0.4000000060
4084  31.483  -81.030  -43.227 0.4000000060
4091  29.458  -81.504  -45.069 0.3000000119
4473  26.647  -80.239  -29.121 0.3000000119
4474  26.250  -80.746  -29.300 0.4000000060
4483  33.472  -79.989  -30.299 0.4000000060
4494  31.226  -80.025  -31.567 0.5000000000
4496  30.083  -80.553  -32.315 0.5000000000
4508  34.868  -80.027  -32.690 0.3000000119
4511  31.075  -79.978  -32.517 0.5000000000
4520  35.506  -80.432  -33.448 0.3000000119
4524  31.358  -80.433  -33.184 0.4000000060
4525  30.459  -80.339  -33.023 0.5000000000
4526  29.945  -80.490  -32.826 0.5000000000
4534  35.339  -80.619  -33.861 0.3000000119
4535  34.985  -80.776  -34.293 0.3000000119
4593  33.634  -80.042  -41.582 0.4000000060
4602  32.778  -80.694  -42.169 0.3000000119
4613  31.253  -80.424  -43.409 0.5000000000
4614  30.990  -80.882  -43.885 0.3000000119
4628  30.462  -81.188  -44.306 0.4000000060
4629  29.893  -81.008  -44.654 0.3000000119
4949  31.940  -79.598  -25.868 0.3000000119
4950  31.084  -79.674  -26.384 0.3000000119
4959  30.653  -79.509  -27.140 0.3000000119
4973  32.287  -79.572  -26.976 0.3000000119
4990  30.512  -79.611  -28.099 0.3000000119
4991  28.991  -79.597  -28.604 0.3000000119
5017  33.164  -79.489  -30.756 0.4000000060
5030  32.537  -79.476  -31.214 0.4000000060
5032  31.035  -79.817  -32.017 0.5000000000
5042  36.372  -79.480  -32.432 0.3000000119
5045  32.225  -79.435  -31.933 0.4000000060
5046  31.523  -79.649  -32.098 0.5000000000
5055  37.271  -79.113  -33.152 0.3000000119
5056  36.593  -79.562  -33.323 0.3000000119
5069  34.946  -80.175  -34.520 0.3000000119
5127  33.438  -80.343  -40.678 0.3000000119
5128  32.547  -80.781  -40.496 0.4000000060
5139  34.211  -79.712  -41.024 0.4000000060
5162  26.195  -78.955  -42.856 0.5000000000
5173  28.158  -79.763  -45.285 0.3000000119
5574  33.621  -78.925  -34.558 0.3000000119
5586  31.226  -78.742  -35.326 0.3000000119
5600  23.260  -78.347  -37.381 0.6000000238
5615  25.336  -78.844  -38.209 0.5000000000
5641  27.166  -78.363  -40.841 0.5000000000
5664  30.606  -78.931  -42.694 0.5000000000
5671  29.020  -78.546  -44.143 0.3000000119
5672  28.574  -79.135  -44.683 0.3000000119
5675  28.988  -78.274  -45.078 0.3000000119
5677  26.155  -77.891  -44.972 0.6000000238
5684  28.667  -78.744  -48.279 0.4000000060
6032  19.495  -77.408  -32.280 0.6000000238
6045  31.735  -77.063  -33.998 0.3000000119
6056  31.276  -77.532  -34.531 0.3000000119
6062  30.859  -77.982  -35.093 0.3000000119
6072  23.578  -77.114  -36.312 0.6999999881
6080  26.486  -76.884  -37.685 0.6999999881
6081  25.303  -77.762  -37.446 0.6999999881
6082  24.663  -77.730  -37.228 0.6999999881
6084  22.896  -77.795  -36.767 0.6000000238
6099  27.309  -76.936  -38.454 0.8000000119
6100  26.625  -77.962  -38.140 0.8000000119
6101  25.846  -78.101  -37.751 0.6999999881
6118  27.404  -77.871  -40.332 0.6999999881
6125  32.308  -77.502  -41.684 0.4000000060
6131  30.711  -77.922  -42.467 0.5000000000
6132  26.841  -77.692  -42.873 0.6000000238
6137  30.255  -77.532  -43.317 0.4000000060
6138  29.592  -78.021  -43.696 0.3000000119
6139  27.194  -76.962  -42.894 0.4000000060
6140  26.819  -77.334  -43.668 0.6000000238
6150  29.795  -77.698  -45.642 0.4000000060
6154  29.857  -77.941  -46.646 0.4000000060
6157  31.623  -77.043  -49.507 0.6000000238
6158  30.869  -77.617  -48.838 0.4000000060
6159  29.940  -78.189  -47.912 0.5000000000
6160  26.982  -76.636  -48.612 0.6000000238
6161  26.589  -76.869  -47.504 0.6000000238
6167  30.441  -76.856  -49.826 0.6999999881
6477  19.942  -76.734  -31.938 0.6000000238
6483  18.606  -76.914  -32.008 0.6000000238
6498  20.676  -76.584  -33.225 0.6000000238
6507  20.507  -76.622  -34.454 0.5000000000
6513  21.553  -76.270  -35.258 0.6000000238
6519  30.147  -76.734  -36.782 0.3000000119
6521  23.969  -76.342  -36.007 0.6999999881
6524  20.823  -76.569  -35.936 0.5000000000
6529  26.573  -76.185  -37.776 0.8000000119
6547  25.122  -76.558  -37.517 0.6999999881
6555  27.558  -76.501  -39.353 0.8000000119
6562  27.498  -77.048  -40.311 0.6000000238
6566  34.232  -77.113  -40.766 0.4000000060
6567  33.344  -76.657  -41.048 0.4000000060
6578  30.878  -76.969  -42.957 0.4000000060
6587  27.479  -76.158  -43.431 0.4000000060
6588  27.114  -76.532  -44.222 0.4000000060
6596  27.356  -75.898  -44.889 0.4000000060
6600  31.661  -77.061  -45.864 0.4000000060
6601  27.192  -75.993  -45.566 0.4000000060
6606  27.401  -75.895  -47.163 0.6000000238
6608  32.992  -75.503  -49.457 0.6000000238
6609  32.827  -76.109  -49.418 0.6000000238
6613  27.559  -76.128  -48.083 0.5000000000
6618  29.615  -76.290  -49.644 0.6000000238
6621  29.914  -76.764  -49.939 0.6999999881
6984  19.581  -76.360  -31.739 0.6000000238
6994  18.425  -76.033  -32.053 0.6000000238
7008  17.350  -76.010  -33.893 0.6000000238
7013  22.739  -74.994  -34.308 0.6000000238
7015  17.313  -75.050  -34.042 0.6000000238
7019  23.661  -75.084  -35.367 0.6999999881
7020  23.131  -75.332  -34.977 0.6999999881
7021  22.250  -75.666  -34.674 0.6000000238
7048  27.512  -75.389  -38.777 0.6999999881
7049  27.134  -75.508  -38.099 0.6999999881
7051  24.789  -76.110  -37.904 0.8000000119
7060  27.606  -75.566  -39.700 0.6999999881
7070  34.705  -75.619  -40.567 0.3000000119
7071  27.654  -75.502  -40.793 0.6000000238
7075  22.246  -75.432  -41.393 0.6999999881
7083  32.722  -75.810  -41.536 0.5000000000
7085  23.651  -75.928  -41.447 0.8000000119
7086  23.016  -75.725  -41.541 0.6999999881
7093  28.196  -74.896  -43.132 0.6000000238
7094  27.818  -75.428  -42.810 0.6000000238
7096  22.714  -75.431  -42.439 0.6999999881
7097  22.007  -75.428  -42.752 0.8000000119
7104  33.280  -75.470  -43.591 0.4000000060
7114  33.771  -75.702  -44.715 0.4000000060
7121  19.759  -75.706  -45.443 0.5000000000
7124  34.319  -76.064  -47.250 0.6000000238
7127  22.074  -75.568  -45.072 0.6000000238
7128  21.280  -75.748  -45.517 0.5000000000
7132  17.787  -75.696  -47.292 0.6000000238
7135  34.120  -75.537  -48.505 0.6000000238
7136  30.957  -74.870  -47.465 0.6999999881
7140  19.976  -76.031  -47.209 0.6000000238
7141  19.076  -75.991  -47.619 0.6000000238
7142  18.574  -75.856  -47.591 0.6000000238
7143  35.344  -74.115  -48.695 0.6000000238
7145  32.661  -75.268  -49.452 0.6999999881
7148  30.023  -75.502  -48.578 0.6999999881
7149  28.509  -75.555  -47.661 0.6000000238
7153  33.315  -75.006  -49.363 0.6999999881
7154  31.894  -75.726  -49.662 0.6999999881
7156  29.978  -75.938  -49.248 0.6999999881
7540  19.426  -74.797  -31.821 0.5000000000
7541  18.695  -74.980  -32.094 0.5000000000
7554  22.345  -74.701  -33.667 0.6000000238
7555  21.911  -74.448  -33.119 0.6000000238
7563  16.941  -74.678  -34.896 0.6000000238
7568  23.689  -74.578  -35.604 0.6999999881
7597  25.501  -75.382  -38.013 0.8000000119
7607  27.635  -74.747  -39.309 0.6999999881
7608  25.162  -74.966  -38.648 0.8999999762
7611  22.090  -74.607  -39.966 0.6999999881
7623  28.407  -73.712  -40.297 0.8000000119
7625  24.266  -75.999  -40.533 0.8999999762
7626  22.844  -75.535  -40.327 0.8000000119
7639  24.128  -75.488  -41.496 0.6999999881
7641  19.960  -74.286  -41.553 0.6000000238
7642  19.063  -73.976  -41.519 0.6999999881
7650  28.550  -74.539  -42.478 0.6000000238
7652  24.063  -74.694  -41.845 0.6999999881
7653  23.586  -75.037  -42.382 0.6999999881
7670  23.252  -74.530  -44.035 0.6000000238
7671  22.899  -75.147  -43.731 0.6000000238
7688  36.405  -73.670  -47.240 0.5000000000
7692  30.945  -74.581  -45.639 0.6999999881
7694  28.951  -74.849  -45.199 0.6000000238
7698  17.099  -75.843  -47.014 0.5000000000
7699  15.623  -74.968  -46.652 0.6000000238
7706  21.858  -75.283  -46.512 0.5000000000
7708  18.970  -75.216  -48.027 0.6000000238
7710  16.580  -75.366  -47.258 0.6000000238
7712  15.290  -74.193  -47.124 0.6000000238
7713  35.365  -73.487  -48.766 0.6000000238
7719  15.900  -74.478  -47.311 0.6000000238
8129  18.690  -73.300  -32.791 0.5000000000
8139  22.449  -74.042  -33.764 0.6000000238
8147  22.155  -73.372  -34.074 0.6000000238
8153  23.529  -73.974  -35.917 0.6999999881
8154  23.028  -73.489  -35.418 0.6000000238
8156  16.306  -73.160  -35.048 0.6000000238
8157  15.898  -73.447  -35.640 0.6000000238
8164  21.893  -73.247  -36.760 0.6000000238
8192  27.169  -73.833  -38.479 0.8000000119
8193  26.585  -73.817  -38.214 0.8000000119
8195  22.144  -73.904  -38.501 0.6999999881
8196  21.033  -73.574  -38.393 0.5000000000
8203  27.931  -72.813  -39.370 0.8000000119
8205  25.304  -73.805  -38.867 0.6999999881
8218  28.522  -72.984  -39.771 0.8000000119
8219  27.931  -73.581  -39.632 0.6999999881
8221  20.024  -73.715  -40.074 0.6999999881
8223  18.454  -73.129  -40.540 0.6000000238
8231  30.491  -73.214  -41.251 0.8000000119
8233  24.381  -73.905  -41.269 0.6999999881
8234  18.863  -73.589  -40.913 0.6999999881
8243  33.287  -72.950  -42.944 0.6999999881
8245  31.614  -73.345  -42.322 0.6999999881
8250  23.849  -74.174  -42.676 0.6000000238
8260  32.712  -73.436  -43.519 0.8000000119
8262  30.980  -73.727  -43.019 0.6999999881
8263  30.121  -73.942  -42.826 0.6999999881
8265  23.685  -73.934  -43.508 0.6000000238
8266  16.889  -73.924  -43.996 0.6000000238
8267  16.430  -73.395  -43.661 0.6000000238
8270  33.975  -73.317  -45.346 0.6999999881
8273  23.240  -74.148  -44.825 0.6000000238
8275  19.534  -73.208  -45.273 0.5000000000
8278  15.005  -73.504  -45.503 0.6000000238
8281  33.973  -73.583  -46.792 0.6999999881
8285  20.080  -73.435  -46.040 0.5000000000
8287  18.161  -74.001  -47.006 0.6999999881
8289  15.308  -74.371  -46.012 0.6000000238
8290  14.898  -73.853  -46.320 0.6000000238
8291  36.385  -72.750  -48.236 0.4000000060
8292  35.865  -72.866  -48.686 0.6999999881
8293  35.670  -72.674  -48.490 0.6999999881
8294  34.870  -73.263  -48.300 0.6999999881
8298  19.386  -74.548  -47.697 0.6000000238
8299  18.578  -74.673  -47.616 0.6000000238
8301  16.672  -74.397  -47.405 0.6999999881
8303  14.893  -73.618  -46.816 0.6999999881
8304  34.896  -73.685  -48.884 0.6000000238
8307  20.558  -73.780  -48.388 0.6000000238
8308  20.464  -74.452  -48.503 0.6000000238
8309  15.491  -73.523  -47.357 0.6999999881
8741  20.159  -72.929  -32.752 0.6000000238
8742  19.366  -72.738  -32.835 0.5000000000
8747  21.341  -72.962  -33.736 0.6000000238
8760  21.380  -72.647  -35.340 0.6000000238
8762  20.064  -72.106  -35.979 0.6000000238
8764  15.763  -72.618  -35.477 0.6000000238
8768  21.151  -72.858  -36.324 0.6000000238
8769  20.258  -72.712  -36.650 0.6000000238
8771  15.059  -72.417  -36.024 0.5000000000
8772  14.333  -72.220  -36.482 0.5000000000
8779  19.221  -72.765  -38.205 0.5000000000
8780  19.085  -71.570  -37.059 0.5000000000
8796  19.073  -73.064  -38.934 0.6000000238
8806  27.400  -72.321  -39.173 0.8000000119
8807  26.504  -72.348  -38.944 0.6999999881
8810  18.642  -72.745  -39.359 0.6000000238
8811  18.176  -72.297  -39.548 0.6000000238
8818  30.554  -72.159  -40.647 0.6999999881
8828  33.311  -72.096  -41.809 0.6999999881
8829  32.586  -72.192  -41.586 0.6999999881
8831  24.974  -72.159  -40.928 0.6999999881
8833  17.120  -72.582  -41.655 0.6999999881
8834  16.598  -72.287  -42.121 0.6000000238
8846  24.534  -72.573  -42.471 0.6000000238
8859  24.047  -73.205  -43.836 0.6000000238
8865  15.886  -72.987  -43.827 0.6000000238
8866  15.445  -72.361  -44.232 0.6000000238
8875  20.911  -72.713  -44.433 0.5000000000
8878  18.357  -72.548  -45.118 0.5000000000
8891  14.675  -72.933  -46.324 0.6000000238
8899  16.897  -73.121  -47.006 0.5000000000
8901  14.733  -72.725  -46.944 0.6999999881
8906  15.111  -72.689  -47.265 0.6999999881
8910  21.591  -73.333  -49.442 0.5000000000
9409  20.048  -71.899  -33.797 0.6000000238
9410  19.477  -71.849  -33.519 0.5000000000
9412  18.041  -71.672  -33.725 0.5000000000
9418  19.410  -71.296  -34.065 0.5000000000
9420  17.542  -71.171  -34.211 0.6000000238
9421  16.744  -70.997  -34.701 0.6000000238
9429  19.826  -71.447  -35.246 0.6000000238
9430  16.243  -70.885  -35.210 0.6000000238
9482  17.834  -71.630  -39.530 0.6000000238
9492  29.148  -71.529  -40.168 0.6999999881
9493  28.388  -71.246  -40.054 0.6999999881
9507  32.998  -71.459  -41.601 0.6000000238
9510  27.314  -71.025  -40.999 0.6000000238
9517  16.812  -71.847  -41.456 0.6999999881
9525  26.163  -71.272  -42.153 0.6000000238
9540  26.194  -71.135  -43.619 0.6000000238
9541  25.473  -71.575  -43.703 0.6000000238
9543  23.066  -70.882  -43.849 0.5000000000
9548  15.887  -71.653  -43.422 0.6000000238
9555  25.308  -71.677  -45.087 0.6000000238
9556  24.805  -72.152  -44.769 0.6000000238
9558  22.567  -71.407  -44.449 0.5000000000
9567  23.053  -70.993  -45.931 0.5000000000
9568  14.817  -71.398  -46.240 0.6000000238
9575  14.863  -71.907  -47.042 0.6999999881
10132  19.044  -70.617  -34.656 0.6000000238
10142  17.821  -69.853  -35.129 0.5000000000
10144  15.991  -70.364  -35.595 0.6000000238
10148  18.774  -69.883  -36.044 0.6000000238
10162  18.601  -69.754  -36.805 0.4000000060
10163  14.238  -70.826  -36.946 0.5000000000
10188  17.617  -69.979  -39.604 0.6999999881
10195  28.966  -70.900  -40.579 0.6999999881
10196  28.131  -70.838  -40.675 0.6000000238
10216  27.867  -70.576  -41.578 0.5000000000
10228  35.132  -70.170  -42.979 0.4000000060
10230  33.460  -70.769  -41.810 0.6000000238
10232  30.440  -69.976  -42.647 0.5000000000
10235  27.781  -70.451  -42.528 0.5000000000
10242  16.214  -70.725  -42.790 0.5000000000
10248  36.689  -69.895  -45.424 0.4000000060
10251  27.869  -70.381  -43.423 0.5000000000
10253  23.985  -69.967  -43.721 0.5000000000
10255  15.789  -70.817  -44.081 0.6000000238
10260  27.218  -70.589  -45.103 0.6000000238
10261  23.906  -70.118  -44.573 0.5000000000
10270  27.083  -70.659  -46.129 0.6000000238
10278  26.927  -70.801  -47.384 0.5000000000
10282  16.678  -70.634  -47.031 0.6000000238
10283  15.794  -70.127  -47.290 0.6999999881
10287  26.889  -71.136  -48.905 0.5000000000
10291  15.346  -71.022  -47.051 0.6999999881
10943  17.290  -69.444  -35.667 0.5000000000
10945  15.755  -69.692  -36.226 0.5000000000
10954  18.242  -69.277  -36.507 0.6000000238
10956  16.712  -69.186  -36.236 0.5000000000
10972  18.314  -69.400  -37.160 0.6000000238
10976  14.481  -69.629  -37.480 0.5000000000
10990  17.680  -68.760  -38.334 0.6999999881
10991  14.114  -69.223  -38.182 0.6000000238
11012  17.365  -69.191  -39.980 0.6000000238
11028  16.959  -69.267  -40.768 0.5000000000
11035  34.499  -69.695  -42.692 0.4000000060
11036  33.579  -69.571  -42.417 0.6000000238
11037  32.681  -69.496  -42.319 0.6000000238
11038  31.240  -69.705  -42.715 0.5000000000
11047  36.794  -68.835  -44.883 0.4000000060
11048  36.226  -69.151  -44.303 0.4000000060
11066  15.242  -69.588  -45.749 0.6999999881
11075  16.569  -69.412  -47.124 0.5000000000
11085  15.481  -68.965  -46.874 0.6999999881
11782  16.976  -68.728  -36.941 0.6000000238
11811  17.119  -68.205  -38.786 0.6000000238
11813  15.517  -68.271  -38.351 0.6000000238
11815  13.726  -68.870  -38.811 0.5000000000
11823  14.108  -68.244  -39.197 0.5000000000
11849  16.789  -67.976  -41.861 0.5000000000
11861  16.610  -66.876  -42.379 0.6000000238
11867  37.022  -68.348  -44.950 0.4000000060
11876  16.527  -67.773  -43.476 0.6000000238
11882  19.296  -67.438  -44.804 0.5000000000
11890  18.265  -68.108  -46.009 0.5000000000
11892  15.524  -68.312  -46.100 0.6000000238
11895  16.367  -68.627  -47.011 0.5000000000
11896  15.768  -68.539  -46.829 0.6000000238
11897  15.533  -68.597  -46.527 0.6000000238
12603  13.940  -67.230  -35.599 0.6000000238
12604  12.588  -67.266  -35.423 0.5000000000
12639  11.838  -67.257  -37.749 0.5000000000
12649  16.473  -67.794  -39.176 0.5000000000
12663  16.915  -67.877  -39.502 0.5000000000
12664  16.382  -67.462  -40.006 0.5000000000
12666  13.523  -67.785  -39.944 0.5000000000
12675  15.818  -66.871  -40.972 0.4000000060
12707  19.924  -66.650  -44.258 0.5000000000
12715  19.598  -66.408  -44.733 0.5000000000
12717  16.104  -66.941  -45.162 0.6000000238
12723  18.296  -67.166  -45.850 0.5000000000
12725  16.184  -67.361  -45.779 0.6000000238
12733  16.478  -67.902  -46.436 0.6000000238
13449  15.429  -66.241  -33.852 0.6000000238
13450  14.570  -66.375  -34.017 0.6000000238
13465  14.303  -66.742  -34.516 0.6000000238
13468  11.606  -66.046  -34.689 0.6000000238
13469  10.507  -65.536  -34.845 0.6000000238
13485  15.426  -66.689  -35.314 0.6000000238
13486  12.964  -66.965  -34.810 0.6000000238
13501  17.984  -66.169  -35.666 0.6999999881
13502  16.957  -66.228  -36.039 0.6999999881
13514  15.530  -66.161  -37.247 0.6000000238
13515  14.288  -66.431  -37.465 0.5000000000
13517  12.574  -66.735  -38.139 0.5000000000
13526  14.005  -65.891  -38.237 0.5000000000
13553  15.394  -66.011  -42.064 0.5000000000
13555  13.979  -66.398  -41.041 0.5000000000
13572  23.041  -64.205  -42.341 0.5000000000
13574  16.080  -66.010  -42.890 0.6000000238
13576  14.551  -65.159  -42.465 0.5000000000
13589  22.052  -64.949  -43.124 0.6000000238
13590  21.614  -65.211  -43.696 0.5000000000
13592  16.128  -66.081  -43.385 0.6000000238
13605  16.100  -65.748  -44.047 0.6000000238
13618  18.580  -66.409  -45.345 0.5000000000
14355  18.638  -65.067  -33.901 0.8000000119
14358  16.541  -65.548  -33.525 0.6000000238
14359  15.673  -65.735  -33.533 0.6000000238
14374  19.170  -65.237  -34.348 0.8000000119
14375  18.428  -65.465  -34.204 0.6999999881
14376  17.660  -65.665  -34.032 0.6999999881
14377  16.841  -65.874  -33.871 0.5000000000
14378  13.054  -65.752  -34.216 0.5000000000
14380  11.146  -65.067  -34.558 0.6000000238
14393  19.629  -65.643  -35.035 0.8000000119
14405  19.493  -65.955  -35.958 0.8000000119
14406  18.701  -66.127  -36.238 0.8000000119
14408  16.914  -65.982  -37.070 0.6999999881
14416  20.613  -65.434  -37.393 0.8000000119
14417  20.078  -65.785  -37.410 0.6999999881
14421  15.596  -65.687  -37.900 0.6000000238
14430  24.429  -64.199  -39.015 0.5000000000
14433  20.541  -65.372  -38.290 0.8000000119
14434  18.796  -65.606  -38.576 0.6999999881
14436  16.194  -65.453  -38.405 0.6000000238
14439  13.614  -65.198  -39.137 0.5000000000
14448  24.329  -64.066  -40.027 0.5000000000
14450  21.958  -64.101  -40.819 0.6000000238
14453  18.792  -65.334  -39.790 0.8000000119
14456  14.943  -64.761  -39.500 0.6000000238
14458  13.148  -64.457  -40.180 0.5000000000
14472  24.132  -63.927  -40.961 0.5000000000
14474  21.715  -64.159  -41.976 0.6999999881
14478  17.341  -64.650  -40.998 0.6999999881
14495  23.168  -63.768  -41.935 0.5000000000
14498  20.147  -64.944  -42.280 0.6000000238
14500  17.670  -64.527  -41.882 0.6999999881
14501  15.595  -64.532  -43.058 0.6000000238
14504  12.953  -64.160  -42.011 0.5000000000
14519  19.895  -64.714  -43.434 0.6000000238
14520  15.339  -63.969  -42.564 0.6000000238
14530  17.573  -64.993  -44.115 0.6000000238
14531  16.287  -64.829  -43.689 0.6000000238
14539  18.828  -65.737  -44.918 0.5000000000
14540  17.709  -65.531  -44.682 0.6000000238
15269  18.181  -64.598  -33.707 0.6999999881
15270  17.591  -64.853  -33.509 0.6000000238
15271  16.919  -64.816  -33.384 0.6000000238
15274  14.397  -65.144  -33.626 0.6000000238
15283  23.446  -64.043  -34.296 0.4000000060
15284  19.966  -63.874  -34.674 0.8000000119
15286  13.470  -64.831  -33.954 0.6000000238
15308  21.223  -64.398  -36.347 0.6999999881
15309  20.547  -65.207  -36.005 0.8000000119
15333  24.084  -63.392  -40.434 0.5000000000
15334  23.695  -63.142  -40.446 0.6000000238
15337  14.438  -64.141  -40.593 0.5000000000
15339  12.905  -63.790  -41.060 0.5000000000
15347  23.191  -63.424  -41.261 0.5000000000
15349  15.708  -63.895  -41.518 0.5000000000
15351  13.815  -63.675  -41.629 0.5000000000
15352  13.020  -63.742  -41.727 0.5000000000
15365  15.851  -63.854  -42.377 0.6000000238
15366  15.051  -63.676  -42.100 0.6000000238
15367  14.215  -63.605  -42.039 0.5000000000
15369  12.817  -63.877  -41.546 0.5000000000
16153  17.417  -64.258  -33.633 0.6999999881
16154  16.534  -64.107  -33.607 0.6000000238
16156  14.812  -63.760  -33.955 0.6999999881
16157  9.594  -63.211  -33.515 0.4000000060
16167  23.837  -62.942  -34.908 0.4000000060
16168  19.250  -63.449  -34.609 0.8000000119
16170  16.203  -63.426  -34.236 0.6000000238
16171  15.239  -63.144  -34.566 0.6999999881
16175  11.258  -63.913  -34.448 0.5000000000
16184  24.224  -62.646  -36.055 0.5000000000
16191  16.038  -62.733  -35.053 0.6000000238
16204  22.423  -62.668  -36.505 0.6999999881
16221  23.978  -63.052  -39.665 0.6000000238
16973  14.151  -62.304  -30.640 0.3000000119
16993  15.450  -62.425  -31.295 0.3000000119
16994  14.562  -62.434  -31.359 0.4000000060
17008  14.983  -62.388  -32.067 0.4000000060
17009  14.090  -62.298  -32.088 0.4000000060
17030  23.910  -62.070  -34.935 0.4000000060
17032  8.189  -61.902  -34.537 0.5000000000
17042  21.422  -62.634  -35.849 0.6999999881
17047  16.780  -62.627  -35.433 0.6000000238
17050  11.375  -62.495  -35.605 0.6999999881
17058  24.083  -61.942  -36.280 0.4000000060
17062  18.356  -61.952  -36.459 0.8000000119
17063  17.658  -62.100  -36.347 0.8000000119
17064  16.929  -62.200  -36.191 0.8000000119
17066  14.495  -62.113  -35.862 0.6999999881
17067  13.697  -62.051  -35.815 0.8000000119
17069  10.378  -61.855  -36.364 0.5000000000
17833  13.035  -61.144  -27.838 0.4000000060
17843  14.098  -61.226  -28.675 0.4000000060
17845  12.742  -61.469  -28.479 0.4000000060
17864  15.978  -61.266  -29.663 0.3000000119
17868  11.772  -61.511  -29.588 0.4000000060
17869  10.926  -61.114  -29.924 0.3000000119
17892  14.694  -62.031  -29.934 0.3000000119
17914  11.199  -61.174  -31.717 0.5000000000
17930  14.476  -61.915  -32.729 0.5000000000
17931  13.589  -61.909  -32.691 0.5000000000
17948  13.966  -61.463  -33.385 0.5000000000
17949  13.049  -61.443  -33.319 0.6000000238
17970  24.124  -61.563  -35.798 0.4000000060
17972  20.474  -61.892  -35.702 0.6999999881
17976  7.952  -61.311  -35.174 0.5000000000
17983  23.932  -61.298  -36.179 0.4000000060
17985  21.779  -60.613  -36.150 0.6000000238
17989  17.880  -61.666  -37.089 0.8000000119
17991  15.706  -61.531  -36.866 0.6999999881
17994  11.896  -61.388  -36.441 0.6000000238
17995  10.779  -61.283  -36.768 0.5000000000
17996  9.683  -61.258  -37.044 0.5000000000
18006  19.248  -61.328  -37.193 0.8000000119
18008  18.089  -61.308  -37.775 0.6999999881
18009  16.660  -60.780  -38.268 0.6999999881
18787  10.084  -60.293  -25.768 0.4000000060
18803  12.129  -60.450  -26.654 0.3000000119
18806  9.662  -60.785  -26.196 0.4000000060
18816  13.370  -60.388  -27.374 0.3000000119
18818  11.773  -61.212  -27.028 0.5000000000
18904  10.751  -60.837  -32.683 0.5000000000
18912  23.528  -61.105  -33.638 0.3000000119
18915  17.028  -61.048  -34.084 0.4000000060
18920  12.524  -60.846  -33.962 0.6000000238
18934  19.265  -60.299  -34.280 0.3000000119
18937  16.460  -60.665  -34.722 0.4000000060
18938  15.200  -60.478  -34.851 0.5000000000
18940  13.843  -60.346  -34.822 0.5000000000
18951  24.041  -60.914  -35.810 0.4000000060
18952  18.500  -60.007  -35.490 0.3000000119
18953  17.727  -60.247  -35.512 0.4000000060
18965  23.046  -60.092  -36.073 0.5000000000
18969  13.319  -61.056  -36.827 0.6999999881
18972  10.433  -60.643  -37.217 0.5000000000
18973  9.600  -60.535  -37.238 0.5000000000
18981  20.107  -60.306  -37.542 0.6999999881
18983  15.585  -60.350  -38.479 0.6999999881
18984  13.943  -60.141  -38.238 0.6999999881
18987  11.255  -60.000  -37.533 0.6000000238
18989  10.039  -59.907  -37.313 0.5000000000
18998  19.146  -60.459  -38.988 0.6000000238
19000  17.059  -60.365  -39.216 0.6999999881
19002  15.279  -59.507  -39.308 0.6999999881
19003  13.958  -59.397  -38.829 0.6999999881
19012  18.123  -59.859  -39.928 0.6000000238
19014  16.562  -59.574  -39.667 0.6000000238
19809  12.474  -59.499  -26.554 0.3000000119
19819  13.319  -59.541  -26.976 0.3000000119
19935  12.353  -59.614  -35.160 0.6000000238
19945  19.502  -59.341  -35.260 0.3000000119
19946  18.996  -59.421  -35.867 0.4000000060
19949  15.688  -59.620  -36.002 0.5000000000
19951  12.210  -58.801  -35.806 0.6999999881
19953  10.373  -58.592  -36.047 0.5000000000
19954  8.750  -59.675  -35.857 0.4000000060
19961  22.618  -59.252  -36.345 0.5000000000
19962  21.553  -59.421  -36.680 0.6999999881
19963  20.722  -59.734  -36.992 0.6000000238
19966  16.428  -58.973  -37.171 0.6000000238
19967  15.063  -58.890  -36.797 0.6000000238
19970  9.737  -59.662  -37.100 0.5000000000
19978  17.944  -58.940  -37.573 0.6000000238
19980  16.157  -58.332  -38.171 0.6000000238
19981  12.162  -58.993  -38.204 0.6000000238
19989  20.286  -59.299  -39.519 0.6000000238
19992  13.636  -59.004  -38.859 0.6999999881
19993  12.907  -58.992  -38.549 0.8000000119
20001  19.395  -59.265  -40.492 0.6000000238
20004  16.079  -58.910  -39.924 0.5000000000
20005  15.308  -58.858  -39.737 0.5000000000
20006  14.953  -58.550  -39.372 0.6000000238
20015  19.911  -58.835  -40.928 0.6000000238
20016  19.284  -58.830  -40.760 0.6000000238
20882  20.157  -58.121  -35.205 0.3000000119
20884  12.600  -58.436  -36.599 0.6999999881
20885  11.748  -58.348  -36.454 0.6999999881
20893  23.223  -58.705  -36.254 0.4000000060
20894  21.970  -58.583  -37.169 0.6000000238
20897  14.612  -58.324  -37.777 0.6000000238
20898  13.666  -58.326  -37.632 0.6999999881
20900  11.364  -58.384  -37.001 0.5000000000
20901  10.512  -58.830  -36.838 0.5000000000
20908  23.296  -57.841  -36.931 0.4000000060
20914  17.552  -58.476  -38.573 0.4000000060
20916  14.682  -58.218  -38.827 0.6000000238
20919  11.127  -58.806  -37.303 0.6000000238
20925  21.863  -58.158  -39.828 0.3000000119
20930  15.433  -58.083  -39.280 0.5000000000
20938  20.517  -58.450  -41.064 0.4000000060
20939  18.420  -58.194  -39.895 0.4000000060
20940  16.722  -58.711  -39.849 0.5000000000
20948  21.356  -58.018  -41.200 0.4000000060
20949  19.938  -58.426  -41.022 0.4000000060
21799  19.944  -57.881  -35.968 0.3000000119
21809  23.176  -57.361  -39.193 0.3000000119
21811  18.766  -58.126  -38.227 0.6000000238
21816  22.665  -57.582  -40.243 0.3000000119
21819  18.869  -57.802  -39.236 0.4000000060
21823  22.615  -57.377  -40.698 0.3000000119
21826  19.842  -57.522  -40.330 0.4000000060
21831  22.141  -57.553  -41.001 0.4000000060
21833  19.857  -57.927  -40.899 0.4000000060
22700  24.192  -56.210  -37.876 0.3000000119
22706  24.361  -56.153  -39.006 0.3000000119
22709  19.798  -57.044  -37.554 0.3000000119
22725  21.323  -57.007  -40.755 0.3000000119
22729  21.452  -57.621  -41.155 0.4000000060
23561  24.533  -55.301  -38.973 0.3000000119
123835  9.571  -62.223  -35.562 0.4000000060
123866  20.156  -64.867  -44.386 0.5000000000
124022  33.273  -82.074  -30.149 0.5000000000
124755  14.736  -66.977  -35.946 0.6000000238
124768  19.894  -74.274  -31.922 0.6000000238
124954  17.830  -60.932  -34.163 0.3000000119
124989  28.281  -74.996  -44.928 0.6000000238
125401  16.069  -66.437  -35.920 0.6000000238
125817  24.081  -64.111  -35.976 0.4000000060
125919  18.655  -71.082  -37.764 0.5000000000
125956  32.160  -76.341  -49.747 0.6000000238
126047  16.100  -66.308  -34.172 0.6000000238
126233  29.925  -71.894  -40.354 0.6999999881
126244  29.133  -73.196  -40.340 0.8000000119
126299  31.961  -69.363  -42.902 0.4000000060
126372  13.760  -67.058  -34.863 0.6000000238
126387  24.092  -55.000  -37.177 0.3000000119
126627  24.007  -75.459  -35.899 0.6999999881
126814  31.803  -72.403  -41.396 0.6000000238
126992  25.688  -82.598  -28.770 0.5000000000
127004  12.444  -61.917  -30.898 0.5000000000
127036  12.776  -58.346  -37.525 0.6999999881
127047  28.958  -84.758  -41.341 0.3000000119
127253  27.575  -73.994  -39.062 0.6999999881
127318  29.830  -79.587  -28.270 0.3000000119
127337  20.636  -74.578  -32.095 0.6000000238
127475  18.065  -65.645  -38.229 0.6999999881
127519  24.308  -75.275  -41.186 0.6999999881
127618  18.687  -72.481  -38.807 0.6000000238
127820  30.258  -84.714  -39.205 0.3000000119
128221  19.357  -65.984  -36.966 0.6999999881
128536  18.506  -74.318  -42.910 0.5000000000
128979  17.346  -66.219  -35.147 0.6999999881
129125  13.911  -59.702  -35.597 0.6000000238
129203  22.170  -71.793  -45.243 0.5000000000
129294  24.342  -63.253  -37.771 0.5000000000
130449  14.643  -72.159  -46.074 0.6000000238
130482  36.339  -79.149  -30.668 0.3000000119
130780  22.654  -73.556  -37.075 0.6999999881
131316  34.047  -74.836  -49.043 0.6999999881
132230  25.828  -77.353  -37.532 0.6999999881
132286  20.958  -75.514  -43.901 0.6000000238
132636  12.396  -67.492  -36.163 0.5000000000
132891  35.887  -69.934  -44.023 0.4000000060
133058  20.920  -73.985  -49.114 0.6000000238
133187  22.805  -71.209  -45.273 0.5000000000
133232  12.723  -58.701  -38.225 0.8000000119
133300  20.875  -65.099  -44.541 0.5000000000
133630  24.235  -62.966  -37.271 0.6000000238
133691  32.624  -82.681  -30.431 0.5000000000
133831  23.667  -59.700  -35.387 0.4000000060
133956  16.133  -69.866  -43.791 0.5000000000
134214  29.202  -85.557  -38.992 0.3000000119
134235  15.944  -67.182  -45.153 0.6000000238
134533  17.529  -67.661  -46.260 0.6000000238
134964  13.462  -58.979  -36.278 0.6999999881
134965  27.753  -75.427  -45.576 0.4000000060
135053  34.173  -76.153  -45.833 0.5000000000
135100  33.027  -82.678  -35.596 0.3000000119
135112  20.077  -75.195  -48.153 0.6000000238
135550  21.314  -75.019  -32.489 0.5000000000
136035  23.709  -59.881  -34.533 0.4000000060
136149  27.123  -77.665  -38.480 0.8000000119
136247  19.056  -62.783  -35.244 0.8000000119
136322  18.313  -70.409  -38.310 0.5000000000
136359  23.411  -70.571  -44.441 0.5000000000
136580  17.429  -72.306  -40.940 0.6999999881
136882  11.106  -64.315  -34.438 0.5000000000
137097  15.831  -60.324  -35.213 0.4000000060
137220  32.186  -81.090  -27.716 0.3000000119
137247  16.241  -67.105  -44.305 0.6000000238
137316  11.890  -59.454  -37.893 0.6000000238
137487  34.103  -79.883  -34.805 0.3000000119
137844  21.426  -74.848  -41.159 0.8000000119
138042  33.776  -70.206  -42.185 0.6000000238
138085  23.633  -59.113  -34.704 0.4000000060
138136  31.009  -85.351  -36.958 0.3000000119
138314  24.031  -76.394  -40.554 0.6999999881
138379  23.556  -73.532  -45.329 0.5000000000
138399  7.951  -61.166  -35.286 0.5000000000
138655  31.458  -85.472  -30.023 0.3000000119
138663  30.058  -84.202  -35.534 0.4000000060
138846  34.192  -79.230  -31.745 0.3000000119
138869  31.961  -81.987  -30.650 0.5000000000
138886  33.217  -75.251  -41.831 0.5000000000
139158  16.902  -67.804  -40.162 0.5000000000
139321  20.513  -64.103  -35.115 0.6999999881
139452  35.355  -74.408  -42.934 0.4000000060
139517  16.866  -68.485  -41.122 0.5000000000
139829  23.941  -62.866  -38.891 0.6000000238
140027  32.304  -84.968  -29.238 0.3000000119
140254  31.987  -82.236  -40.944 0.4000000060
140604  17.889  -62.780  -35.259 0.8000000119
140769  17.551  -75.368  -33.358 0.6000000238
141205  21.051  -64.630  -43.358 0.6000000238
141358  15.916  -57.877  -39.030 0.6000000238
141694  17.770  -60.883  -38.565 0.6999999881
141697  30.047  -76.971  -36.159 0.3000000119
141724  16.479  -61.791  -36.626 0.8000000119
141729  23.783  -60.400  -35.775 0.4000000060
141808  10.430  -59.691  -25.602 0.3000000119
142065  19.026  -76.405  -31.765 0.6000000238
142132  29.334  -74.672  -44.782 0.6000000238
142425  20.597  -75.233  -31.959 0.5000000000
142597  31.256  -83.349  -27.914 0.4000000060
142732  20.212  -65.268  -35.325 0.8000000119
142828  30.263  -80.669  -28.619 0.3000000119
143413  14.030  -58.316  -38.337 0.6999999881
143520  13.580  -63.802  -34.276 0.6000000238
143591  16.636  -74.522  -44.960 0.5000000000
143627  13.918  -62.564  -35.271 0.6999999881
143831  16.852  -59.065  -40.048 0.6000000238
143901  18.523  -58.788  -40.573 0.5000000000
143905  20.918  -64.722  -40.796 0.6000000238
143971  20.877  -66.142  -44.220 0.5000000000
143988  25.491  -71.612  -42.287 0.6000000238
144189  15.771  -62.164  -30.671 0.3000000119
144262  29.940  -85.701  -31.969 0.4000000060
144339  18.853  -62.247  -35.867 0.8000000119
144359  12.534  -59.471  -38.221 0.6000000238
144668  16.809  -65.705  -37.800 0.6999999881
144690  11.765  -63.104  -35.097 0.6999999881
144926  29.629  -86.107  -28.830 0.4000000060
145105  20.562  -60.459  -36.611 0.6999999881
145128  15.139  -65.250  -33.484 0.6000000238
145242  17.308  -59.932  -36.092 0.5000000000
145328  15.685  -72.772  -47.504 0.6999999881
145386  30.892  -83.556  -38.004 0.3000000119
145600  21.851  -61.160  -36.062 0.6000000238
145817  26.088  -71.495  -40.908 0.6000000238
145952  23.911  -76.262  -39.425 0.8000000119
145985  31.445  -74.927  -48.246 0.6999999881
146126  25.243  -71.737  -44.375 0.6000000238
146186  24.148  -75.596  -36.397 0.6999999881
146434  31.323  -72.511  -41.217 0.8000000119
146469  22.871  -74.723  -45.213 0.5000000000
146608  29.885  -85.728  -38.117 0.3000000119
146676  21.410  -75.516  -46.545 0.5000000000
146787  18.744  -63.620  -34.323 0.8000000119
147101  17.501  -68.573  -38.954 0.6999999881
147121  26.342  -74.595  -37.968 0.8000000119
147200  23.758  -86.001  -31.194 0.4000000060
147203  34.495  -72.087  -43.206 0.6000000238
147305  21.087  -72.406  -34.820 0.6000000238
147368  13.396  -67.186  -36.814 0.5000000000
147513  27.534  -84.178  -40.152 0.3000000119
147549  21.413  -74.564  -40.521 0.6000000238
147556  33.203  -80.198  -42.099 0.4000000060
147736  21.689  -88.804  -30.631 0.4000000060
147787  13.738  -59.809  -27.340 0.3000000119
147845  16.937  -68.800  -46.881 0.5000000000
148054  20.020  -56.997  -36.829 0.3000000119
148066  19.235  -72.217  -33.202 0.6000000238
148152  30.839  -83.088  -41.523 0.4000000060
148256  15.794  -67.166  -40.194 0.5000000000
148359  25.660  -85.941  -31.286 0.4000000060
148364  34.173  -79.259  -41.364 0.4000000060
148447  29.545  -79.838  -28.681 0.3000000119
148487  25.871  -82.592  -28.047 0.4000000060
148568  22.919  -63.916  -42.328 0.5000000000
148637  28.290  -74.284  -40.904 0.8000000119
148857  15.379  -68.683  -45.898 0.6000000238
149073  26.315  -79.034  -39.130 0.5000000000
