#!ascii label  , from subject sub-v2s9x29154_ses-1 vox2ras=TkReg
835
30156  -14.757  -46.238  37.984 0.0000000000
35266  -42.159  -40.721  31.865 0.0000000000
44075  -47.432  -30.953  30.627 0.0000000000
45075  -52.483  -30.343  23.042 0.0000000000
31247  -40.414  -45.471  32.800 0.0000000000
44140  -50.562  -31.241  25.860 0.0000000000
50518  -51.368  -24.145  21.762 0.0000000000
53153  -54.990  -20.505  19.395 0.0000000000
33270  -46.786  -42.045  30.068 0.0000000000
38364  -47.138  -36.829  29.899 0.0000000000
41366  -44.182  -34.622  33.408 0.0000000000
32155  -15.372  -43.902  43.216 0.0000000000
31138  -21.041  -44.516  41.668 0.0000000000
27083  -24.596  -48.514  39.913 0.0000000000
26176  -29.564  -49.107  38.160 0.0000000000
127750  -32.686  -48.495  33.799 0.0000000000
131471  -37.683  -47.874  31.024 0.0000000000
28267  -42.941  -46.829  30.570 0.0000000000
41467  -49.198  -34.028  26.130 0.0000000000
55202  -55.963  -18.092  19.914 0.0000000000
34254  -44.185  -40.789  31.895 0.0000000000
37275  -45.216  -38.418  32.224 0.0000000000
38301  -43.645  -37.677  33.096 0.0000000000
33113  -15.942  -42.782  40.442 0.0000000000
32158  -18.558  -43.294  42.588 0.0000000000
126670  -34.613  -48.583  35.294 0.0000000000
27235  -34.225  -47.990  31.685 0.0000000000
27172  -37.369  -48.371  34.097 0.0000000000
33222  -41.750  -42.633  32.433 0.0000000000
29237  -41.670  -45.870  32.528 0.0000000000
31268  -42.575  -43.774  31.833 0.0000000000
30320  -45.514  -45.167  30.040 0.0000000000
42303  -46.705  -33.723  30.970 0.0000000000
41449  -47.221  -34.666  27.567 0.0000000000
114289  -49.866  -33.290  29.917 0.0000000000
44175  -50.849  -31.593  23.540 0.0000000000
43293  -53.343  -32.856  26.469 0.0000000000
43313  -54.591  -32.740  23.921 0.0000000000
45954  -55.402  -29.648  22.975 0.0000000000
51353  -53.366  -22.759  24.388 0.0000000000
49644  -51.104  -24.696  26.583 0.0000000000
128534  -37.614  -45.112  34.073 0.0000000000
45096  -49.132  -29.955  21.777 0.0000000000
121170  -52.717  -22.815  20.442 0.0000000000
53112  -55.644  -20.359  23.254 0.0000000000
55203  -57.389  -18.834  19.681 0.0000000000
34312  -44.304  -41.288  29.143 0.0000000000
36311  -47.250  -39.025  31.020 0.0000000000
129021  -45.774  -35.742  32.207 0.0000000000
30135  -15.649  -45.649  41.676 0.0000000000
120202  -20.813  -47.148  39.092 0.0000000000
29119  -22.031  -46.376  40.147 0.0000000000
128661  -23.174  -48.718  38.536 0.0000000000
26184  -25.509  -50.031  37.491 0.0000000000
120870  -27.913  -52.262  36.647 0.0000000000
25242  -29.327  -51.599  35.242 0.0000000000
115615  -30.559  -48.959  35.907 0.0000000000
26268  -32.331  -49.259  30.256 0.0000000000
27175  -39.838  -47.779  33.595 0.0000000000
109250  -40.939  -47.510  31.146 0.0000000000
27262  -42.378  -48.994  29.201 0.0000000000
28321  -43.954  -47.772  28.753 0.0000000000
31363  -44.540  -44.322  29.247 0.0000000000
42333  -51.832  -33.196  28.738 0.0000000000
47763  -49.472  -26.384  26.203 0.0000000000
46863  -53.013  -28.004  24.368 0.0000000000
29128  -14.452  -47.029  39.787 0.0000000000
35282  -43.412  -40.649  32.250 0.0000000000
36277  -43.726  -39.310  32.132 0.0000000000
36261  -43.054  -39.319  31.884 0.0000000000
118238  -35.179  -47.508  36.144 0.0000000000
27170  -35.705  -48.498  34.522 0.0000000000
28189  -36.817  -46.248  35.415 0.0000000000
34243  -41.853  -41.891  32.731 0.0000000000
32256  -42.051  -43.365  31.999 0.0000000000
33237  -43.066  -42.481  32.310 0.0000000000
33238  -43.873  -42.542  31.998 0.0000000000
42305  -48.776  -32.825  31.034 0.0000000000
44064  -48.886  -31.389  31.007 0.0000000000
44195  -52.110  -31.174  23.182 0.0000000000
44177  -53.104  -31.624  23.683 0.0000000000
45052  -53.518  -30.789  23.420 0.0000000000
45054  -55.270  -30.224  23.154 0.0000000000
121134  -53.555  -29.833  23.390 0.0000000000
52219  -55.196  -21.668  25.292 0.0000000000
51348  -53.980  -22.792  26.551 0.0000000000
50502  -55.060  -22.795  25.644 0.0000000000
52257  -52.830  -22.587  19.564 0.0000000000
52258  -53.820  -22.026  19.516 0.0000000000
52244  -54.592  -21.501  22.136 0.0000000000
112044  -55.246  -20.696  21.847 0.0000000000
54111  -55.946  -19.568  22.409 0.0000000000
54153  -55.878  -19.205  21.093 0.0000000000
56134  -56.600  -17.613  19.843 0.0000000000
33286  -46.362  -42.472  29.595 0.0000000000
35321  -46.722  -40.747  29.301 0.0000000000
35294  -46.554  -40.168  30.664 0.0000000000
39327  -44.651  -36.816  33.155 0.0000000000
39340  -45.495  -36.716  32.249 0.0000000000
40356  -45.412  -35.302  33.052 0.0000000000
42275  -46.015  -33.729  33.117 0.0000000000
42283  -44.806  -33.284  33.199 0.0000000000
30146  -16.336  -45.018  40.975 0.0000000000
31135  -16.524  -44.271  42.823 0.0000000000
31129  -19.694  -43.922  42.461 0.0000000000
29121  -24.079  -47.340  39.995 0.0000000000
28121  -23.285  -47.527  40.033 0.0000000000
27096  -22.496  -48.225  39.694 0.0000000000
26146  -23.925  -49.077  39.432 0.0000000000
26173  -24.580  -49.404  37.629 0.0000000000
26161  -25.352  -49.658  38.496 0.0000000000
26186  -28.115  -50.871  36.748 0.0000000000
25228  -28.130  -52.425  36.454 0.0000000000
26197  -28.631  -50.536  36.266 0.0000000000
110660  -32.586  -48.704  35.705 0.0000000000
27150  -31.591  -48.755  35.858 0.0000000000
27168  -31.695  -48.645  34.759 0.0000000000
26226  -30.232  -49.326  34.109 0.0000000000
27209  -31.403  -48.767  32.953 0.0000000000
26255  -31.296  -49.549  31.484 0.0000000000
27210  -31.792  -48.689  31.913 0.0000000000
28260  -35.846  -47.832  31.182 0.0000000000
28278  -34.499  -47.616  30.098 0.0000000000
28280  -36.265  -47.545  30.279 0.0000000000
28282  -38.054  -47.610  30.166 0.0000000000
132223  -39.308  -46.923  34.709 0.0000000000
30222  -40.024  -45.693  34.250 0.0000000000
29270  -42.560  -46.199  31.235 0.0000000000
113204  -41.313  -47.255  31.778 0.0000000000
112214  -41.648  -47.244  30.824 0.0000000000
111256  -41.556  -47.893  29.545 0.0000000000
27251  -43.335  -48.415  29.380 0.0000000000
28288  -44.140  -47.286  29.661 0.0000000000
31315  -46.201  -43.786  30.045 0.0000000000
31364  -45.326  -44.682  29.563 0.0000000000
32317  -46.011  -43.311  29.610 0.0000000000
33306  -44.466  -42.768  29.321 0.0000000000
32176  -14.493  -43.689  40.692 0.0000000000
31134  -14.240  -44.569  42.648 0.0000000000
29093  -14.614  -45.758  42.315 0.0000000000
37349  -48.392  -38.657  29.017 0.0000000000
39381  -48.412  -37.496  28.561 0.0000000000
41450  -47.990  -34.151  27.230 0.0000000000
44119  -49.820  -30.715  27.363 0.0000000000
44090  -50.866  -31.015  28.968 0.0000000000
118260  -51.467  -31.092  27.618 0.0000000000
41496  -54.246  -33.937  24.781 0.0000000000
41484  -53.250  -34.042  25.886 0.0000000000
48677  -51.705  -25.127  27.358 0.0000000000
49632  -49.545  -25.831  26.325 0.0000000000
47764  -50.622  -26.365  26.718 0.0000000000
47792  -50.876  -27.472  24.752 0.0000000000
47777  -52.235  -26.596  26.112 0.0000000000
46864  -53.663  -28.220  23.823 0.0000000000
130052  -54.270  -21.002  18.444 0.0000000000
54172  -55.536  -19.264  19.665 0.0000000000
54190  -54.390  -19.734  17.752 0.0000000000
56154  -55.312  -17.525  17.981 0.0000000000
34267  -45.333  -41.345  30.724 0.0000000000
116552  -45.864  -40.116  31.044 0.0000000000
36308  -44.597  -39.810  31.439 0.0000000000
37274  -44.372  -38.401  32.741 0.0000000000
39326  -43.927  -36.481  33.177 0.0000000000
32178  -16.208  -42.894  41.774 0.0000000000
110867  -16.940  -43.158  43.049 0.0000000000
33108  -20.222  -43.097  41.912 0.0000000000
27188  -33.419  -48.596  34.363 0.0000000000
115240  -33.348  -48.368  33.182 0.0000000000
27189  -34.966  -48.662  33.803 0.0000000000
27213  -35.821  -48.527  32.776 0.0000000000
27215  -37.558  -48.625  33.016 0.0000000000
32253  -41.024  -44.533  32.258 0.0000000000
29236  -41.053  -45.722  33.185 0.0000000000
31248  -41.578  -44.187  31.909 0.0000000000
30246  -42.351  -44.578  31.865 0.0000000000
124932  -42.966  -45.583  31.238 0.0000000000
29272  -44.150  -46.089  30.439 0.0000000000
31292  -44.313  -43.961  31.111 0.0000000000
32280  -44.794  -43.318  31.042 0.0000000000
32187  -15.191  -43.160  39.985 0.0000000000
40407  -46.011  -35.116  30.026 0.0000000000
40426  -46.521  -35.284  28.576 0.0000000000
42329  -46.950  -34.048  29.418 0.0000000000
116373  -47.846  -33.642  29.228 0.0000000000
42342  -49.058  -33.698  28.164 0.0000000000
44157  -50.460  -31.574  24.532 0.0000000000
44122  -52.907  -31.960  26.708 0.0000000000
44142  -53.002  -32.260  25.747 0.0000000000
43302  -54.001  -32.940  24.782 0.0000000000
51360  -51.909  -23.777  22.416 0.0000000000
113269  -51.528  -24.449  23.895 0.0000000000
50500  -53.246  -22.942  25.703 0.0000000000
50487  -52.969  -23.798  27.189 0.0000000000
35281  -41.983  -40.531  31.870 0.0000000000
33251  -41.478  -42.013  31.806 0.0000000000
44076  -48.208  -30.738  30.295 0.0000000000
109781  -48.689  -31.578  24.616 0.0000000000
44174  -49.791  -31.633  23.545 0.0000000000
44193  -50.118  -31.461  22.901 0.0000000000
45962  -50.670  -29.889  22.404 0.0000000000
51368  -51.974  -23.576  21.558 0.0000000000
51370  -53.254  -22.705  22.173 0.0000000000
52226  -54.681  -21.619  24.344 0.0000000000
53076  -55.635  -21.256  24.637 0.0000000000
55191  -56.312  -18.445  20.620 0.0000000000
54154  -56.685  -18.903  21.079 0.0000000000
35336  -45.471  -40.216  28.959 0.0000000000
35323  -47.919  -39.721  29.439 0.0000000000
38333  -47.635  -37.947  30.332 0.0000000000
37313  -46.398  -38.429  31.169 0.0000000000
37292  -46.631  -37.784  31.424 0.0000000000
39351  -46.031  -36.137  31.455 0.0000000000
41392  -46.078  -34.335  31.975 0.0000000000
121857  -46.631  -32.563  33.015 0.0000000000
37290  -43.678  -37.908  31.664 0.0000000000
39350  -43.878  -36.394  31.876 0.0000000000
41391  -43.081  -33.725  32.137 0.0000000000
128392  -15.239  -46.289  40.209 0.0000000000
31156  -16.120  -45.088  39.501 0.0000000000
110261  -22.006  -47.858  36.972 0.0000000000
33146  -20.151  -42.695  39.474 0.0000000000
32180  -21.246  -44.211  40.702 0.0000000000
29105  -21.609  -46.064  40.785 0.0000000000
27109  -22.239  -48.229  39.001 0.0000000000
26196  -26.153  -50.144  35.894 0.0000000000
25227  -27.483  -52.029  35.988 0.0000000000
26165  -30.235  -48.547  38.858 0.0000000000
27134  -31.304  -48.737  38.166 0.0000000000
26198  -29.535  -49.480  36.011 0.0000000000
26212  -29.881  -49.396  35.040 0.0000000000
25253  -29.898  -51.287  34.400 0.0000000000
27234  -33.362  -47.984  31.022 0.0000000000
28205  -38.064  -47.281  34.943 0.0000000000
27173  -38.615  -48.221  33.920 0.0000000000
130608  -38.706  -48.353  32.420 0.0000000000
28231  -40.778  -47.070  33.266 0.0000000000
27241  -40.206  -47.834  31.882 0.0000000000
28263  -39.284  -47.840  31.299 0.0000000000
28301  -39.556  -47.540  29.322 0.0000000000
27278  -40.752  -48.903  28.665 0.0000000000
29315  -42.574  -46.950  27.833 0.0000000000
29293  -44.877  -46.023  29.740 0.0000000000
30342  -44.357  -45.687  28.971 0.0000000000
30340  -42.611  -45.478  28.187 0.0000000000
112533  -43.216  -44.014  28.748 0.0000000000
29101  -14.592  -46.619  41.619 0.0000000000
44078  -49.622  -30.810  29.912 0.0000000000
42322  -50.686  -33.045  29.747 0.0000000000
42356  -51.370  -34.059  27.495 0.0000000000
43281  -53.010  -32.471  27.194 0.0000000000
42357  -52.410  -33.888  27.533 0.0000000000
41482  -50.859  -34.196  25.353 0.0000000000
45974  -49.080  -28.758  21.917 0.0000000000
127923  -50.455  -28.970  22.409 0.0000000000
49650  -50.102  -25.407  24.375 0.0000000000
49641  -48.352  -25.912  24.963 0.0000000000
47791  -49.150  -27.428  24.893 0.0000000000
46861  -50.381  -27.935  23.421 0.0000000000
46876  -52.175  -28.754  23.295 0.0000000000
45952  -54.163  -28.930  23.616 0.0000000000
29138  -14.539  -46.756  38.680 0.0000000000
113580  -42.689  -40.796  32.569 0.0000000000
129585  -43.157  -40.115  32.149 0.0000000000
35246  -42.791  -40.054  31.824 0.0000000000
30198  -35.060  -45.749  35.372 0.0000000000
28188  -36.133  -47.252  35.470 0.0000000000
117192  -36.274  -45.258  35.306 0.0000000000
34244  -42.236  -41.365  32.757 0.0000000000
122522  -42.149  -41.916  32.849 0.0000000000
34245  -42.791  -41.592  32.771 0.0000000000
44062  -47.426  -31.219  31.748 0.0000000000
43224  -48.426  -31.884  31.482 0.0000000000
44063  -48.302  -31.033  31.303 0.0000000000
45074  -51.375  -30.683  22.744 0.0000000000
52214  -55.255  -21.971  25.385 0.0000000000
53152  -54.234  -21.438  19.009 0.0000000000
53135  -55.047  -20.975  20.374 0.0000000000
52259  -54.300  -21.807  20.748 0.0000000000
53113  -55.853  -19.460  22.123 0.0000000000
33271  -46.811  -41.735  29.664 0.0000000000
34281  -46.179  -41.175  29.364 0.0000000000
40340  -44.330  -35.708  33.341 0.0000000000
40355  -44.841  -35.544  33.470 0.0000000000
41367  -44.822  -34.698  33.395 0.0000000000
42273  -44.545  -34.045  33.332 0.0000000000
41380  -44.075  -33.810  33.240 0.0000000000
31126  -15.420  -44.187  43.209 0.0000000000
30113  -15.972  -44.224  43.215 0.0000000000
30114  -20.295  -44.425  42.052 0.0000000000
31137  -19.666  -44.438  42.010 0.0000000000
28122  -24.147  -47.830  40.070 0.0000000000
27082  -23.659  -48.423  40.018 0.0000000000
27098  -24.156  -48.908  39.940 0.0000000000
26160  -24.579  -49.380  38.575 0.0000000000
26147  -24.704  -49.137  39.296 0.0000000000
109405  -28.616  -49.397  38.227 0.0000000000
25196  -27.672  -50.027  37.870 0.0000000000
26175  -28.338  -49.850  37.455 0.0000000000
26187  -29.145  -49.465  37.040 0.0000000000
27169  -32.607  -48.592  34.636 0.0000000000
27187  -31.865  -48.558  33.792 0.0000000000
27186  -31.032  -48.814  33.884 0.0000000000
109987  -32.226  -48.437  32.959 0.0000000000
28261  -36.941  -48.002  31.364 0.0000000000
28281  -37.196  -47.603  30.206 0.0000000000
31211  -39.819  -45.615  34.153 0.0000000000
31227  -40.168  -45.647  33.745 0.0000000000
28266  -42.008  -46.863  31.214 0.0000000000
122621  -42.494  -47.189  30.333 0.0000000000
28286  -42.607  -47.603  29.854 0.0000000000
28287  -43.412  -47.528  29.849 0.0000000000
27252  -43.880  -48.083  29.260 0.0000000000
29284  -43.885  -46.822  30.239 0.0000000000
32296  -45.861  -42.787  30.192 0.0000000000
31316  -46.273  -43.757  29.798 0.0000000000
32297  -46.667  -42.845  29.913 0.0000000000
32165  -14.798  -43.854  42.506 0.0000000000
31125  -14.861  -44.336  43.048 0.0000000000
122027  -47.819  -37.481  29.831 0.0000000000
112305  -48.509  -38.079  28.857 0.0000000000
39380  -47.732  -36.826  29.057 0.0000000000
41466  -48.274  -34.419  26.356 0.0000000000
41480  -48.664  -34.729  25.583 0.0000000000
41481  -49.554  -34.395  25.262 0.0000000000
44120  -50.682  -30.964  26.983 0.0000000000
44105  -50.811  -30.774  27.994 0.0000000000
50517  -50.825  -24.796  22.094 0.0000000000
129296  -51.919  -25.424  27.347 0.0000000000
48693  -51.339  -25.774  27.290 0.0000000000
47776  -51.352  -26.916  26.087 0.0000000000
34266  -44.722  -41.075  31.188 0.0000000000
35292  -44.574  -40.244  31.338 0.0000000000
129031  -44.405  -40.001  31.455 0.0000000000
122648  -43.670  -38.580  32.688 0.0000000000
37262  -43.785  -37.871  33.247 0.0000000000
38310  -44.253  -37.489  33.306 0.0000000000
38309  -43.772  -37.278  33.181 0.0000000000
33117  -19.627  -42.593  41.486 0.0000000000
27125  -34.587  -47.902  36.528 0.0000000000
27153  -34.299  -48.524  35.981 0.0000000000
27152  -33.964  -48.652  35.807 0.0000000000
109965  -34.128  -48.680  34.954 0.0000000000
110758  -34.225  -48.620  34.082 0.0000000000
111526  -34.796  -48.656  34.532 0.0000000000
27171  -36.539  -48.405  34.390 0.0000000000
124768  -36.160  -48.630  33.883 0.0000000000
27214  -36.593  -48.636  33.130 0.0000000000
114595  -37.009  -48.585  33.620 0.0000000000
32254  -41.476  -43.695  31.889 0.0000000000
123657  -41.093  -44.853  32.408 0.0000000000
131480  -42.015  -44.175  31.891 0.0000000000
30270  -42.975  -44.935  31.504 0.0000000000
113899  -42.968  -44.336  31.666 0.0000000000
30271  -43.708  -44.538  31.244 0.0000000000
31269  -43.455  -43.879  31.599 0.0000000000
122535  -44.200  -41.754  31.505 0.0000000000
33252  -44.372  -42.564  31.248 0.0000000000
122883  -45.091  -41.911  31.185 0.0000000000
32177  -15.374  -43.255  41.384 0.0000000000
41403  -46.155  -34.432  30.874 0.0000000000
41420  -46.389  -34.482  29.856 0.0000000000
42318  -47.012  -33.722  30.285 0.0000000000
42320  -48.981  -33.325  30.152 0.0000000000
42319  -47.865  -33.399  30.216 0.0000000000
42330  -49.105  -33.582  29.260 0.0000000000
42331  -50.226  -33.627  29.193 0.0000000000
44158  -51.911  -31.841  24.577 0.0000000000
43312  -53.900  -32.286  24.069 0.0000000000
42379  -54.774  -33.488  24.075 0.0000000000
122978  -55.145  -32.718  23.407 0.0000000000
50508  -52.312  -23.676  23.787 0.0000000000
49636  -53.511  -23.901  27.161 0.0000000000
34265  -41.580  -41.184  32.090 0.0000000000
129304  -49.430  -31.616  24.259 0.0000000000
44209  -48.569  -30.665  21.860 0.0000000000
45072  -49.402  -30.941  22.362 0.0000000000
45073  -50.394  -30.883  22.592 0.0000000000
122839  -49.859  -30.272  22.224 0.0000000000
51380  -52.029  -23.358  20.626 0.0000000000
51381  -52.659  -23.043  21.384 0.0000000000
52234  -54.050  -22.064  22.712 0.0000000000
52235  -55.079  -21.148  23.662 0.0000000000
52227  -55.516  -21.228  24.730 0.0000000000
53093  -55.706  -20.887  24.069 0.0000000000
53083  -55.806  -21.032  24.155 0.0000000000
53094  -55.709  -20.332  23.138 0.0000000000
55201  -55.264  -18.986  18.724 0.0000000000
56135  -56.968  -17.692  19.903 0.0000000000
55192  -56.655  -18.448  20.544 0.0000000000
35335  -44.612  -40.443  28.885 0.0000000000
34313  -45.040  -40.916  29.266 0.0000000000
35322  -47.299  -40.246  29.657 0.0000000000
35308  -47.899  -40.048  29.984 0.0000000000
127178  -48.027  -38.607  30.143 0.0000000000
36312  -47.555  -38.577  30.561 0.0000000000
114039  -45.339  -39.451  31.292 0.0000000000
36310  -46.415  -39.426  31.123 0.0000000000
37312  -45.673  -38.733  31.338 0.0000000000
39341  -45.969  -36.441  31.890 0.0000000000
38322  -46.210  -37.362  31.980 0.0000000000
38331  -46.442  -37.065  31.380 0.0000000000
40380  -45.844  -35.118  31.064 0.0000000000
40381  -45.796  -35.129  32.171 0.0000000000
42284  -45.898  -32.944  33.196 0.0000000000
111344  -46.425  -33.375  32.977 0.0000000000
29115  -15.207  -46.289  41.112 0.0000000000
116360  -15.461  -45.861  39.460 0.0000000000
30145  -15.692  -45.717  40.469 0.0000000000
111294  -16.906  -44.571  40.716 0.0000000000
32157  -17.458  -43.186  42.827 0.0000000000
29140  -20.405  -46.890  38.624 0.0000000000
28148  -20.982  -47.423  38.263 0.0000000000
28162  -21.529  -47.708  37.458 0.0000000000
32188  -20.725  -43.408  40.107 0.0000000000
29118  -21.241  -46.403  40.176 0.0000000000
28120  -21.587  -47.158  40.010 0.0000000000
123020  -22.856  -48.582  39.179 0.0000000000
27117  -22.557  -48.380  38.160 0.0000000000
27131  -22.643  -48.219  37.036 0.0000000000
27118  -23.245  -48.634  37.680 0.0000000000
27132  -23.444  -48.558  36.773 0.0000000000
26183  -24.946  -49.560  36.748 0.0000000000
26185  -25.817  -50.207  36.803 0.0000000000
25214  -27.494  -51.447  36.746 0.0000000000
25205  -27.134  -50.709  37.184 0.0000000000
111176  -27.436  -51.719  36.701 0.0000000000
25229  -28.659  -51.953  36.040 0.0000000000
24242  -28.478  -52.713  35.940 0.0000000000
24255  -29.037  -52.623  35.591 0.0000000000
23212  -29.086  -53.091  35.251 0.0000000000
24271  -29.567  -52.508  35.003 0.0000000000
27149  -31.521  -48.828  37.055 0.0000000000
26188  -30.420  -49.031  37.025 0.0000000000
123765  -30.363  -50.149  32.977 0.0000000000
121060  -30.036  -50.116  33.674 0.0000000000
25254  -30.328  -50.991  33.536 0.0000000000
26267  -31.805  -49.632  30.747 0.0000000000
25290  -31.588  -50.468  31.098 0.0000000000
25291  -32.421  -50.335  30.460 0.0000000000
27211  -34.014  -48.259  32.578 0.0000000000
115120  -33.310  -48.125  31.931 0.0000000000
30200  -37.266  -45.138  34.841 0.0000000000
30201  -38.064  -45.715  34.315 0.0000000000
28219  -39.789  -47.127  34.302 0.0000000000
28218  -38.872  -47.506  34.451 0.0000000000
27174  -39.260  -47.980  33.814 0.0000000000
122277  -38.342  -48.516  32.870 0.0000000000
27216  -39.054  -48.315  32.679 0.0000000000
117951  -40.893  -46.314  33.594 0.0000000000
28232  -41.224  -46.447  32.954 0.0000000000
28265  -40.820  -47.557  31.692 0.0000000000
27240  -39.425  -48.115  32.081 0.0000000000
28264  -40.152  -47.708  31.327 0.0000000000
28283  -39.948  -47.464  30.251 0.0000000000
28284  -40.927  -47.372  30.228 0.0000000000
27261  -41.237  -48.379  29.064 0.0000000000
27279  -41.860  -49.532  28.765 0.0000000000
122760  -43.785  -48.455  28.884 0.0000000000
29316  -43.366  -47.361  28.282 0.0000000000
124455  -44.807  -45.609  30.300 0.0000000000
29285  -44.635  -46.394  29.942 0.0000000000
29286  -45.173  -45.711  29.916 0.0000000000
117342  -44.644  -45.005  29.241 0.0000000000
30343  -44.950  -45.548  29.507 0.0000000000
30341  -43.496  -45.600  28.522 0.0000000000
31362  -43.890  -44.703  28.861 0.0000000000
31361  -42.950  -44.732  28.480 0.0000000000
116428  -44.122  -42.028  29.215 0.0000000000
33305  -43.630  -42.564  29.055 0.0000000000
29102  -15.073  -46.007  41.866 0.0000000000
29114  -14.854  -46.775  40.551 0.0000000000
40445  -46.710  -34.950  28.007 0.0000000000
40427  -46.988  -35.496  27.901 0.0000000000
39420  -47.589  -35.866  27.346 0.0000000000
44088  -48.756  -30.567  29.609 0.0000000000
43255  -51.397  -32.272  29.174 0.0000000000
42332  -51.209  -33.607  29.088 0.0000000000
42344  -51.711  -33.802  28.326 0.0000000000
44107  -52.696  -31.830  27.341 0.0000000000
42368  -52.900  -33.997  26.731 0.0000000000
41483  -52.437  -34.227  25.849 0.0000000000
42367  -51.969  -34.221  26.723 0.0000000000
41493  -51.366  -34.605  24.498 0.0000000000
45961  -49.839  -29.365  22.115 0.0000000000
46874  -49.817  -28.438  22.549 0.0000000000
49651  -50.982  -24.874  24.822 0.0000000000
49661  -50.795  -25.066  23.254 0.0000000000
48691  -49.260  -26.095  26.195 0.0000000000
49631  -48.757  -26.093  25.755 0.0000000000
48700  -48.135  -26.374  25.234 0.0000000000
47773  -48.044  -26.817  25.322 0.0000000000
126915  -48.120  -27.120  25.226 0.0000000000
47774  -48.708  -26.871  25.732 0.0000000000
46862  -51.710  -28.017  23.804 0.0000000000
46877  -53.475  -28.504  23.813 0.0000000000
129932  -43.932  -40.235  31.972 0.0000000000
36292  -43.206  -39.840  31.647 0.0000000000
36276  -43.423  -39.672  31.673 0.0000000000
37261  -43.605  -38.218  32.633 0.0000000000
127962  -35.142  -48.573  34.728 0.0000000000
27140  -35.687  -48.057  35.599 0.0000000000
27155  -36.445  -47.946  35.066 0.0000000000
27156  -37.340  -47.977  34.832 0.0000000000
33223  -41.896  -42.293  32.638 0.0000000000
32255  -41.819  -42.938  32.222 0.0000000000
33224  -42.249  -42.512  32.430 0.0000000000
32267  -42.542  -43.072  32.074 0.0000000000
32268  -43.254  -43.208  31.931 0.0000000000
34253  -43.581  -41.673  32.124 0.0000000000
42295  -47.519  -32.906  31.978 0.0000000000
42304  -47.869  -33.152  31.176 0.0000000000
42296  -48.153  -32.537  31.588 0.0000000000
42306  -49.488  -32.834  30.533 0.0000000000
44176  -51.979  -31.642  23.585 0.0000000000
44178  -54.286  -31.655  23.659 0.0000000000
44179  -55.200  -31.531  23.246 0.0000000000
45053  -54.879  -30.546  23.396 0.0000000000
126052  -55.159  -29.717  23.250 0.0000000000
51354  -54.377  -22.041  25.136 0.0000000000
123288  -54.060  -22.413  25.790 0.0000000000
51349  -54.681  -22.292  25.890 0.0000000000
50495  -54.220  -23.025  26.516 0.0000000000
52242  -53.435  -22.414  20.232 0.0000000000
52243  -53.547  -22.434  21.298 0.0000000000
125359  -55.778  -19.869  22.686 0.0000000000
54135  -56.203  -19.197  21.915 0.0000000000
55216  -55.889  -17.446  19.183 0.0000000000
56140  -56.622  -16.552  19.243 0.0000000000
56141  -56.947  -16.926  19.436 0.0000000000
126673  -57.319  -17.868  19.367 0.0000000000
33285  -45.019  -42.026  29.404 0.0000000000
34293  -46.348  -41.632  29.482 0.0000000000
124904  -46.614  -40.724  29.292 0.0000000000
35295  -47.228  -39.779  30.532 0.0000000000
38311  -45.046  -37.762  33.067 0.0000000000
38321  -45.456  -37.464  32.276 0.0000000000
121768  -45.146  -37.042  32.765 0.0000000000
39329  -45.696  -35.857  32.473 0.0000000000
40368  -45.770  -35.093  32.639 0.0000000000
41381  -46.046  -34.302  32.859 0.0000000000
41368  -45.602  -34.456  33.054 0.0000000000
42274  -45.278  -33.798  33.238 0.0000000000
43209  -45.106  -32.450  33.106 0.0000000000
30122  -15.265  -45.322  42.505 0.0000000000
30123  -16.029  -44.901  42.563 0.0000000000
31146  -16.806  -44.502  41.939 0.0000000000
29131  -20.529  -46.777  39.549 0.0000000000
120392  -22.359  -47.421  39.920 0.0000000000
27081  -22.792  -48.184  39.999 0.0000000000
27097  -23.365  -48.644  39.747 0.0000000000
27110  -23.423  -48.878  39.239 0.0000000000
26159  -23.819  -49.026  38.406 0.0000000000
26174  -25.234  -49.811  38.052 0.0000000000
25215  -27.942  -52.000  36.738 0.0000000000
132069  -28.260  -51.859  36.537 0.0000000000
27151  -33.271  -48.654  36.362 0.0000000000
112552  -32.491  -48.755  36.844 0.0000000000
27167  -30.756  -48.866  34.853 0.0000000000
26254  -30.734  -49.869  32.326 0.0000000000
27232  -31.889  -48.923  30.838 0.0000000000
27236  -35.339  -48.115  31.944 0.0000000000
28259  -34.835  -47.684  30.943 0.0000000000
28279  -35.292  -47.536  30.205 0.0000000000
28299  -37.602  -47.466  29.194 0.0000000000
28300  -38.567  -47.493  29.178 0.0000000000
31245  -38.074  -45.476  33.568 0.0000000000
29195  -39.013  -46.058  34.758 0.0000000000
29196  -39.643  -45.810  34.745 0.0000000000
29216  -40.072  -46.130  34.519 0.0000000000
28230  -40.297  -47.354  33.681 0.0000000000
29254  -42.061  -46.240  31.886 0.0000000000
28246  -41.567  -46.667  32.164 0.0000000000
28285  -41.828  -47.384  30.005 0.0000000000
28303  -42.606  -48.267  29.539 0.0000000000
27263  -43.078  -49.172  29.129 0.0000000000
28304  -44.188  -47.606  29.252 0.0000000000
30299  -45.525  -44.427  30.134 0.0000000000
30329  -45.413  -45.331  29.863 0.0000000000
31343  -45.942  -44.482  29.862 0.0000000000
122599  -45.769  -43.992  29.629 0.0000000000
32336  -45.070  -43.658  29.423 0.0000000000
32335  -43.916  -43.580  29.104 0.0000000000
32316  -45.425  -42.886  29.480 0.0000000000
31145  -14.077  -44.213  41.749 0.0000000000
30111  -14.844  -44.777  42.918 0.0000000000
40446  -47.187  -35.138  27.314 0.0000000000
40461  -47.566  -34.893  26.723 0.0000000000
44103  -48.984  -30.542  27.842 0.0000000000
44104  -50.042  -30.576  28.438 0.0000000000
44091  -51.575  -31.335  28.394 0.0000000000
43268  -52.137  -32.244  28.450 0.0000000000
42370  -53.713  -33.451  25.525 0.0000000000
42369  -53.285  -33.631  26.321 0.0000000000
49634  -51.439  -24.845  27.225 0.0000000000
49643  -50.058  -25.330  25.983 0.0000000000
125494  -51.025  -25.388  27.226 0.0000000000
48692  -50.195  -25.840  26.818 0.0000000000
47775  -49.868  -26.992  25.969 0.0000000000
47793  -52.255  -27.280  25.113 0.0000000000
54191  -54.694  -20.136  18.509 0.0000000000
55215  -54.907  -18.674  17.893 0.0000000000
33269  -45.529  -41.941  30.307 0.0000000000
34280  -45.888  -41.270  30.130 0.0000000000
35293  -45.283  -40.674  30.831 0.0000000000
128159  -45.063  -40.049  31.127 0.0000000000
36309  -45.076  -39.160  31.688 0.0000000000
36293  -44.133  -39.708  31.935 0.0000000000
36294  -44.573  -39.131  32.135 0.0000000000
39316  -44.217  -36.209  33.276 0.0000000000
40338  -43.998  -35.857  33.197 0.0000000000
32166  -15.745  -43.435  42.785 0.0000000000
32156  -16.072  -43.632  43.275 0.0000000000
32167  -16.585  -43.091  42.909 0.0000000000
33098  -17.380  -42.902  42.815 0.0000000000
33100  -18.822  -42.985  42.680 0.0000000000
33107  -19.621  -42.970  42.409 0.0000000000
32168  -20.134  -43.516  42.433 0.0000000000
122755  -20.567  -43.689  42.071 0.0000000000
26164  -29.303  -49.009  38.896 0.0000000000
109792  -33.392  -48.676  35.356 0.0000000000
118071  -34.331  -48.511  33.329 0.0000000000
27212  -34.951  -48.481  32.849 0.0000000000
110696  -35.429  -48.635  34.173 0.0000000000
27190  -35.702  -48.662  33.510 0.0000000000
27237  -36.336  -48.323  32.179 0.0000000000
27238  -37.255  -48.458  32.375 0.0000000000
28262  -37.786  -48.223  31.782 0.0000000000
31228  -40.662  -45.474  33.157 0.0000000000
30244  -41.060  -45.255  32.773 0.0000000000
30245  -41.690  -45.033  32.385 0.0000000000
126026  -42.308  -45.446  31.907 0.0000000000
29271  -43.368  -46.144  30.770 0.0000000000
30297  -43.826  -45.373  30.898 0.0000000000
30298  -44.786  -44.751  30.634 0.0000000000
32279  -44.023  -43.281  31.539 0.0000000000
31293  -45.140  -43.929  30.528 0.0000000000
129276  -45.288  -43.299  30.411 0.0000000000
39364  -46.216  -35.943  30.392 0.0000000000
39379  -46.485  -35.826  29.319 0.0000000000
126696  -46.237  -35.078  29.238 0.0000000000
41434  -46.497  -34.770  28.828 0.0000000000
41435  -47.005  -34.369  28.455 0.0000000000
42341  -47.858  -33.867  28.207 0.0000000000
42354  -49.052  -33.803  27.065 0.0000000000
44121  -51.811  -31.385  26.739 0.0000000000
125760  -51.389  -31.533  25.491 0.0000000000
44141  -52.288  -31.767  25.927 0.0000000000
44159  -53.170  -32.221  24.495 0.0000000000
113802  -53.570  -32.810  25.554 0.0000000000
43303  -54.268  -33.464  24.630 0.0000000000
50507  -51.452  -24.350  22.776 0.0000000000
50499  -52.061  -23.930  25.570 0.0000000000
50493  -53.168  -23.257  26.902 0.0000000000
50492  -52.159  -24.044  27.129 0.0000000000
49619  -52.135  -24.426  27.275 0.0000000000
49620  -52.458  -24.724  27.250 0.0000000000
35265  -41.935  -40.725  32.115 0.0000000000
36274  -42.303  -40.113  31.791 0.0000000000
36307  -42.315  -39.601  30.996 0.0000000000
31267  -40.548  -45.027  31.925 0.0000000000
32265  -40.962  -44.095  31.676 0.0000000000
32266  -41.437  -43.309  31.967 0.0000000000
33236  -41.614  -42.328  32.313 0.0000000000
34252  -41.652  -41.519  32.579 0.0000000000
117565  -41.859  -41.000  32.480 0.0000000000
129832  -46.622  -31.307  30.028 0.0000000000
44087  -47.704  -30.800  29.064 0.0000000000
44102  -47.592  -30.852  27.814 0.0000000000
44118  -48.842  -30.824  26.757 0.0000000000
44139  -49.652  -30.969  26.280 0.0000000000
44156  -49.539  -31.383  25.182 0.0000000000
44194  -51.093  -31.374  22.974 0.0000000000
50530  -51.360  -23.890  20.877 0.0000000000
51369  -52.701  -23.205  22.623 0.0000000000
51361  -53.654  -22.442  23.458 0.0000000000
52220  -55.557  -21.531  25.022 0.0000000000
52221  -55.955  -21.558  24.610 0.0000000000
55187  -56.356  -18.880  21.328 0.0000000000
34314  -45.853  -40.678  29.201 0.0000000000
35337  -46.287  -39.904  28.868 0.0000000000
36353  -47.826  -39.431  28.852 0.0000000000
36338  -48.085  -39.093  29.539 0.0000000000
37335  -48.190  -38.182  29.567 0.0000000000
38349  -47.318  -37.351  30.341 0.0000000000
35306  -46.045  -40.781  30.240 0.0000000000
37291  -46.100  -38.067  31.931 0.0000000000
37314  -47.128  -38.173  30.913 0.0000000000
38332  -46.991  -37.521  30.826 0.0000000000
39352  -46.712  -36.881  30.742 0.0000000000
42294  -46.620  -33.607  32.021 0.0000000000
42285  -47.055  -32.705  32.724 0.0000000000
44061  -46.382  -31.370  30.876 0.0000000000
36291  -42.767  -39.562  32.142 0.0000000000
38319  -43.540  -38.124  32.739 0.0000000000
38330  -43.876  -37.194  31.315 0.0000000000
38320  -43.807  -37.282  32.393 0.0000000000
39339  -43.897  -36.421  32.825 0.0000000000
40367  -43.793  -35.527  32.503 0.0000000000
41379  -43.903  -34.713  33.150 0.0000000000
123045  -43.579  -33.930  32.775 0.0000000000
42282  -43.707  -33.415  32.661 0.0000000000
30157  -15.108  -46.119  38.661 0.0000000000
113688  -15.628  -45.330  38.560 0.0000000000
31127  -16.583  -43.638  42.972 0.0000000000
33129  -20.238  -42.827  40.770 0.0000000000
32179  -20.716  -43.531  41.277 0.0000000000
32170  -21.018  -44.165  41.726 0.0000000000
30127  -21.447  -45.365  41.056 0.0000000000
28136  -21.212  -47.246  39.550 0.0000000000
28137  -22.003  -47.778  39.848 0.0000000000
119366  -21.787  -47.984  38.303 0.0000000000
28163  -22.086  -48.059  37.553 0.0000000000
27133  -24.170  -48.994  36.707 0.0000000000
25203  -25.985  -50.242  37.925 0.0000000000
25212  -26.361  -50.563  37.408 0.0000000000
25213  -26.823  -50.951  36.861 0.0000000000
23196  -28.329  -52.975  35.755 0.0000000000
27111  -29.582  -48.185  39.134 0.0000000000
27121  -31.850  -48.144  38.651 0.0000000000
131405  -30.634  -48.765  38.485 0.0000000000
26177  -30.348  -49.027  37.894 0.0000000000
26211  -29.145  -50.392  35.450 0.0000000000
26225  -29.617  -50.206  34.551 0.0000000000
119685  -32.605  -48.313  32.183 0.0000000000
27233  -32.578  -48.334  31.113 0.0000000000
27249  -32.501  -48.587  30.373 0.0000000000
28258  -33.912  -47.762  30.513 0.0000000000
27250  -33.085  -48.078  30.115 0.0000000000
26278  -32.865  -48.749  29.768 0.0000000000
30199  -36.817  -45.060  35.220 0.0000000000
29193  -37.505  -46.499  35.093 0.0000000000
116793  -38.891  -46.701  34.852 0.0000000000
27157  -38.061  -48.062  34.353 0.0000000000
27191  -37.954  -48.495  33.543 0.0000000000
123925  -38.095  -48.443  32.381 0.0000000000
130406  -38.249  -48.259  31.908 0.0000000000
29217  -40.509  -46.011  34.037 0.0000000000
28220  -40.507  -46.622  34.002 0.0000000000
27194  -40.237  -47.821  33.041 0.0000000000
28245  -41.101  -47.127  32.532 0.0000000000
27218  -40.378  -47.771  32.295 0.0000000000
27217  -39.776  -48.093  32.491 0.0000000000
27239  -38.691  -48.213  31.959 0.0000000000
123496  -38.389  -47.943  31.271 0.0000000000
117605  -38.973  -47.573  30.239 0.0000000000
28302  -40.552  -47.667  29.410 0.0000000000
28320  -40.088  -47.962  28.851 0.0000000000
29292  -44.463  -46.865  29.449 0.0000000000
28322  -44.306  -47.344  29.055 0.0000000000
29307  -44.523  -46.393  29.291 0.0000000000
29306  -44.000  -46.691  28.681 0.0000000000
32353  -42.018  -43.137  28.348 0.0000000000
32334  -42.927  -43.119  28.764 0.0000000000
29129  -14.984  -46.558  39.539 0.0000000000
39402  -46.966  -35.976  28.518 0.0000000000
43232  -49.586  -31.694  30.486 0.0000000000
42321  -50.063  -32.553  30.120 0.0000000000
44079  -50.148  -30.746  29.315 0.0000000000
43244  -50.440  -31.609  29.781 0.0000000000
42343  -50.556  -33.848  28.225 0.0000000000
42355  -50.078  -33.890  27.006 0.0000000000
44106  -52.165  -31.576  27.780 0.0000000000
43269  -52.676  -32.252  27.800 0.0000000000
42346  -52.789  -33.014  27.599 0.0000000000
42366  -50.429  -33.994  26.224 0.0000000000
45963  -51.770  -29.683  22.790 0.0000000000
130076  -50.074  -25.531  23.221 0.0000000000
109978  -49.260  -25.692  24.037 0.0000000000
49642  -49.153  -25.717  25.422 0.0000000000
48708  -48.541  -25.894  23.622 0.0000000000
46860  -48.135  -27.547  24.423 0.0000000000
47806  -49.262  -27.901  23.458 0.0000000000
46875  -50.920  -28.508  22.856 0.0000000000
132076  -51.152  -29.096  22.653 0.0000000000
45964  -52.963  -29.360  23.396 0.0000000000
45953  -54.915  -29.268  23.316 0.0000000000
46865  -54.439  -28.833  23.405 0.0000000000
46879  -55.114  -29.184  23.081 0.0000000000
27138  -34.417  -48.230  36.357 0.0000000000
27139  -35.037  -48.174  36.073 0.0000000000
27146  -23.772  -48.530  35.932 0.0000000000
27154  -35.268  -48.395  35.307 0.0000000000
27192  -38.772  -48.366  33.288 0.0000000000
27193  -39.494  -48.192  33.116 0.0000000000
27195  -40.675  -47.497  32.670 0.0000000000
27219  -40.859  -47.510  32.201 0.0000000000
28149  -21.625  -47.741  39.229 0.0000000000
28204  -37.044  -47.237  35.110 0.0000000000
28206  -39.528  -46.321  34.864 0.0000000000
29173  -35.839  -46.495  35.770 0.0000000000
29174  -37.520  -45.759  35.080 0.0000000000
29194  -38.168  -46.267  34.953 0.0000000000
30138  -22.051  -45.872  40.917 0.0000000000
30182  -36.400  -45.629  35.448 0.0000000000
30183  -37.024  -45.443  35.337 0.0000000000
30202  -39.246  -45.729  34.370 0.0000000000
30203  -39.674  -45.645  34.395 0.0000000000
30223  -40.446  -45.696  33.536 0.0000000000
31207  -37.105  -44.897  34.656 0.0000000000
31208  -37.590  -45.107  34.207 0.0000000000
31209  -38.399  -45.640  33.887 0.0000000000
31210  -39.442  -45.628  34.188 0.0000000000
32159  -19.516  -43.418  42.582 0.0000000000
32160  -20.097  -43.808  42.454 0.0000000000
32169  -20.592  -43.997  42.207 0.0000000000
33099  -17.845  -42.994  42.861 0.0000000000
33105  -18.176  -42.777  42.529 0.0000000000
33253  -45.174  -42.653  30.782 0.0000000000
35307  -47.170  -40.570  30.039 0.0000000000
35338  -47.221  -39.980  29.219 0.0000000000
36275  -42.472  -39.765  31.414 0.0000000000
36326  -47.756  -39.192  30.298 0.0000000000
38302  -43.823  -37.171  33.188 0.0000000000
38365  -48.235  -37.528  29.243 0.0000000000
39315  -43.985  -36.384  33.248 0.0000000000
39317  -44.710  -36.106  33.413 0.0000000000
39328  -45.264  -36.222  33.071 0.0000000000
40339  -44.031  -35.695  33.244 0.0000000000
40354  -43.955  -35.677  33.183 0.0000000000
41352  -44.036  -35.257  33.361 0.0000000000
41353  -44.268  -35.202  33.370 0.0000000000
42345  -52.360  -33.137  28.167 0.0000000000
43231  -49.066  -32.168  30.909 0.0000000000
44077  -48.950  -30.870  30.587 0.0000000000
47762  -48.714  -26.411  25.733 0.0000000000
49633  -50.511  -25.376  26.882 0.0000000000
109807  -35.924  -48.331  35.007 0.0000000000
113115  -54.559  -29.669  23.441 0.0000000000
116073  -41.717  -41.251  32.281 0.0000000000
121502  -44.074  -48.136  29.022 0.0000000000
123040  -44.039  -36.852  33.460 0.0000000000
123573  -40.309  -45.382  32.480 0.0000000000
125370  -47.543  -30.853  29.834 0.0000000000
126071  -34.722  -48.427  35.797 0.0000000000
132010  -47.874  -37.189  29.526 0.0000000000
