#!ascii label  , from subject sub-v2s9x29154_ses-1 vox2ras=TkReg
1596
46009  -39.133  -29.761  17.858 0.0000000000
56189  -51.690  -18.587  13.971 0.0000000000
49753  -44.356  -25.528  16.803 0.0000000000
29200  -9.741  -47.137  34.947 0.0000000000
43298  -36.146  -31.484  25.114 0.0000000000
29167  -25.838  -46.727  36.114 0.0000000000
30218  -35.291  -45.253  34.675 0.0000000000
35331  -39.345  -40.031  28.393 0.0000000000
39419  -41.527  -35.722  27.557 0.0000000000
116333  -16.904  -40.148  30.619 0.0000000000
131631  -20.942  -43.717  36.784 0.0000000000
33263  -20.790  -42.158  30.766 0.0000000000
31333  -30.740  -43.720  29.361 0.0000000000
32331  -35.515  -44.120  28.042 0.0000000000
44151  -43.189  -31.850  24.228 0.0000000000
120511  -45.621  -30.336  20.526 0.0000000000
51441  -49.220  -22.950  15.425 0.0000000000
48780  -39.835  -26.216  19.671 0.0000000000
58249  -47.928  -16.907  9.928 0.0000000000
24234  -6.929  -51.823  35.480 0.0000000000
114652  -41.266  -32.573  27.771 0.0000000000
45087  -38.045  -30.765  21.822 0.0000000000
32306  -25.395  -44.022  29.463 0.0000000000
29212  -30.884  -46.800  35.230 0.0000000000
47788  -45.780  -27.014  23.637 0.0000000000
59957  -53.559  -14.725  6.048 0.0000000000
36378  -37.473  -39.638  26.474 0.0000000000
38407  -38.826  -37.784  26.159 0.0000000000
35290  -18.744  -40.491  30.955 0.0000000000
33337  -33.023  -42.105  26.137 0.0000000000
34353  -35.133  -41.727  26.245 0.0000000000
34307  -37.811  -41.890  28.186 0.0000000000
110343  -40.758  -30.816  20.837 0.0000000000
124737  -44.997  -31.453  22.809 0.0000000000
45165  -42.328  -29.934  18.945 0.0000000000
53186  -50.658  -20.930  14.439 0.0000000000
52279  -52.637  -22.112  17.706 0.0000000000
57175  -52.172  -16.761  14.002 0.0000000000
28252  -8.383  -47.440  31.778 0.0000000000
121881  -8.419  -49.567  35.160 0.0000000000
42353  -39.126  -33.497  26.656 0.0000000000
41432  -40.486  -33.490  29.100 0.0000000000
44098  -38.652  -32.371  26.702 0.0000000000
44147  -39.320  -31.457  24.732 0.0000000000
45047  -36.513  -30.619  23.951 0.0000000000
31195  -23.020  -44.949  36.094 0.0000000000
30161  -23.045  -46.129  38.799 0.0000000000
28150  -25.187  -47.396  38.913 0.0000000000
112161  -28.297  -47.886  39.526 0.0000000000
33315  -23.415  -42.273  27.228 0.0000000000
34348  -25.388  -42.019  26.401 0.0000000000
119778  -33.194  -44.789  31.243 0.0000000000
30289  -30.357  -45.948  31.086 0.0000000000
30216  -32.810  -46.075  34.478 0.0000000000
27136  -32.992  -48.444  37.329 0.0000000000
31254  -13.246  -44.011  32.155 0.0000000000
33173  -14.321  -42.674  36.252 0.0000000000
32185  -13.882  -43.839  39.433 0.0000000000
48825  -42.380  -25.950  16.979 0.0000000000
48749  -42.699  -26.760  21.751 0.0000000000
128165  -45.405  -26.274  20.044 0.0000000000
59970  -55.638  -14.457  5.001 0.0000000000
28145  -8.548  -48.032  38.564 0.0000000000
126351  -41.619  -40.402  30.483 0.0000000000
37333  -43.168  -38.357  30.353 0.0000000000
37375  -40.475  -38.193  27.906 0.0000000000
122920  -39.390  -35.610  25.449 0.0000000000
34235  -16.310  -40.673  33.677 0.0000000000
34189  -19.050  -41.581  37.007 0.0000000000
34236  -18.378  -40.762  33.611 0.0000000000
32249  -20.834  -43.048  33.721 0.0000000000
31238  -23.378  -44.192  33.299 0.0000000000
34327  -27.781  -41.130  27.516 0.0000000000
35350  -29.835  -40.994  27.040 0.0000000000
32329  -32.434  -43.311  28.914 0.0000000000
31313  -35.699  -44.874  30.996 0.0000000000
130958  -38.047  -45.357  30.249 0.0000000000
33267  -39.752  -42.837  29.955 0.0000000000
34287  -15.967  -42.053  29.630 0.0000000000
43267  -45.382  -32.602  27.456 0.0000000000
117739  -48.444  -30.592  28.495 0.0000000000
44136  -46.479  -31.562  25.545 0.0000000000
112169  -48.166  -31.701  23.025 0.0000000000
50599  -47.053  -24.038  15.775 0.0000000000
125785  -48.255  -25.493  19.332 0.0000000000
50554  -50.162  -23.897  18.984 0.0000000000
17716  -3.164  -57.225  37.202 0.0000000000
46940  -38.844  -28.034  17.534 0.0000000000
118794  -38.804  -25.660  15.589 0.0000000000
51466  -43.348  -23.769  13.742 0.0000000000
52316  -45.316  -22.490  13.495 0.0000000000
54235  -46.627  -20.685  12.993 0.0000000000
55271  -48.539  -19.209  13.066 0.0000000000
57197  -49.380  -17.392  12.651 0.0000000000
57211  -46.854  -17.925  11.068 0.0000000000
25193  -7.424  -50.122  38.733 0.0000000000
23166  -5.330  -51.946  38.738 0.0000000000
22101  -3.809  -54.108  38.228 0.0000000000
43209  -45.106  -32.450  33.106 0.0000000000
40394  -43.305  -35.547  30.763 0.0000000000
42302  -42.698  -33.054  31.065 0.0000000000
125246  -44.050  -32.909  28.733 0.0000000000
43290  -42.526  -32.844  25.833 0.0000000000
45050  -40.558  -31.304  23.035 0.0000000000
45136  -38.439  -30.639  19.515 0.0000000000
32189  -21.133  -43.982  39.649 0.0000000000
32291  -23.304  -43.126  30.418 0.0000000000
109543  -25.870  -45.249  32.738 0.0000000000
31331  -28.220  -44.754  29.214 0.0000000000
29251  -28.471  -46.729  32.217 0.0000000000
28200  -27.629  -47.358  35.194 0.0000000000
27112  -31.287  -47.724  38.858 0.0000000000
29242  -10.433  -46.464  32.293 0.0000000000
30251  -11.676  -45.501  32.113 0.0000000000
30187  -10.728  -45.848  35.374 0.0000000000
46914  -42.607  -28.259  19.427 0.0000000000
46889  -46.510  -28.402  21.553 0.0000000000
46873  -48.519  -28.114  22.903 0.0000000000
48708  -48.541  -25.894  23.622 0.0000000000
120029  -50.361  -16.683  12.141 0.0000000000
111321  -53.057  -16.585  11.366 0.0000000000
58255  -54.932  -15.952  10.818 0.0000000000
59135  -52.256  -14.976  7.712 0.0000000000
59126  -55.463  -14.255  8.735 0.0000000000
36395  -36.396  -39.530  25.435 0.0000000000
37406  -36.724  -38.852  25.094 0.0000000000
37423  -36.412  -38.458  24.383 0.0000000000
127113  -34.171  -41.293  25.417 0.0000000000
35389  -35.295  -40.532  25.455 0.0000000000
115479  -36.232  -40.778  26.466 0.0000000000
45138  -40.471  -30.397  19.206 0.0000000000
113073  -41.975  -30.497  19.766 0.0000000000
45163  -41.030  -29.920  18.635 0.0000000000
130948  -51.489  -20.104  14.494 0.0000000000
53173  -52.213  -21.013  15.870 0.0000000000
55239  -52.660  -19.665  15.406 0.0000000000
56191  -52.876  -18.602  15.057 0.0000000000
56202  -51.722  -17.634  13.794 0.0000000000
28224  -8.984  -48.037  33.398 0.0000000000
27179  -8.591  -48.789  33.718 0.0000000000
27144  -9.041  -48.383  35.112 0.0000000000
42363  -37.784  -32.379  26.257 0.0000000000
43274  -38.268  -32.411  26.604 0.0000000000
44128  -37.256  -31.743  25.775 0.0000000000
45033  -37.493  -31.226  25.442 0.0000000000
45039  -35.905  -30.815  24.976 0.0000000000
33143  -16.298  -42.346  38.675 0.0000000000
29185  -24.663  -46.047  36.162 0.0000000000
29152  -24.116  -46.401  37.499 0.0000000000
28164  -25.697  -47.026  37.058 0.0000000000
129442  -26.707  -47.745  39.311 0.0000000000
28165  -26.542  -47.479  37.360 0.0000000000
30265  -34.188  -44.930  32.877 0.0000000000
116355  -33.277  -45.399  32.926 0.0000000000
127552  -34.472  -45.571  34.715 0.0000000000
28172  -34.355  -47.485  36.756 0.0000000000
33192  -15.145  -41.642  35.097 0.0000000000
33174  -15.139  -42.357  36.679 0.0000000000
33142  -15.540  -42.667  38.332 0.0000000000
43223  -47.645  -32.122  32.253 0.0000000000
48826  -43.444  -25.874  17.231 0.0000000000
48804  -43.471  -26.057  18.421 0.0000000000
112290  -45.102  -25.805  17.912 0.0000000000
35319  -40.255  -40.447  29.380 0.0000000000
36337  -41.185  -39.512  29.473 0.0000000000
36348  -39.973  -39.390  28.431 0.0000000000
38426  -39.059  -37.118  25.841 0.0000000000
40492  -38.667  -35.642  24.770 0.0000000000
40493  -38.966  -35.044  24.969 0.0000000000
35272  -16.876  -40.271  32.423 0.0000000000
35255  -17.316  -40.297  33.526 0.0000000000
128532  -17.167  -40.095  32.059 0.0000000000
34263  -20.013  -41.706  30.865 0.0000000000
33246  -19.890  -41.961  32.239 0.0000000000
33235  -21.228  -42.768  32.207 0.0000000000
131216  -22.220  -43.499  33.014 0.0000000000
32274  -22.024  -43.083  31.938 0.0000000000
35384  -28.802  -39.812  26.247 0.0000000000
125419  -34.438  -43.376  27.484 0.0000000000
32347  -32.952  -43.031  27.901 0.0000000000
32348  -33.828  -43.570  27.981 0.0000000000
31337  -34.483  -44.599  29.613 0.0000000000
31338  -35.456  -44.903  29.389 0.0000000000
30293  -36.684  -45.296  30.858 0.0000000000
31359  -36.648  -44.740  28.720 0.0000000000
34334  -38.263  -41.076  28.172 0.0000000000
33282  -38.830  -42.407  29.084 0.0000000000
35318  -39.745  -41.050  29.335 0.0000000000
34278  -40.744  -41.712  30.418 0.0000000000
34275  -16.479  -41.096  30.146 0.0000000000
43292  -44.344  -32.526  25.440 0.0000000000
44115  -45.911  -31.877  26.024 0.0000000000
44134  -44.950  -31.935  25.043 0.0000000000
123845  -45.366  -30.919  21.292 0.0000000000
44172  -46.338  -31.611  23.245 0.0000000000
44207  -47.372  -31.057  21.751 0.0000000000
44192  -48.571  -31.341  22.415 0.0000000000
45095  -47.794  -30.457  21.489 0.0000000000
51430  -48.621  -23.481  16.119 0.0000000000
50572  -49.162  -23.940  17.758 0.0000000000
51420  -49.668  -23.435  17.283 0.0000000000
130783  -53.603  -21.892  18.758 0.0000000000
51467  -44.688  -23.202  13.685 0.0000000000
53199  -43.907  -21.879  12.950 0.0000000000
54234  -45.767  -20.597  12.776 0.0000000000
55269  -45.992  -19.486  12.158 0.0000000000
54255  -48.008  -20.005  13.116 0.0000000000
56217  -46.479  -19.011  11.906 0.0000000000
118962  -47.557  -18.500  11.878 0.0000000000
25246  -6.771  -50.474  33.286 0.0000000000
23202  -6.223  -52.118  34.857 0.0000000000
112567  -7.965  -47.980  40.421 0.0000000000
26156  -8.041  -49.387  38.201 0.0000000000
26143  -7.078  -49.538  39.830 0.0000000000
24189  -5.043  -51.189  40.086 0.0000000000
23158  -4.606  -52.037  39.657 0.0000000000
112746  -4.024  -53.574  38.420 0.0000000000
20993  -4.399  -53.492  39.181 0.0000000000
117252  -4.207  -54.870  38.567 0.0000000000
38362  -42.837  -37.196  29.135 0.0000000000
38348  -43.756  -37.133  30.487 0.0000000000
40405  -42.484  -35.276  29.529 0.0000000000
129441  -40.181  -32.815  28.541 0.0000000000
41401  -41.330  -33.608  30.106 0.0000000000
109505  -41.448  -32.814  29.396 0.0000000000
43228  -43.328  -32.745  30.608 0.0000000000
43252  -41.837  -32.670  28.534 0.0000000000
43265  -43.463  -33.380  27.152 0.0000000000
43277  -41.885  -32.807  26.688 0.0000000000
45067  -38.233  -30.810  22.795 0.0000000000
44165  -40.006  -31.432  23.779 0.0000000000
110344  -38.969  -30.914  22.131 0.0000000000
45088  -39.590  -30.902  21.526 0.0000000000
109773  -38.402  -30.765  20.890 0.0000000000
111419  -20.045  -42.622  36.851 0.0000000000
111279  -20.188  -42.774  38.502 0.0000000000
32203  -21.034  -43.924  38.154 0.0000000000
32321  -24.671  -43.340  28.292 0.0000000000
33293  -23.156  -42.573  28.731 0.0000000000
129209  -24.505  -43.652  30.106 0.0000000000
31281  -24.612  -44.130  31.557 0.0000000000
31282  -25.388  -44.528  31.366 0.0000000000
33297  -29.641  -42.341  28.165 0.0000000000
33295  -28.029  -42.823  27.874 0.0000000000
32309  -29.762  -43.877  28.983 0.0000000000
29233  -30.272  -46.889  33.221 0.0000000000
29268  -28.947  -46.471  31.438 0.0000000000
29232  -29.389  -47.062  32.946 0.0000000000
29210  -28.083  -47.075  33.657 0.0000000000
28202  -29.265  -47.374  35.435 0.0000000000
28184  -29.214  -47.507  37.416 0.0000000000
28185  -30.837  -47.114  37.393 0.0000000000
30221  -38.802  -45.665  33.749 0.0000000000
31253  -12.296  -44.790  32.600 0.0000000000
31217  -12.207  -44.416  34.378 0.0000000000
30228  -11.285  -45.626  33.487 0.0000000000
32175  -13.667  -44.270  40.600 0.0000000000
47866  -39.373  -27.103  19.412 0.0000000000
46927  -41.473  -28.525  18.396 0.0000000000
47853  -40.871  -27.076  20.739 0.0000000000
47802  -44.473  -27.052  22.887 0.0000000000
47822  -43.898  -27.287  22.398 0.0000000000
47804  -45.890  -27.442  23.497 0.0000000000
46872  -47.401  -28.155  22.918 0.0000000000
46859  -47.318  -27.608  24.055 0.0000000000
49687  -50.148  -24.841  20.718 0.0000000000
49671  -48.908  -25.847  20.971 0.0000000000
126379  -50.261  -25.420  22.392 0.0000000000
57213  -48.388  -17.782  11.238 0.0000000000
57215  -49.869  -16.897  12.401 0.0000000000
57227  -49.442  -17.390  10.628 0.0000000000
58252  -50.802  -16.940  10.437 0.0000000000
113318  -51.808  -16.556  10.359 0.0000000000
58254  -54.015  -16.459  11.108 0.0000000000
59109  -53.227  -15.797  9.469 0.0000000000
59967  -51.730  -14.067  5.506 0.0000000000
59955  -51.223  -14.321  6.300 0.0000000000
59943  -52.687  -14.819  6.744 0.0000000000
59125  -54.703  -15.056  8.555 0.0000000000
59945  -55.142  -14.478  7.345 0.0000000000
131138  -55.905  -14.028  6.909 0.0000000000
59971  -56.782  -13.962  5.461 0.0000000000
36363  -38.130  -39.752  27.137 0.0000000000
125696  -38.808  -39.044  27.190 0.0000000000
37389  -37.793  -38.870  26.114 0.0000000000
38424  -37.742  -37.795  25.164 0.0000000000
36320  -17.746  -39.903  30.635 0.0000000000
120834  -32.946  -41.632  25.508 0.0000000000
34370  -34.246  -41.800  25.928 0.0000000000
33324  -35.473  -42.963  27.186 0.0000000000
33301  -36.681  -43.193  27.857 0.0000000000
34332  -36.543  -41.754  27.217 0.0000000000
34333  -37.429  -41.215  27.589 0.0000000000
44186  -42.458  -31.277  22.818 0.0000000000
111006  -43.771  -31.435  23.170 0.0000000000
45071  -42.735  -31.096  22.020 0.0000000000
45092  -43.950  -30.783  20.913 0.0000000000
45115  -44.266  -30.357  20.040 0.0000000000
52290  -50.563  -22.146  15.477 0.0000000000
110112  -50.858  -22.433  16.338 0.0000000000
53164  -51.915  -21.536  16.149 0.0000000000
53159  -52.985  -21.412  17.236 0.0000000000
58200  -52.328  -15.203  14.039 0.0000000000
123834  -7.503  -49.964  33.464 0.0000000000
25219  -7.825  -50.723  35.474 0.0000000000
41448  -40.556  -34.328  27.296 0.0000000000
41433  -40.945  -34.222  28.883 0.0000000000
41447  -39.791  -33.494  27.778 0.0000000000
43262  -39.196  -32.686  27.233 0.0000000000
43263  -39.608  -32.632  27.405 0.0000000000
43288  -40.425  -32.238  26.075 0.0000000000
44130  -38.930  -31.653  25.792 0.0000000000
44146  -38.306  -31.022  24.684 0.0000000000
45066  -37.243  -30.658  22.806 0.0000000000
31204  -21.781  -44.212  35.893 0.0000000000
31183  -22.112  -44.838  37.441 0.0000000000
30179  -22.737  -45.265  37.124 0.0000000000
29141  -23.775  -46.561  38.480 0.0000000000
27087  -27.666  -48.124  39.521 0.0000000000
33335  -24.665  -42.451  26.705 0.0000000000
32344  -25.486  -43.348  27.756 0.0000000000
31309  -32.134  -44.251  30.285 0.0000000000
31307  -30.802  -44.658  29.976 0.0000000000
121123  -32.052  -45.477  31.527 0.0000000000
30238  -31.615  -46.335  32.945 0.0000000000
29213  -31.432  -46.592  34.509 0.0000000000
29169  -32.366  -46.842  36.897 0.0000000000
113289  -33.174  -46.687  36.617 0.0000000000
112447  -14.314  -43.385  31.195 0.0000000000
33230  -13.955  -42.936  33.014 0.0000000000
32225  -13.467  -43.276  36.189 0.0000000000
32211  -13.064  -43.926  37.983 0.0000000000
32212  -13.938  -43.405  37.740 0.0000000000
48802  -40.663  -25.779  18.513 0.0000000000
48766  -41.305  -26.321  20.642 0.0000000000
48782  -41.760  -25.874  19.659 0.0000000000
48768  -43.803  -26.067  20.323 0.0000000000
109768  -45.668  -26.259  21.807 0.0000000000
58264  -47.550  -16.112  9.565 0.0000000000
58265  -48.524  -16.179  9.478 0.0000000000
118048  -47.950  -15.484  9.266 0.0000000000
59968  -52.531  -14.101  4.968 0.0000000000
112459  -54.566  -14.621  5.480 0.0000000000
59983  -53.305  -14.002  4.421 0.0000000000
60746  -54.044  -13.849  3.981 0.0000000000
29159  -9.600  -46.952  36.773 0.0000000000
28177  -9.246  -47.653  36.405 0.0000000000
36291  -42.767  -39.562  32.142 0.0000000000
36324  -41.913  -39.643  30.108 0.0000000000
37347  -41.992  -38.097  29.058 0.0000000000
38395  -41.483  -36.766  27.766 0.0000000000
38393  -39.981  -37.771  27.194 0.0000000000
38409  -40.287  -37.094  26.915 0.0000000000
40460  -40.593  -35.831  26.553 0.0000000000
109459  -39.857  -34.882  26.017 0.0000000000
42364  -38.262  -33.234  25.665 0.0000000000
34203  -16.543  -40.952  35.415 0.0000000000
34187  -17.669  -41.105  36.376 0.0000000000
34223  -17.171  -40.481  34.822 0.0000000000
34225  -18.775  -41.133  35.176 0.0000000000
33194  -20.042  -42.643  35.199 0.0000000000
34262  -18.785  -40.769  31.739 0.0000000000
33220  -19.628  -42.053  33.787 0.0000000000
121299  -20.581  -43.176  34.941 0.0000000000
31222  -22.083  -44.081  35.025 0.0000000000
31206  -23.309  -44.767  35.310 0.0000000000
30213  -24.242  -44.897  34.404 0.0000000000
35349  -29.035  -40.811  27.316 0.0000000000
34306  -29.994  -41.976  27.938 0.0000000000
34352  -31.578  -41.490  26.309 0.0000000000
126207  -31.481  -42.306  28.069 0.0000000000
32328  -31.574  -43.173  29.069 0.0000000000
31335  -32.789  -44.127  30.162 0.0000000000
31286  -33.894  -44.632  31.354 0.0000000000
31263  -35.632  -44.671  32.609 0.0000000000
31225  -36.747  -44.869  34.504 0.0000000000
31265  -37.123  -44.926  33.039 0.0000000000
30266  -37.665  -45.474  32.239 0.0000000000
30296  -39.290  -45.501  31.550 0.0000000000
32333  -37.886  -43.577  28.657 0.0000000000
31342  -39.036  -44.490  29.806 0.0000000000
125406  -40.422  -44.610  31.265 0.0000000000
33250  -41.158  -43.026  31.526 0.0000000000
33245  -15.433  -41.929  31.621 0.0000000000
125977  -46.237  -31.723  28.621 0.0000000000
123937  -46.811  -31.287  28.290 0.0000000000
44117  -47.321  -31.026  26.801 0.0000000000
44138  -48.618  -31.232  25.666 0.0000000000
109780  -46.060  -31.641  23.991 0.0000000000
109782  -48.008  -31.532  24.981 0.0000000000
50583  -45.849  -24.679  16.090 0.0000000000
49733  -46.514  -25.285  17.650 0.0000000000
50552  -47.918  -24.770  17.893 0.0000000000
117975  -49.564  -24.455  19.196 0.0000000000
123356  -50.741  -24.230  20.338 0.0000000000
51410  -51.466  -23.068  18.619 0.0000000000
51397  -52.130  -23.093  19.781 0.0000000000
46044  -37.474  -29.133  16.564 0.0000000000
46025  -39.547  -29.102  17.344 0.0000000000
46953  -38.163  -28.065  17.186 0.0000000000
47880  -37.584  -26.782  18.182 0.0000000000
48799  -38.088  -26.488  18.424 0.0000000000
48822  -39.393  -25.758  17.786 0.0000000000
49749  -40.018  -25.844  16.441 0.0000000000
49767  -41.234  -25.656  15.401 0.0000000000
115410  -42.725  -25.268  15.189 0.0000000000
50595  -43.978  -24.768  14.994 0.0000000000
50616  -45.225  -24.173  14.680 0.0000000000
51451  -46.391  -23.474  14.287 0.0000000000
52298  -47.053  -22.890  13.979 0.0000000000
53216  -44.362  -21.144  12.804 0.0000000000
53201  -46.022  -21.299  13.145 0.0000000000
52319  -48.242  -22.174  13.853 0.0000000000
53204  -48.674  -21.518  13.770 0.0000000000
54239  -50.176  -20.193  13.947 0.0000000000
112015  -50.046  -19.037  13.599 0.0000000000
56200  -50.202  -17.977  13.445 0.0000000000
56220  -48.845  -18.225  12.788 0.0000000000
56234  -47.959  -18.157  11.654 0.0000000000
57225  -47.356  -17.370  10.474 0.0000000000
58263  -46.658  -15.846  9.703 0.0000000000
26181  -8.602  -49.085  36.329 0.0000000000
129230  -8.228  -50.067  37.109 0.0000000000
24208  -7.508  -51.453  37.488 0.0000000000
25187  -5.798  -50.388  40.214 0.0000000000
24196  -5.858  -51.296  39.024 0.0000000000
23178  -6.598  -52.692  36.774 0.0000000000
22121  -5.416  -53.639  36.569 0.0000000000
21027  -4.525  -54.081  37.041 0.0000000000
19915  -3.256  -55.475  36.919 0.0000000000
19908  -3.424  -55.475  37.752 0.0000000000
44051  -46.567  -31.458  32.184 0.0000000000
40379  -43.434  -34.492  32.335 0.0000000000
41419  -41.586  -34.264  30.137 0.0000000000
41402  -41.855  -33.895  30.798 0.0000000000
43220  -43.677  -32.758  31.639 0.0000000000
43229  -44.420  -32.319  31.084 0.0000000000
43243  -45.206  -31.991  30.278 0.0000000000
124512  -44.769  -32.874  28.055 0.0000000000
42340  -44.003  -33.434  26.669 0.0000000000
43300  -42.890  -32.255  24.911 0.0000000000
44132  -40.946  -32.055  25.153 0.0000000000
44149  -41.419  -31.757  24.189 0.0000000000
44168  -42.076  -31.503  23.496 0.0000000000
45069  -40.874  -31.132  22.247 0.0000000000
128621  -40.048  -30.850  20.975 0.0000000000
111467  -38.871  -30.382  18.751 0.0000000000
45045  -34.583  -30.872  24.392 0.0000000000
110755  -34.851  -30.524  22.940 0.0000000000
45085  -35.845  -30.561  21.926 0.0000000000
109776  -35.662  -30.596  20.992 0.0000000000
45133  -35.843  -30.602  19.596 0.0000000000
118070  -36.980  -30.609  18.900 0.0000000000
45159  -36.900  -30.458  18.162 0.0000000000
46024  -37.322  -29.648  16.931 0.0000000000
31161  -21.935  -45.010  39.565 0.0000000000
34301  -20.734  -41.358  28.433 0.0000000000
33292  -22.260  -42.170  28.781 0.0000000000
33249  -22.273  -42.885  31.172 0.0000000000
110296  -23.167  -43.601  32.112 0.0000000000
31239  -24.627  -44.696  33.177 0.0000000000
29207  -25.621  -45.939  34.731 0.0000000000
34326  -26.841  -41.802  27.075 0.0000000000
32346  -27.174  -43.130  27.724 0.0000000000
31329  -26.651  -44.688  29.468 0.0000000000
30327  -29.118  -45.425  30.097 0.0000000000
30313  -28.221  -45.528  30.195 0.0000000000
130441  -26.846  -45.306  30.773 0.0000000000
30260  -26.649  -45.636  32.362 0.0000000000
29229  -26.737  -46.270  33.803 0.0000000000
28199  -27.088  -47.341  35.861 0.0000000000
28183  -28.270  -47.618  36.954 0.0000000000
111478  -29.783  -47.720  39.172 0.0000000000
28253  -9.179  -47.091  31.994 0.0000000000
114276  -10.001  -46.950  33.984 0.0000000000
30278  -11.961  -45.150  30.813 0.0000000000
30305  -11.287  -45.522  30.745 0.0000000000
127876  -10.865  -46.130  32.457 0.0000000000
29201  -10.526  -46.366  33.809 0.0000000000
29179  -10.163  -46.477  35.612 0.0000000000
115747  -10.620  -45.812  37.252 0.0000000000
31167  -12.648  -44.498  38.731 0.0000000000
46027  -41.172  -28.875  17.904 0.0000000000
46013  -43.119  -28.886  18.775 0.0000000000
45143  -44.881  -29.427  19.771 0.0000000000
47838  -42.572  -27.219  21.705 0.0000000000
46903  -44.141  -28.157  21.014 0.0000000000
45985  -46.303  -28.862  20.694 0.0000000000
45972  -47.799  -29.536  21.294 0.0000000000
49698  -46.731  -25.947  19.169 0.0000000000
115778  -47.490  -26.268  21.508 0.0000000000
48721  -46.861  -26.388  23.911 0.0000000000
57184  -50.150  -16.859  13.222 0.0000000000
127902  -50.782  -15.423  13.035 0.0000000000
59068  -51.297  -14.978  13.005 0.0000000000
58251  -49.917  -17.061  10.202 0.0000000000
58238  -50.976  -16.063  12.457 0.0000000000
58225  -52.226  -14.770  12.761 0.0000000000
58226  -54.020  -15.261  12.437 0.0000000000
58241  -54.656  -15.917  11.536 0.0000000000
59122  -51.848  -15.173  8.523 0.0000000000
59124  -53.511  -15.379  8.559 0.0000000000
59111  -55.226  -14.977  9.323 0.0000000000
59958  -55.938  -14.274  5.974 0.0000000000
36394  -35.688  -39.842  25.128 0.0000000000
36415  -36.042  -39.165  24.743 0.0000000000
35406  -34.956  -40.142  24.785 0.0000000000
45162  -39.765  -30.145  18.558 0.0000000000
123787  -40.489  -29.870  18.436 0.0000000000
130794  -51.465  -19.521  14.234 0.0000000000
54226  -51.969  -19.996  14.696 0.0000000000
109847  -52.222  -19.155  14.513 0.0000000000
55240  -53.407  -18.908  15.872 0.0000000000
56190  -52.340  -18.135  14.275 0.0000000000
28210  -9.504  -47.636  34.104 0.0000000000
27161  -9.058  -48.307  34.282 0.0000000000
123170  -9.350  -47.839  34.789 0.0000000000
43287  -37.002  -31.914  25.774 0.0000000000
43273  -37.626  -32.062  26.302 0.0000000000
43286  -36.533  -31.361  25.300 0.0000000000
44145  -36.558  -31.124  25.304 0.0000000000
44144  -35.786  -31.069  25.122 0.0000000000
33159  -16.960  -41.885  38.176 0.0000000000
128892  -17.222  -41.632  37.503 0.0000000000
29166  -25.108  -46.503  36.482 0.0000000000
30241  -34.630  -45.137  33.907 0.0000000000
129724  -34.104  -45.478  34.202 0.0000000000
30198  -35.060  -45.749  35.372 0.0000000000
29192  -35.575  -45.908  35.658 0.0000000000
33158  -16.126  -42.230  37.835 0.0000000000
110088  -43.754  -25.506  16.347 0.0000000000
49731  -44.280  -25.863  17.714 0.0000000000
111105  -44.936  -25.550  17.245 0.0000000000
125221  -39.684  -40.476  28.929 0.0000000000
35332  -40.058  -39.943  28.899 0.0000000000
39466  -38.127  -36.261  24.485 0.0000000000
39449  -38.772  -36.527  25.245 0.0000000000
34277  -20.345  -41.716  30.110 0.0000000000
33247  -20.452  -42.201  31.656 0.0000000000
32263  -21.817  -43.233  32.696 0.0000000000
33248  -21.437  -42.608  31.392 0.0000000000
32349  -35.132  -43.473  27.484 0.0000000000
120824  -34.644  -43.893  28.065 0.0000000000
31357  -34.977  -44.475  28.713 0.0000000000
31358  -35.900  -44.731  28.621 0.0000000000
31339  -36.358  -45.109  29.280 0.0000000000
34309  -39.060  -40.906  28.688 0.0000000000
34292  -39.244  -41.697  29.180 0.0000000000
34261  -16.484  -40.676  31.203 0.0000000000
43301  -43.812  -32.067  24.728 0.0000000000
129845  -44.413  -32.006  24.874 0.0000000000
45094  -46.212  -30.679  21.128 0.0000000000
44206  -45.994  -31.204  21.803 0.0000000000
123870  -46.685  -31.031  21.618 0.0000000000
122688  -46.981  -30.526  21.261 0.0000000000
51440  -48.184  -23.325  15.155 0.0000000000
51431  -49.455  -23.226  16.424 0.0000000000
52258  -53.820  -22.026  19.516 0.0000000000
52330  -43.193  -21.962  12.850 0.0000000000
55270  -46.767  -19.503  12.366 0.0000000000
56232  -46.201  -18.442  11.429 0.0000000000
24245  -6.796  -51.332  34.534 0.0000000000
23217  -5.973  -51.657  33.996 0.0000000000
27092  -7.589  -48.762  39.949 0.0000000000
26136  -6.797  -49.212  41.108 0.0000000000
22097  -4.472  -52.807  39.496 0.0000000000
20994  -5.107  -53.750  39.487 0.0000000000
39400  -42.079  -36.081  28.144 0.0000000000
39401  -42.647  -36.264  28.786 0.0000000000
40425  -42.236  -35.434  28.724 0.0000000000
43251  -40.736  -32.724  28.782 0.0000000000
43240  -40.866  -32.924  29.392 0.0000000000
109630  -42.274  -32.722  29.228 0.0000000000
43264  -42.410  -32.914  27.462 0.0000000000
110879  -39.081  -30.994  22.973 0.0000000000
132214  -38.870  -30.837  21.405 0.0000000000
109774  -37.511  -30.730  21.001 0.0000000000
128463  -20.488  -43.258  36.410 0.0000000000
32227  -20.508  -43.292  37.154 0.0000000000
32214  -21.024  -43.851  37.431 0.0000000000
32305  -24.695  -43.625  29.387 0.0000000000
32293  -24.990  -43.921  30.123 0.0000000000
31304  -25.119  -44.203  30.798 0.0000000000
127865  -25.595  -44.533  30.804 0.0000000000
32327  -30.219  -43.015  28.644 0.0000000000
32326  -29.386  -43.140  28.427 0.0000000000
118377  -30.549  -46.846  34.162 0.0000000000
29211  -29.701  -47.084  33.854 0.0000000000
28216  -29.229  -47.274  34.432 0.0000000000
28217  -29.979  -47.050  34.821 0.0000000000
28203  -30.334  -47.062  35.995 0.0000000000
31246  -39.683  -45.643  33.113 0.0000000000
31188  -12.286  -44.224  36.209 0.0000000000
48779  -39.436  -26.637  19.551 0.0000000000
47851  -39.657  -26.824  19.824 0.0000000000
47852  -40.277  -26.787  20.190 0.0000000000
48719  -45.218  -26.879  23.120 0.0000000000
47803  -45.214  -27.243  23.158 0.0000000000
47805  -46.564  -27.586  23.756 0.0000000000
113513  -46.178  -27.111  23.966 0.0000000000
112023  -50.784  -24.514  21.188 0.0000000000
49673  -50.260  -25.186  21.545 0.0000000000
57226  -48.178  -17.435  10.517 0.0000000000
123881  -48.817  -17.535  10.734 0.0000000000
58250  -48.923  -17.103  10.064 0.0000000000
59108  -51.676  -15.690  9.302 0.0000000000
123532  -52.420  -15.947  9.684 0.0000000000
59956  -52.560  -14.533  5.688 0.0000000000
59944  -53.911  -14.870  7.024 0.0000000000
121223  -54.824  -14.623  6.456 0.0000000000
36379  -38.150  -39.181  26.675 0.0000000000
37424  -37.081  -38.143  24.787 0.0000000000
37407  -37.434  -38.506  25.449 0.0000000000
34379  -32.936  -41.134  24.807 0.0000000000
34371  -34.833  -41.215  25.691 0.0000000000
33339  -34.688  -42.268  26.439 0.0000000000
33340  -35.444  -42.326  26.794 0.0000000000
33325  -36.148  -42.605  27.303 0.0000000000
34354  -35.945  -41.502  26.706 0.0000000000
35366  -36.811  -40.300  26.483 0.0000000000
34355  -36.735  -40.971  26.945 0.0000000000
35367  -37.470  -40.373  27.059 0.0000000000
35351  -38.117  -40.434  27.652 0.0000000000
45070  -41.798  -31.126  22.247 0.0000000000
45090  -42.160  -30.913  21.368 0.0000000000
45113  -42.515  -30.681  20.460 0.0000000000
45114  -43.412  -30.550  20.233 0.0000000000
45141  -43.715  -30.048  19.445 0.0000000000
52301  -50.174  -21.802  14.665 0.0000000000
52291  -51.264  -21.815  15.810 0.0000000000
53171  -50.976  -21.454  15.079 0.0000000000
124467  -53.196  -20.649  16.780 0.0000000000
53160  -53.814  -20.725  17.640 0.0000000000
123152  -52.985  -16.427  14.531 0.0000000000
58201  -53.321  -15.479  14.638 0.0000000000
27160  -8.673  -49.047  34.601 0.0000000000
27178  -7.977  -49.187  33.180 0.0000000000
26204  -8.308  -49.653  34.527 0.0000000000
26203  -7.679  -50.339  34.173 0.0000000000
25233  -8.014  -50.147  34.823 0.0000000000
41464  -39.865  -34.062  26.774 0.0000000000
110263  -39.289  -33.290  27.327 0.0000000000
43261  -38.802  -32.764  26.948 0.0000000000
44099  -39.177  -32.247  26.930 0.0000000000
44114  -39.450  -31.965  26.366 0.0000000000
44113  -38.606  -31.929  26.524 0.0000000000
45040  -37.195  -30.800  24.629 0.0000000000
110818  -37.539  -30.713  23.542 0.0000000000
126233  -22.850  -45.101  36.599 0.0000000000
113345  -24.563  -46.866  38.210 0.0000000000
112162  -27.352  -47.856  39.467 0.0000000000
28126  -27.168  -47.965  39.698 0.0000000000
28127  -27.903  -47.998  39.605 0.0000000000
33336  -25.348  -42.717  27.048 0.0000000000
31285  -32.514  -44.882  31.024 0.0000000000
31284  -31.770  -45.085  30.819 0.0000000000
30291  -32.772  -45.217  31.730 0.0000000000
30239  -32.971  -45.779  33.714 0.0000000000
123843  -32.377  -45.848  32.852 0.0000000000
29235  -32.063  -46.249  33.825 0.0000000000
29214  -32.295  -46.364  34.934 0.0000000000
29190  -32.567  -46.531  35.888 0.0000000000
29215  -33.206  -46.290  35.458 0.0000000000
27124  -34.109  -47.983  36.991 0.0000000000
33231  -14.616  -42.340  32.762 0.0000000000
32261  -14.303  -43.030  32.042 0.0000000000
33191  -14.460  -42.302  35.344 0.0000000000
32226  -13.881  -43.130  36.884 0.0000000000
33124  -15.730  -42.724  39.302 0.0000000000
32201  -15.021  -43.089  38.928 0.0000000000
112142  -41.622  -25.904  18.348 0.0000000000
48803  -42.621  -26.005  18.227 0.0000000000
48784  -44.932  -26.208  19.566 0.0000000000
48769  -44.498  -26.128  20.767 0.0000000000
109487  -44.233  -26.290  21.854 0.0000000000
48750  -45.324  -26.269  21.067 0.0000000000
118561  -52.016  -13.512  4.976 0.0000000000
60745  -52.604  -13.340  4.543 0.0000000000
29146  -9.635  -46.815  37.613 0.0000000000
28133  -8.638  -47.514  40.714 0.0000000000
35291  -41.746  -40.872  31.108 0.0000000000
36306  -42.112  -40.124  30.860 0.0000000000
37346  -41.188  -38.854  29.004 0.0000000000
111453  -41.781  -38.978  29.523 0.0000000000
123750  -41.100  -38.326  28.525 0.0000000000
38379  -41.331  -37.641  28.195 0.0000000000
37390  -38.486  -38.537  26.470 0.0000000000
37374  -39.643  -38.557  27.501 0.0000000000
37391  -39.225  -38.168  26.830 0.0000000000
39435  -39.548  -36.498  25.904 0.0000000000
38408  -39.605  -37.293  26.459 0.0000000000
39436  -40.186  -36.509  26.473 0.0000000000
39418  -40.863  -36.429  27.064 0.0000000000
40459  -40.027  -35.749  26.139 0.0000000000
41465  -40.476  -35.007  26.494 0.0000000000
41478  -38.683  -34.218  25.019 0.0000000000
35236  -16.916  -40.337  34.004 0.0000000000
35256  -17.795  -40.423  33.801 0.0000000000
34224  -18.225  -40.660  34.397 0.0000000000
112619  -18.975  -41.292  34.175 0.0000000000
33193  -19.456  -41.956  35.625 0.0000000000
35289  -18.027  -40.074  31.247 0.0000000000
33234  -20.434  -42.419  32.575 0.0000000000
33233  -19.751  -42.022  32.939 0.0000000000
33221  -20.308  -42.539  33.393 0.0000000000
33208  -20.252  -42.714  34.301 0.0000000000
32241  -21.053  -43.349  34.369 0.0000000000
32236  -21.274  -43.651  35.220 0.0000000000
32242  -21.725  -43.698  34.475 0.0000000000
32251  -22.682  -43.812  33.311 0.0000000000
31223  -22.845  -44.372  34.758 0.0000000000
31237  -23.141  -44.266  33.951 0.0000000000
30212  -24.032  -45.060  35.062 0.0000000000
113731  -23.957  -44.553  33.739 0.0000000000
35363  -29.308  -40.402  26.645 0.0000000000
111840  -29.547  -41.446  27.604 0.0000000000
34368  -32.371  -41.653  25.782 0.0000000000
34377  -31.758  -41.275  25.368 0.0000000000
34331  -32.339  -42.017  26.608 0.0000000000
33321  -32.238  -42.376  27.537 0.0000000000
33300  -31.955  -42.703  28.452 0.0000000000
33299  -31.084  -42.647  28.576 0.0000000000
32311  -32.082  -43.693  29.680 0.0000000000
32312  -32.989  -43.805  29.431 0.0000000000
31312  -35.085  -44.818  30.310 0.0000000000
31311  -34.162  -44.585  30.582 0.0000000000
31287  -34.790  -44.631  31.335 0.0000000000
31262  -34.903  -44.655  32.292 0.0000000000
31288  -35.497  -44.680  31.850 0.0000000000
123434  -35.896  -44.691  32.247 0.0000000000
31289  -36.154  -44.838  31.781 0.0000000000
30317  -37.545  -45.434  30.431 0.0000000000
30294  -37.561  -45.458  31.262 0.0000000000
127884  -38.213  -45.433  30.694 0.0000000000
30295  -38.381  -45.562  31.494 0.0000000000
30319  -38.971  -45.353  30.803 0.0000000000
33302  -37.452  -42.827  28.225 0.0000000000
129415  -37.157  -43.641  28.257 0.0000000000
33283  -39.396  -42.368  29.508 0.0000000000
115859  -39.110  -43.162  29.450 0.0000000000
32294  -39.511  -43.726  29.900 0.0000000000
121065  -39.698  -44.383  30.349 0.0000000000
32295  -40.181  -43.554  30.449 0.0000000000
32278  -40.679  -43.838  31.043 0.0000000000
109557  -40.724  -43.087  30.836 0.0000000000
35305  -41.160  -40.975  30.479 0.0000000000
34279  -41.365  -41.554  31.089 0.0000000000
33262  -15.344  -42.620  30.390 0.0000000000
43254  -45.569  -32.269  28.383 0.0000000000
44085  -46.068  -31.876  27.796 0.0000000000
44116  -46.575  -31.477  26.389 0.0000000000
109524  -47.199  -31.277  25.925 0.0000000000
118765  -47.964  -31.054  26.311 0.0000000000
44137  -47.780  -31.352  25.579 0.0000000000
44188  -44.256  -31.314  22.489 0.0000000000
44170  -44.470  -31.531  23.349 0.0000000000
44173  -47.275  -31.675  23.130 0.0000000000
109779  -46.823  -31.659  24.008 0.0000000000
109778  -47.842  -31.688  24.034 0.0000000000
109781  -48.689  -31.578  24.616 0.0000000000
109915  -48.829  -31.705  23.581 0.0000000000
110517  -49.243  -31.578  22.876 0.0000000000
50584  -46.624  -24.478  16.306 0.0000000000
50569  -46.947  -24.698  17.026 0.0000000000
50570  -47.695  -24.452  17.197 0.0000000000
51408  -49.904  -23.647  18.096 0.0000000000
50553  -49.398  -24.214  18.537 0.0000000000
116578  -50.022  -24.489  19.822 0.0000000000
124419  -50.662  -23.931  19.642 0.0000000000
52284  -51.478  -22.450  16.952 0.0000000000
51422  -51.266  -22.842  17.750 0.0000000000
117034  -52.079  -22.614  18.176 0.0000000000
52268  -52.160  -22.806  19.001 0.0000000000
18807  -2.723  -57.102  36.947 0.0000000000
17719  -2.400  -57.969  36.275 0.0000000000
17720  -2.883  -58.058  36.685 0.0000000000
48798  -37.382  -26.318  18.080 0.0000000000
49729  -37.511  -25.919  17.828 0.0000000000
125826  -38.190  -25.660  16.843 0.0000000000
113064  -39.078  -25.766  16.658 0.0000000000
49765  -39.652  -25.734  15.543 0.0000000000
49783  -40.723  -25.406  14.802 0.0000000000
49784  -41.503  -25.214  14.712 0.0000000000
49768  -42.025  -25.489  15.287 0.0000000000
50613  -42.719  -24.358  14.066 0.0000000000
50614  -43.649  -24.353  14.278 0.0000000000
50615  -44.465  -24.286  14.485 0.0000000000
51448  -44.170  -23.811  13.913 0.0000000000
52315  -44.322  -22.516  13.321 0.0000000000
51468  -45.540  -23.301  13.897 0.0000000000
51452  -47.326  -23.393  14.614 0.0000000000
52317  -46.224  -22.791  13.747 0.0000000000
53202  -46.914  -21.535  13.373 0.0000000000
52318  -47.482  -22.227  13.712 0.0000000000
53203  -47.861  -21.484  13.540 0.0000000000
54236  -47.493  -20.731  13.225 0.0000000000
119451  -47.755  -19.383  12.686 0.0000000000
54237  -48.686  -20.064  13.393 0.0000000000
55253  -49.314  -19.671  13.529 0.0000000000
125802  -49.210  -18.793  13.285 0.0000000000
127659  -47.409  -18.188  11.467 0.0000000000
57212  -47.687  -17.816  11.049 0.0000000000
130898  -4.816  -53.059  34.028 0.0000000000
114845  -8.812  -47.944  37.790 0.0000000000
27128  -8.780  -48.346  36.975 0.0000000000
27115  -8.480  -48.644  37.904 0.0000000000
26169  -8.003  -50.102  37.690 0.0000000000
25201  -7.992  -50.674  37.040 0.0000000000
25200  -7.624  -50.773  37.946 0.0000000000
26135  -6.273  -49.857  40.688 0.0000000000
24195  -4.921  -51.562  39.528 0.0000000000
24190  -5.345  -50.873  39.831 0.0000000000
24207  -6.766  -51.906  38.061 0.0000000000
23171  -6.330  -52.569  37.685 0.0000000000
22122  -6.078  -53.045  36.425 0.0000000000
23170  -5.064  -52.754  38.273 0.0000000000
21018  -3.808  -54.051  37.872 0.0000000000
21017  -3.532  -54.605  37.848 0.0000000000
21026  -3.784  -54.706  37.117 0.0000000000
21025  -3.304  -55.359  37.567 0.0000000000
19902  -6.092  -55.653  38.714 0.0000000000
43210  -46.258  -32.160  33.093 0.0000000000
44037  -46.652  -31.785  32.767 0.0000000000
43222  -45.821  -31.858  32.681 0.0000000000
116370  -43.367  -38.536  30.918 0.0000000000
37311  -43.027  -38.844  31.388 0.0000000000
37334  -43.629  -37.854  30.801 0.0000000000
39378  -43.563  -36.394  30.197 0.0000000000
39363  -43.782  -36.390  30.959 0.0000000000
39350  -43.878  -36.394  31.876 0.0000000000
118635  -43.580  -35.483  31.613 0.0000000000
40404  -41.654  -34.679  29.225 0.0000000000
41418  -40.992  -33.937  29.636 0.0000000000
42301  -41.896  -33.332  30.526 0.0000000000
42291  -42.534  -33.574  31.304 0.0000000000
41391  -43.081  -33.725  32.137 0.0000000000
42292  -43.214  -33.243  31.927 0.0000000000
43241  -43.133  -32.750  29.519 0.0000000000
43242  -44.183  -32.524  29.863 0.0000000000
116034  -44.960  -32.434  29.081 0.0000000000
129434  -42.773  -33.125  26.645 0.0000000000
43278  -43.385  -33.209  26.305 0.0000000000
43291  -43.482  -32.744  25.509 0.0000000000
44131  -39.939  -31.826  25.413 0.0000000000
45049  -39.760  -31.218  23.157 0.0000000000
44166  -40.752  -31.542  23.736 0.0000000000
44167  -41.316  -31.448  23.349 0.0000000000
45051  -41.273  -31.273  22.755 0.0000000000
124350  -38.703  -30.732  20.182 0.0000000000
45110  -39.312  -30.782  20.685 0.0000000000
45137  -39.392  -30.599  19.579 0.0000000000
118817  -38.152  -30.538  18.893 0.0000000000
45064  -34.793  -30.600  23.854 0.0000000000
110483  -34.006  -30.550  22.854 0.0000000000
45109  -34.650  -30.531  20.865 0.0000000000
125224  -35.518  -30.604  20.264 0.0000000000
116322  -35.340  -30.567  18.978 0.0000000000
45134  -36.649  -30.645  19.543 0.0000000000
45158  -35.606  -30.544  18.273 0.0000000000
45183  -37.628  -30.076  17.647 0.0000000000
34188  -18.408  -41.283  36.641 0.0000000000
34173  -18.474  -41.500  37.447 0.0000000000
34174  -19.092  -41.737  37.802 0.0000000000
32202  -20.724  -43.517  38.910 0.0000000000
30168  -22.572  -45.487  38.030 0.0000000000
31173  -21.996  -44.949  38.442 0.0000000000
30160  -22.446  -45.600  39.198 0.0000000000
33266  -23.292  -42.878  29.719 0.0000000000
33280  -22.629  -42.521  29.468 0.0000000000
33265  -22.580  -42.744  30.309 0.0000000000
32290  -22.993  -43.184  31.011 0.0000000000
32276  -23.397  -43.515  31.537 0.0000000000
31240  -25.227  -44.819  32.633 0.0000000000
31260  -24.539  -44.397  32.400 0.0000000000
30236  -25.411  -45.231  33.416 0.0000000000
30214  -25.301  -45.451  34.170 0.0000000000
32325  -28.454  -43.433  28.274 0.0000000000
32324  -27.539  -43.670  28.177 0.0000000000
31355  -26.900  -44.272  28.652 0.0000000000
31330  -27.423  -44.742  29.224 0.0000000000
30315  -30.968  -45.311  30.600 0.0000000000
30314  -30.105  -45.418  30.339 0.0000000000
30287  -28.621  -45.918  30.776 0.0000000000
29267  -28.032  -46.156  31.407 0.0000000000
126564  -27.438  -45.394  30.311 0.0000000000
30286  -27.379  -45.658  31.046 0.0000000000
30285  -26.675  -45.394  31.464 0.0000000000
29250  -27.546  -46.267  32.259 0.0000000000
28215  -28.384  -47.343  34.554 0.0000000000
130204  -27.413  -46.666  33.563 0.0000000000
29209  -27.341  -46.897  34.349 0.0000000000
29188  -26.829  -46.931  35.169 0.0000000000
111146  -27.887  -47.565  36.029 0.0000000000
109376  -30.247  -47.404  38.059 0.0000000000
28168  -29.650  -47.600  38.695 0.0000000000
28169  -30.606  -47.686  39.118 0.0000000000
28187  -32.566  -47.243  38.002 0.0000000000
28186  -31.884  -47.147  37.926 0.0000000000
27122  -32.564  -48.059  38.125 0.0000000000
123711  -37.133  -44.903  34.296 0.0000000000
29241  -9.727  -47.000  32.495 0.0000000000
29223  -10.226  -46.775  33.119 0.0000000000
31275  -13.288  -44.276  31.182 0.0000000000
30252  -12.172  -45.091  31.573 0.0000000000
30277  -11.534  -45.577  31.347 0.0000000000
30250  -11.028  -45.971  31.890 0.0000000000
114608  -11.223  -45.829  32.629 0.0000000000
30206  -10.922  -45.784  34.358 0.0000000000
112107  -10.857  -45.991  33.680 0.0000000000
115198  -10.341  -46.416  34.682 0.0000000000
113194  -10.528  -45.945  36.357 0.0000000000
32199  -13.713  -43.761  38.495 0.0000000000
31168  -13.304  -44.079  38.811 0.0000000000
44089  -49.388  -30.506  28.999 0.0000000000
46941  -39.539  -28.510  17.501 0.0000000000
46026  -40.411  -28.839  17.659 0.0000000000
47869  -41.500  -27.850  19.731 0.0000000000
46928  -42.289  -28.703  18.596 0.0000000000
45996  -43.811  -29.274  19.114 0.0000000000
46915  -43.554  -28.452  19.540 0.0000000000
47837  -41.902  -26.767  21.242 0.0000000000
47836  -41.121  -26.876  21.052 0.0000000000
46887  -44.264  -27.913  22.020 0.0000000000
46888  -45.402  -28.168  21.751 0.0000000000
46904  -45.235  -28.448  20.694 0.0000000000
45986  -47.090  -28.942  21.013 0.0000000000
46891  -48.294  -28.454  22.004 0.0000000000
45974  -49.080  -28.758  21.917 0.0000000000
49713  -47.249  -25.402  18.335 0.0000000000
49712  -46.303  -25.770  18.499 0.0000000000
49699  -47.577  -25.715  19.198 0.0000000000
49659  -48.988  -26.002  22.140 0.0000000000
48753  -48.130  -26.114  20.745 0.0000000000
48736  -48.136  -26.192  21.801 0.0000000000
48735  -47.020  -26.130  22.727 0.0000000000
48722  -47.741  -26.009  23.224 0.0000000000
57183  -49.712  -17.259  13.108 0.0000000000
56201  -51.014  -17.792  13.585 0.0000000000
58237  -50.316  -16.095  12.872 0.0000000000
58209  -50.338  -15.935  13.019 0.0000000000
58223  -50.773  -15.418  13.010 0.0000000000
58253  -52.132  -16.855  11.267 0.0000000000
57216  -51.176  -17.230  10.994 0.0000000000
58239  -52.266  -16.196  11.949 0.0000000000
58240  -53.537  -16.172  11.825 0.0000000000
58270  -54.055  -16.019  10.185 0.0000000000
58242  -55.554  -15.020  11.323 0.0000000000
110513  -51.731  -14.716  6.982 0.0000000000
59134  -51.481  -14.857  7.865 0.0000000000
128225  -52.648  -15.257  8.305 0.0000000000
59094  -55.545  -14.897  10.336 0.0000000000
59112  -55.970  -13.335  9.465 0.0000000000
36377  -36.767  -39.786  26.020 0.0000000000
36396  -37.088  -39.217  25.754 0.0000000000
34380  -33.770  -40.987  24.938 0.0000000000
35405  -34.180  -40.417  24.517 0.0000000000
35388  -34.532  -40.769  25.135 0.0000000000
35365  -35.582  -40.977  26.115 0.0000000000
35390  -36.119  -40.248  25.882 0.0000000000
45111  -40.168  -30.715  20.217 0.0000000000
45112  -41.614  -30.764  20.674 0.0000000000
112143  -41.058  -30.634  19.980 0.0000000000
45139  -41.430  -30.245  19.141 0.0000000000
53187  -51.431  -20.657  14.811 0.0000000000
54214  -52.121  -20.529  15.354 0.0000000000
54201  -52.668  -20.471  16.052 0.0000000000
56181  -53.621  -17.845  15.599 0.0000000000
57176  -53.025  -17.492  14.726 0.0000000000
28238  -9.010  -47.610  32.578 0.0000000000
28237  -8.266  -48.046  32.402 0.0000000000
27143  -8.718  -48.993  35.500 0.0000000000
112958  -38.418  -32.939  26.535 0.0000000000
42352  -38.757  -32.902  27.090 0.0000000000
44112  -37.950  -32.053  26.455 0.0000000000
44129  -38.006  -31.632  26.045 0.0000000000
33125  -16.506  -42.406  39.658 0.0000000000
30195  -23.695  -45.275  35.822 0.0000000000
30170  -23.880  -45.933  36.970 0.0000000000
29165  -24.439  -46.254  36.770 0.0000000000
120050  -24.844  -46.699  37.271 0.0000000000
29153  -25.230  -47.064  37.855 0.0000000000
28151  -26.101  -47.660  39.126 0.0000000000
110365  -25.890  -47.432  38.064 0.0000000000
109923  -26.797  -47.656  38.489 0.0000000000
28166  -27.255  -47.639  37.683 0.0000000000
30292  -33.486  -44.978  32.095 0.0000000000
30240  -33.790  -45.431  33.679 0.0000000000
30217  -33.630  -45.801  34.538 0.0000000000
111787  -33.879  -46.588  36.384 0.0000000000
30197  -34.178  -46.072  35.488 0.0000000000
29172  -34.878  -46.814  36.308 0.0000000000
110580  -14.988  -41.987  35.889 0.0000000000
33156  -14.540  -42.849  37.179 0.0000000000
33157  -15.356  -42.549  37.485 0.0000000000
48783  -44.349  -26.157  18.826 0.0000000000
48785  -45.852  -26.129  19.288 0.0000000000
35320  -41.004  -40.262  29.913 0.0000000000
123407  -40.610  -39.913  29.326 0.0000000000
36336  -40.585  -39.402  28.932 0.0000000000
37359  -40.551  -38.840  28.458 0.0000000000
38425  -38.423  -37.413  25.516 0.0000000000
117831  -38.492  -34.917  24.489 0.0000000000
35254  -16.840  -40.345  33.189 0.0000000000
35273  -17.215  -40.215  32.733 0.0000000000
35274  -17.755  -40.366  33.108 0.0000000000
117243  -19.349  -41.098  30.948 0.0000000000
115663  -19.624  -41.559  31.638 0.0000000000
32262  -21.048  -42.918  33.029 0.0000000000
32250  -21.729  -43.461  33.588 0.0000000000
32264  -22.569  -43.490  32.493 0.0000000000
33338  -33.859  -42.403  26.469 0.0000000000
109213  -33.057  -42.553  26.906 0.0000000000
33322  -33.816  -43.000  27.227 0.0000000000
32330  -33.233  -43.568  28.620 0.0000000000
32313  -33.952  -44.040  28.903 0.0000000000
112963  -36.019  -45.193  30.080 0.0000000000
30316  -36.943  -45.451  29.881 0.0000000000
31340  -37.317  -44.995  29.185 0.0000000000
33303  -38.186  -42.568  28.627 0.0000000000
34308  -38.566  -41.730  28.650 0.0000000000
33284  -39.931  -41.852  29.851 0.0000000000
33268  -40.414  -42.558  30.398 0.0000000000
35304  -40.430  -41.023  29.926 0.0000000000
34274  -15.962  -41.595  30.800 0.0000000000
34260  -15.971  -41.078  31.648 0.0000000000
35271  -16.445  -40.504  32.083 0.0000000000
43279  -44.561  -32.985  26.281 0.0000000000
44100  -45.902  -32.009  26.835 0.0000000000
43280  -45.207  -32.323  25.850 0.0000000000
44135  -45.718  -31.783  25.277 0.0000000000
122875  -45.141  -31.284  22.079 0.0000000000
44189  -45.765  -31.460  22.613 0.0000000000
44190  -46.750  -31.432  22.316 0.0000000000
44191  -47.715  -31.447  22.373 0.0000000000
126144  -48.714  -31.666  22.916 0.0000000000
44208  -48.054  -31.054  21.879 0.0000000000
44209  -48.569  -30.665  21.860 0.0000000000
51429  -47.797  -23.758  15.950 0.0000000000
50586  -48.139  -23.946  16.710 0.0000000000
51419  -48.895  -23.665  16.982 0.0000000000
52269  -52.959  -22.303  18.639 0.0000000000
59889  -54.542  -14.192  12.929 0.0000000000
49782  -39.346  -25.441  14.658 0.0000000000
121820  -43.035  -23.116  13.324 0.0000000000
113460  -43.839  -23.166  13.498 0.0000000000
52314  -43.496  -22.523  13.137 0.0000000000
123874  -45.467  -19.935  12.397 0.0000000000
54253  -46.313  -20.033  12.584 0.0000000000
54254  -47.193  -19.973  12.799 0.0000000000
131507  -47.276  -19.474  12.517 0.0000000000
56218  -47.288  -19.008  12.205 0.0000000000
56219  -48.089  -18.609  12.357 0.0000000000
56233  -46.969  -18.527  11.655 0.0000000000
23201  -5.426  -52.472  34.236 0.0000000000
23186  -5.734  -52.859  35.182 0.0000000000
130253  -8.153  -48.146  39.405 0.0000000000
27106  -8.067  -48.692  38.788 0.0000000000
27105  -7.632  -49.292  39.026 0.0000000000
24184  -5.373  -50.924  40.652 0.0000000000
23165  -4.458  -52.224  39.152 0.0000000000
22103  -4.223  -52.951  38.782 0.0000000000
23157  -4.330  -52.744  39.195 0.0000000000
22096  -4.216  -53.140  39.113 0.0000000000
21005  -4.075  -53.917  38.659 0.0000000000
21006  -4.895  -54.572  38.973 0.0000000000
20995  -6.143  -54.759  39.179 0.0000000000
37348  -42.959  -37.899  29.716 0.0000000000
127275  -43.451  -37.702  30.202 0.0000000000
38363  -43.446  -37.148  29.791 0.0000000000
39377  -43.171  -36.332  29.473 0.0000000000
40406  -43.106  -35.662  30.062 0.0000000000
43239  -40.299  -32.999  28.972 0.0000000000
42316  -40.852  -33.277  29.567 0.0000000000
42317  -41.322  -33.000  29.904 0.0000000000
43227  -42.171  -32.879  30.089 0.0000000000
43253  -43.042  -32.922  28.318 0.0000000000
45041  -39.155  -31.175  23.804 0.0000000000
45068  -39.903  -31.061  22.371 0.0000000000
128075  -37.947  -30.729  20.221 0.0000000000
33176  -19.516  -41.982  36.518 0.0000000000
33160  -19.590  -42.057  37.377 0.0000000000
33161  -20.107  -42.692  37.683 0.0000000000
32213  -20.576  -43.383  37.948 0.0000000000
29132  -23.541  -46.731  39.819 0.0000000000
30150  -22.806  -46.199  39.901 0.0000000000
33294  -23.896  -42.766  27.935 0.0000000000
130855  -23.278  -42.451  27.933 0.0000000000
32304  -23.964  -43.053  29.065 0.0000000000
109078  -23.978  -43.346  30.071 0.0000000000
32277  -23.986  -43.712  31.378 0.0000000000
32292  -24.405  -43.738  30.730 0.0000000000
110638  -25.114  -44.540  32.006 0.0000000000
30259  -25.867  -44.960  31.961 0.0000000000
125343  -28.519  -41.264  27.766 0.0000000000
33319  -28.336  -41.804  27.863 0.0000000000
33296  -28.906  -42.432  28.059 0.0000000000
32308  -28.812  -44.092  28.750 0.0000000000
30262  -30.648  -46.393  31.838 0.0000000000
29269  -29.791  -46.503  31.608 0.0000000000
29252  -30.043  -46.807  32.367 0.0000000000
123761  -29.273  -46.839  32.158 0.0000000000
129371  -28.946  -46.983  32.554 0.0000000000
29230  -27.866  -46.755  32.933 0.0000000000
28229  -28.890  -47.217  33.703 0.0000000000
112769  -28.784  -47.520  36.291 0.0000000000
119198  -29.764  -47.330  36.729 0.0000000000
120355  -31.319  -47.444  38.698 0.0000000000
32247  -12.913  -44.052  33.011 0.0000000000
128072  -12.808  -44.368  32.392 0.0000000000
31233  -12.429  -44.409  33.522 0.0000000000
31232  -11.885  -44.919  33.528 0.0000000000
31252  -11.685  -45.349  32.867 0.0000000000
31216  -11.564  -45.117  34.319 0.0000000000
30188  -11.320  -45.255  35.152 0.0000000000
30174  -11.159  -45.319  36.038 0.0000000000
32176  -14.493  -43.689  40.692 0.0000000000
47882  -39.033  -27.374  18.641 0.0000000000
47883  -39.941  -28.059  18.212 0.0000000000
47867  -39.911  -27.339  19.521 0.0000000000
47868  -40.633  -27.514  19.740 0.0000000000
48732  -43.896  -26.825  22.334 0.0000000000
47821  -43.133  -27.030  22.198 0.0000000000
47823  -44.698  -27.533  22.662 0.0000000000
46870  -45.566  -27.879  22.840 0.0000000000
46871  -46.441  -28.079  22.920 0.0000000000
49686  -49.494  -25.238  20.345 0.0000000000
49685  -48.733  -25.555  19.948 0.0000000000
49672  -49.634  -25.547  21.218 0.0000000000
127887  -49.768  -25.672  21.939 0.0000000000
49660  -49.559  -25.777  22.771 0.0000000000
57198  -49.908  -16.596  12.920 0.0000000000
57214  -49.199  -17.524  11.591 0.0000000000
57228  -50.192  -17.421  10.921 0.0000000000
58269  -52.968  -16.406  10.465 0.0000000000
60728  -50.896  -13.600  5.823 0.0000000000
117385  -51.916  -14.573  6.156 0.0000000000
59136  -53.195  -15.098  7.696 0.0000000000
59137  -54.283  -14.960  7.846 0.0000000000
59932  -55.342  -14.300  8.105 0.0000000000
130689  -55.511  -14.280  4.350 0.0000000000
59985  -56.703  -14.095  4.611 0.0000000000
36346  -38.731  -39.829  27.740 0.0000000000
36347  -39.399  -39.286  27.882 0.0000000000
37408  -38.129  -38.160  25.808 0.0000000000
38441  -37.982  -37.040  24.875 0.0000000000
127903  -17.380  -40.020  30.746 0.0000000000
35316  -18.744  -40.006  29.909 0.0000000000
34276  -19.698  -41.236  30.199 0.0000000000
131402  -31.805  -41.049  24.743 0.0000000000
34378  -32.333  -41.297  25.047 0.0000000000
34369  -33.557  -41.490  25.435 0.0000000000
33345  -33.499  -41.910  25.912 0.0000000000
33323  -34.705  -42.862  26.952 0.0000000000
32350  -35.909  -43.483  27.578 0.0000000000
33326  -37.001  -42.223  27.746 0.0000000000
35330  -38.691  -40.443  28.132 0.0000000000
44169  -43.008  -31.530  23.486 0.0000000000
110375  -43.812  -31.679  23.861 0.0000000000
44187  -43.311  -31.275  22.640 0.0000000000
44204  -43.633  -31.096  21.802 0.0000000000
45091  -43.060  -30.872  21.153 0.0000000000
44205  -44.518  -31.041  21.544 0.0000000000
45093  -44.819  -30.626  20.659 0.0000000000
45116  -44.969  -30.082  20.018 0.0000000000
130143  -49.911  -22.444  15.202 0.0000000000
119360  -50.055  -22.725  15.925 0.0000000000
125208  -51.554  -22.045  16.411 0.0000000000
52285  -52.205  -21.951  16.864 0.0000000000
53165  -52.543  -21.187  16.479 0.0000000000
127147  -53.500  -21.621  18.139 0.0000000000
130052  -54.270  -21.002  18.444 0.0000000000
57167  -53.896  -16.433  15.366 0.0000000000
59060  -53.168  -14.205  14.236 0.0000000000
59069  -52.041  -14.577  13.400 0.0000000000
27202  -8.379  -48.497  32.970 0.0000000000
26230  -7.327  -49.402  32.739 0.0000000000
25232  -7.085  -50.641  33.963 0.0000000000
126272  -7.363  -51.235  35.266 0.0000000000
40443  -40.999  -35.325  27.025 0.0000000000
40424  -41.725  -35.071  28.299 0.0000000000
40444  -41.182  -34.657  27.798 0.0000000000
116110  -40.368  -33.789  28.374 0.0000000000
42328  -39.908  -33.176  28.477 0.0000000000
42339  -39.319  -33.026  27.612 0.0000000000
43250  -39.740  -32.903  28.106 0.0000000000
111688  -40.225  -32.584  27.891 0.0000000000
43276  -40.819  -32.487  26.889 0.0000000000
43275  -39.900  -32.309  26.948 0.0000000000
129510  -38.370  -31.338  25.405 0.0000000000
45048  -38.287  -30.880  23.718 0.0000000000
45086  -36.902  -30.653  21.897 0.0000000000
31193  -21.538  -44.244  36.849 0.0000000000
30169  -23.338  -45.900  37.610 0.0000000000
28140  -26.553  -47.885  39.776 0.0000000000
33334  -23.961  -42.189  26.506 0.0000000000
33316  -24.694  -42.920  27.411 0.0000000000
32322  -25.410  -43.789  28.674 0.0000000000
31334  -31.484  -43.996  29.833 0.0000000000
31308  -31.483  -44.628  30.274 0.0000000000
30290  -31.238  -45.778  31.317 0.0000000000
125072  -32.335  -45.631  32.120 0.0000000000
30263  -31.591  -46.055  32.162 0.0000000000
29253  -30.881  -46.605  32.637 0.0000000000
29234  -31.126  -46.629  33.509 0.0000000000
29168  -31.346  -46.841  36.517 0.0000000000
29189  -31.799  -46.614  35.632 0.0000000000
29154  -33.098  -47.048  37.539 0.0000000000
29170  -33.624  -46.906  37.173 0.0000000000
29155  -33.459  -47.371  37.466 0.0000000000
27123  -33.417  -47.965  37.522 0.0000000000
113595  -13.746  -43.465  32.328 0.0000000000
32260  -13.456  -43.588  32.821 0.0000000000
33217  -13.945  -42.752  33.986 0.0000000000
32248  -13.422  -43.417  33.560 0.0000000000
110299  -12.823  -43.738  35.744 0.0000000000
32224  -12.844  -43.782  36.472 0.0000000000
32210  -13.265  -43.610  37.060 0.0000000000
32200  -14.336  -43.465  38.649 0.0000000000
33141  -14.765  -42.970  38.033 0.0000000000
32186  -14.593  -43.466  39.483 0.0000000000
129518  -40.210  -25.859  19.256 0.0000000000
48781  -40.707  -25.967  19.835 0.0000000000
109913  -42.088  -25.997  20.571 0.0000000000
112211  -42.660  -25.965  19.292 0.0000000000
109912  -43.161  -25.999  19.789 0.0000000000
109925  -43.410  -26.405  21.678 0.0000000000
48733  -44.761  -26.557  22.453 0.0000000000
110475  -45.498  -26.436  22.708 0.0000000000
114739  -49.207  -15.638  9.218 0.0000000000
59969  -53.400  -14.490  5.135 0.0000000000
110617  -54.425  -14.356  4.553 0.0000000000
61519  -53.417  -13.109  3.939 0.0000000000
59984  -55.002  -14.024  3.923 0.0000000000
29178  -9.672  -47.074  35.934 0.0000000000
28193  -9.340  -47.741  35.523 0.0000000000
28158  -9.178  -47.482  37.300 0.0000000000
36325  -42.767  -39.226  30.687 0.0000000000
37332  -42.509  -38.742  29.896 0.0000000000
38380  -42.151  -37.068  28.438 0.0000000000
38394  -40.753  -37.342  27.479 0.0000000000
112547  -39.509  -34.159  26.116 0.0000000000
41479  -39.333  -34.624  25.499 0.0000000000
42365  -38.977  -33.742  25.862 0.0000000000
42376  -37.566  -32.728  25.394 0.0000000000
34171  -16.938  -41.493  36.842 0.0000000000
34204  -17.489  -40.772  35.610 0.0000000000
34205  -18.257  -40.936  35.842 0.0000000000
35237  -17.539  -40.416  34.281 0.0000000000
113844  -17.948  -40.552  35.058 0.0000000000
34206  -18.923  -41.406  36.152 0.0000000000
33177  -20.000  -42.636  36.025 0.0000000000
32235  -20.534  -43.240  35.643 0.0000000000
36299  -17.407  -40.045  31.419 0.0000000000
111143  -17.750  -40.237  32.154 0.0000000000
34250  -18.518  -40.798  32.718 0.0000000000
34251  -19.304  -41.427  32.424 0.0000000000
34237  -19.120  -41.396  33.273 0.0000000000
32228  -21.086  -43.763  36.131 0.0000000000
31205  -22.547  -44.524  35.608 0.0000000000
32243  -22.382  -43.945  34.178 0.0000000000
30196  -24.421  -45.605  35.612 0.0000000000
29186  -25.211  -46.122  35.593 0.0000000000
35362  -28.508  -40.177  26.970 0.0000000000
35348  -28.426  -40.772  27.460 0.0000000000
34328  -28.943  -41.288  27.749 0.0000000000
34305  -29.514  -41.924  27.901 0.0000000000
33298  -30.207  -42.479  28.388 0.0000000000
34367  -31.034  -40.990  25.783 0.0000000000
132227  -31.080  -41.497  26.917 0.0000000000
34330  -31.446  -41.860  27.305 0.0000000000
34329  -30.455  -41.573  27.417 0.0000000000
33320  -30.720  -42.158  28.044 0.0000000000
33281  -30.878  -43.128  28.882 0.0000000000
130714  -31.796  -43.814  29.796 0.0000000000
124577  -32.822  -44.474  30.642 0.0000000000
31336  -33.572  -44.266  29.931 0.0000000000
31310  -33.375  -44.480  30.662 0.0000000000
31261  -34.240  -44.677  32.004 0.0000000000
31241  -35.147  -44.780  33.174 0.0000000000
30242  -35.560  -44.868  33.980 0.0000000000
30219  -36.061  -44.944  34.645 0.0000000000
31242  -36.013  -44.704  33.396 0.0000000000
31243  -36.777  -44.800  33.763 0.0000000000
31244  -37.370  -44.986  33.818 0.0000000000
31290  -36.911  -45.065  31.994 0.0000000000
31266  -37.685  -45.342  33.140 0.0000000000
30267  -38.514  -45.661  32.518 0.0000000000
30243  -38.948  -45.695  33.151 0.0000000000
30268  -39.676  -45.567  32.316 0.0000000000
32332  -36.439  -44.148  28.164 0.0000000000
31360  -37.240  -44.327  28.588 0.0000000000
31341  -38.233  -44.806  29.470 0.0000000000
125794  -38.524  -43.108  29.006 0.0000000000
32315  -38.593  -43.968  29.199 0.0000000000
31314  -39.242  -44.941  30.378 0.0000000000
30269  -40.040  -45.215  31.538 0.0000000000
32265  -40.962  -44.095  31.676 0.0000000000
34264  -41.001  -42.334  30.972 0.0000000000
32288  -14.621  -43.286  30.480 0.0000000000
33261  -14.837  -42.834  31.300 0.0000000000
33244  -14.851  -42.357  32.082 0.0000000000
33232  -15.199  -41.765  32.574 0.0000000000
34202  -15.805  -41.122  34.991 0.0000000000
44086  -46.858  -31.203  29.370 0.0000000000
44101  -46.679  -31.380  27.301 0.0000000000
44102  -47.592  -30.852  27.814 0.0000000000
129590  -48.284  -30.652  27.808 0.0000000000
116326  -48.147  -30.788  27.199 0.0000000000
44152  -44.610  -31.758  24.258 0.0000000000
44153  -45.499  -31.707  24.473 0.0000000000
44154  -46.293  -31.623  24.717 0.0000000000
44155  -47.191  -31.526  24.971 0.0000000000
49754  -45.221  -25.149  16.570 0.0000000000
49732  -45.639  -25.400  17.355 0.0000000000
49755  -46.134  -24.926  16.849 0.0000000000
49734  -47.284  -24.918  17.607 0.0000000000
49714  -48.113  -25.159  18.638 0.0000000000
50571  -48.427  -24.220  17.448 0.0000000000
117313  -48.658  -24.528  18.207 0.0000000000
49700  -48.864  -24.874  19.062 0.0000000000
49701  -49.349  -24.920  19.647 0.0000000000
51432  -50.214  -22.978  16.780 0.0000000000
51421  -50.432  -23.199  17.562 0.0000000000
51409  -50.700  -23.364  18.362 0.0000000000
51395  -50.988  -23.496  19.149 0.0000000000
50541  -51.371  -23.609  19.944 0.0000000000
19921  -3.130  -56.059  35.990 0.0000000000
111635  -38.011  -29.432  16.965 0.0000000000
120687  -38.760  -29.223  17.098 0.0000000000
46045  -38.227  -28.955  16.718 0.0000000000
46046  -38.926  -28.785  17.017 0.0000000000
47881  -38.251  -27.059  18.588 0.0000000000
47865  -38.994  -26.730  19.105 0.0000000000
48800  -38.978  -26.138  18.743 0.0000000000
49748  -37.496  -25.582  16.830 0.0000000000
49730  -38.443  -25.852  17.986 0.0000000000
48801  -39.782  -25.813  18.767 0.0000000000
48823  -40.395  -25.844  17.397 0.0000000000
48824  -41.340  -25.980  17.150 0.0000000000
49766  -40.448  -25.741  15.493 0.0000000000
49750  -40.898  -25.901  16.255 0.0000000000
49751  -41.758  -25.836  16.110 0.0000000000
110673  -42.580  -25.631  15.889 0.0000000000
49752  -43.124  -25.687  16.372 0.0000000000
49769  -43.406  -25.278  15.585 0.0000000000
49785  -42.334  -24.988  14.655 0.0000000000
49786  -43.153  -24.866  14.752 0.0000000000
49770  -44.380  -25.096  15.869 0.0000000000
49771  -45.172  -24.802  15.814 0.0000000000
50597  -45.569  -24.434  15.363 0.0000000000
50598  -46.318  -24.259  15.562 0.0000000000
51449  -44.964  -23.806  14.101 0.0000000000
51450  -45.617  -23.769  14.318 0.0000000000
51438  -46.765  -23.832  15.037 0.0000000000
51439  -47.429  -23.680  15.297 0.0000000000
52299  -47.967  -22.845  14.223 0.0000000000
53215  -43.330  -21.164  12.646 0.0000000000
53200  -44.774  -21.817  13.152 0.0000000000
53217  -45.220  -21.181  12.969 0.0000000000
115748  -45.492  -21.765  13.239 0.0000000000
116197  -46.770  -22.314  13.628 0.0000000000
114137  -48.734  -22.802  14.582 0.0000000000
53184  -48.869  -22.249  14.128 0.0000000000
53205  -49.420  -21.678  14.134 0.0000000000
53185  -49.956  -21.104  14.162 0.0000000000
117503  -48.332  -20.752  13.461 0.0000000000
54238  -49.233  -20.725  13.758 0.0000000000
54225  -51.021  -20.185  14.295 0.0000000000
55254  -50.757  -19.577  13.976 0.0000000000
55255  -50.937  -18.819  13.753 0.0000000000
56199  -49.497  -18.049  13.206 0.0000000000
57196  -48.624  -17.886  12.101 0.0000000000
58248  -47.006  -16.720  9.993 0.0000000000
28176  -8.956  -48.363  35.971 0.0000000000
26170  -8.386  -49.390  37.232 0.0000000000
26192  -8.480  -49.539  35.826 0.0000000000
117713  -8.010  -50.582  36.198 0.0000000000
24221  -7.566  -51.402  36.291 0.0000000000
26131  -6.594  -49.724  41.372 0.0000000000
25188  -6.582  -50.072  39.772 0.0000000000
25185  -5.343  -50.723  40.357 0.0000000000
25192  -6.544  -50.669  39.193 0.0000000000
24197  -7.095  -51.232  38.352 0.0000000000
23172  -7.115  -52.136  37.128 0.0000000000
24220  -6.979  -52.141  36.285 0.0000000000
23187  -6.415  -52.590  35.820 0.0000000000
22137  -5.855  -53.168  35.896 0.0000000000
22109  -4.583  -53.502  37.812 0.0000000000
19914  -2.891  -56.245  37.174 0.0000000000
109086  -3.145  -56.272  37.369 0.0000000000
18801  -3.921  -56.661  37.686 0.0000000000
19900  -3.991  -55.641  38.253 0.0000000000
43211  -46.997  -32.104  32.879 0.0000000000
44052  -47.277  -31.608  32.452 0.0000000000
37289  -43.207  -38.882  31.870 0.0000000000
40393  -42.389  -34.685  30.575 0.0000000000
40378  -42.726  -34.301  31.458 0.0000000000
42293  -44.094  -32.844  32.562 0.0000000000
43221  -44.746  -32.266  32.258 0.0000000000
43230  -45.495  -31.770  31.606 0.0000000000
44061  -46.382  -31.370  30.876 0.0000000000
44074  -45.950  -31.776  29.455 0.0000000000
109933  -44.026  -33.370  27.720 0.0000000000
130559  -44.030  -33.510  27.159 0.0000000000
43266  -44.587  -33.262  27.138 0.0000000000
124677  -43.956  -33.114  26.018 0.0000000000
43289  -41.431  -32.569  25.893 0.0000000000
44148  -40.413  -31.706  24.457 0.0000000000
44133  -41.925  -32.264  25.037 0.0000000000
44150  -42.420  -31.831  24.219 0.0000000000
44185  -41.793  -31.302  22.940 0.0000000000
45089  -41.269  -30.942  21.509 0.0000000000
109952  -40.411  -30.950  21.585 0.0000000000
45161  -38.298  -30.229  18.210 0.0000000000
43297  -35.198  -31.083  24.983 0.0000000000
45038  -35.041  -30.968  24.928 0.0000000000
45046  -35.316  -30.661  24.385 0.0000000000
45065  -35.946  -30.551  23.090 0.0000000000
109775  -36.575  -30.674  21.018 0.0000000000
45132  -35.009  -30.577  19.788 0.0000000000
110754  -36.243  -30.651  20.257 0.0000000000
110753  -37.087  -30.700  20.242 0.0000000000
45135  -37.551  -30.656  19.416 0.0000000000
117812  -36.160  -30.434  17.802 0.0000000000
45160  -37.587  -30.482  18.551 0.0000000000
124406  -38.382  -29.760  17.552 0.0000000000
34158  -17.791  -41.607  37.888 0.0000000000
34159  -18.508  -41.677  38.245 0.0000000000
111773  -19.637  -42.196  38.259 0.0000000000
31182  -21.492  -44.391  37.824 0.0000000000
31172  -21.392  -44.337  38.853 0.0000000000
34290  -20.732  -41.669  29.325 0.0000000000
33279  -20.996  -42.096  30.051 0.0000000000
33264  -21.655  -42.474  30.566 0.0000000000
32275  -22.739  -43.307  31.709 0.0000000000
32252  -23.257  -43.884  32.697 0.0000000000
31259  -23.841  -43.904  32.094 0.0000000000
109536  -23.909  -44.306  32.888 0.0000000000
30235  -24.727  -45.010  33.945 0.0000000000
127172  -24.788  -45.438  34.769 0.0000000000
34349  -26.230  -41.646  26.596 0.0000000000
33318  -27.486  -42.222  27.562 0.0000000000
122126  -26.636  -42.653  27.329 0.0000000000
33317  -26.039  -42.360  26.901 0.0000000000
32345  -26.362  -43.342  27.722 0.0000000000
32323  -26.161  -43.837  28.305 0.0000000000
32307  -26.041  -44.245  29.071 0.0000000000
31332  -29.948  -44.681  29.658 0.0000000000
119840  -29.052  -44.717  29.389 0.0000000000
30288  -29.476  -45.986  30.882 0.0000000000
30326  -28.463  -45.156  29.724 0.0000000000
30325  -27.816  -45.140  29.722 0.0000000000
31306  -27.206  -44.995  29.779 0.0000000000
30312  -26.680  -44.976  30.211 0.0000000000
31305  -25.801  -44.489  30.086 0.0000000000
31283  -26.124  -44.875  30.957 0.0000000000
29249  -27.075  -46.219  33.038 0.0000000000
30237  -26.287  -45.687  33.251 0.0000000000
30215  -25.984  -45.760  34.012 0.0000000000
29187  -26.056  -46.525  35.321 0.0000000000
28182  -26.474  -47.243  36.458 0.0000000000
110796  -27.317  -47.563  36.778 0.0000000000
109791  -27.859  -47.663  37.546 0.0000000000
28167  -28.647  -47.634  38.044 0.0000000000
28153  -29.043  -47.744  39.321 0.0000000000
29222  -9.628  -47.367  33.272 0.0000000000
112590  -12.757  -44.576  31.787 0.0000000000
29262  -10.420  -46.216  31.419 0.0000000000
30227  -10.789  -46.208  33.066 0.0000000000
128743  -9.991  -46.530  36.347 0.0000000000
29160  -10.042  -46.336  37.030 0.0000000000
31155  -13.166  -44.372  39.589 0.0000000000
46010  -40.105  -29.450  17.877 0.0000000000
46011  -41.037  -29.296  18.014 0.0000000000
45164  -41.706  -29.580  18.513 0.0000000000
46012  -42.461  -29.224  18.540 0.0000000000
45995  -43.123  -29.574  18.964 0.0000000000
45142  -44.365  -29.764  19.588 0.0000000000
45984  -45.586  -29.356  20.162 0.0000000000
48765  -40.853  -26.680  20.674 0.0000000000
47854  -41.620  -27.238  21.065 0.0000000000
47855  -42.491  -27.684  20.968 0.0000000000
47839  -43.370  -27.535  21.975 0.0000000000
46902  -43.149  -27.868  21.174 0.0000000000
46916  -44.172  -28.360  19.977 0.0000000000
45998  -44.817  -28.657  20.018 0.0000000000
45117  -46.455  -29.908  20.636 0.0000000000
45118  -47.199  -29.868  21.026 0.0000000000
116562  -48.383  -30.038  21.515 0.0000000000
46890  -47.528  -28.559  21.690 0.0000000000
45973  -48.420  -29.120  21.540 0.0000000000
131550  -45.829  -25.690  18.004 0.0000000000
48770  -46.171  -26.277  20.000 0.0000000000
49684  -47.877  -25.944  19.937 0.0000000000
48752  -47.293  -26.292  20.759 0.0000000000
48751  -46.408  -26.367  20.826 0.0000000000
48734  -46.452  -26.238  21.981 0.0000000000
48720  -46.024  -26.561  23.364 0.0000000000
48707  -46.348  -26.897  24.070 0.0000000000
47790  -47.487  -27.122  24.810 0.0000000000
57185  -50.951  -16.419  13.431 0.0000000000
58210  -51.426  -15.342  13.398 0.0000000000
59080  -51.979  -14.574  13.123 0.0000000000
58224  -51.359  -15.022  12.928 0.0000000000
59081  -52.888  -14.152  13.225 0.0000000000
59082  -55.287  -14.913  12.163 0.0000000000
117756  -51.122  -15.161  8.763 0.0000000000
59123  -52.521  -15.524  8.966 0.0000000000
59110  -54.219  -15.537  9.267 0.0000000000
58271  -54.782  -15.561  9.919 0.0000000000
129062  -56.912  -13.819  5.997 0.0000000000
21004  -3.620  -54.710  38.205 0.0000000000
21016  -3.497  -54.825  37.922 0.0000000000
22102  -4.155  -53.320  38.785 0.0000000000
22110  -5.841  -53.154  37.227 0.0000000000
24246  -7.502  -50.766  34.673 0.0000000000
25209  -8.319  -49.946  36.493 0.0000000000
25220  -8.214  -50.092  35.660 0.0000000000
26216  -8.252  -49.484  33.911 0.0000000000
28125  -26.789  -48.073  39.797 0.0000000000
28152  -27.890  -47.731  38.568 0.0000000000
28170  -32.844  -47.592  37.950 0.0000000000
28171  -33.841  -47.577  37.225 0.0000000000
28201  -28.368  -47.495  35.457 0.0000000000
29171  -34.125  -47.007  36.990 0.0000000000
29191  -34.681  -46.435  36.110 0.0000000000
29208  -26.408  -46.407  34.556 0.0000000000
29231  -28.614  -47.045  32.983 0.0000000000
30180  -23.354  -45.468  36.640 0.0000000000
30181  -24.090  -45.748  36.335 0.0000000000
30220  -36.560  -44.972  35.044 0.0000000000
30261  -27.260  -45.819  31.710 0.0000000000
30264  -32.856  -45.435  32.344 0.0000000000
30276  -10.992  -45.888  31.169 0.0000000000
30318  -38.533  -45.160  30.147 0.0000000000
30328  -37.768  -45.295  29.866 0.0000000000
31194  -22.358  -44.729  36.523 0.0000000000
31224  -23.605  -44.629  34.528 0.0000000000
31226  -39.778  -45.624  33.727 0.0000000000
31264  -36.377  -44.754  32.744 0.0000000000
31291  -39.779  -44.969  30.889 0.0000000000
31356  -27.873  -44.237  28.673 0.0000000000
32273  -13.798  -43.690  31.582 0.0000000000
32310  -31.422  -43.519  29.488 0.0000000000
32314  -37.895  -44.379  28.949 0.0000000000
33207  -19.500  -42.007  34.702 0.0000000000
34172  -17.776  -41.388  37.124 0.0000000000
34304  -29.002  -41.773  27.888 0.0000000000
34325  -23.264  -41.809  26.428 0.0000000000
34351  -30.712  -41.189  26.622 0.0000000000
35303  -19.112  -40.561  30.345 0.0000000000
37273  -43.267  -38.930  32.035 0.0000000000
37358  -40.005  -38.858  28.025 0.0000000000
44171  -45.389  -31.584  23.524 0.0000000000
45140  -42.896  -30.274  19.521 0.0000000000
45997  -44.394  -28.902  19.489 0.0000000000
46926  -40.743  -28.339  18.209 0.0000000000
47789  -46.740  -27.125  24.310 0.0000000000
48767  -42.685  -26.203  21.166 0.0000000000
48771  -47.053  -26.184  19.931 0.0000000000
48821  -37.054  -26.096  17.796 0.0000000000
49711  -45.420  -25.990  18.661 0.0000000000
50585  -47.386  -24.228  16.498 0.0000000000
50596  -44.785  -24.599  15.184 0.0000000000
50617  -45.997  -24.010  14.852 0.0000000000
51396  -51.625  -23.221  19.293 0.0000000000
52278  -51.967  -22.432  17.450 0.0000000000
52300  -49.431  -22.398  14.635 0.0000000000
109537  -46.135  -22.057  13.402 0.0000000000
110634  -35.870  -45.308  35.181 0.0000000000
112427  -27.940  -45.765  30.721 0.0000000000
112621  -47.830  -31.506  31.950 0.0000000000
112799  -39.378  -26.254  19.259 0.0000000000
114778  -45.241  -32.675  26.645 0.0000000000
116159  -36.213  -30.570  18.766 0.0000000000
117685  -26.814  -43.711  28.094 0.0000000000
117974  -50.836  -22.784  17.085 0.0000000000
118162  -23.668  -43.437  30.870 0.0000000000
118925  -24.127  -42.572  27.104 0.0000000000
126070  -25.943  -42.952  27.298 0.0000000000
127448  -8.019  -49.961  34.149 0.0000000000
128302  -36.267  -44.787  33.998 0.0000000000
128469  -44.335  -33.101  33.040 0.0000000000
128663  -16.636  -41.829  37.477 0.0000000000
129013  -41.767  -29.010  18.142 0.0000000000
129181  -45.583  -32.248  26.323 0.0000000000
129267  -40.206  -44.310  30.768 0.0000000000
129631  -26.460  -46.959  35.780 0.0000000000
130517  -3.853  -57.471  37.354 0.0000000000
131199  -8.656  -48.047  32.842 0.0000000000
131304  -39.087  -43.876  29.553 0.0000000000
131703  -7.274  -50.762  38.503 0.0000000000
131847  -46.806  -29.445  20.780 0.0000000000
132033  -35.994  -42.035  27.028 0.0000000000
132180  -27.350  -48.030  39.627 0.0000000000
132209  -48.477  -22.563  14.158 0.0000000000
