#!ascii label  , from subject sub-v2s9x29154_ses-1 vox2ras=TkReg
1545
27759  16.307  -42.267  36.850 0.0000000000
53324  41.085  -14.161  18.947 0.0000000000
125488  31.433  -33.674  30.490 0.0000000000
37103  43.230  -33.222  34.422 0.0000000000
38085  23.892  -31.625  30.601 0.0000000000
33236  23.216  -35.721  39.261 0.0000000000
59441  50.094  -7.242  16.111 0.0000000000
56748  47.706  -10.665  25.358 0.0000000000
45632  39.951  -23.086  26.043 0.0000000000
64045  53.541  -2.214  9.353 0.0000000000
33271  31.222  -36.700  37.209 0.0000000000
31348  18.484  -38.535  37.638 0.0000000000
59378  48.866  -7.832  21.075 0.0000000000
57721  45.632  -9.565  18.442 0.0000000000
50941  41.615  -17.420  22.190 0.0000000000
122932  41.972  -14.577  24.017 0.0000000000
48300  40.083  -20.130  21.106 0.0000000000
39075  37.436  -30.697  27.268 0.0000000000
36228  36.785  -33.287  31.720 0.0000000000
35212  26.711  -34.191  36.557 0.0000000000
36054  25.922  -32.459  42.498 0.0000000000
35236  23.527  -33.755  34.356 0.0000000000
31404  21.490  -38.462  33.199 0.0000000000
118227  26.898  -33.776  30.013 0.0000000000
62219  54.287  -4.963  18.030 0.0000000000
61241  52.766  -5.509  22.962 0.0000000000
55082  44.320  -12.094  21.018 0.0000000000
48178  41.977  -21.361  29.269 0.0000000000
41823  41.494  -27.769  30.386 0.0000000000
62251  51.526  -4.062  13.059 0.0000000000
60385  55.848  -6.182  13.364 0.0000000000
61350  58.872  -5.498  10.316 0.0000000000
33232  30.619  -36.635  39.901 0.0000000000
29555  17.592  -40.394  37.571 0.0000000000
31309  18.318  -38.238  40.528 0.0000000000
29527  17.504  -40.498  40.732 0.0000000000
58588  45.719  -8.884  16.434 0.0000000000
129806  43.267  -18.948  24.263 0.0000000000
50901  43.417  -17.496  24.629 0.0000000000
23050  13.375  -47.142  38.729 0.0000000000
124094  38.519  -18.286  19.030 0.0000000000
37216  32.473  -32.657  27.663 0.0000000000
37199  34.554  -32.599  28.291 0.0000000000
36231  34.117  -33.428  31.320 0.0000000000
37132  24.727  -32.138  33.114 0.0000000000
37091  24.577  -32.279  35.629 0.0000000000
36237  23.551  -32.965  31.973 0.0000000000
37187  25.450  -31.193  30.377 0.0000000000
115607  26.597  -34.568  32.815 0.0000000000
35170  24.099  -34.090  39.897 0.0000000000
60337  51.661  -6.498  17.068 0.0000000000
62183  53.499  -4.463  20.342 0.0000000000
120694  51.105  -5.522  19.919 0.0000000000
57674  48.514  -9.498  22.507 0.0000000000
58503  50.827  -8.703  24.389 0.0000000000
55129  40.839  -12.781  17.214 0.0000000000
55976  42.930  -11.998  18.063 0.0000000000
55094  42.819  -13.192  20.405 0.0000000000
47327  35.894  -21.753  25.295 0.0000000000
48231  37.817  -20.448  25.855 0.0000000000
129435  40.265  -22.063  28.303 0.0000000000
38081  40.237  -31.732  30.807 0.0000000000
131879  39.485  -29.065  28.515 0.0000000000
39002  42.581  -30.068  32.519 0.0000000000
61337  48.885  -4.968  14.140 0.0000000000
63110  49.771  -3.807  13.107 0.0000000000
115291  50.903  -5.798  14.726 0.0000000000
61311  53.210  -5.883  15.007 0.0000000000
62281  57.515  -4.350  7.834 0.0000000000
62265  55.727  -4.328  9.464 0.0000000000
60394  57.522  -6.354  12.040 0.0000000000
62257  54.334  -4.001  10.613 0.0000000000
34277  31.173  -35.263  34.020 0.0000000000
36171  33.987  -34.019  34.562 0.0000000000
34214  33.220  -35.490  37.327 0.0000000000
33258  20.801  -36.866  38.352 0.0000000000
33196  22.596  -35.770  42.828 0.0000000000
32280  20.299  -37.022  41.035 0.0000000000
59451  48.506  -7.498  15.667 0.0000000000
59415  49.066  -6.942  18.090 0.0000000000
59435  47.551  -7.887  17.550 0.0000000000
58552  47.312  -8.518  19.329 0.0000000000
57686  46.834  -10.017  21.266 0.0000000000
52506  40.480  -15.845  20.635 0.0000000000
53289  41.540  -14.658  22.111 0.0000000000
51716  41.234  -15.851  23.155 0.0000000000
44752  38.356  -24.065  23.680 0.0000000000
38959  45.670  -30.534  35.974 0.0000000000
26849  14.798  -44.112  36.325 0.0000000000
26820  16.382  -43.314  39.894 0.0000000000
25900  14.889  -44.954  39.292 0.0000000000
52526  39.413  -15.247  18.388 0.0000000000
51744  39.850  -16.841  20.034 0.0000000000
49255  41.144  -18.977  21.492 0.0000000000
113739  42.223  -19.787  24.231 0.0000000000
109779  35.056  -31.618  25.894 0.0000000000
37179  38.015  -32.458  29.569 0.0000000000
36184  40.709  -33.523  33.006 0.0000000000
111572  36.574  -33.408  34.576 0.0000000000
128826  39.471  -32.792  36.267 0.0000000000
34174  28.729  -34.686  40.477 0.0000000000
35122  28.231  -33.670  43.515 0.0000000000
36096  26.879  -33.185  39.246 0.0000000000
36112  23.965  -32.692  37.354 0.0000000000
34233  23.674  -35.728  37.106 0.0000000000
34322  23.509  -35.688  30.901 0.0000000000
33329  23.512  -36.638  34.018 0.0000000000
33295  22.315  -36.871  36.296 0.0000000000
31374  19.999  -38.046  35.211 0.0000000000
121367  18.276  -39.450  34.811 0.0000000000
28670  16.322  -41.405  34.440 0.0000000000
37219  29.842  -32.609  27.096 0.0000000000
37221  27.370  -32.581  27.362 0.0000000000
35291  29.438  -34.272  30.489 0.0000000000
34280  28.665  -35.900  33.243 0.0000000000
33274  28.892  -36.558  37.240 0.0000000000
62145  56.203  -4.661  24.058 0.0000000000
60274  50.877  -6.419  22.284 0.0000000000
56846  43.696  -10.712  17.180 0.0000000000
55962  44.994  -11.103  20.137 0.0000000000
55910  46.250  -11.033  23.322 0.0000000000
54158  43.242  -13.178  23.317 0.0000000000
55038  44.370  -12.250  24.645 0.0000000000
119668  37.504  -20.697  20.992 0.0000000000
49197  40.319  -19.817  25.229 0.0000000000
48201  43.144  -20.769  27.538 0.0000000000
42830  38.903  -26.718  26.102 0.0000000000
43751  40.506  -25.513  27.374 0.0000000000
112777  44.923  -28.679  33.560 0.0000000000
42753  43.925  -26.429  30.817 0.0000000000
44676  42.823  -24.182  28.278 0.0000000000
45596  43.767  -22.487  30.661 0.0000000000
47275  45.160  -21.577  31.510 0.0000000000
63135  52.761  -3.077  10.732 0.0000000000
61342  53.981  -5.132  13.396 0.0000000000
61309  55.423  -5.476  15.252 0.0000000000
33191  31.900  -35.964  42.718 0.0000000000
28637  17.239  -41.079  37.391 0.0000000000
29546  17.634  -40.770  38.959 0.0000000000
28628  16.965  -42.093  38.397 0.0000000000
49193  44.324  -19.376  25.673 0.0000000000
50076  44.085  -18.521  25.399 0.0000000000
21097  12.158  -49.065  37.036 0.0000000000
36287  32.039  -33.164  29.013 0.0000000000
36271  33.321  -33.169  29.517 0.0000000000
36250  32.884  -33.416  30.301 0.0000000000
38071  24.026  -31.604  31.323 0.0000000000
37133  24.048  -31.968  32.786 0.0000000000
37151  23.690  -32.062  31.465 0.0000000000
38098  25.190  -30.655  29.793 0.0000000000
119230  24.339  -31.158  30.271 0.0000000000
38069  25.255  -31.682  31.623 0.0000000000
34191  23.465  -35.093  40.073 0.0000000000
34179  23.240  -34.718  41.853 0.0000000000
60347  50.894  -6.877  16.423 0.0000000000
61295  51.254  -5.849  18.200 0.0000000000
60338  50.674  -6.662  17.454 0.0000000000
57666  48.172  -10.130  23.844 0.0000000000
57653  49.635  -9.588  24.429 0.0000000000
54207  40.771  -13.799  18.068 0.0000000000
54205  42.108  -13.191  19.063 0.0000000000
54195  41.653  -13.797  19.484 0.0000000000
46513  38.038  -22.905  24.349 0.0000000000
46499  38.128  -22.316  25.960 0.0000000000
129471  38.150  -22.008  26.889 0.0000000000
46488  40.043  -22.604  26.900 0.0000000000
37130  42.220  -32.450  32.831 0.0000000000
39017  41.710  -30.979  31.875 0.0000000000
38047  43.274  -31.685  33.442 0.0000000000
60372  49.602  -6.430  15.012 0.0000000000
61321  50.072  -5.731  14.654 0.0000000000
60371  50.405  -6.435  15.133 0.0000000000
60356  51.867  -6.436  15.537 0.0000000000
63145  54.939  -2.977  8.680 0.0000000000
63140  54.559  -3.343  9.355 0.0000000000
130029  55.524  -4.523  10.113 0.0000000000
63133  54.246  -3.566  9.996 0.0000000000
34245  31.048  -35.980  35.346 0.0000000000
34243  32.319  -35.241  35.318 0.0000000000
34215  32.535  -36.053  37.652 0.0000000000
32321  19.871  -37.266  37.924 0.0000000000
32295  20.102  -36.972  39.932 0.0000000000
32296  19.357  -37.323  39.483 0.0000000000
30363  18.268  -38.735  42.187 0.0000000000
31299  19.258  -37.879  42.218 0.0000000000
131159  46.722  -6.932  14.877 0.0000000000
58608  47.860  -7.875  15.931 0.0000000000
58621  46.638  -8.232  15.731 0.0000000000
57733  45.458  -9.298  17.351 0.0000000000
58587  46.228  -8.727  17.120 0.0000000000
57720  46.280  -9.266  18.945 0.0000000000
57700  47.228  -9.507  20.854 0.0000000000
56829  46.037  -10.183  20.106 0.0000000000
51735  40.567  -16.377  21.342 0.0000000000
51734  40.861  -15.991  22.265 0.0000000000
112469  41.321  -16.516  22.643 0.0000000000
119576  47.070  -6.247  14.646 0.0000000000
25923  14.710  -44.584  37.339 0.0000000000
25013  14.367  -45.288  37.798 0.0000000000
53328  38.029  -15.076  17.838 0.0000000000
52518  39.158  -16.321  18.951 0.0000000000
51769  38.312  -16.332  18.569 0.0000000000
50177  39.265  -19.327  19.666 0.0000000000
50159  40.338  -18.811  20.513 0.0000000000
49256  40.564  -19.503  21.180 0.0000000000
49225  41.557  -19.551  22.607 0.0000000000
118085  40.884  -20.022  22.702 0.0000000000
118579  33.868  -31.780  25.486 0.0000000000
37164  35.976  -32.866  29.671 0.0000000000
37197  36.176  -32.442  28.451 0.0000000000
36245  37.655  -33.178  30.955 0.0000000000
37147  38.726  -33.099  30.943 0.0000000000
111240  38.971  -33.442  32.958 0.0000000000
36147  34.950  -33.883  35.732 0.0000000000
112805  35.301  -33.662  34.907 0.0000000000
125949  36.235  -33.652  36.876 0.0000000000
37075  38.885  -32.975  37.333 0.0000000000
112440  40.968  -32.507  36.995 0.0000000000
110035  27.966  -35.161  38.238 0.0000000000
35169  27.595  -33.871  39.667 0.0000000000
35199  26.810  -34.027  37.369 0.0000000000
125750  23.654  -32.877  34.462 0.0000000000
37076  24.289  -32.142  36.275 0.0000000000
36128  23.727  -32.856  36.610 0.0000000000
36113  23.749  -33.731  37.067 0.0000000000
34248  23.671  -35.017  35.821 0.0000000000
35310  23.473  -34.883  29.479 0.0000000000
31421  21.807  -38.536  32.343 0.0000000000
31419  23.145  -38.015  31.980 0.0000000000
32371  22.836  -37.669  33.614 0.0000000000
128764  23.009  -37.092  34.860 0.0000000000
32358  21.686  -37.757  34.608 0.0000000000
32345  20.658  -37.675  35.595 0.0000000000
32359  20.756  -37.953  34.810 0.0000000000
127631  17.264  -40.336  34.528 0.0000000000
37262  29.657  -32.304  25.484 0.0000000000
37263  28.752  -32.264  25.648 0.0000000000
113953  26.489  -32.540  29.243 0.0000000000
36292  27.458  -33.354  28.521 0.0000000000
36291  28.259  -33.442  28.446 0.0000000000
35308  28.220  -34.161  29.703 0.0000000000
34319  28.853  -34.988  31.688 0.0000000000
34320  27.883  -35.165  31.671 0.0000000000
34247  26.947  -35.252  35.119 0.0000000000
34246  27.426  -36.036  34.715 0.0000000000
34231  27.605  -35.760  36.497 0.0000000000
34202  28.746  -35.705  38.700 0.0000000000
36053  26.831  -32.552  42.901 0.0000000000
26798  15.941  -43.197  41.964 0.0000000000
27707  16.658  -42.590  41.345 0.0000000000
62198  55.187  -4.122  19.836 0.0000000000
61249  53.201  -4.700  21.178 0.0000000000
62161  54.145  -4.601  22.229 0.0000000000
61240  54.144  -5.000  23.431 0.0000000000
61227  53.613  -5.507  24.102 0.0000000000
59384  49.177  -6.894  19.835 0.0000000000
60300  49.624  -6.585  20.429 0.0000000000
59377  49.425  -7.175  21.279 0.0000000000
58502  51.640  -8.254  24.922 0.0000000000
55092  44.004  -12.127  20.266 0.0000000000
55974  44.241  -11.292  18.901 0.0000000000
55955  44.601  -11.632  20.575 0.0000000000
55943  45.691  -11.088  21.933 0.0000000000
55929  45.328  -11.481  22.420 0.0000000000
53276  41.665  -14.714  23.076 0.0000000000
54172  42.646  -13.592  21.847 0.0000000000
54149  42.511  -13.795  23.800 0.0000000000
48285  36.503  -20.671  21.009 0.0000000000
48203  39.666  -20.844  27.453 0.0000000000
125212  38.765  -19.922  25.322 0.0000000000
110516  40.564  -20.459  27.209 0.0000000000
48215  41.672  -20.348  26.745 0.0000000000
48188  42.491  -20.844  28.544 0.0000000000
39125  36.039  -30.276  24.839 0.0000000000
40046  37.244  -29.055  25.751 0.0000000000
40919  40.422  -28.539  29.421 0.0000000000
41873  38.956  -27.799  27.013 0.0000000000
42792  39.996  -27.011  27.919 0.0000000000
42829  39.398  -26.312  26.553 0.0000000000
42774  41.403  -26.638  29.473 0.0000000000
39900  45.061  -29.976  34.590 0.0000000000
43691  45.260  -26.004  30.880 0.0000000000
43716  43.465  -25.493  29.498 0.0000000000
43714  45.196  -24.681  29.743 0.0000000000
44674  44.149  -23.739  29.087 0.0000000000
44661  45.909  -23.786  29.938 0.0000000000
62242  50.672  -3.954  13.105 0.0000000000
63117  51.963  -3.686  12.449 0.0000000000
62253  53.231  -3.973  11.830 0.0000000000
62240  52.828  -4.604  13.164 0.0000000000
121053  54.063  -5.597  16.493 0.0000000000
111015  53.978  -5.588  14.721 0.0000000000
61292  54.645  -5.246  17.186 0.0000000000
62225  56.719  -4.528  17.196 0.0000000000
115346  58.034  -5.331  9.601 0.0000000000
125803  56.796  -6.665  12.846 0.0000000000
60384  56.689  -6.563  13.781 0.0000000000
60368  56.750  -6.105  14.685 0.0000000000
33252  30.734  -36.842  38.837 0.0000000000
33231  32.386  -36.444  39.497 0.0000000000
116588  31.531  -36.704  39.990 0.0000000000
30413  18.096  -39.110  37.236 0.0000000000
31322  18.280  -38.287  39.539 0.0000000000
124275  17.936  -39.322  38.497 0.0000000000
30377  17.656  -39.726  40.340 0.0000000000
30364  17.754  -39.386  42.278 0.0000000000
58623  44.746  -8.563  15.475 0.0000000000
109725  44.297  -9.708  16.332 0.0000000000
50121  42.494  -18.390  22.925 0.0000000000
50919  42.885  -17.629  23.586 0.0000000000
50086  43.675  -18.411  24.693 0.0000000000
50890  44.016  -17.558  26.230 0.0000000000
24085  13.468  -46.486  36.918 0.0000000000
23072  12.996  -47.284  36.951 0.0000000000
23051  12.731  -48.042  39.134 0.0000000000
132485  38.031  -16.904  18.636 0.0000000000
49292  38.097  -19.999  19.077 0.0000000000
38141  33.738  -32.024  26.134 0.0000000000
37215  33.376  -32.501  27.435 0.0000000000
36270  34.309  -33.085  29.680 0.0000000000
121543  35.339  -33.326  31.245 0.0000000000
36148  26.046  -33.536  34.968 0.0000000000
120638  25.947  -33.202  35.677 0.0000000000
37118  24.597  -32.426  34.081 0.0000000000
37120  23.869  -32.385  33.272 0.0000000000
35248  23.477  -33.993  33.168 0.0000000000
31405  20.617  -38.746  33.298 0.0000000000
30501  19.392  -39.179  31.766 0.0000000000
38097  25.868  -31.322  29.674 0.0000000000
115771  26.551  -33.115  29.967 0.0000000000
35281  26.879  -34.323  31.274 0.0000000000
36235  26.443  -33.674  31.667 0.0000000000
36190  26.208  -33.711  33.268 0.0000000000
126171  24.549  -33.012  40.845 0.0000000000
61284  53.274  -5.094  18.127 0.0000000000
62199  53.926  -4.368  19.540 0.0000000000
62212  53.041  -4.584  19.032 0.0000000000
61259  52.484  -4.819  20.295 0.0000000000
61250  52.260  -5.210  21.190 0.0000000000
58524  48.868  -8.881  22.091 0.0000000000
58522  50.181  -8.080  22.852 0.0000000000
58515  49.792  -8.803  23.213 0.0000000000
57652  50.403  -9.330  24.746 0.0000000000
55987  42.530  -11.658  17.276 0.0000000000
55127  42.207  -12.296  17.719 0.0000000000
55106  42.819  -12.821  19.581 0.0000000000
55093  43.351  -12.698  20.370 0.0000000000
54139  42.455  -13.984  24.934 0.0000000000
111087  35.651  -20.777  24.489 0.0000000000
48258  36.394  -20.308  23.878 0.0000000000
48232  36.754  -21.140  25.951 0.0000000000
48218  38.242  -21.176  26.842 0.0000000000
47302  40.291  -21.859  28.416 0.0000000000
39044  38.884  -30.842  29.008 0.0000000000
39991  38.708  -29.613  28.009 0.0000000000
115321  39.729  -30.060  29.438 0.0000000000
39958  40.755  -29.076  30.178 0.0000000000
40892  42.088  -28.844  31.563 0.0000000000
62232  48.416  -4.340  13.661 0.0000000000
63111  48.802  -3.665  13.114 0.0000000000
62243  49.302  -4.384  13.651 0.0000000000
128751  50.177  -4.488  13.623 0.0000000000
114170  51.058  -4.597  13.590 0.0000000000
61333  52.676  -5.182  13.897 0.0000000000
61320  51.807  -5.916  14.794 0.0000000000
60355  52.498  -6.385  15.932 0.0000000000
63153  55.968  -2.980  7.907 0.0000000000
62264  56.508  -4.664  9.221 0.0000000000
61362  57.011  -5.219  9.750 0.0000000000
61344  58.368  -5.837  11.231 0.0000000000
61352  56.600  -5.401  10.543 0.0000000000
61346  56.083  -5.591  11.503 0.0000000000
129574  55.447  -5.493  12.101 0.0000000000
35276  31.248  -34.162  31.792 0.0000000000
36211  32.501  -33.970  32.484 0.0000000000
35233  32.512  -34.592  34.124 0.0000000000
35209  33.787  -34.690  36.088 0.0000000000
35196  34.606  -34.607  37.377 0.0000000000
33257  21.864  -36.533  38.796 0.0000000000
33216  22.260  -35.665  41.220 0.0000000000
33238  21.659  -36.263  40.125 0.0000000000
33218  21.125  -36.739  41.762 0.0000000000
32270  18.925  -37.735  41.017 0.0000000000
32258  20.214  -37.717  42.842 0.0000000000
59450  49.323  -7.424  15.870 0.0000000000
127179  49.496  -7.198  17.259 0.0000000000
59443  48.594  -7.657  16.340 0.0000000000
123899  48.294  -7.417  17.812 0.0000000000
59401  47.921  -7.771  19.244 0.0000000000
58610  46.459  -8.530  16.303 0.0000000000
58564  47.288  -8.036  18.506 0.0000000000
111136  47.833  -8.380  20.026 0.0000000000
58535  47.865  -8.965  20.882 0.0000000000
57675  47.803  -9.782  22.263 0.0000000000
56776  47.593  -10.317  23.507 0.0000000000
53300  40.822  -15.103  20.235 0.0000000000
53299  41.237  -14.660  20.736 0.0000000000
129699  41.229  -14.828  21.466 0.0000000000
52479  41.222  -15.362  22.757 0.0000000000
52471  41.553  -15.293  23.551 0.0000000000
50902  42.713  -16.693  24.308 0.0000000000
51686  42.414  -15.860  24.915 0.0000000000
52455  42.394  -15.118  25.336 0.0000000000
45664  38.470  -23.549  24.126 0.0000000000
38039  44.556  -31.924  34.913 0.0000000000
62244  46.854  -3.846  13.373 0.0000000000
61324  47.501  -5.382  14.305 0.0000000000
60373  48.764  -6.382  14.884 0.0000000000
65690  54.713  -0.526  9.044 0.0000000000
66535  53.929  -0.374  9.485 0.0000000000
118258  15.521  -43.313  36.928 0.0000000000
27740  16.610  -42.686  38.625 0.0000000000
26834  15.785  -43.539  38.505 0.0000000000
25899  15.389  -44.412  39.792 0.0000000000
25891  15.312  -44.498  40.767 0.0000000000
24053  13.910  -46.293  39.025 0.0000000000
53338  40.006  -14.043  17.670 0.0000000000
53339  39.137  -14.203  17.538 0.0000000000
53326  39.681  -14.715  18.064 0.0000000000
52517  40.311  -15.512  19.587 0.0000000000
51743  40.269  -16.530  20.526 0.0000000000
131116  40.394  -16.788  20.910 0.0000000000
50981  38.956  -17.539  19.260 0.0000000000
128256  40.392  -17.938  20.632 0.0000000000
50138  41.370  -18.002  21.611 0.0000000000
49239  42.025  -18.918  22.592 0.0000000000
113353  42.983  -19.598  24.535 0.0000000000
48227  43.617  -20.199  25.770 0.0000000000
38160  36.200  -31.344  26.463 0.0000000000
37236  34.901  -31.928  26.583 0.0000000000
38126  36.085  -31.869  27.112 0.0000000000
38125  37.221  -31.471  27.709 0.0000000000
37178  38.789  -32.172  29.850 0.0000000000
37145  40.289  -32.613  31.370 0.0000000000
36182  42.446  -33.510  33.974 0.0000000000
36210  34.190  -33.635  32.834 0.0000000000
36209  35.546  -33.470  32.856 0.0000000000
111046  36.903  -33.378  33.219 0.0000000000
36121  38.043  -33.210  36.855 0.0000000000
126417  37.878  -33.204  35.078 0.0000000000
121999  38.691  -33.208  34.590 0.0000000000
36143  40.141  -33.135  34.940 0.0000000000
36142  41.553  -33.173  35.395 0.0000000000
37086  43.115  -32.715  36.209 0.0000000000
34156  29.601  -35.002  42.083 0.0000000000
129888  29.052  -34.384  42.166 0.0000000000
36067  27.709  -32.992  41.976 0.0000000000
36084  26.419  -32.625  40.162 0.0000000000
36111  25.696  -32.725  37.078 0.0000000000
37035  25.593  -32.370  39.004 0.0000000000
37036  25.189  -32.262  39.443 0.0000000000
36098  24.251  -33.436  39.019 0.0000000000
126539  23.969  -34.976  38.265 0.0000000000
33255  23.424  -35.894  38.385 0.0000000000
118360  23.532  -33.810  29.941 0.0000000000
35282  23.512  -34.768  31.666 0.0000000000
118840  23.517  -34.997  33.208 0.0000000000
32422  23.229  -37.345  30.661 0.0000000000
33358  23.549  -36.625  32.193 0.0000000000
112042  23.591  -35.699  33.739 0.0000000000
33310  23.619  -36.053  35.551 0.0000000000
33294  23.313  -36.316  36.505 0.0000000000
33276  22.437  -36.569  37.835 0.0000000000
111215  21.870  -36.811  37.156 0.0000000000
112178  20.019  -37.360  37.058 0.0000000000
31361  19.035  -38.070  36.583 0.0000000000
31390  19.219  -38.935  34.428 0.0000000000
31391  18.780  -38.916  35.061 0.0000000000
30426  18.144  -39.196  36.408 0.0000000000
30427  17.749  -39.815  35.925 0.0000000000
29567  16.803  -41.069  35.759 0.0000000000
28658  16.325  -41.766  35.630 0.0000000000
27769  15.837  -42.401  35.543 0.0000000000
26856  14.775  -43.822  35.503 0.0000000000
122428  31.049  -32.272  25.528 0.0000000000
125371  30.690  -32.574  26.969 0.0000000000
36289  30.280  -33.172  28.552 0.0000000000
37220  28.136  -32.705  27.174 0.0000000000
36290  29.221  -33.306  28.502 0.0000000000
36252  30.775  -33.722  30.225 0.0000000000
35260  30.686  -34.598  32.358 0.0000000000
118947  30.237  -35.581  33.678 0.0000000000
33325  29.810  -36.411  34.896 0.0000000000
34281  27.790  -35.840  33.100 0.0000000000
33308  28.770  -36.689  35.667 0.0000000000
33273  29.613  -36.783  37.351 0.0000000000
33253  29.976  -36.596  39.197 0.0000000000
33211  29.924  -36.134  40.088 0.0000000000
28616  17.215  -42.086  39.946 0.0000000000
28591  17.011  -40.790  42.089 0.0000000000
62182  54.582  -4.224  20.445 0.0000000000
112252  50.114  -6.179  19.184 0.0000000000
61252  50.844  -5.757  20.618 0.0000000000
60273  51.717  -5.954  22.836 0.0000000000
59357  50.871  -7.620  23.346 0.0000000000
59356  51.616  -7.059  24.021 0.0000000000
131033  52.567  -5.842  23.619 0.0000000000
129672  43.236  -9.803  15.798 0.0000000000
56845  44.351  -10.420  17.622 0.0000000000
55986  43.277  -11.351  17.596 0.0000000000
56841  44.016  -11.078  18.011 0.0000000000
56839  45.239  -10.286  18.878 0.0000000000
56820  46.182  -10.405  20.903 0.0000000000
56794  46.644  -10.609  22.671 0.0000000000
56777  46.958  -10.633  23.497 0.0000000000
54183  42.349  -13.696  20.962 0.0000000000
54182  43.115  -13.154  21.123 0.0000000000
129395  43.443  -13.018  22.108 0.0000000000
54148  42.955  -13.279  24.499 0.0000000000
55052  43.720  -12.697  23.999 0.0000000000
120817  44.687  -11.979  22.630 0.0000000000
55911  45.670  -11.459  23.897 0.0000000000
55887  46.345  -11.288  25.330 0.0000000000
48325  37.628  -20.541  19.497 0.0000000000
48283  38.851  -20.570  21.267 0.0000000000
131282  37.802  -20.063  23.466 0.0000000000
48256  39.166  -19.988  23.428 0.0000000000
48255  40.090  -20.117  22.995 0.0000000000
49196  41.308  -19.879  24.881 0.0000000000
48228  42.552  -20.260  25.808 0.0000000000
110638  45.366  -20.690  27.718 0.0000000000
40977  37.776  -28.594  26.176 0.0000000000
43788  38.896  -25.628  25.171 0.0000000000
43787  39.386  -25.293  25.612 0.0000000000
44704  40.489  -24.176  26.362 0.0000000000
38988  43.674  -30.721  33.561 0.0000000000
39928  43.520  -29.294  33.018 0.0000000000
40890  43.176  -27.943  32.095 0.0000000000
41803  44.532  -27.222  32.246 0.0000000000
42741  42.780  -26.948  30.987 0.0000000000
43718  41.779  -25.935  29.096 0.0000000000
44677  41.931  -24.650  27.987 0.0000000000
44703  40.992  -23.756  26.851 0.0000000000
45613  41.768  -22.941  28.188 0.0000000000
46468  41.823  -22.462  29.196 0.0000000000
46450  42.654  -22.044  30.325 0.0000000000
45593  46.645  -23.346  30.886 0.0000000000
46440  44.991  -22.114  31.604 0.0000000000
47285  43.717  -21.668  30.887 0.0000000000
110720  44.459  -20.803  29.505 0.0000000000
64893  52.604  -1.068  9.825 0.0000000000
64038  53.134  -2.675  9.995 0.0000000000
62258  53.776  -3.980  11.243 0.0000000000
111834  53.966  -4.430  12.026 0.0000000000
61341  54.567  -5.362  13.065 0.0000000000
61318  53.279  -5.535  14.298 0.0000000000
61317  54.565  -5.490  14.122 0.0000000000
61316  55.324  -5.774  14.201 0.0000000000
61308  56.632  -5.440  15.587 0.0000000000
34155  30.093  -35.605  42.820 0.0000000000
33192  30.854  -36.126  42.704 0.0000000000
28638  16.795  -41.695  37.159 0.0000000000
117661  17.107  -41.656  37.904 0.0000000000
27750  16.594  -42.358  37.748 0.0000000000
48211  45.024  -19.927  26.586 0.0000000000
49184  44.809  -19.238  26.318 0.0000000000
36273  31.509  -33.451  29.715 0.0000000000
36272  32.426  -33.334  29.648 0.0000000000
36251  32.100  -33.552  30.357 0.0000000000
38084  24.430  -31.344  30.854 0.0000000000
34192  22.882  -35.334  40.700 0.0000000000
59433  50.104  -7.120  16.872 0.0000000000
56760  48.302  -10.270  24.727 0.0000000000
56759  49.055  -9.912  25.035 0.0000000000
56747  48.530  -10.408  25.635 0.0000000000
54206  41.459  -13.512  18.582 0.0000000000
45642  38.810  -23.063  24.844 0.0000000000
110505  37.874  -22.504  25.221 0.0000000000
46498  39.218  -22.710  25.778 0.0000000000
46489  39.219  -22.372  26.765 0.0000000000
37116  42.825  -32.697  33.498 0.0000000000
38048  42.590  -31.725  32.865 0.0000000000
37115  43.706  -32.456  34.174 0.0000000000
60358  49.901  -7.021  15.513 0.0000000000
60357  50.654  -6.871  15.680 0.0000000000
64044  54.241  -2.569  8.959 0.0000000000
63141  53.834  -3.000  9.626 0.0000000000
33289  30.951  -36.451  36.162 0.0000000000
34230  31.820  -36.094  36.548 0.0000000000
34216  31.992  -36.259  37.229 0.0000000000
32311  18.937  -37.834  38.027 0.0000000000
32310  19.355  -37.414  38.674 0.0000000000
59453  46.836  -7.643  15.304 0.0000000000
57714  46.508  -9.584  19.716 0.0000000000
109860  45.864  -9.920  19.300 0.0000000000
50956  40.972  -16.819  21.867 0.0000000000
25027  14.200  -45.192  36.924 0.0000000000
52541  37.149  -15.216  17.784 0.0000000000
52528  37.735  -15.789  18.207 0.0000000000
49273  39.440  -19.830  20.101 0.0000000000
49272  40.011  -19.690  20.573 0.0000000000
48281  40.353  -20.088  21.598 0.0000000000
49241  40.977  -19.738  21.947 0.0000000000
48270  40.305  -20.242  22.180 0.0000000000
36246  36.683  -33.151  30.807 0.0000000000
37163  36.695  -32.914  29.979 0.0000000000
36227  37.567  -33.319  32.068 0.0000000000
36226  38.450  -33.282  31.628 0.0000000000
36205  38.291  -33.364  32.505 0.0000000000
36109  35.122  -34.133  37.087 0.0000000000
36123  35.514  -33.824  36.463 0.0000000000
36108  35.730  -33.881  37.347 0.0000000000
35198  27.338  -34.617  37.800 0.0000000000
36174  23.558  -33.100  35.135 0.0000000000
36150  23.577  -33.657  36.046 0.0000000000
35224  23.534  -34.242  35.164 0.0000000000
31403  22.355  -38.190  33.033 0.0000000000
32372  22.028  -37.970  33.820 0.0000000000
32357  22.596  -37.496  34.412 0.0000000000
31389  21.085  -38.268  33.993 0.0000000000
36278  27.028  -33.486  29.273 0.0000000000
36293  26.915  -33.033  28.641 0.0000000000
36277  27.811  -33.801  29.092 0.0000000000
35309  27.431  -34.056  29.785 0.0000000000
35279  28.244  -34.757  30.981 0.0000000000
35280  27.480  -34.674  31.072 0.0000000000
34232  27.071  -35.066  36.057 0.0000000000
35211  27.194  -34.904  36.948 0.0000000000
34218  27.791  -35.473  37.354 0.0000000000
26799  15.441  -43.510  43.051 0.0000000000
27700  15.926  -42.688  43.073 0.0000000000
62218  55.236  -4.828  17.993 0.0000000000
125197  55.842  -4.402  18.614 0.0000000000
62210  54.844  -4.394  18.869 0.0000000000
110869  53.019  -5.104  22.110 0.0000000000
59385  48.902  -7.344  20.412 0.0000000000
55945  44.727  -11.721  21.329 0.0000000000
55930  44.840  -11.750  21.970 0.0000000000
114965  42.149  -14.148  23.223 0.0000000000
116758  35.843  -20.427  22.062 0.0000000000
48190  40.218  -21.099  28.013 0.0000000000
48216  40.064  -20.274  26.760 0.0000000000
48202  41.138  -20.701  27.798 0.0000000000
48189  41.539  -20.993  28.549 0.0000000000
40029  36.950  -29.844  26.109 0.0000000000
40047  36.647  -29.631  25.336 0.0000000000
41824  40.917  -28.134  29.947 0.0000000000
41840  40.624  -27.741  29.272 0.0000000000
41853  40.337  -27.382  28.593 0.0000000000
42775  40.822  -26.976  29.085 0.0000000000
42738  45.843  -26.400  31.675 0.0000000000
114974  45.008  -25.459  30.223 0.0000000000
43702  45.760  -25.217  30.332 0.0000000000
44654  46.015  -24.354  29.996 0.0000000000
123733  46.721  -24.724  30.524 0.0000000000
112694  51.176  -3.467  12.548 0.0000000000
63125  51.617  -3.111  11.876 0.0000000000
62250  52.672  -4.048  12.420 0.0000000000
131406  52.203  -4.170  12.954 0.0000000000
61293  53.761  -5.546  17.225 0.0000000000
61360  59.345  -5.314  9.486 0.0000000000
61349  59.878  -5.477  10.044 0.0000000000
60398  59.425  -5.770  10.767 0.0000000000
61339  55.993  -6.023  12.461 0.0000000000
60369  56.045  -6.164  14.117 0.0000000000
112192  31.089  -36.498  40.738 0.0000000000
30400  17.870  -39.638  37.738 0.0000000000
121066  17.754  -40.160  38.361 0.0000000000
124570  17.642  -40.615  39.853 0.0000000000
114122  17.564  -39.742  41.194 0.0000000000
29515  17.320  -40.254  41.652 0.0000000000
58624  43.995  -8.895  15.459 0.0000000000
57768  44.539  -9.176  15.835 0.0000000000
57769  43.823  -9.523  15.809 0.0000000000
50104  42.921  -18.685  23.611 0.0000000000
50103  43.319  -18.230  24.083 0.0000000000
22060  12.487  -48.989  37.849 0.0000000000
22054  12.428  -48.934  38.825 0.0000000000
37239  32.247  -32.458  26.716 0.0000000000
132572  32.812  -32.476  27.107 0.0000000000
36249  33.757  -33.321  30.402 0.0000000000
36248  34.765  -33.264  30.635 0.0000000000
36230  34.808  -33.410  31.493 0.0000000000
36191  25.573  -32.851  33.693 0.0000000000
36173  25.448  -32.847  34.516 0.0000000000
37134  23.789  -32.142  32.440 0.0000000000
36215  23.573  -32.937  32.850 0.0000000000
36192  23.579  -33.059  33.727 0.0000000000
37186  26.122  -32.018  30.183 0.0000000000
37165  26.235  -32.647  30.647 0.0000000000
37166  25.727  -31.795  30.921 0.0000000000
37149  25.418  -32.175  32.291 0.0000000000
36214  25.758  -32.787  32.879 0.0000000000
36172  26.130  -33.670  34.116 0.0000000000
130412  23.984  -33.736  42.372 0.0000000000
61294  52.671  -5.933  17.355 0.0000000000
61285  52.254  -5.235  18.460 0.0000000000
61272  51.543  -5.337  19.246 0.0000000000
130069  51.794  -5.119  19.901 0.0000000000
61260  51.628  -5.336  20.509 0.0000000000
58523  49.496  -8.474  22.463 0.0000000000
57673  49.159  -9.181  22.840 0.0000000000
57640  49.895  -9.741  25.266 0.0000000000
55141  41.020  -12.237  16.810 0.0000000000
55988  41.789  -11.949  17.017 0.0000000000
55128  41.479  -12.552  17.428 0.0000000000
55115  42.530  -12.569  18.582 0.0000000000
48259  35.009  -20.885  24.105 0.0000000000
48234  35.683  -21.263  25.074 0.0000000000
48233  36.153  -21.354  25.499 0.0000000000
46480  38.702  -22.002  27.138 0.0000000000
47317  38.451  -21.872  27.111 0.0000000000
47311  39.048  -21.966  27.581 0.0000000000
47310  39.577  -21.665  27.891 0.0000000000
46470  39.698  -22.021  27.958 0.0000000000
125705  39.153  -31.315  29.556 0.0000000000
132750  39.354  -30.606  29.349 0.0000000000
39032  40.116  -31.026  30.373 0.0000000000
39016  41.983  -30.156  31.990 0.0000000000
39030  41.390  -30.208  31.355 0.0000000000
39944  41.829  -29.540  31.593 0.0000000000
39957  41.428  -29.170  30.985 0.0000000000
39943  42.347  -29.412  32.066 0.0000000000
61335  50.549  -5.114  14.178 0.0000000000
61334  51.386  -5.242  14.189 0.0000000000
60346  51.776  -6.637  16.209 0.0000000000
60345  52.359  -6.378  16.535 0.0000000000
63139  55.293  -3.723  9.081 0.0000000000
62272  56.077  -4.066  8.654 0.0000000000
116204  56.185  -4.823  9.959 0.0000000000
111833  55.051  -4.480  10.691 0.0000000000
61353  55.780  -4.946  10.691 0.0000000000
61347  55.259  -4.984  11.463 0.0000000000
35259  31.644  -34.377  32.671 0.0000000000
35246  31.749  -34.708  33.610 0.0000000000
34229  33.161  -35.208  36.501 0.0000000000
35210  33.027  -34.920  35.701 0.0000000000
35197  33.872  -34.876  36.942 0.0000000000
35181  33.951  -35.116  37.891 0.0000000000
111950  20.865  -36.710  39.408 0.0000000000
33239  20.926  -36.657  40.575 0.0000000000
131001  21.385  -36.881  42.506 0.0000000000
32268  20.769  -37.204  42.299 0.0000000000
32282  18.764  -37.692  39.994 0.0000000000
59442  49.441  -7.387  16.545 0.0000000000
59444  47.732  -7.951  16.573 0.0000000000
115651  48.227  -7.719  17.049 0.0000000000
59416  48.441  -7.227  18.726 0.0000000000
121956  47.839  -7.587  18.369 0.0000000000
119276  45.939  -8.553  15.814 0.0000000000
58565  46.743  -8.642  18.679 0.0000000000
117675  46.729  -8.310  17.833 0.0000000000
57685  47.527  -9.626  21.499 0.0000000000
57667  48.023  -9.933  23.038 0.0000000000
56807  47.110  -10.188  22.030 0.0000000000
52505  40.872  -15.270  21.135 0.0000000000
51698  41.960  -16.495  23.490 0.0000000000
117777  41.927  -15.314  24.401 0.0000000000
44736  38.924  -24.086  24.417 0.0000000000
62234  46.759  -4.680  13.898 0.0000000000
62233  47.581  -4.470  13.760 0.0000000000
60374  47.436  -7.017  15.032 0.0000000000
110029  47.912  -6.292  14.759 0.0000000000
60360  48.260  -7.045  15.175 0.0000000000
60359  49.095  -7.064  15.330 0.0000000000
26848  15.230  -43.533  36.282 0.0000000000
26839  15.598  -43.437  37.632 0.0000000000
25933  15.125  -43.911  37.039 0.0000000000
25911  14.837  -44.774  38.316 0.0000000000
25910  15.354  -44.266  38.861 0.0000000000
25892  14.825  -45.037  40.327 0.0000000000
23059  13.341  -46.984  37.656 0.0000000000
24074  13.698  -46.413  37.948 0.0000000000
55130  39.469  -13.416  17.099 0.0000000000
53327  38.866  -14.884  17.910 0.0000000000
53340  38.282  -14.378  17.486 0.0000000000
53312  40.077  -15.127  18.741 0.0000000000
52507  39.916  -16.270  19.721 0.0000000000
50969  40.145  -17.209  20.470 0.0000000000
50982  38.241  -17.516  18.798 0.0000000000
123581  39.920  -18.070  20.135 0.0000000000
50139  40.753  -18.417  21.062 0.0000000000
50122  41.956  -18.179  22.291 0.0000000000
49240  41.605  -18.931  22.017 0.0000000000
126253  42.186  -19.412  23.326 0.0000000000
126376  43.090  -19.912  25.174 0.0000000000
38177  35.153  -31.224  25.205 0.0000000000
39106  35.683  -30.851  25.209 0.0000000000
38161  35.663  -31.269  25.826 0.0000000000
37214  34.279  -32.436  27.586 0.0000000000
37237  34.096  -32.195  26.782 0.0000000000
119659  35.072  -32.349  27.696 0.0000000000
37180  37.231  -32.597  29.368 0.0000000000
37212  35.840  -32.260  27.729 0.0000000000
37196  36.938  -32.353  28.645 0.0000000000
38112  36.628  -32.013  27.849 0.0000000000
37195  37.659  -32.175  28.912 0.0000000000
38096  38.432  -31.697  29.153 0.0000000000
36225  39.815  -33.240  31.788 0.0000000000
37146  39.486  -32.939  31.110 0.0000000000
36203  40.679  -33.167  32.270 0.0000000000
36202  41.350  -33.386  33.045 0.0000000000
112443  41.155  -33.608  33.637 0.0000000000
36189  33.272  -33.836  32.937 0.0000000000
36188  33.918  -33.863  33.746 0.0000000000
111047  35.952  -33.483  34.350 0.0000000000
36169  35.318  -33.604  34.116 0.0000000000
110235  35.766  -33.491  33.607 0.0000000000
111045  36.285  -33.415  33.069 0.0000000000
110366  36.579  -33.418  33.843 0.0000000000
126785  38.866  -32.923  36.509 0.0000000000
112163  38.303  -33.091  35.899 0.0000000000
125493  38.609  -33.074  35.270 0.0000000000
36167  38.014  -33.290  34.165 0.0000000000
36144  39.293  -33.049  35.066 0.0000000000
36166  39.641  -33.369  34.191 0.0000000000
37089  39.772  -32.845  35.676 0.0000000000
123037  41.156  -32.595  36.248 0.0000000000
36141  42.534  -33.381  35.266 0.0000000000
129981  29.467  -35.127  41.151 0.0000000000
35151  29.018  -34.596  41.343 0.0000000000
35153  27.680  -33.426  40.701 0.0000000000
36083  27.105  -33.083  40.214 0.0000000000
36068  26.837  -32.569  41.370 0.0000000000
126473  26.185  -32.586  39.349 0.0000000000
36149  25.346  -32.694  35.314 0.0000000000
36126  25.255  -32.492  36.216 0.0000000000
36127  23.942  -32.367  36.636 0.0000000000
112258  24.274  -32.198  37.051 0.0000000000
37063  24.628  -32.344  37.881 0.0000000000
37049  25.074  -32.191  38.666 0.0000000000
37050  24.747  -32.570  38.990 0.0000000000
128197  24.288  -32.859  38.201 0.0000000000
35201  23.876  -34.895  37.517 0.0000000000
35200  23.964  -33.786  38.067 0.0000000000
34219  23.726  -35.645  37.946 0.0000000000
35295  23.537  -34.594  30.626 0.0000000000
35263  23.498  -34.856  32.528 0.0000000000
34303  23.559  -35.717  31.911 0.0000000000
33387  22.965  -37.114  29.858 0.0000000000
32406  23.010  -38.018  31.157 0.0000000000
32370  23.330  -37.274  33.393 0.0000000000
124526  23.384  -37.374  32.519 0.0000000000
33344  23.550  -36.637  33.138 0.0000000000
116093  23.650  -35.969  34.648 0.0000000000
33311  23.399  -36.640  34.814 0.0000000000
32343  22.268  -37.281  35.284 0.0000000000
111811  23.090  -36.726  35.544 0.0000000000
117126  22.744  -36.580  37.073 0.0000000000
32332  20.544  -37.397  36.414 0.0000000000
32346  20.022  -37.755  35.893 0.0000000000
32333  19.701  -37.712  36.492 0.0000000000
31375  19.408  -38.146  35.802 0.0000000000
31406  19.875  -39.050  33.260 0.0000000000
30458  18.677  -39.372  34.236 0.0000000000
31376  18.758  -38.681  35.967 0.0000000000
30442  18.250  -39.294  35.543 0.0000000000
29595  16.784  -40.877  34.896 0.0000000000
29579  17.272  -40.362  35.405 0.0000000000
124576  16.462  -41.402  35.127 0.0000000000
26864  15.462  -42.614  34.639 0.0000000000
26855  15.324  -43.128  35.461 0.0000000000
26865  14.683  -43.409  34.412 0.0000000000
37241  29.334  -32.452  26.321 0.0000000000
132847  30.329  -32.423  26.139 0.0000000000
37218  30.511  -32.794  27.701 0.0000000000
37243  27.587  -32.358  26.610 0.0000000000
36276  28.707  -33.738  29.119 0.0000000000
36275  29.653  -33.586  29.234 0.0000000000
36253  29.968  -33.859  29.976 0.0000000000
35277  30.424  -34.373  31.532 0.0000000000
35278  29.627  -34.529  31.254 0.0000000000
34299  29.200  -35.376  32.537 0.0000000000
34279  29.340  -36.025  33.801 0.0000000000
34262  29.856  -36.067  34.276 0.0000000000
33326  29.212  -36.419  34.466 0.0000000000
35262  26.732  -34.435  32.052 0.0000000000
34301  27.472  -35.369  32.397 0.0000000000
34282  27.012  -35.339  33.186 0.0000000000
33293  28.108  -36.437  36.057 0.0000000000
33309  28.014  -36.499  35.187 0.0000000000
33292  28.768  -36.641  36.527 0.0000000000
33291  29.460  -36.770  36.430 0.0000000000
120762  29.181  -36.726  36.886 0.0000000000
113363  29.889  -36.757  38.304 0.0000000000
33254  29.150  -36.473  38.012 0.0000000000
34189  28.739  -35.142  39.683 0.0000000000
34188  29.352  -35.900  39.432 0.0000000000
116543  29.298  -35.328  40.404 0.0000000000
34173  29.878  -35.592  41.020 0.0000000000
35115  28.694  -34.437  43.636 0.0000000000
34162  22.886  -35.121  42.459 0.0000000000
110528  23.225  -35.497  43.099 0.0000000000
26833  16.308  -43.222  39.068 0.0000000000
27726  16.775  -42.712  39.494 0.0000000000
27715  16.808  -42.698  40.389 0.0000000000
128240  16.378  -41.858  43.089 0.0000000000
28592  16.834  -41.700  41.944 0.0000000000
28583  16.819  -40.877  43.266 0.0000000000
29505  17.315  -40.103  42.825 0.0000000000
28576  16.877  -40.624  45.024 0.0000000000
62160  55.314  -4.478  23.367 0.0000000000
60339  49.859  -6.728  17.825 0.0000000000
60328  49.672  -6.519  18.702 0.0000000000
60289  49.967  -6.506  21.145 0.0000000000
60299  50.236  -6.152  20.707 0.0000000000
60288  50.631  -6.118  21.410 0.0000000000
60287  51.279  -5.907  21.964 0.0000000000
58514  50.509  -8.425  23.603 0.0000000000
60261  52.046  -6.288  23.830 0.0000000000
128895  52.662  -6.609  24.831 0.0000000000
60260  53.159  -5.971  24.570 0.0000000000
118528  42.789  -10.301  15.942 0.0000000000
56855  43.550  -10.174  16.310 0.0000000000
56854  44.116  -10.201  16.899 0.0000000000
55975  43.593  -11.638  18.475 0.0000000000
55963  44.436  -11.503  19.761 0.0000000000
56831  44.839  -10.914  19.316 0.0000000000
56840  44.617  -10.667  18.469 0.0000000000
56830  45.421  -10.536  19.712 0.0000000000
56821  45.552  -10.734  20.515 0.0000000000
55928  45.975  -11.022  22.534 0.0000000000
53298  41.679  -14.310  21.248 0.0000000000
54184  41.727  -14.060  20.382 0.0000000000
53288  42.051  -14.038  21.731 0.0000000000
54159  42.705  -13.639  22.769 0.0000000000
55051  44.516  -12.206  23.537 0.0000000000
55050  45.144  -11.712  23.239 0.0000000000
55037  45.177  -11.757  24.704 0.0000000000
48304  37.097  -20.793  20.131 0.0000000000
48303  37.964  -20.703  20.269 0.0000000000
123571  38.234  -20.671  20.954 0.0000000000
48243  37.374  -20.250  25.053 0.0000000000
48257  37.233  -20.109  24.068 0.0000000000
48242  38.220  -19.942  24.924 0.0000000000
49210  39.658  -19.790  24.792 0.0000000000
48241  38.978  -19.814  24.374 0.0000000000
48271  39.461  -20.347  22.491 0.0000000000
49226  39.854  -19.856  23.899 0.0000000000
49209  40.547  -19.855  24.363 0.0000000000
48214  42.818  -20.572  26.656 0.0000000000
48213  43.846  -20.721  26.675 0.0000000000
110225  44.581  -20.939  27.920 0.0000000000
39990  39.159  -29.584  28.440 0.0000000000
40027  38.117  -28.926  26.842 0.0000000000
40956  38.709  -28.559  27.264 0.0000000000
41891  38.619  -27.446  26.332 0.0000000000
41910  38.293  -27.076  25.557 0.0000000000
42847  38.709  -26.364  25.527 0.0000000000
43752  39.883  -25.894  26.981 0.0000000000
43769  39.635  -25.530  26.238 0.0000000000
43768  40.213  -25.069  26.593 0.0000000000
44705  39.855  -24.566  25.818 0.0000000000
38034  45.300  -31.049  36.137 0.0000000000
38976  44.303  -31.041  34.245 0.0000000000
38975  45.026  -30.691  35.006 0.0000000000
39914  44.755  -29.431  33.975 0.0000000000
121665  43.895  -29.749  33.496 0.0000000000
39915  44.129  -28.977  33.284 0.0000000000
40873  43.528  -28.589  32.669 0.0000000000
40857  44.369  -28.309  32.977 0.0000000000
112842  44.936  -26.634  31.639 0.0000000000
42739  44.131  -26.778  31.521 0.0000000000
41804  43.650  -27.306  31.897 0.0000000000
111084  43.161  -26.491  30.633 0.0000000000
42773  42.094  -26.330  29.782 0.0000000000
43705  42.876  -26.088  30.015 0.0000000000
44665  43.157  -24.941  28.862 0.0000000000
43730  42.333  -25.191  28.597 0.0000000000
44688  41.499  -24.183  27.357 0.0000000000
44687  42.118  -23.722  27.821 0.0000000000
45619  41.416  -23.334  27.474 0.0000000000
45602  44.476  -23.261  29.835 0.0000000000
45604  42.618  -22.686  29.494 0.0000000000
45603  43.459  -22.882  29.834 0.0000000000
46459  42.113  -22.142  29.864 0.0000000000
127982  43.257  -22.375  30.484 0.0000000000
44652  47.320  -23.973  30.645 0.0000000000
45584  47.440  -23.257  31.333 0.0000000000
128921  45.761  -22.180  31.903 0.0000000000
47276  44.497  -21.634  31.277 0.0000000000
48165  43.633  -21.111  30.154 0.0000000000
47284  45.015  -21.167  31.193 0.0000000000
65680  52.451  -0.408  10.194 0.0000000000
63119  49.317  -2.922  12.531 0.0000000000
64039  52.427  -2.318  10.348 0.0000000000
63134  53.576  -3.435  10.452 0.0000000000
63123  53.144  -3.590  11.160 0.0000000000
118187  53.393  -4.443  12.539 0.0000000000
62248  54.040  -4.852  12.738 0.0000000000
61319  52.594  -5.708  14.558 0.0000000000
61310  54.543  -5.559  15.271 0.0000000000
111974  54.731  -5.548  14.679 0.0000000000
61315  55.986  -5.788  14.749 0.0000000000
62282  56.721  -3.917  7.935 0.0000000000
115378  57.547  -3.586  7.318 0.0000000000
61345  57.098  -5.921  11.247 0.0000000000
109963  31.047  -36.221  41.792 0.0000000000
28627  17.524  -40.983  38.129 0.0000000000
123157  17.346  -41.542  38.653 0.0000000000
28615  17.481  -41.442  39.479 0.0000000000
49194  43.662  -19.302  25.006 0.0000000000
37202  31.802  -32.908  28.286 0.0000000000
37201  32.551  -32.899  28.490 0.0000000000
117254  32.708  -33.096  29.079 0.0000000000
36232  33.241  -33.490  31.104 0.0000000000
38059  24.576  -31.735  32.251 0.0000000000
37150  23.991  -31.732  32.010 0.0000000000
113218  24.815  -30.932  30.354 0.0000000000
38083  25.033  -31.262  30.993 0.0000000000
38070  24.487  -31.512  31.516 0.0000000000
34190  23.862  -34.822  39.631 0.0000000000
35155  23.716  -34.430  40.850 0.0000000000
34161  23.467  -35.004  42.979 0.0000000000
130413  51.957  -5.898  17.775 0.0000000000
61273  50.723  -5.798  19.191 0.0000000000
121326  48.715  -9.686  23.318 0.0000000000
57665  49.403  -9.417  23.622 0.0000000000
57654  48.872  -9.817  24.168 0.0000000000
54215  41.155  -13.167  17.755 0.0000000000
55116  41.848  -12.900  18.154 0.0000000000
54194  42.259  -13.479  19.973 0.0000000000
110482  36.382  -22.085  25.488 0.0000000000
46500  37.076  -22.149  25.923 0.0000000000
47326  36.388  -21.890  25.704 0.0000000000
46491  37.762  -22.013  26.491 0.0000000000
46490  38.378  -22.120  26.697 0.0000000000
46479  40.002  -22.226  27.861 0.0000000000
38068  40.813  -31.758  31.346 0.0000000000
39018  41.215  -31.101  31.444 0.0000000000
38057  41.969  -31.762  32.341 0.0000000000
39003  42.292  -30.907  32.393 0.0000000000
38989  42.906  -30.819  32.958 0.0000000000
61322  49.246  -5.677  14.575 0.0000000000
60370  51.172  -6.419  15.270 0.0000000000
117854  51.294  -6.729  15.801 0.0000000000
62266  54.947  -4.017  9.892 0.0000000000
34260  31.588  -35.474  34.825 0.0000000000
34244  31.722  -35.815  35.702 0.0000000000
115619  32.537  -35.770  36.892 0.0000000000
32309  19.993  -37.016  38.935 0.0000000000
32281  19.493  -37.347  40.452 0.0000000000
31300  18.534  -38.258  41.608 0.0000000000
59452  47.712  -7.564  15.494 0.0000000000
58620  47.263  -7.965  15.719 0.0000000000
58609  47.177  -8.203  16.124 0.0000000000
57732  46.096  -8.857  18.110 0.0000000000
58553  46.856  -9.076  19.353 0.0000000000
57713  47.211  -9.147  20.089 0.0000000000
57701  46.676  -9.812  20.494 0.0000000000
52496  40.724  -15.794  21.530 0.0000000000
50891  43.610  -16.913  25.954 0.0000000000
25934  14.474  -44.620  36.531 0.0000000000
132092  14.780  -44.299  36.815 0.0000000000
24997  14.440  -45.501  38.727 0.0000000000
52527  38.746  -15.642  18.389 0.0000000000
113477  39.641  -15.720  18.940 0.0000000000
51757  39.349  -16.873  19.468 0.0000000000
115639  39.275  -18.386  19.562 0.0000000000
50160  39.803  -19.057  20.007 0.0000000000
132434  41.377  -19.860  23.216 0.0000000000
49208  41.424  -19.898  23.914 0.0000000000
38162  34.539  -31.537  25.309 0.0000000000
37182  35.683  -32.699  29.059 0.0000000000
37198  35.382  -32.514  28.363 0.0000000000
37181  36.464  -32.649  29.178 0.0000000000
37162  37.515  -32.849  30.081 0.0000000000
37161  38.314  -32.784  30.284 0.0000000000
117658  39.134  -33.380  32.109 0.0000000000
36204  39.919  -33.508  32.661 0.0000000000
121350  34.453  -33.947  35.090 0.0000000000
36170  34.637  -33.775  34.316 0.0000000000
116964  35.670  -33.659  35.646 0.0000000000
127451  36.431  -33.526  36.018 0.0000000000
37061  39.685  -32.844  37.819 0.0000000000
37073  40.239  -32.649  36.428 0.0000000000
35182  28.121  -34.776  39.169 0.0000000000
35168  28.218  -34.332  40.093 0.0000000000
35183  27.469  -34.239  38.702 0.0000000000
35184  26.856  -33.687  38.219 0.0000000000
117045  23.849  -32.470  34.926 0.0000000000
37077  23.796  -32.532  35.850 0.0000000000
35213  23.749  -34.827  36.637 0.0000000000
33386  23.328  -36.609  30.186 0.0000000000
31436  22.503  -38.358  31.680 0.0000000000
31420  22.634  -38.241  32.364 0.0000000000
32388  23.041  -37.834  32.794 0.0000000000
32356  23.211  -37.179  34.208 0.0000000000
32331  21.403  -37.312  35.923 0.0000000000
32344  21.350  -37.603  35.260 0.0000000000
30459  17.905  -39.845  34.090 0.0000000000
30443  17.768  -39.809  35.055 0.0000000000
36304  27.119  -32.871  28.039 0.0000000000
36303  27.815  -33.068  27.853 0.0000000000
35292  28.626  -34.394  30.359 0.0000000000
110128  28.974  -34.585  30.976 0.0000000000
34300  28.280  -35.534  32.401 0.0000000000
35247  26.514  -34.624  33.667 0.0000000000
34264  26.910  -35.389  34.174 0.0000000000
113570  27.475  -35.983  35.602 0.0000000000
34217  28.257  -36.214  36.905 0.0000000000
112739  28.457  -35.994  37.743 0.0000000000
26811  16.284  -43.301  40.837 0.0000000000
118821  16.423  -42.436  42.221 0.0000000000
110034  54.293  -4.362  21.254 0.0000000000
61226  55.056  -5.196  24.837 0.0000000000
59399  49.107  -6.863  19.091 0.0000000000
60314  49.652  -6.465  19.544 0.0000000000
59376  50.144  -6.787  21.822 0.0000000000
57651  51.205  -8.949  25.187 0.0000000000
58513  51.266  -7.977  24.122 0.0000000000
56847  42.871  -10.952  16.674 0.0000000000
55114  43.208  -12.211  18.959 0.0000000000
55964  43.834  -11.856  19.351 0.0000000000
55954  45.140  -11.276  20.907 0.0000000000
55944  45.235  -11.390  21.635 0.0000000000
119001  45.690  -11.359  23.068 0.0000000000
53275  42.098  -14.091  22.458 0.0000000000
48305  36.098  -20.816  19.985 0.0000000000
116759  36.927  -20.454  21.942 0.0000000000
126717  38.545  -20.371  26.187 0.0000000000
48217  39.241  -20.452  26.688 0.0000000000
125391  39.432  -19.924  25.722 0.0000000000
48230  40.114  -19.937  26.070 0.0000000000
121287  40.820  -19.878  25.653 0.0000000000
114093  40.799  -20.059  26.363 0.0000000000
110985  42.109  -20.660  27.650 0.0000000000
48187  43.607  -20.830  28.440 0.0000000000
40920  39.902  -28.833  28.916 0.0000000000
40934  39.604  -28.481  28.352 0.0000000000
40933  40.152  -28.136  28.762 0.0000000000
41872  39.461  -27.389  27.490 0.0000000000
41890  39.180  -27.062  26.789 0.0000000000
42813  39.651  -26.639  27.271 0.0000000000
42812  40.224  -26.270  27.701 0.0000000000
43732  40.787  -25.880  28.115 0.0000000000
38974  45.643  -30.017  35.406 0.0000000000
39899  45.496  -29.591  34.671 0.0000000000
40856  45.678  -28.926  34.242 0.0000000000
42752  44.555  -26.382  31.035 0.0000000000
43704  43.717  -25.968  30.185 0.0000000000
43703  44.475  -25.926  30.479 0.0000000000
43715  44.366  -25.304  29.724 0.0000000000
44664  43.925  -24.722  29.118 0.0000000000
45611  43.295  -23.486  28.806 0.0000000000
44663  44.934  -23.882  29.466 0.0000000000
45601  45.325  -23.538  29.907 0.0000000000
63118  50.317  -3.252  12.588 0.0000000000
63124  52.474  -3.473  11.647 0.0000000000
62249  53.528  -4.821  13.092 0.0000000000
127223  53.063  -6.085  15.636 0.0000000000
110856  53.840  -5.755  15.646 0.0000000000
61302  54.863  -5.373  16.166 0.0000000000
61301  56.074  -5.059  16.305 0.0000000000
61291  55.616  -4.956  17.156 0.0000000000
62271  57.709  -4.744  8.385 0.0000000000
61379  58.440  -5.062  8.774 0.0000000000
60395  56.640  -6.230  12.024 0.0000000000
132446  58.165  -6.731  14.073 0.0000000000
122185  31.170  -36.869  38.079 0.0000000000
33270  31.837  -36.600  37.887 0.0000000000
33251  31.667  -36.745  38.760 0.0000000000
33210  31.791  -36.187  41.542 0.0000000000
31336  18.318  -38.516  38.533 0.0000000000
31337  17.962  -38.910  39.164 0.0000000000
31323  17.873  -38.894  39.989 0.0000000000
30388  17.777  -39.759  39.300 0.0000000000
31310  17.890  -38.911  41.132 0.0000000000
30348  17.970  -39.480  43.816 0.0000000000
129731  45.426  -8.403  15.519 0.0000000000
58622  45.245  -8.845  15.876 0.0000000000
57750  45.000  -9.301  16.427 0.0000000000
57734  44.708  -9.828  17.066 0.0000000000
50940  42.132  -17.424  22.782 0.0000000000
127873  43.831  -17.827  25.261 0.0000000000
24086  12.969  -46.878  36.097 0.0000000000
23060  12.988  -47.634  37.911 0.0000000000
110273  12.632  -48.205  37.113 0.0000000000
118344  12.733  -48.349  38.109 0.0000000000
50178  38.705  -19.221  19.240 0.0000000000
49291  38.868  -19.947  19.609 0.0000000000
48301  39.431  -20.309  20.745 0.0000000000
37200  33.743  -32.681  28.179 0.0000000000
37185  33.222  -32.898  28.721 0.0000000000
37184  33.992  -32.882  28.897 0.0000000000
37183  34.852  -32.777  29.004 0.0000000000
36269  35.227  -32.961  29.742 0.0000000000
36247  35.810  -33.116  30.485 0.0000000000
36229  35.997  -33.271  31.459 0.0000000000
35223  26.515  -34.172  35.613 0.0000000000
37104  24.530  -32.332  34.929 0.0000000000
37119  24.096  -32.300  33.641 0.0000000000
37105  24.036  -32.331  34.554 0.0000000000
37106  23.903  -32.517  34.119 0.0000000000
130396  23.517  -33.825  33.752 0.0000000000
31437  21.620  -38.566  31.490 0.0000000000
118107  20.998  -38.720  32.643 0.0000000000
30481  20.184  -39.032  32.440 0.0000000000
129569  26.235  -31.674  28.943 0.0000000000
35294  27.108  -34.223  30.500 0.0000000000
36254  26.580  -33.576  30.747 0.0000000000
37148  26.023  -32.589  31.465 0.0000000000
36213  26.335  -33.728  32.463 0.0000000000
35235  26.501  -34.499  34.599 0.0000000000
62211  53.807  -4.569  18.755 0.0000000000
62184  53.006  -4.525  19.702 0.0000000000
61271  52.336  -4.863  19.476 0.0000000000
61242  52.001  -5.532  22.038 0.0000000000
58533  49.184  -8.121  21.712 0.0000000000
57664  50.085  -9.087  23.972 0.0000000000
55105  43.459  -12.347  19.710 0.0000000000
117612  43.769  -12.555  21.119 0.0000000000
53258  42.201  -14.680  24.868 0.0000000000
111036  35.106  -20.527  23.190 0.0000000000
111037  36.215  -20.301  22.945 0.0000000000
126501  35.662  -20.521  23.749 0.0000000000
48244  36.349  -20.658  25.044 0.0000000000
47325  37.201  -21.849  26.209 0.0000000000
48219  37.557  -21.245  26.429 0.0000000000
131135  37.993  -20.753  26.389 0.0000000000
48204  38.956  -21.402  27.363 0.0000000000
47301  41.122  -21.735  29.042 0.0000000000
39059  37.899  -31.012  28.104 0.0000000000
39074  38.179  -30.072  27.732 0.0000000000
39058  38.652  -30.307  28.409 0.0000000000
39973  39.603  -29.479  28.958 0.0000000000
39031  40.716  -30.805  30.880 0.0000000000
39042  40.332  -30.141  30.096 0.0000000000
39972  40.136  -29.346  29.487 0.0000000000
132170  41.268  -28.475  30.505 0.0000000000
40905  41.804  -28.281  31.001 0.0000000000
61336  49.710  -5.026  14.167 0.0000000000
62241  51.962  -4.740  13.560 0.0000000000
117848  52.069  -5.364  14.208 0.0000000000
61312  52.526  -6.137  15.243 0.0000000000
61303  53.213  -6.026  16.375 0.0000000000
63152  56.614  -3.080  7.581 0.0000000000
123307  55.603  -3.383  8.436 0.0000000000
63144  56.140  -3.511  8.076 0.0000000000
111526  56.915  -4.486  8.488 0.0000000000
61361  57.397  -4.933  9.053 0.0000000000
61351  57.629  -5.563  10.424 0.0000000000
61340  55.254  -5.690  12.797 0.0000000000
36233  31.837  -33.782  31.174 0.0000000000
36212  31.974  -34.002  31.967 0.0000000000
35245  32.457  -34.292  33.247 0.0000000000
35232  33.342  -34.304  34.379 0.0000000000
34259  32.214  -34.965  34.699 0.0000000000
35222  32.839  -34.714  34.917 0.0000000000
35221  33.670  -34.421  35.216 0.0000000000
35220  34.296  -34.273  35.725 0.0000000000
36124  34.597  -34.338  36.482 0.0000000000
33250  32.451  -36.351  38.471 0.0000000000
110068  33.175  -35.766  38.162 0.0000000000
34200  33.788  -35.473  38.772 0.0000000000
131264  23.663  -32.090  29.802 0.0000000000
33256  22.871  -36.215  38.542 0.0000000000
33237  22.479  -35.960  39.661 0.0000000000
33217  21.651  -36.189  41.581 0.0000000000
33197  21.964  -36.477  42.836 0.0000000000
32297  18.757  -37.753  39.053 0.0000000000
32269  19.790  -37.485  41.567 0.0000000000
59434  48.876  -7.439  17.151 0.0000000000
59400  48.636  -7.290  19.578 0.0000000000
58551  48.328  -7.753  19.980 0.0000000000
58586  46.978  -8.316  16.862 0.0000000000
58543  48.392  -8.132  20.614 0.0000000000
58534  48.563  -8.550  21.348 0.0000000000
57684  48.235  -9.273  21.739 0.0000000000
56761  47.457  -10.566  24.332 0.0000000000
53311  40.678  -14.801  19.313 0.0000000000
53310  41.234  -14.440  19.855 0.0000000000
52495  41.031  -15.323  21.923 0.0000000000
115599  41.657  -15.737  23.783 0.0000000000
129556  41.984  -15.995  24.238 0.0000000000
46528  37.204  -22.707  23.894 0.0000000000
125199  39.596  -23.687  25.293 0.0000000000
37102  44.016  -32.815  35.100 0.0000000000
129242  48.165  -4.932  14.112 0.0000000000
61323  48.416  -5.599  14.474 0.0000000000
117324  54.243  -1.103  8.916 0.0000000000
64892  53.436  -1.269  9.340 0.0000000000
27751  15.961  -42.854  37.278 0.0000000000
127512  16.213  -43.120  38.566 0.0000000000
25922  15.222  -44.075  37.945 0.0000000000
26821  15.832  -43.758  39.388 0.0000000000
26812  15.831  -43.865  40.294 0.0000000000
26806  15.691  -43.928  41.255 0.0000000000
25014  13.890  -45.798  37.373 0.0000000000
24998  14.031  -45.826  38.158 0.0000000000
131785  15.122  -44.470  41.634 0.0000000000
54216  40.400  -13.315  17.391 0.0000000000
53325  40.408  -14.472  18.433 0.0000000000
51758  38.696  -16.910  18.928 0.0000000000
50970  39.581  -17.435  19.824 0.0000000000
50957  40.582  -17.265  21.170 0.0000000000
49207  42.764  -19.324  23.952 0.0000000000
48212  44.431  -20.166  26.241 0.0000000000
39105  36.276  -30.616  25.750 0.0000000000
39089  36.805  -30.718  26.570 0.0000000000
38140  34.373  -31.846  26.033 0.0000000000
37213  35.405  -32.054  27.125 0.0000000000
116607  35.566  -31.697  26.500 0.0000000000
38139  36.726  -31.425  27.144 0.0000000000
120246  38.380  -31.104  28.654 0.0000000000
38082  39.569  -31.728  30.237 0.0000000000
37160  39.124  -32.607  30.497 0.0000000000
37159  39.763  -32.372  30.788 0.0000000000
37144  40.964  -32.443  31.823 0.0000000000
37131  41.553  -32.677  32.434 0.0000000000
37117  42.058  -33.157  33.226 0.0000000000
117302  32.667  -33.706  31.721 0.0000000000
115195  33.595  -33.597  32.071 0.0000000000
116766  34.495  -33.499  32.090 0.0000000000
36187  34.898  -33.604  33.445 0.0000000000
130371  34.892  -33.514  32.661 0.0000000000
117673  35.315  -33.421  32.038 0.0000000000
36208  36.117  -33.371  32.304 0.0000000000
36207  36.840  -33.354  32.568 0.0000000000
36122  37.029  -33.473  36.858 0.0000000000
118869  37.443  -33.329  35.983 0.0000000000
36145  36.960  -33.359  35.203 0.0000000000
36168  37.223  -33.339  34.424 0.0000000000
111311  37.379  -33.359  33.665 0.0000000000
36206  37.501  -33.354  32.912 0.0000000000
112441  38.821  -33.352  33.785 0.0000000000
36185  39.550  -33.491  33.387 0.0000000000
36165  40.717  -33.566  34.212 0.0000000000
37088  40.606  -32.872  35.583 0.0000000000
129115  41.001  -33.359  34.864 0.0000000000
36164  41.823  -33.631  34.408 0.0000000000
36163  42.690  -33.492  34.651 0.0000000000
36140  43.346  -33.219  35.238 0.0000000000
35121  28.968  -34.326  42.906 0.0000000000
35135  28.505  -33.725  42.347 0.0000000000
35152  28.373  -33.912  41.101 0.0000000000
36069  25.749  -32.328  41.045 0.0000000000
36125  26.161  -33.315  36.351 0.0000000000
36110  26.272  -33.119  37.708 0.0000000000
36097  26.230  -32.797  38.589 0.0000000000
37062  24.867  -32.195  37.082 0.0000000000
37048  25.407  -32.455  38.040 0.0000000000
37024  25.734  -32.344  39.846 0.0000000000
37025  25.294  -32.373  40.259 0.0000000000
37037  24.903  -32.598  40.080 0.0000000000
36085  24.456  -33.205  39.986 0.0000000000
34203  23.757  -35.380  38.863 0.0000000000
37167  23.590  -32.610  30.345 0.0000000000
36255  23.510  -33.255  31.029 0.0000000000
129182  23.489  -33.878  31.547 0.0000000000
119373  23.470  -33.877  32.309 0.0000000000
112229  23.532  -34.555  33.779 0.0000000000
33376  23.488  -36.603  31.216 0.0000000000
32405  23.376  -37.404  31.594 0.0000000000
34283  23.570  -35.776  32.805 0.0000000000
34265  23.580  -34.951  34.475 0.0000000000
112687  23.642  -35.288  35.140 0.0000000000
122336  23.655  -35.689  36.333 0.0000000000
33275  23.275  -36.203  37.618 0.0000000000
33277  21.568  -36.777  37.885 0.0000000000
33278  20.808  -37.000  37.317 0.0000000000
125521  21.342  -37.049  36.621 0.0000000000
32322  19.369  -37.701  37.217 0.0000000000
31347  18.847  -38.093  37.246 0.0000000000
129431  20.034  -38.633  34.215 0.0000000000
123916  19.407  -38.513  35.034 0.0000000000
132780  19.086  -38.553  35.475 0.0000000000
31362  18.557  -38.606  36.851 0.0000000000
30414  17.702  -39.854  36.872 0.0000000000
29566  17.316  -40.447  36.255 0.0000000000
118853  17.352  -40.561  36.954 0.0000000000
28648  16.981  -41.074  36.665 0.0000000000
128504  16.571  -41.675  36.351 0.0000000000
27768  16.168  -42.162  36.140 0.0000000000
28659  16.056  -41.929  34.905 0.0000000000
27760  15.749  -42.806  36.369 0.0000000000
25945  14.344  -44.483  35.690 0.0000000000
37260  31.874  -32.266  25.789 0.0000000000
37240  31.277  -32.448  26.404 0.0000000000
37261  30.367  -32.272  25.314 0.0000000000
37217  31.449  -32.677  27.428 0.0000000000
37203  31.061  -32.937  28.182 0.0000000000
36288  31.215  -33.186  28.869 0.0000000000
37242  28.416  -32.444  26.442 0.0000000000
117353  28.968  -32.618  27.070 0.0000000000
36302  28.762  -32.968  27.778 0.0000000000
36301  29.663  -32.903  27.874 0.0000000000
36274  30.570  -33.482  29.433 0.0000000000
36234  30.984  -33.954  30.986 0.0000000000
34278  30.919  -34.891  33.205 0.0000000000
35261  29.822  -34.809  32.036 0.0000000000
34298  30.077  -35.156  32.819 0.0000000000
34261  30.601  -35.882  34.624 0.0000000000
33306  30.368  -36.420  35.441 0.0000000000
117021  30.135  -36.714  36.097 0.0000000000
34321  27.208  -34.893  31.793 0.0000000000
33343  28.026  -36.269  33.718 0.0000000000
34263  27.498  -35.985  33.873 0.0000000000
33328  27.970  -36.428  34.371 0.0000000000
33342  28.569  -36.366  34.058 0.0000000000
121906  29.171  -36.645  35.079 0.0000000000
33290  30.299  -36.820  36.838 0.0000000000
33272  30.468  -36.874  37.770 0.0000000000
131376  29.428  -36.364  38.710 0.0000000000
114107  17.070  -42.102  39.093 0.0000000000
28603  17.468  -41.333  40.344 0.0000000000
28604  17.059  -41.935  40.845 0.0000000000
121951  17.244  -41.124  41.223 0.0000000000
60327  50.322  -6.232  18.432 0.0000000000
60313  50.273  -5.984  19.955 0.0000000000
61251  51.404  -5.632  21.277 0.0000000000
59366  49.780  -7.614  22.133 0.0000000000
59365  50.482  -7.195  22.590 0.0000000000
59364  51.226  -6.740  23.124 0.0000000000
57722  45.001  -10.021  17.985 0.0000000000
56809  45.655  -10.904  21.289 0.0000000000
56808  46.290  -10.607  21.801 0.0000000000
55065  44.309  -12.283  21.845 0.0000000000
55039  43.386  -12.784  25.224 0.0000000000
55066  44.014  -12.572  22.878 0.0000000000
55898  45.846  -11.448  24.758 0.0000000000
55897  46.512  -11.051  24.307 0.0000000000
55886  47.008  -10.919  25.072 0.0000000000
48324  38.403  -20.410  19.797 0.0000000000
48302  38.653  -20.520  20.521 0.0000000000
48282  39.683  -20.403  21.595 0.0000000000
48284  38.046  -20.531  21.836 0.0000000000
125311  38.174  -19.894  24.003 0.0000000000
48272  38.420  -20.227  22.854 0.0000000000
123402  38.911  -20.502  22.004 0.0000000000
113135  40.724  -19.979  23.498 0.0000000000
49195  42.328  -19.966  25.036 0.0000000000
48229  41.596  -20.062  25.748 0.0000000000
48199  44.722  -20.648  27.006 0.0000000000
40028  37.553  -29.323  26.443 0.0000000000
40976  38.370  -28.208  26.579 0.0000000000
40996  38.014  -27.872  25.898 0.0000000000
43819  38.438  -24.911  23.954 0.0000000000
42846  39.170  -25.997  25.852 0.0000000000
117038  38.877  -24.964  24.603 0.0000000000
44719  39.312  -24.675  25.095 0.0000000000
44718  40.177  -23.751  25.884 0.0000000000
38040  43.899  -31.598  33.997 0.0000000000
39001  43.209  -29.966  33.039 0.0000000000
38987  44.418  -30.234  34.090 0.0000000000
39929  42.946  -29.297  32.611 0.0000000000
40874  42.738  -28.667  32.127 0.0000000000
40891  42.475  -28.083  31.559 0.0000000000
41822  42.210  -27.445  30.884 0.0000000000
128610  45.422  -28.489  33.671 0.0000000000
127027  45.782  -27.789  33.271 0.0000000000
112055  45.274  -27.517  32.809 0.0000000000
41788  44.636  -27.783  32.734 0.0000000000
41789  43.947  -27.824  32.466 0.0000000000
41805  42.918  -27.411  31.494 0.0000000000
42755  41.740  -27.013  30.160 0.0000000000
42790  41.088  -26.257  28.802 0.0000000000
43731  41.489  -25.527  28.384 0.0000000000
43717  42.613  -25.676  29.302 0.0000000000
43750  41.172  -25.095  27.699 0.0000000000
44689  40.822  -24.667  27.033 0.0000000000
45631  40.471  -23.377  26.456 0.0000000000
45620  40.722  -22.903  27.172 0.0000000000
46478  40.816  -22.445  28.186 0.0000000000
45612  42.498  -23.250  28.496 0.0000000000
127979  41.167  -22.311  28.940 0.0000000000
46460  41.428  -22.096  29.263 0.0000000000
47294  41.732  -21.920  29.576 0.0000000000
47293  42.328  -21.696  29.934 0.0000000000
44653  46.535  -23.888  30.257 0.0000000000
45594  45.866  -23.346  30.486 0.0000000000
114793  46.421  -22.534  31.867 0.0000000000
45585  45.638  -22.604  31.463 0.0000000000
45595  44.752  -22.683  30.963 0.0000000000
46449  43.233  -22.094  30.736 0.0000000000
47286  42.998  -21.622  30.393 0.0000000000
48177  42.896  -21.055  29.539 0.0000000000
131588  43.733  -20.828  29.349 0.0000000000
131966  44.302  -20.830  28.751 0.0000000000
48176  45.582  -20.795  29.396 0.0000000000
48186  45.095  -20.886  28.529 0.0000000000
65691  53.038  -0.592  9.726 0.0000000000
64046  52.840  -1.862  9.734 0.0000000000
116205  54.509  -4.484  11.404 0.0000000000
61348  54.730  -5.020  12.254 0.0000000000
61332  53.361  -5.113  13.644 0.0000000000
61331  53.917  -5.363  14.004 0.0000000000
127529  54.428  -5.401  13.634 0.0000000000
61330  55.017  -5.650  13.513 0.0000000000
61300  57.080  -4.904  16.575 0.0000000000
27741  16.111  -42.993  38.065 0.0000000000
30399  18.134  -39.022  37.925 0.0000000000
33307  29.601  -36.688  35.607 0.0000000000
33327  28.569  -36.576  34.810 0.0000000000
34302  26.948  -35.004  32.420 0.0000000000
35154  24.075  -33.659  41.255 0.0000000000
35185  24.035  -34.537  38.943 0.0000000000
35234  31.826  -34.961  34.265 0.0000000000
35244  33.104  -34.159  33.699 0.0000000000
35290  30.216  -34.140  30.719 0.0000000000
35293  27.810  -34.459  30.350 0.0000000000
35307  29.106  -34.029  29.792 0.0000000000
36146  36.151  -33.485  35.105 0.0000000000
36183  41.798  -33.548  33.684 0.0000000000
36186  38.147  -33.353  33.348 0.0000000000
36236  26.047  -32.939  32.175 0.0000000000
37074  39.564  -32.782  36.942 0.0000000000
37090  39.024  -32.911  35.769 0.0000000000
37092  24.043  -32.200  35.376 0.0000000000
38067  41.394  -31.801  31.842 0.0000000000
38110  37.933  -31.625  28.619 0.0000000000
38111  37.367  -31.839  28.296 0.0000000000
39043  39.710  -30.796  29.844 0.0000000000
39057  39.254  -30.130  28.915 0.0000000000
39898  46.029  -29.520  35.113 0.0000000000
40012  38.450  -29.285  27.480 0.0000000000
40013  37.835  -29.686  27.095 0.0000000000
40935  39.099  -28.977  27.938 0.0000000000
40955  39.283  -28.175  27.702 0.0000000000
41776  45.187  -28.112  33.225 0.0000000000
41839  41.123  -27.346  29.761 0.0000000000
41854  39.779  -27.756  28.167 0.0000000000
42740  43.398  -26.872  31.253 0.0000000000
42754  42.447  -26.715  30.425 0.0000000000
42791  40.536  -26.628  28.388 0.0000000000
44662  45.543  -23.987  29.667 0.0000000000
44675  43.567  -24.133  28.681 0.0000000000
46439  45.764  -21.718  31.894 0.0000000000
46448  44.055  -22.120  31.171 0.0000000000
46458  42.818  -22.295  30.253 0.0000000000
46469  40.798  -22.093  28.792 0.0000000000
47318  37.865  -21.845  26.717 0.0000000000
48200  44.022  -20.904  27.431 0.0000000000
48323  38.986  -20.284  20.141 0.0000000000
56793  47.355  -10.243  22.830 0.0000000000
56877  42.748  -9.744  15.648 0.0000000000
109835  32.458  -35.523  36.098 0.0000000000
112442  40.311  -33.556  33.481 0.0000000000
112563  37.307  -20.205  22.951 0.0000000000
113599  44.991  -11.877  23.987 0.0000000000
114481  29.514  -35.618  33.197 0.0000000000
117698  40.910  -29.856  30.712 0.0000000000
118095  39.305  -22.051  27.541 0.0000000000
121374  37.348  -30.046  26.680 0.0000000000
125061  29.314  -32.751  27.473 0.0000000000
125218  32.531  -33.575  30.918 0.0000000000
125758  40.822  -21.261  28.414 0.0000000000
126891  34.779  -32.192  27.152 0.0000000000
128080  33.069  -32.725  28.108 0.0000000000
128368  37.142  -33.009  30.438 0.0000000000
128976  44.505  -20.995  30.622 0.0000000000
129749  44.543  -24.472  29.348 0.0000000000
129843  39.152  -33.216  31.470 0.0000000000
130333  33.044  -33.731  32.333 0.0000000000
132762  26.374  -33.459  37.008 0.0000000000
