#!ascii label  , from subject sub-v2s9x29154_ses-1 vox2ras=TkReg
913
36019  13.464  -33.480  47.380 0.0000000000
34309  6.019  -35.478  32.309 0.0000000000
30354  7.838  -39.352  41.572 0.0000000000
125527  4.404  -31.727  41.619 0.0000000000
42692  9.448  -26.418  37.592 0.0000000000
33160  10.883  -35.953  45.694 0.0000000000
118984  8.239  -34.075  47.312 0.0000000000
36032  17.689  -33.674  45.755 0.0000000000
33174  15.083  -37.521  43.954 0.0000000000
29517  11.368  -40.468  41.201 0.0000000000
114362  6.844  -27.186  45.513 0.0000000000
38916  9.739  -30.566  40.227 0.0000000000
44550  6.778  -24.785  41.588 0.0000000000
28641  7.237  -41.288  38.277 0.0000000000
120874  9.267  -37.837  37.968 0.0000000000
34147  6.479  -36.312  42.773 0.0000000000
121486  6.551  -30.692  46.701 0.0000000000
36155  10.375  -33.354  35.935 0.0000000000
38984  5.352  -30.249  34.903 0.0000000000
41798  8.112  -28.148  31.889 0.0000000000
45565  8.108  -23.551  34.681 0.0000000000
34110  11.844  -35.684  46.350 0.0000000000
35095  11.057  -34.185  47.731 0.0000000000
124692  16.549  -33.861  47.361 0.0000000000
34125  16.224  -35.867  45.424 0.0000000000
33152  14.885  -36.570  46.284 0.0000000000
32227  13.123  -37.519  45.545 0.0000000000
110508  6.737  -25.976  42.715 0.0000000000
29531  7.294  -40.305  39.958 0.0000000000
31312  7.155  -38.483  40.483 0.0000000000
32261  6.560  -37.472  42.598 0.0000000000
37943  8.100  -31.321  49.071 0.0000000000
36025  6.964  -32.353  47.352 0.0000000000
29508  9.503  -40.138  42.068 0.0000000000
27716  9.457  -42.224  40.410 0.0000000000
28608  8.152  -41.752  40.249 0.0000000000
26826  7.578  -43.100  38.883 0.0000000000
131181  7.880  -34.721  39.790 0.0000000000
34221  11.216  -34.979  37.250 0.0000000000
129979  6.544  -33.800  38.035 0.0000000000
39861  10.894  -29.136  38.670 0.0000000000
38941  8.274  -30.910  37.424 0.0000000000
39878  9.688  -29.884  36.153 0.0000000000
40868  6.957  -28.606  33.287 0.0000000000
40849  10.279  -28.190  34.627 0.0000000000
32246  9.271  -37.709  43.429 0.0000000000
33167  8.393  -36.113  44.286 0.0000000000
34118  9.550  -35.433  45.561 0.0000000000
122807  9.796  -32.882  48.455 0.0000000000
118600  18.697  -32.633  44.532 0.0000000000
122748  17.353  -32.298  41.154 0.0000000000
36042  16.780  -33.869  43.998 0.0000000000
34163  15.126  -35.449  42.144 0.0000000000
31287  12.762  -38.495  42.204 0.0000000000
31271  11.468  -38.936  43.004 0.0000000000
38898  7.083  -30.333  43.806 0.0000000000
117352  7.172  -31.277  41.041 0.0000000000
40726  8.230  -29.138  43.360 0.0000000000
41697  7.776  -26.666  41.185 0.0000000000
42683  7.887  -25.879  39.518 0.0000000000
37957  14.873  -31.713  46.938 0.0000000000
38900  21.203  -30.172  42.786 0.0000000000
38880  21.937  -30.034  45.459 0.0000000000
118326  19.298  -32.662  46.294 0.0000000000
37949  16.928  -31.804  47.807 0.0000000000
113862  7.477  -42.958  36.156 0.0000000000
29583  8.304  -40.771  36.360 0.0000000000
31352  7.459  -39.422  38.484 0.0000000000
32284  8.641  -36.655  40.390 0.0000000000
35143  6.321  -34.418  41.577 0.0000000000
34121  6.681  -34.636  44.742 0.0000000000
36037  5.608  -33.264  44.344 0.0000000000
37985  4.552  -31.594  43.269 0.0000000000
39799  6.316  -29.739  46.368 0.0000000000
31394  9.995  -38.864  35.136 0.0000000000
33332  11.254  -36.813  33.899 0.0000000000
35269  9.834  -34.210  32.616 0.0000000000
38017  6.596  -32.185  38.077 0.0000000000
37112  7.478  -31.894  34.589 0.0000000000
37139  7.557  -31.833  32.164 0.0000000000
39025  5.683  -29.995  31.496 0.0000000000
40914  5.380  -28.026  30.075 0.0000000000
46344  7.815  -22.958  40.036 0.0000000000
44593  7.767  -24.832  37.726 0.0000000000
47216  7.594  -22.413  35.746 0.0000000000
43663  8.575  -24.887  36.086 0.0000000000
43667  10.476  -25.643  34.254 0.0000000000
35093  12.959  -34.413  47.207 0.0000000000
36020  12.526  -33.655  47.291 0.0000000000
36027  13.057  -32.926  47.087 0.0000000000
35091  15.062  -34.477  47.506 0.0000000000
34103  15.434  -35.286  47.036 0.0000000000
34104  14.458  -35.289  47.174 0.0000000000
34109  12.833  -35.903  46.571 0.0000000000
33366  5.530  -36.404  31.821 0.0000000000
35286  5.273  -34.915  31.453 0.0000000000
129131  7.365  -39.310  41.125 0.0000000000
30370  7.190  -39.158  40.871 0.0000000000
31290  7.321  -38.566  42.220 0.0000000000
38001  18.400  -31.550  40.542 0.0000000000
30353  8.694  -39.827  41.882 0.0000000000
29520  8.770  -40.757  41.227 0.0000000000
29521  8.163  -40.496  40.736 0.0000000000
29530  7.629  -40.556  40.295 0.0000000000
36073  5.883  -33.663  39.956 0.0000000000
35190  7.782  -34.420  38.894 0.0000000000
36088  5.966  -33.198  39.408 0.0000000000
41727  10.369  -27.840  38.097 0.0000000000
111228  10.735  -29.635  37.285 0.0000000000
40819  10.745  -28.590  36.239 0.0000000000
40833  10.348  -28.696  35.322 0.0000000000
127480  10.671  -27.732  36.312 0.0000000000
32235  9.913  -36.755  44.223 0.0000000000
114655  9.381  -36.102  44.499 0.0000000000
33161  10.447  -35.715  45.816 0.0000000000
36022  10.391  -33.525  48.254 0.0000000000
37951  9.386  -31.571  48.080 0.0000000000
36035  18.216  -33.301  45.592 0.0000000000
36047  17.240  -33.175  43.449 0.0000000000
35112  16.928  -34.152  44.966 0.0000000000
33165  15.513  -37.116  44.159 0.0000000000
34145  15.519  -35.932  43.003 0.0000000000
33185  14.762  -37.040  43.003 0.0000000000
32244  13.925  -38.026  43.752 0.0000000000
32228  12.010  -36.897  45.473 0.0000000000
31261  12.132  -38.336  43.774 0.0000000000
31262  11.121  -38.106  43.654 0.0000000000
31272  10.552  -38.874  42.947 0.0000000000
40718  7.446  -28.734  44.698 0.0000000000
39815  7.709  -29.696  43.816 0.0000000000
41666  7.467  -27.736  44.406 0.0000000000
117173  6.695  -25.339  41.928 0.0000000000
115220  7.070  -26.252  42.125 0.0000000000
43562  7.201  -26.005  41.077 0.0000000000
42658  7.569  -26.200  40.548 0.0000000000
43581  7.207  -25.338  40.780 0.0000000000
37963  19.941  -32.095  45.974 0.0000000000
28652  7.342  -41.565  37.460 0.0000000000
28651  7.476  -41.464  36.902 0.0000000000
29558  7.233  -40.425  37.961 0.0000000000
33223  6.716  -37.310  41.929 0.0000000000
120669  7.969  -37.700  40.238 0.0000000000
33200  7.408  -36.114  41.674 0.0000000000
34182  7.828  -35.581  41.247 0.0000000000
34166  6.740  -35.264  42.240 0.0000000000
34128  7.996  -35.468  44.718 0.0000000000
33168  7.302  -35.999  44.083 0.0000000000
35108  7.483  -33.963  46.351 0.0000000000
130578  6.791  -31.208  46.901 0.0000000000
37008  6.020  -32.321  45.603 0.0000000000
125475  6.050  -31.778  45.661 0.0000000000
124655  5.177  -32.182  44.299 0.0000000000
38870  6.127  -30.858  45.941 0.0000000000
119915  5.739  -30.847  45.288 0.0000000000
39791  6.271  -29.930  46.790 0.0000000000
36071  16.223  -32.969  40.937 0.0000000000
37040  16.797  -32.451  39.671 0.0000000000
29516  12.071  -40.085  40.750 0.0000000000
29538  12.070  -41.127  39.920 0.0000000000
28605  11.319  -41.486  40.294 0.0000000000
26813  8.404  -43.041  39.713 0.0000000000
26822  10.013  -43.064  39.487 0.0000000000
28630  7.388  -41.976  38.516 0.0000000000
27754  7.288  -42.292  37.859 0.0000000000
31364  8.869  -39.113  37.015 0.0000000000
29582  9.163  -40.414  35.405 0.0000000000
32336  9.613  -38.246  36.754 0.0000000000
36133  10.383  -33.688  36.832 0.0000000000
33314  11.478  -35.904  35.114 0.0000000000
35228  11.537  -34.304  34.986 0.0000000000
34287  11.016  -35.295  33.105 0.0000000000
36179  10.853  -33.229  34.264 0.0000000000
132817  8.948  -30.757  41.115 0.0000000000
38011  6.405  -32.068  38.849 0.0000000000
38015  7.923  -31.422  38.751 0.0000000000
38968  6.026  -30.095  35.777 0.0000000000
124823  6.062  -31.239  35.750 0.0000000000
38036  5.675  -30.738  35.350 0.0000000000
38044  8.090  -31.664  33.524 0.0000000000
38053  6.388  -30.794  33.394 0.0000000000
38074  6.543  -31.272  31.660 0.0000000000
38997  5.553  -30.103  33.518 0.0000000000
112615  7.788  -28.434  32.636 0.0000000000
112613  5.750  -28.455  31.339 0.0000000000
118543  6.303  -27.593  30.516 0.0000000000
111244  8.009  -22.213  39.461 0.0000000000
110045  8.060  -23.272  39.106 0.0000000000
116679  8.067  -23.292  38.166 0.0000000000
46412  7.239  -22.473  34.508 0.0000000000
128468  7.242  -22.904  34.904 0.0000000000
44624  7.484  -23.951  35.851 0.0000000000
44630  8.274  -24.062  35.065 0.0000000000
43661  10.330  -25.800  35.082 0.0000000000
44629  9.196  -24.145  34.632 0.0000000000
114256  11.228  -36.016  45.869 0.0000000000
34117  11.183  -35.885  46.041 0.0000000000
121255  11.798  -35.143  46.721 0.0000000000
35088  17.386  -34.023  46.391 0.0000000000
35106  16.770  -34.922  45.679 0.0000000000
34115  16.359  -35.597  45.976 0.0000000000
34116  15.773  -36.439  45.783 0.0000000000
32225  15.089  -37.470  45.225 0.0000000000
124565  13.901  -37.993  44.673 0.0000000000
33158  13.341  -37.021  45.982 0.0000000000
33159  12.239  -36.530  45.897 0.0000000000
43515  6.143  -25.312  45.478 0.0000000000
42604  6.709  -26.153  43.671 0.0000000000
44525  6.146  -24.942  44.100 0.0000000000
45459  5.938  -23.819  43.393 0.0000000000
45467  6.070  -23.393  42.745 0.0000000000
125506  7.156  -40.339  39.409 0.0000000000
30392  7.065  -40.011  39.086 0.0000000000
31327  7.191  -39.121  40.199 0.0000000000
31313  7.030  -38.551  41.122 0.0000000000
33202  6.515  -37.157  42.523 0.0000000000
36013  7.706  -32.697  48.678 0.0000000000
35098  7.337  -33.437  47.308 0.0000000000
125567  7.445  -31.863  48.940 0.0000000000
37945  7.338  -31.170  48.517 0.0000000000
38853  7.093  -29.969  47.878 0.0000000000
39784  6.713  -29.248  47.941 0.0000000000
29507  10.277  -40.356  41.933 0.0000000000
28593  10.862  -41.145  41.001 0.0000000000
29519  9.508  -40.742  41.583 0.0000000000
27708  8.629  -41.790  40.573 0.0000000000
27718  8.260  -42.328  40.035 0.0000000000
26825  7.786  -43.368  39.171 0.0000000000
27719  7.872  -42.206  39.790 0.0000000000
29539  7.247  -41.008  39.567 0.0000000000
33261  9.868  -36.280  39.041 0.0000000000
33281  10.554  -36.748  37.350 0.0000000000
35189  9.774  -34.825  38.845 0.0000000000
35205  9.704  -34.267  38.150 0.0000000000
36117  7.931  -33.858  37.268 0.0000000000
39852  10.328  -29.642  39.822 0.0000000000
38930  9.640  -30.852  38.689 0.0000000000
38940  9.697  -30.638  37.819 0.0000000000
39879  8.585  -30.211  36.200 0.0000000000
39893  6.528  -29.709  35.516 0.0000000000
39911  5.743  -29.404  34.479 0.0000000000
39909  8.489  -29.303  34.778 0.0000000000
109999  8.917  -28.788  34.015 0.0000000000
41784  9.847  -28.046  33.376 0.0000000000
46424  8.001  -22.295  33.687 0.0000000000
44635  9.937  -24.026  34.023 0.0000000000
45570  10.137  -22.991  33.453 0.0000000000
31274  8.686  -38.568  42.795 0.0000000000
31275  7.734  -38.260  42.776 0.0000000000
32236  8.860  -36.775  43.864 0.0000000000
34127  9.011  -35.586  44.811 0.0000000000
34114  9.258  -35.058  46.204 0.0000000000
35102  10.448  -34.953  47.139 0.0000000000
124108  9.973  -34.287  48.097 0.0000000000
35096  8.904  -34.040  48.180 0.0000000000
36978  8.833  -32.541  48.707 0.0000000000
37988  18.697  -31.779  42.951 0.0000000000
37021  18.176  -31.777  41.412 0.0000000000
37019  17.672  -32.528  42.941 0.0000000000
35118  16.359  -34.710  44.376 0.0000000000
35128  15.619  -34.781  42.749 0.0000000000
35141  14.757  -35.014  41.277 0.0000000000
30366  12.412  -39.399  41.028 0.0000000000
30367  11.833  -39.765  41.300 0.0000000000
31260  13.141  -38.190  43.640 0.0000000000
31270  12.307  -38.780  42.904 0.0000000000
30351  10.951  -39.909  42.129 0.0000000000
120637  10.265  -39.998  42.244 0.0000000000
31288  9.093  -39.448  42.411 0.0000000000
37991  4.791  -31.167  42.365 0.0000000000
38005  5.034  -31.690  41.163 0.0000000000
37990  6.282  -31.056  42.239 0.0000000000
38906  8.169  -30.316  42.410 0.0000000000
39835  9.250  -29.786  41.438 0.0000000000
115758  7.554  -27.262  43.365 0.0000000000
41696  8.256  -27.662  41.980 0.0000000000
40755  9.358  -28.867  40.982 0.0000000000
40772  9.064  -27.761  40.257 0.0000000000
41719  9.308  -27.481  39.375 0.0000000000
42682  8.234  -25.998  38.856 0.0000000000
128711  14.419  -32.205  47.104 0.0000000000
38901  20.515  -30.451  42.333 0.0000000000
40713  23.911  -28.617  44.807 0.0000000000
39792  23.272  -29.075  46.476 0.0000000000
39801  22.571  -29.540  44.853 0.0000000000
38889  21.943  -30.020  44.350 0.0000000000
38891  20.650  -30.747  43.356 0.0000000000
37979  20.063  -31.397  43.794 0.0000000000
37002  19.385  -32.644  45.572 0.0000000000
36993  18.685  -33.067  46.466 0.0000000000
36982  18.379  -32.756  47.275 0.0000000000
36014  18.163  -33.364  46.684 0.0000000000
36015  17.158  -33.161  47.481 0.0000000000
123379  15.495  -32.883  47.606 0.0000000000
117534  7.993  -40.415  36.929 0.0000000000
31351  7.988  -39.064  38.186 0.0000000000
31339  7.339  -39.091  39.235 0.0000000000
119071  8.399  -38.106  38.922 0.0000000000
127904  9.189  -36.703  39.592 0.0000000000
33220  8.653  -35.893  40.597 0.0000000000
35160  6.069  -34.176  40.562 0.0000000000
124582  4.938  -32.646  41.750 0.0000000000
32249  6.662  -37.224  43.108 0.0000000000
33176  6.650  -36.459  43.412 0.0000000000
34136  6.421  -35.874  43.231 0.0000000000
35104  6.812  -33.314  46.389 0.0000000000
35114  6.209  -34.019  44.586 0.0000000000
122457  6.370  -34.693  43.225 0.0000000000
36043  5.377  -33.163  43.495 0.0000000000
36044  4.586  -32.381  43.091 0.0000000000
123514  3.952  -31.599  41.979 0.0000000000
37984  4.807  -31.258  43.207 0.0000000000
38887  6.309  -30.142  45.563 0.0000000000
41642  6.695  -27.906  46.142 0.0000000000
41622  6.332  -28.009  48.394 0.0000000000
42570  6.311  -27.638  47.662 0.0000000000
127825  6.202  -26.046  46.231 0.0000000000
28629  12.084  -42.015  38.593 0.0000000000
27728  10.114  -42.442  39.996 0.0000000000
32348  10.908  -37.307  35.617 0.0000000000
32362  11.005  -37.526  34.517 0.0000000000
117493  7.888  -34.584  32.470 0.0000000000
37041  6.051  -32.351  39.406 0.0000000000
36118  6.817  -33.308  37.423 0.0000000000
36136  6.923  -33.180  36.882 0.0000000000
38020  7.506  -31.358  37.887 0.0000000000
37080  6.722  -32.488  36.356 0.0000000000
37097  8.125  -32.670  35.234 0.0000000000
124142  9.495  -32.355  33.799 0.0000000000
36220  8.804  -32.962  32.481 0.0000000000
35271  7.617  -33.581  32.270 0.0000000000
36240  5.495  -33.118  31.336 0.0000000000
39938  5.555  -29.242  32.703 0.0000000000
116425  5.499  -29.449  31.053 0.0000000000
46324  6.693  -22.653  41.484 0.0000000000
46335  6.814  -22.057  40.955 0.0000000000
45476  7.182  -23.432  41.132 0.0000000000
44566  7.708  -25.177  39.418 0.0000000000
44578  7.947  -25.252  38.679 0.0000000000
43644  8.108  -25.389  37.697 0.0000000000
110922  7.497  -23.766  36.635 0.0000000000
43658  7.760  -24.915  37.279 0.0000000000
42702  9.919  -26.202  36.759 0.0000000000
42712  10.207  -26.005  35.923 0.0000000000
42718  10.548  -26.577  34.333 0.0000000000
41797  9.912  -27.658  32.702 0.0000000000
112202  10.858  -26.220  32.921 0.0000000000
36018  14.636  -33.359  47.563 0.0000000000
35092  13.977  -34.404  47.441 0.0000000000
34105  13.392  -35.252  47.000 0.0000000000
33365  5.596  -36.831  32.005 0.0000000000
122908  5.651  -36.159  32.111 0.0000000000
34311  5.453  -35.709  31.788 0.0000000000
34310  5.486  -35.464  32.021 0.0000000000
37994  19.218  -31.118  41.741 0.0000000000
127241  19.016  -31.159  40.328 0.0000000000
119943  18.830  -31.320  41.142 0.0000000000
30368  8.449  -40.127  41.305 0.0000000000
30369  7.917  -39.823  41.021 0.0000000000
36074  5.668  -32.956  40.291 0.0000000000
41739  9.977  -27.169  37.838 0.0000000000
41738  10.773  -28.001  37.182 0.0000000000
41747  10.364  -27.045  36.957 0.0000000000
128707  10.600  -36.295  45.061 0.0000000000
33166  10.204  -36.034  45.067 0.0000000000
36036  17.575  -33.648  45.330 0.0000000000
131469  15.321  -37.451  44.594 0.0000000000
32259  14.396  -37.647  43.430 0.0000000000
121493  13.709  -37.840  42.914 0.0000000000
32243  14.507  -37.922  44.194 0.0000000000
32229  11.214  -36.366  45.445 0.0000000000
32233  11.616  -37.450  44.676 0.0000000000
32234  10.746  -37.081  44.460 0.0000000000
40719  7.085  -28.134  45.393 0.0000000000
41652  7.158  -27.224  44.823 0.0000000000
42623  6.906  -25.894  41.795 0.0000000000
43563  7.053  -25.650  41.259 0.0000000000
43580  7.351  -25.880  40.657 0.0000000000
29572  7.239  -40.898  37.877 0.0000000000
29559  7.169  -40.613  38.301 0.0000000000
33201  6.795  -36.427  42.205 0.0000000000
33222  7.115  -36.893  41.493 0.0000000000
34165  7.110  -35.624  41.874 0.0000000000
35107  8.448  -34.574  46.281 0.0000000000
34120  7.542  -34.729  45.347 0.0000000000
37960  6.318  -31.262  46.125 0.0000000000
37970  5.843  -31.450  45.351 0.0000000000
38869  6.331  -30.333  46.474 0.0000000000
29529  11.692  -40.784  40.579 0.0000000000
130384  8.540  -43.577  39.433 0.0000000000
27764  7.266  -42.401  37.096 0.0000000000
31350  8.823  -38.625  37.610 0.0000000000
32324  9.753  -37.651  37.333 0.0000000000
120333  11.413  -34.149  35.765 0.0000000000
36154  11.155  -33.546  35.276 0.0000000000
36178  11.355  -33.811  34.421 0.0000000000
36180  10.273  -32.983  34.999 0.0000000000
38002  8.940  -31.053  40.537 0.0000000000
38009  8.347  -31.354  39.638 0.0000000000
38008  9.293  -31.062  39.822 0.0000000000
38969  5.508  -30.165  35.362 0.0000000000
38046  5.776  -30.819  34.644 0.0000000000
123103  5.489  -30.316  34.286 0.0000000000
38985  5.369  -29.884  34.360 0.0000000000
40900  6.970  -28.148  32.031 0.0000000000
122590  7.104  -27.783  31.154 0.0000000000
47173  7.613  -21.307  39.503 0.0000000000
47189  8.224  -21.649  38.771 0.0000000000
46356  8.229  -22.522  38.687 0.0000000000
45566  7.391  -23.118  34.803 0.0000000000
44631  7.632  -23.690  35.227 0.0000000000
34111  11.385  -35.778  46.228 0.0000000000
36028  12.301  -33.052  47.054 0.0000000000
35089  16.892  -34.317  46.784 0.0000000000
35100  16.924  -34.647  46.108 0.0000000000
116407  14.892  -35.881  46.742 0.0000000000
34107  15.662  -35.923  46.402 0.0000000000
33156  15.286  -37.013  45.622 0.0000000000
33157  14.486  -37.151  45.871 0.0000000000
33154  12.420  -36.262  46.196 0.0000000000
33155  11.535  -35.920  46.097 0.0000000000
44526  5.952  -24.705  44.872 0.0000000000
129103  5.534  -23.297  43.971 0.0000000000
44545  6.418  -24.537  42.557 0.0000000000
119102  7.237  -39.797  39.680 0.0000000000
30381  7.317  -39.609  40.248 0.0000000000
31291  6.756  -38.050  42.271 0.0000000000
32273  6.684  -37.895  41.999 0.0000000000
36979  8.044  -32.267  49.086 0.0000000000
120576  7.854  -31.745  49.194 0.0000000000
38852  7.506  -30.607  48.583 0.0000000000
131747  7.287  -30.537  48.194 0.0000000000
39775  7.247  -29.797  48.324 0.0000000000
39776  6.854  -28.887  48.497 0.0000000000
28596  8.498  -41.224  40.710 0.0000000000
28595  9.031  -41.298  41.109 0.0000000000
120245  7.435  -40.949  40.035 0.0000000000
34181  9.027  -35.526  40.001 0.0000000000
34207  9.620  -35.504  39.390 0.0000000000
35173  8.906  -34.904  39.537 0.0000000000
35191  6.765  -34.030  38.239 0.0000000000
115027  8.903  -34.400  38.634 0.0000000000
35206  7.778  -34.124  38.044 0.0000000000
36116  9.349  -33.764  37.330 0.0000000000
40785  10.464  -29.014  39.427 0.0000000000
38929  10.430  -30.345  38.782 0.0000000000
128550  10.831  -29.778  38.487 0.0000000000
39877  10.567  -29.454  36.580 0.0000000000
38951  10.202  -30.138  37.030 0.0000000000
39892  8.615  -29.779  35.602 0.0000000000
115794  7.561  -29.618  35.361 0.0000000000
39891  9.632  -29.365  35.324 0.0000000000
39908  9.682  -28.860  34.608 0.0000000000
41768  9.785  -28.386  33.997 0.0000000000
40866  9.229  -28.443  33.475 0.0000000000
118631  10.230  -27.915  33.992 0.0000000000
46425  7.095  -21.965  33.935 0.0000000000
45571  8.992  -22.875  33.835 0.0000000000
46423  9.349  -22.312  33.513 0.0000000000
32247  8.225  -37.643  43.347 0.0000000000
122668  9.743  -35.747  45.075 0.0000000000
34119  8.668  -35.111  45.422 0.0000000000
35101  11.254  -35.133  46.857 0.0000000000
34112  10.855  -35.541  46.414 0.0000000000
36023  9.286  -33.394  48.467 0.0000000000
37015  18.333  -32.369  43.582 0.0000000000
37018  18.153  -31.981  42.461 0.0000000000
36048  16.592  -33.473  42.921 0.0000000000
35113  16.598  -35.016  45.199 0.0000000000
34134  16.078  -35.804  44.660 0.0000000000
35119  15.836  -35.243  43.707 0.0000000000
35140  15.374  -34.442  41.795 0.0000000000
34164  14.455  -35.975  41.680 0.0000000000
33199  13.532  -36.997  40.885 0.0000000000
118140  13.111  -38.124  42.233 0.0000000000
30349  12.306  -39.108  41.640 0.0000000000
31259  12.732  -37.851  44.727 0.0000000000
30339  11.589  -39.333  42.381 0.0000000000
30340  10.777  -39.529  42.489 0.0000000000
32245  10.228  -37.824  43.494 0.0000000000
31273  9.626  -38.743  42.852 0.0000000000
38908  6.079  -30.929  43.138 0.0000000000
38897  8.012  -30.022  43.158 0.0000000000
39823  8.585  -29.667  42.381 0.0000000000
112390  8.738  -30.408  41.648 0.0000000000
41667  7.186  -26.821  43.976 0.0000000000
42622  7.126  -26.486  42.962 0.0000000000
41683  7.568  -26.827  42.216 0.0000000000
40756  8.817  -28.780  41.792 0.0000000000
110141  8.574  -27.701  41.132 0.0000000000
41708  8.157  -26.754  40.503 0.0000000000
42671  7.834  -26.219  40.008 0.0000000000
41720  8.469  -26.790  39.794 0.0000000000
111235  8.129  -26.221  39.481 0.0000000000
41729  8.696  -26.689  39.090 0.0000000000
39818  21.773  -29.594  42.180 0.0000000000
38909  21.041  -29.905  41.740 0.0000000000
38862  21.947  -29.994  46.613 0.0000000000
39785  22.621  -29.454  47.117 0.0000000000
39793  22.566  -29.512  45.979 0.0000000000
39800  23.227  -29.064  45.390 0.0000000000
38882  20.762  -31.183  44.452 0.0000000000
129915  20.321  -31.618  44.541 0.0000000000
37954  19.763  -32.127  46.919 0.0000000000
37003  18.805  -33.075  45.860 0.0000000000
37948  17.823  -31.949  47.749 0.0000000000
36983  17.592  -32.785  47.525 0.0000000000
128882  17.695  -33.578  46.894 0.0000000000
36984  16.646  -32.460  47.753 0.0000000000
36994  15.264  -31.918  47.337 0.0000000000
36985  15.774  -32.340  47.641 0.0000000000
36986  14.895  -32.456  47.404 0.0000000000
27763  7.564  -42.110  36.372 0.0000000000
30431  7.555  -40.303  37.504 0.0000000000
29570  7.631  -40.911  36.976 0.0000000000
30416  7.892  -39.537  37.758 0.0000000000
30391  7.225  -39.469  39.443 0.0000000000
30403  7.186  -39.717  38.808 0.0000000000
31325  7.814  -38.353  39.440 0.0000000000
32300  8.601  -37.466  39.605 0.0000000000
35142  6.791  -34.940  41.375 0.0000000000
35144  5.690  -33.566  41.465 0.0000000000
33175  7.604  -36.823  43.678 0.0000000000
32248  7.308  -37.601  43.172 0.0000000000
34129  7.004  -35.289  44.430 0.0000000000
33169  6.620  -35.721  43.719 0.0000000000
34130  6.336  -34.954  43.920 0.0000000000
36029  6.920  -32.935  47.165 0.0000000000
36030  6.572  -32.639  46.416 0.0000000000
36034  5.516  -32.569  44.757 0.0000000000
36033  6.129  -33.168  45.391 0.0000000000
35120  5.988  -33.991  43.779 0.0000000000
113933  5.987  -33.784  43.085 0.0000000000
37017  4.623  -32.015  43.573 0.0000000000
37020  4.017  -31.760  42.711 0.0000000000
36050  4.218  -32.178  42.216 0.0000000000
38888  5.308  -31.258  44.308 0.0000000000
40711  6.592  -28.757  46.291 0.0000000000
40695  6.482  -28.824  47.895 0.0000000000
129748  17.771  -32.040  41.270 0.0000000000
124090  17.845  -31.914  40.719 0.0000000000
37027  17.367  -32.153  40.196 0.0000000000
28618  11.780  -41.855  39.577 0.0000000000
28617  12.368  -41.297  39.128 0.0000000000
28606  10.261  -41.789  40.563 0.0000000000
26859  7.237  -43.297  36.682 0.0000000000
26858  7.408  -43.897  36.012 0.0000000000
116419  9.596  -39.604  35.213 0.0000000000
29598  9.528  -40.948  34.473 0.0000000000
120700  9.808  -40.028  34.331 0.0000000000
30461  10.140  -39.232  34.268 0.0000000000
34236  11.087  -35.830  37.362 0.0000000000
32335  10.388  -37.432  36.583 0.0000000000
33298  11.102  -36.492  36.447 0.0000000000
33331  11.522  -36.015  34.216 0.0000000000
33315  11.305  -36.706  34.810 0.0000000000
32375  10.851  -37.559  33.581 0.0000000000
120988  10.821  -36.805  33.168 0.0000000000
35268  10.740  -34.429  32.924 0.0000000000
34306  10.124  -35.175  32.721 0.0000000000
34307  8.885  -35.065  32.553 0.0000000000
118779  6.127  -31.611  40.517 0.0000000000
38004  5.683  -32.043  40.252 0.0000000000
111539  6.322  -31.861  39.672 0.0000000000
37067  6.669  -32.811  37.749 0.0000000000
37081  6.734  -32.614  36.999 0.0000000000
38931  8.716  -31.106  38.273 0.0000000000
38942  6.918  -31.012  37.095 0.0000000000
38030  6.422  -31.636  36.333 0.0000000000
37098  6.887  -32.291  35.656 0.0000000000
37096  9.392  -32.601  34.643 0.0000000000
37111  8.716  -32.102  34.115 0.0000000000
38052  8.126  -31.682  32.792 0.0000000000
37138  8.616  -32.221  32.653 0.0000000000
110388  8.037  -32.574  32.285 0.0000000000
36221  6.005  -33.880  31.907 0.0000000000
36239  6.877  -32.714  31.841 0.0000000000
38062  6.258  -30.596  31.904 0.0000000000
39039  5.745  -30.368  30.789 0.0000000000
40851  6.421  -28.958  34.090 0.0000000000
40870  5.576  -29.284  33.451 0.0000000000
40869  5.800  -29.050  33.574 0.0000000000
40902  5.500  -28.232  30.515 0.0000000000
39954  5.502  -28.861  31.510 0.0000000000
39967  5.445  -28.715  30.497 0.0000000000
39986  5.535  -28.715  29.879 0.0000000000
47161  6.243  -21.323  40.757 0.0000000000
46334  7.334  -22.733  40.782 0.0000000000
45484  7.481  -23.725  40.492 0.0000000000
44556  7.413  -24.828  40.223 0.0000000000
45493  7.748  -24.118  39.640 0.0000000000
45503  7.884  -24.422  38.555 0.0000000000
126937  8.124  -25.553  38.371 0.0000000000
43645  7.940  -25.243  38.130 0.0000000000
47215  8.297  -21.380  36.389 0.0000000000
46381  8.204  -22.244  36.837 0.0000000000
46366  7.909  -23.166  37.212 0.0000000000
46382  7.548  -23.135  36.254 0.0000000000
44609  7.764  -24.551  36.434 0.0000000000
43657  8.177  -25.189  36.880 0.0000000000
43656  9.307  -25.497  36.471 0.0000000000
41783  10.370  -27.329  33.565 0.0000000000
42726  10.642  -26.421  33.563 0.0000000000
34106  12.403  -35.198  46.749 0.0000000000
125602  12.286  -34.594  47.000 0.0000000000
36997  12.719  -32.711  46.709 0.0000000000
36017  15.746  -33.654  47.581 0.0000000000
35090  16.098  -34.490  47.253 0.0000000000
34108  13.994  -35.973  46.721 0.0000000000
132956  5.011  -34.329  31.070 0.0000000000
30380  7.496  -39.848  40.574 0.0000000000
31303  7.026  -38.684  41.623 0.0000000000
29509  8.961  -40.404  41.669 0.0000000000
28597  7.944  -41.129  40.336 0.0000000000
35159  6.977  -34.734  40.302 0.0000000000
110433  6.165  -34.068  39.354 0.0000000000
35175  6.353  -33.944  38.430 0.0000000000
40796  10.251  -28.241  38.828 0.0000000000
39870  10.953  -29.392  37.900 0.0000000000
111151  10.883  -28.610  37.961 0.0000000000
40808  10.969  -28.955  37.174 0.0000000000
39890  10.352  -29.251  35.868 0.0000000000
41754  10.553  -27.819  35.434 0.0000000000
130853  10.566  -32.980  48.275 0.0000000000
37000  10.022  -32.403  48.172 0.0000000000
36040  18.129  -33.131  44.884 0.0000000000
37016  17.828  -32.938  43.975 0.0000000000
36041  17.422  -33.500  44.518 0.0000000000
34126  15.720  -36.841  44.926 0.0000000000
34135  15.732  -36.402  43.933 0.0000000000
33173  15.348  -36.790  43.410 0.0000000000
34146  14.994  -36.317  42.551 0.0000000000
31286  13.335  -38.140  42.987 0.0000000000
39806  7.187  -29.702  44.654 0.0000000000
40727  7.759  -29.174  44.116 0.0000000000
126610  7.834  -28.317  43.868 0.0000000000
43549  6.557  -25.403  42.619 0.0000000000
42640  7.279  -26.216  41.331 0.0000000000
130522  7.401  -26.175  40.873 0.0000000000
42659  7.370  -26.047  40.728 0.0000000000
42672  7.581  -25.941  40.168 0.0000000000
39810  21.851  -29.825  43.253 0.0000000000
37971  20.383  -31.776  45.182 0.0000000000
37953  20.381  -31.541  46.766 0.0000000000
128655  7.396  -42.482  36.614 0.0000000000
125286  7.391  -41.960  36.847 0.0000000000
29571  7.403  -40.904  37.451 0.0000000000
30417  7.274  -39.942  38.164 0.0000000000
32286  6.971  -37.772  41.267 0.0000000000
31326  7.348  -38.502  39.981 0.0000000000
132753  7.281  -37.916  40.582 0.0000000000
32285  7.772  -37.136  40.945 0.0000000000
33221  8.124  -36.300  41.196 0.0000000000
36991  7.049  -31.636  47.571 0.0000000000
37001  6.574  -31.853  46.499 0.0000000000
36038  5.066  -32.559  43.947 0.0000000000
37013  5.595  -32.020  45.003 0.0000000000
37978  5.288  -31.706  44.357 0.0000000000
38879  5.719  -31.123  45.221 0.0000000000
38878  6.103  -30.518  46.012 0.0000000000
40702  6.342  -29.198  47.145 0.0000000000
37022  16.761  -32.664  41.350 0.0000000000
37028  16.801  -32.528  40.541 0.0000000000
36086  16.168  -32.821  40.028 0.0000000000
29528  12.360  -40.433  40.195 0.0000000000
27729  9.299  -42.767  39.937 0.0000000000
27731  7.511  -42.288  38.976 0.0000000000
26836  7.365  -43.547  38.392 0.0000000000
27744  7.398  -42.717  38.438 0.0000000000
113358  7.165  -43.146  37.397 0.0000000000
30446  8.819  -39.990  36.255 0.0000000000
30429  9.023  -39.411  36.506 0.0000000000
30445  9.447  -39.303  35.860 0.0000000000
32349  10.218  -37.987  36.054 0.0000000000
35217  11.049  -34.229  37.084 0.0000000000
34235  11.340  -35.469  36.534 0.0000000000
35216  11.357  -34.567  36.460 0.0000000000
34250  11.521  -35.057  35.631 0.0000000000
34268  11.585  -35.168  34.617 0.0000000000
33347  11.243  -36.070  33.452 0.0000000000
35241  11.514  -34.467  34.098 0.0000000000
36196  11.103  -33.799  33.523 0.0000000000
37122  10.475  -33.045  33.355 0.0000000000
37996  8.270  -31.008  41.131 0.0000000000
38003  7.484  -31.441  40.261 0.0000000000
38010  7.147  -31.665  39.240 0.0000000000
38016  6.945  -31.775  38.369 0.0000000000
38954  6.529  -30.584  36.348 0.0000000000
38955  5.938  -30.738  35.924 0.0000000000
37113  6.247  -31.484  35.241 0.0000000000
38045  6.829  -31.377  34.034 0.0000000000
132789  7.487  -31.335  33.121 0.0000000000
38061  7.088  -31.207  32.432 0.0000000000
38996  6.232  -30.517  32.588 0.0000000000
39011  5.633  -29.814  32.563 0.0000000000
40883  6.199  -28.537  32.404 0.0000000000
130195  6.957  -28.393  32.633 0.0000000000
40901  6.228  -28.013  31.271 0.0000000000
41815  5.692  -27.825  30.364 0.0000000000
119232  7.206  -22.548  34.777 0.0000000000
46397  7.309  -23.078  35.375 0.0000000000
45534  7.430  -23.642  35.932 0.0000000000
45552  7.411  -23.313  35.326 0.0000000000
44623  7.922  -24.291  35.650 0.0000000000
43662  9.621  -25.242  35.668 0.0000000000
44622  8.961  -24.567  35.345 0.0000000000
43668  9.902  -24.939  34.910 0.0000000000
35094  11.833  -34.351  47.111 0.0000000000
36021  11.835  -33.489  47.531 0.0000000000
36026  17.785  -33.683  46.157 0.0000000000
35105  17.094  -34.223  45.544 0.0000000000
35099  17.281  -34.136  45.850 0.0000000000
34102  16.333  -35.088  46.597 0.0000000000
32232  14.791  -37.808  44.731 0.0000000000
32226  14.190  -37.659  45.435 0.0000000000
33153  13.611  -36.537  46.339 0.0000000000
123400  11.465  -36.163  45.802 0.0000000000
126577  6.509  -26.369  45.437 0.0000000000
42587  6.801  -26.517  44.644 0.0000000000
111533  6.360  -25.670  44.579 0.0000000000
43537  6.441  -25.510  43.483 0.0000000000
44537  5.737  -24.078  44.247 0.0000000000
44536  6.218  -24.740  43.405 0.0000000000
111007  6.491  -23.900  42.163 0.0000000000
29549  7.131  -40.647  38.892 0.0000000000
35097  7.911  -33.522  48.162 0.0000000000
36024  7.217  -32.921  47.982 0.0000000000
36990  7.212  -32.153  48.283 0.0000000000
37944  7.615  -31.262  49.000 0.0000000000
36980  7.255  -31.535  48.303 0.0000000000
37952  7.080  -30.846  47.671 0.0000000000
38861  6.588  -30.042  47.264 0.0000000000
29506  11.118  -40.183  41.709 0.0000000000
29518  10.486  -40.735  41.519 0.0000000000
28594  9.857  -41.280  41.194 0.0000000000
28607  9.250  -41.782  40.788 0.0000000000
27717  8.769  -42.310  40.306 0.0000000000
26824  7.954  -43.436  39.366 0.0000000000
26814  7.960  -42.858  39.609 0.0000000000
27730  7.722  -42.641  39.353 0.0000000000
28609  7.614  -41.524  39.940 0.0000000000
28619  7.535  -41.859  39.469 0.0000000000
114905  7.322  -41.468  38.989 0.0000000000
33282  9.923  -36.990  38.089 0.0000000000
33260  10.575  -36.065  38.176 0.0000000000
34206  10.299  -35.456  38.659 0.0000000000
34222  10.844  -35.282  37.938 0.0000000000
35188  10.434  -34.733  38.219 0.0000000000
35204  10.880  -34.675  37.657 0.0000000000
36115  10.384  -34.153  37.602 0.0000000000
36134  9.374  -33.419  36.429 0.0000000000
38921  10.311  -30.163  39.721 0.0000000000
38922  9.857  -30.732  39.426 0.0000000000
38939  10.609  -30.071  37.861 0.0000000000
38952  9.152  -30.469  36.833 0.0000000000
38953  7.767  -30.568  36.643 0.0000000000
38967  7.303  -30.043  35.972 0.0000000000
39894  5.765  -29.732  35.198 0.0000000000
38970  5.359  -29.806  34.815 0.0000000000
39910  6.808  -29.312  34.830 0.0000000000
40850  7.696  -28.940  34.043 0.0000000000
40867  8.323  -28.619  33.342 0.0000000000
40882  8.985  -28.258  32.725 0.0000000000
128297  7.742  -22.843  34.226 0.0000000000
45564  8.943  -23.457  34.212 0.0000000000
115841  6.400  -36.125  32.408 0.0000000000
31289  8.233  -39.075  42.257 0.0000000000
34113  10.011  -35.299  46.392 0.0000000000
35103  9.385  -34.653  47.173 0.0000000000
35087  8.440  -33.327  48.513 0.0000000000
36012  8.428  -32.814  48.743 0.0000000000
123470  8.413  -31.917  49.016 0.0000000000
36989  9.187  -32.144  48.560 0.0000000000
37995  18.699  -31.517  42.049 0.0000000000
115868  17.669  -32.181  41.901 0.0000000000
36057  17.067  -32.707  42.247 0.0000000000
36058  16.381  -33.175  41.876 0.0000000000
36059  15.712  -33.602  41.405 0.0000000000
35127  16.118  -34.255  43.407 0.0000000000
36049  15.898  -33.857  42.406 0.0000000000
35156  15.122  -34.148  40.869 0.0000000000
33219  13.903  -36.290  41.043 0.0000000000
30365  12.727  -39.000  40.820 0.0000000000
120373  12.811  -38.460  42.748 0.0000000000
30338  12.285  -38.955  42.231 0.0000000000
30350  11.696  -39.555  41.862 0.0000000000
30352  9.944  -39.577  42.486 0.0000000000
37999  4.251  -31.407  41.833 0.0000000000
37029  5.107  -32.125  40.915 0.0000000000
126277  5.097  -31.310  41.729 0.0000000000
37998  6.187  -31.319  41.387 0.0000000000
38907  7.331  -30.593  42.802 0.0000000000
37997  7.559  -30.893  41.852 0.0000000000
38911  9.381  -30.440  40.979 0.0000000000
40738  8.084  -27.881  42.922 0.0000000000
40737  8.487  -28.661  42.545 0.0000000000
38915  9.914  -29.872  40.550 0.0000000000
39853  9.890  -28.939  40.167 0.0000000000
40786  9.815  -28.281  39.625 0.0000000000
41728  9.583  -27.311  38.616 0.0000000000
42681  8.992  -26.554  38.374 0.0000000000
36987  13.951  -32.720  47.243 0.0000000000
36995  14.089  -32.070  46.642 0.0000000000
37986  19.787  -30.751  41.978 0.0000000000
38881  21.401  -30.646  44.955 0.0000000000
38890  21.339  -30.489  43.850 0.0000000000
124304  20.030  -30.861  42.856 0.0000000000
37987  19.350  -31.302  42.760 0.0000000000
130033  19.867  -32.257  45.248 0.0000000000
37009  19.391  -32.475  44.901 0.0000000000
37010  18.811  -32.933  45.306 0.0000000000
36031  18.244  -33.383  46.029 0.0000000000
117504  19.017  -30.854  47.935 0.0000000000
37947  19.150  -31.733  47.574 0.0000000000
36981  18.556  -32.077  47.586 0.0000000000
36992  19.071  -32.565  47.064 0.0000000000
114961  17.140  -33.719  47.152 0.0000000000
36016  16.405  -33.117  47.629 0.0000000000
30430  8.304  -39.846  37.066 0.0000000000
30404  7.122  -40.189  38.521 0.0000000000
31338  7.809  -38.797  38.722 0.0000000000
32313  8.552  -38.363  38.301 0.0000000000
32299  9.177  -37.412  38.756 0.0000000000
33241  9.267  -36.062  39.941 0.0000000000
35158  8.395  -35.241  40.381 0.0000000000
35161  5.734  -33.472  40.626 0.0000000000
36060  5.261  -32.756  41.086 0.0000000000
32260  6.903  -37.852  42.723 0.0000000000
33186  6.360  -36.852  42.916 0.0000000000
35109  6.723  -34.016  45.492 0.0000000000
128130  6.537  -35.298  42.806 0.0000000000
35129  6.240  -34.274  42.397 0.0000000000
35130  5.324  -33.066  42.501 0.0000000000
37023  4.378  -32.043  41.585 0.0000000000
37992  4.071  -31.327  42.445 0.0000000000
38899  5.776  -30.859  43.930 0.0000000000
111558  6.178  -30.498  44.695 0.0000000000
39807  6.905  -29.198  45.540 0.0000000000
131647  6.467  -29.451  47.376 0.0000000000
110232  6.401  -28.473  47.702 0.0000000000
41631  6.472  -28.235  46.942 0.0000000000
110931  6.505  -27.152  46.502 0.0000000000
36996  13.575  -32.484  46.929 0.0000000000
37026  17.978  -31.708  39.831 0.0000000000
27727  10.970  -42.121  39.869 0.0000000000
27742  11.381  -42.459  39.164 0.0000000000
31378  10.426  -38.146  35.255 0.0000000000
120622  11.271  -36.498  35.582 0.0000000000
31393  10.604  -38.381  34.147 0.0000000000
30488  10.028  -39.302  32.981 0.0000000000
33362  10.533  -36.027  32.869 0.0000000000
34308  7.374  -35.506  32.518 0.0000000000
36089  5.780  -32.482  40.020 0.0000000000
128912  6.238  -33.668  38.652 0.0000000000
37054  6.348  -32.866  38.565 0.0000000000
36102  6.587  -33.643  38.011 0.0000000000
36101  6.930  -33.676  37.559 0.0000000000
36135  7.366  -33.482  36.744 0.0000000000
36157  8.159  -33.341  36.078 0.0000000000
38014  9.048  -31.192  39.108 0.0000000000
38021  6.719  -31.668  37.467 0.0000000000
38029  6.385  -31.214  36.672 0.0000000000
38022  6.618  -31.934  37.243 0.0000000000
36158  7.190  -33.028  36.203 0.0000000000
36156  9.324  -33.059  35.563 0.0000000000
37110  10.152  -32.694  34.004 0.0000000000
37136  10.052  -32.907  32.878 0.0000000000
37124  9.020  -32.081  33.183 0.0000000000
37137  9.434  -32.580  32.820 0.0000000000
36219  9.642  -33.301  32.643 0.0000000000
35270  8.851  -33.924  32.473 0.0000000000
117950  6.656  -34.663  32.349 0.0000000000
35272  5.560  -34.791  31.969 0.0000000000
35285  5.153  -34.079  31.288 0.0000000000
36241  5.125  -33.324  30.930 0.0000000000
39923  5.497  -29.509  34.145 0.0000000000
38998  5.511  -29.573  33.598 0.0000000000
115045  5.544  -29.394  31.888 0.0000000000
40884  5.621  -28.952  32.587 0.0000000000
46313  5.607  -22.297  42.670 0.0000000000
46312  6.351  -22.994  42.160 0.0000000000
45477  6.802  -23.725  41.636 0.0000000000
45485  7.161  -24.373  40.995 0.0000000000
131618  7.520  -25.626  40.125 0.0000000000
43603  7.830  -25.653  39.495 0.0000000000
43628  8.072  -25.544  38.882 0.0000000000
42693  8.489  -25.934  38.053 0.0000000000
45518  7.645  -24.112  37.427 0.0000000000
44610  7.574  -24.304  36.698 0.0000000000
42703  8.882  -25.739  37.287 0.0000000000
42701  10.487  -26.945  36.064 0.0000000000
42711  10.501  -26.787  35.197 0.0000000000
111681  10.446  -27.451  34.499 0.0000000000
44628  10.220  -24.792  34.150 0.0000000000
41796  10.494  -26.971  32.830 0.0000000000
110118  9.213  -27.814  31.881 0.0000000000
31379  9.685  -38.714  36.087 0.0000000000
31408  10.258  -38.902  33.442 0.0000000000
33297  11.364  -35.901  35.868 0.0000000000
34286  11.487  -35.287  33.768 0.0000000000
35174  6.708  -34.301  39.090 0.0000000000
35253  11.266  -34.638  33.452 0.0000000000
36132  11.100  -33.809  36.283 0.0000000000
36218  10.406  -33.534  32.872 0.0000000000
37099  6.414  -31.827  35.914 0.0000000000
37123  9.831  -32.573  33.238 0.0000000000
41816  5.462  -27.884  30.099 0.0000000000
119689  10.698  -29.720  39.187 0.0000000000
124785  8.325  -33.605  36.709 0.0000000000
126150  8.785  -34.033  37.922 0.0000000000
126178  7.246  -38.957  39.839 0.0000000000
130498  6.304  -25.856  45.367 0.0000000000
130536  6.981  -29.447  48.145 0.0000000000
130875  18.236  -32.779  44.284 0.0000000000
