#!ascii label  , from subject sub-v2s9x29163_ses-1 vox2ras=TkReg
522
23061  -51.180  -55.306  -44.470 0.5000000000
23070  -50.678  -55.464  -45.310 0.8000000119
23068  -48.830  -55.758  -44.941 0.8000000119
23069  -49.812  -55.995  -45.184 0.8000000119
22258  -51.451  -56.105  -44.289 0.5000000000
22271  -50.700  -56.173  -44.981 0.5000000000
23861  -48.398  -54.365  -46.080 0.6999999881
23854  -48.404  -55.036  -45.399 0.6999999881
23074  -49.549  -55.437  -45.703 0.8000000119
23075  -50.555  -55.059  -45.723 0.6999999881
23062  -51.524  -55.389  -43.379 0.6000000238
105620  -47.556  -54.141  -44.403 0.6999999881
23855  -51.035  -54.814  -45.134 0.6000000238
24635  -50.951  -54.014  -44.828 0.6000000238
23860  -47.908  -54.291  -45.277 0.6999999881
23853  -47.874  -54.748  -44.715 0.6999999881
115986  -48.949  -54.876  -46.147 0.6999999881
23862  -49.891  -54.822  -46.214 0.8000000119
23863  -50.824  -54.512  -45.817 0.8000000119
23845  -51.250  -54.642  -43.132 0.4000000060
23844  -51.021  -54.461  -43.923 0.6000000238
24627  -47.283  -53.393  -44.002 0.6999999881
24634  -47.637  -53.516  -44.869 0.6999999881
23865  -49.152  -54.297  -46.752 0.6999999881
24639  -51.079  -53.870  -46.050 0.6999999881
109594  -51.365  -52.328  -46.807 0.5000000000
24640  -48.931  -53.479  -47.347 0.6000000238
24641  -49.966  -53.743  -47.215 0.6000000238
25439  -51.189  -52.843  -47.189 0.6000000238
24644  -50.635  -53.242  -47.401 0.6000000238
25442  -50.566  -52.669  -47.853 0.5000000000
23834  -51.066  -53.788  -42.770 0.4000000060
24628  -50.758  -53.541  -43.419 0.5000000000
25426  -46.985  -52.633  -43.612 0.6999999881
25427  -50.589  -52.995  -43.992 0.6000000238
24637  -47.943  -53.652  -45.785 0.6999999881
25434  -50.895  -53.159  -45.223 0.6000000238
24638  -48.391  -53.645  -46.608 0.6999999881
100977  -50.982  -52.352  -45.638 0.5000000000
103736  -51.095  -51.682  -45.984 0.6000000238
24643  -49.657  -53.136  -47.777 0.6000000238
110416  -51.495  -51.413  -46.849 0.5000000000
25415  -45.746  -52.439  -42.254 0.6000000238
26297  -46.095  -51.604  -42.559 0.6000000238
24620  -51.025  -52.976  -42.288 0.5000000000
118159  -46.721  -51.961  -43.186 0.6999999881
26306  -50.438  -52.106  -43.477 0.5000000000
25433  -47.425  -52.723  -44.432 0.6999999881
25435  -47.755  -52.878  -45.299 0.6999999881
25436  -48.033  -52.937  -46.176 0.6999999881
103626  -50.561  -52.248  -44.503 0.5000000000
25438  -48.410  -52.873  -47.071 0.6999999881
26309  -50.545  -51.419  -44.973 0.5000000000
25441  -49.471  -52.465  -48.236 0.6000000238
27214  -50.930  -50.867  -45.768 0.5000000000
26314  -48.806  -52.164  -48.193 0.5000000000
109777  -50.351  -52.088  -48.370 0.5000000000
115502  -51.686  -50.995  -47.687 0.5000000000
26313  -51.389  -51.898  -47.822 0.5000000000
27216  -51.409  -50.324  -46.748 0.3000000119
107094  -50.099  -51.342  -42.001 0.3000000119
26288  -45.191  -51.500  -42.057 0.6000000238
25407  -50.744  -52.373  -41.891 0.4000000060
25416  -50.385  -51.819  -42.476 0.4000000060
26304  -47.213  -51.843  -43.931 0.6000000238
104543  -50.317  -51.495  -43.965 0.5000000000
26307  -47.662  -52.108  -44.872 0.6999999881
26311  -48.166  -52.201  -46.443 0.5000000000
27211  -50.404  -50.509  -44.831 0.5000000000
26312  -48.437  -52.087  -47.556 0.5000000000
28098  -50.683  -49.983  -45.515 0.4000000060
28101  -50.896  -49.336  -46.122 0.4000000060
27219  -51.484  -50.795  -48.403 0.5000000000
110110  -51.796  -50.177  -48.079 0.4000000060
119730  -45.634  -51.057  -42.338 0.6000000238
27201  -46.032  -50.706  -42.574 0.6000000238
26303  -46.705  -51.185  -43.124 0.6000000238
27206  -47.242  -50.870  -43.785 0.6000000238
26305  -50.071  -50.915  -43.509 0.3000000119
26308  -50.241  -50.897  -44.236 0.4000000060
105346  -47.595  -51.383  -44.516 0.6000000238
27210  -50.004  -50.220  -44.015 0.3000000119
27212  -47.983  -51.515  -45.453 0.6000000238
26310  -47.906  -52.328  -45.654 0.6999999881
120818  -49.948  -49.654  -44.206 0.3000000119
27213  -48.283  -51.339  -46.552 0.6000000238
109922  -49.960  -49.198  -44.440 0.3000000119
28097  -50.212  -49.773  -44.676 0.3000000119
108220  -48.432  -50.404  -46.615 0.5000000000
27215  -48.493  -51.162  -47.594 0.5000000000
28940  -50.478  -48.540  -45.689 0.3000000119
28100  -50.369  -49.206  -45.171 0.3000000119
27217  -48.935  -50.956  -48.453 0.5000000000
27218  -49.857  -50.780  -48.984 0.5000000000
28942  -51.068  -48.611  -46.642 0.3000000119
28106  -51.789  -49.309  -48.513 0.4000000060
28103  -51.540  -49.411  -47.326 0.3000000119
120748  -45.223  -50.534  -42.360 0.5000000000
28081  -45.759  -49.917  -42.641 0.6000000238
27208  -47.743  -50.537  -44.555 0.6000000238
28936  -49.656  -48.618  -44.055 0.3000000119
27209  -48.242  -50.552  -45.580 0.6000000238
29871  -49.639  -47.805  -44.500 0.3000000119
28939  -50.011  -48.504  -44.861 0.3000000119
28105  -49.299  -49.969  -48.790 0.5000000000
27220  -51.643  -49.897  -48.828 0.4000000060
28948  -51.557  -48.689  -49.141 0.4000000060
28088  -45.533  -49.259  -42.869 0.5000000000
28089  -46.199  -49.466  -42.976 0.5000000000
28090  -46.843  -49.455  -43.450 0.5000000000
27205  -46.631  -50.210  -43.106 0.5000000000
28095  -47.448  -49.564  -44.116 0.5000000000
29863  -48.904  -47.431  -43.300 0.3000000119
29870  -49.188  -47.042  -44.053 0.3000000119
28096  -48.079  -49.692  -44.825 0.6000000238
112463  -49.326  -49.065  -48.770 0.5000000000
28945  -51.655  -48.581  -47.883 0.4000000060
29885  -51.691  -47.163  -48.914 0.4000000060
28928  -46.191  -48.787  -43.300 0.5000000000
28929  -47.018  -48.867  -43.729 0.5000000000
29859  -48.626  -47.318  -42.588 0.4000000060
30814  -48.474  -46.368  -42.297 0.4000000060
106982  -48.710  -46.692  -43.237 0.4000000060
28937  -48.051  -48.298  -45.017 0.4000000060
105331  -49.682  -46.988  -44.960 0.3000000119
28099  -48.412  -49.656  -45.698 0.5000000000
28102  -48.579  -49.458  -46.700 0.4000000060
111837  -51.535  -47.860  -49.145 0.4000000060
29862  -45.690  -48.030  -43.554 0.5000000000
28933  -46.742  -48.074  -43.852 0.5000000000
30812  -48.371  -46.386  -41.340 0.4000000060
28934  -47.600  -48.770  -44.400 0.5000000000
107942  -47.417  -47.955  -44.469 0.4000000060
31743  -48.412  -45.408  -42.438 0.4000000060
30817  -48.564  -45.830  -43.145 0.4000000060
29875  -47.708  -47.488  -45.014 0.4000000060
28938  -48.471  -48.783  -45.779 0.4000000060
30824  -48.844  -46.102  -43.934 0.4000000060
28941  -48.682  -48.374  -46.848 0.4000000060
28943  -49.113  -48.340  -48.187 0.4000000060
29883  -49.577  -47.500  -48.849 0.4000000060
29887  -51.471  -46.863  -49.143 0.4000000060
30835  -51.492  -46.274  -48.517 0.4000000060
30837  -51.562  -46.138  -49.013 0.4000000060
31730  -48.276  -45.748  -41.014 0.4000000060
31737  -48.346  -45.651  -41.668 0.4000000060
29869  -46.961  -47.302  -44.360 0.4000000060
31755  -48.654  -45.271  -43.787 0.4000000060
29876  -48.377  -47.868  -45.754 0.4000000060
29879  -48.556  -47.477  -46.523 0.4000000060
30832  -51.012  -46.370  -47.364 0.3000000119
111843  -50.630  -46.705  -49.227 0.4000000060
29868  -46.050  -47.269  -43.985 0.4000000060
30822  -46.495  -46.585  -44.459 0.4000000060
32655  -48.243  -44.851  -41.859 0.4000000060
30823  -47.323  -46.666  -44.904 0.4000000060
30828  -48.094  -46.896  -45.829 0.4000000060
29882  -48.844  -47.507  -47.607 0.4000000060
30833  -49.191  -46.576  -48.352 0.4000000060
31771  -51.337  -45.532  -48.525 0.4000000060
30836  -51.354  -46.055  -49.080 0.4000000060
31773  -51.290  -45.637  -48.809 0.4000000060
30821  -45.499  -46.522  -44.395 0.4000000060
31754  -46.887  -45.909  -44.856 0.4000000060
116085  -48.165  -46.021  -46.468 0.4000000060
111840  -50.770  -44.780  -47.204 0.4000000060
104691  -48.608  -45.938  -47.516 0.4000000060
110485  -49.216  -45.746  -48.360 0.4000000060
31772  -51.049  -45.400  -48.801 0.4000000060
111088  -46.141  -45.923  -44.618 0.4000000060
31753  -46.375  -45.244  -44.916 0.4000000060
31762  -47.113  -45.204  -45.419 0.4000000060
107045  -47.534  -45.987  -45.582 0.4000000060
31764  -47.693  -45.227  -46.244 0.4000000060
31765  -48.293  -45.220  -47.082 0.4000000060
32693  -48.624  -44.380  -47.806 0.4000000060
32695  -51.233  -44.874  -48.269 0.3000000119
31769  -49.971  -45.149  -48.599 0.4000000060
32698  -51.083  -45.019  -48.495 0.4000000060
110962  -45.382  -45.338  -44.743 0.4000000060
32680  -45.947  -44.595  -44.961 0.4000000060
32690  -47.949  -44.412  -46.882 0.4000000060
112128  -48.354  -43.572  -47.529 0.4000000060
32691  -50.916  -43.677  -47.351 0.4000000060
32692  -51.456  -43.917  -48.211 0.3000000119
31768  -48.865  -45.136  -48.112 0.4000000060
32697  -50.800  -44.471  -48.578 0.5000000000
33669  -51.304  -43.999  -48.397 0.4000000060
32694  -49.805  -44.324  -48.450 0.5000000000
32679  -45.250  -44.135  -44.952 0.4000000060
32685  -46.035  -43.628  -45.230 0.4000000060
31761  -46.658  -44.472  -45.348 0.4000000060
33667  -51.269  -43.272  -48.736 0.5000000000
33655  -44.246  -43.352  -45.338 0.4000000060
114874  -45.148  -43.209  -45.092 0.4000000060
33657  -45.523  -42.498  -45.349 0.4000000060
111736  -49.591  -43.464  -48.259 0.4000000060
33666  -50.880  -42.434  -48.586 0.5000000000
105627  -44.538  -42.398  -45.280 0.4000000060
34557  -50.190  -41.798  -48.012 0.5000000000
34542  -44.073  -42.323  -44.597 0.4000000060
34546  -43.903  -42.645  -45.362 0.4000000060
34543  -44.456  -41.932  -45.270 0.4000000060
35400  -45.028  -41.047  -45.437 0.5000000000
28108  -50.240  -50.030  -49.213 0.5000000000
112421  -50.004  -49.269  -49.258 0.5000000000
28946  -51.756  -48.378  -48.853 0.4000000060
22257  -49.257  -56.432  -44.566 0.8000000119
23060  -48.517  -56.066  -44.228 0.8000000119
23059  -48.088  -55.404  -44.329 0.6999999881
105572  -47.566  -54.759  -43.921 0.6999999881
111810  -51.801  -54.536  -42.527 0.5000000000
110045  -47.188  -54.056  -43.554 0.6999999881
25425  -46.446  -52.535  -42.859 0.6999999881
114682  -51.522  -53.262  -41.951 0.4000000060
25405  -44.915  -52.413  -41.673 0.6000000238
25406  -50.311  -51.846  -41.569 0.4000000060
26287  -44.445  -51.831  -41.758 0.6000000238
26296  -44.427  -51.058  -42.258 0.5000000000
28080  -45.079  -49.687  -42.613 0.5000000000
28927  -45.270  -48.670  -43.176 0.4000000060
29867  -45.139  -47.452  -44.011 0.4000000060
116790  -44.727  -47.048  -44.656 0.4000000060
30820  -44.656  -46.265  -44.921 0.4000000060
31752  -44.575  -44.543  -45.110 0.4000000060
33654  -43.509  -43.404  -45.406 0.4000000060
119372  -49.930  -56.405  -44.945 0.8000000119
23866  -50.400  -54.222  -46.567 0.6999999881
25437  -51.189  -53.146  -46.425 0.6000000238
24642  -50.957  -53.544  -46.820 0.6000000238
25417  -50.566  -52.643  -42.931 0.5000000000
116854  -50.229  -51.484  -43.201 0.3000000119
27221  -50.981  -50.397  -49.050 0.5000000000
116038  -47.245  -50.106  -43.774 0.6000000238
111919  -48.680  -50.191  -47.672 0.5000000000
29886  -50.744  -47.631  -49.368 0.4000000060
28104  -48.893  -49.223  -47.797 0.4000000060
110019  -51.457  -47.085  -47.931 0.4000000060
30834  -50.199  -45.902  -48.856 0.4000000060
30830  -48.571  -46.753  -46.962 0.4000000060
17652  -44.696  -61.192  -51.131 0.4000000060
18673  -46.029  -60.765  -49.627 0.4000000060
18662  -46.988  -60.646  -48.657 0.4000000060
17635  -45.473  -61.321  -49.287 0.4000000060
17636  -46.228  -61.014  -48.901 0.4000000060
17624  -47.324  -60.740  -47.945 0.4000000060
17602  -47.683  -60.783  -47.145 0.4000000060
17583  -48.491  -60.900  -46.596 0.5000000000
17622  -45.642  -61.481  -48.502 0.4000000060
17623  -46.459  -61.162  -48.082 0.4000000060
105468  -47.707  -60.976  -46.182 0.5000000000
102978  -48.916  -60.684  -45.093 0.6000000238
16554  -45.047  -62.112  -48.179 0.4000000060
116587  -46.270  -61.477  -47.419 0.4000000060
115245  -47.097  -61.225  -46.598 0.4000000060
23835  -51.911  -53.692  -42.083 0.3000000119
24613  -51.033  -52.991  -41.595 0.3000000119
17567  -49.316  -61.048  -45.785 0.5000000000
22260  -52.354  -56.873  -43.445 0.5000000000
23048  -52.281  -54.947  -42.479 0.4000000060
114490  -46.272  -61.622  -44.680 0.4000000060
17566  -48.321  -60.788  -45.654 0.5000000000
17580  -45.681  -62.083  -46.238 0.4000000060
17581  -46.401  -61.567  -46.703 0.4000000060
18634  -49.793  -60.593  -44.949 0.6000000238
18622  -50.546  -60.065  -44.636 0.6000000238
22241  -51.923  -56.076  -43.367 0.5000000000
109174  -51.713  -58.861  -44.487 0.6999999881
21419  -52.076  -57.469  -44.025 0.6999999881
19605  -51.168  -59.382  -44.573 0.6999999881
21434  -51.417  -57.547  -44.417 0.6999999881
17565  -47.650  -60.741  -45.287 0.5000000000
18633  -48.223  -60.429  -44.908 0.6000000238
18620  -48.919  -60.191  -44.510 0.6000000238
111869  -46.267  -61.739  -45.776 0.4000000060
17558  -47.073  -60.927  -44.691 0.5000000000
114407  -48.115  -59.981  -44.458 0.6000000238
18621  -49.705  -59.878  -44.404 0.6000000238
19604  -50.332  -59.260  -44.396 0.6000000238
25397  -50.453  -52.435  -41.243 0.3000000119
20563  -51.008  -58.454  -44.509 0.6999999881
22259  -51.740  -56.818  -44.106 0.6000000238
17557  -46.619  -61.135  -44.020 0.6000000238
18609  -47.105  -60.491  -43.978 0.6000000238
19601  -47.611  -59.775  -43.960 0.6999999881
19602  -48.384  -59.600  -44.143 0.6000000238
19603  -49.528  -59.164  -44.085 0.6000000238
18619  -47.624  -60.349  -44.552 0.6000000238
20562  -50.033  -58.460  -44.246 0.6000000238
102687  -50.521  -57.669  -44.486 0.6999999881
21433  -51.059  -56.859  -44.650 0.6999999881
19585  -47.014  -60.041  -43.265 0.6000000238
19586  -47.349  -59.246  -43.304 0.6999999881
19587  -47.948  -59.118  -43.740 0.6999999881
20548  -49.167  -58.470  -43.785 0.6000000238
20546  -47.698  -57.973  -43.223 0.6999999881
111812  -47.632  -58.657  -43.353 0.6999999881
21417  -48.622  -57.680  -43.597 0.6000000238
117775  -49.220  -57.126  -44.078 0.5000000000
20547  -48.260  -58.494  -43.573 0.6999999881
21418  -49.611  -57.751  -44.084 0.6999999881
21432  -50.037  -56.939  -44.661 0.6999999881
22256  -48.543  -56.751  -43.814 0.6999999881
22255  -47.968  -56.144  -43.627 0.6999999881
17645  -45.256  -61.125  -50.231 0.4000000060
104427  -45.772  -61.888  -47.071 0.4000000060
17601  -46.898  -61.162  -47.360 0.4000000060
17582  -46.996  -61.271  -45.643 0.4000000060
119044  -49.068  -59.633  -44.159 0.6000000238
19588  -48.750  -59.103  -43.837 0.6000000238
18608  -46.537  -60.853  -43.293 0.4000000060
20532  -47.181  -58.539  -42.732 0.6000000238
17546  -46.010  -61.534  -43.633 0.4000000060
18607  -45.756  -61.125  -42.676 0.5000000000
18596  -46.433  -60.330  -42.472 0.5000000000
19573  -46.901  -59.457  -42.572 0.5000000000
21401  -47.224  -57.581  -42.583 0.5000000000
105737  -47.748  -57.042  -43.228 0.5000000000
22240  -47.437  -56.190  -42.969 0.6999999881
115601  -47.230  -56.813  -42.586 0.6000000238
23047  -47.557  -55.456  -43.436 0.6000000238
18583  -46.283  -59.589  -41.625 0.5000000000
21400  -46.725  -58.059  -41.774 0.5000000000
20531  -46.762  -58.907  -41.967 0.5000000000
103245  -46.759  -57.058  -41.836 0.6000000238
23046  -47.059  -55.452  -42.699 0.5000000000
23833  -47.140  -54.737  -43.119 0.6000000238
18582  -45.716  -60.446  -41.800 0.5000000000
20517  -46.351  -58.740  -41.355 0.5000000000
21387  -46.005  -57.990  -40.852 0.5000000000
119205  -46.426  -57.539  -41.339 0.5000000000
22239  -46.924  -56.194  -42.271 0.5000000000
18581  -44.885  -60.465  -41.466 0.5000000000
19562  -45.429  -59.807  -41.090 0.5000000000
20505  -45.361  -58.488  -40.584 0.5000000000
21376  -45.135  -57.771  -40.404 0.5000000000
22212  -45.060  -56.288  -40.429 0.6000000238
111903  -45.498  -57.073  -40.566 0.4000000060
23024  -44.586  -55.537  -40.470 0.4000000060
22226  -45.711  -56.265  -40.859 0.5000000000
21388  -46.154  -57.028  -41.073 0.4000000060
109764  -44.202  -54.928  -40.494 0.4000000060
23807  -44.726  -54.807  -40.664 0.5000000000
23036  -45.866  -55.476  -41.307 0.5000000000
23806  -44.138  -54.235  -40.608 0.4000000060
23037  -46.497  -55.452  -41.998 0.6000000238
23832  -46.581  -54.728  -42.445 0.6000000238
24626  -46.800  -53.319  -43.230 0.6000000238
23025  -45.245  -55.504  -40.716 0.5000000000
23819  -44.748  -54.051  -40.941 0.5000000000
107102  -45.425  -53.999  -41.523 0.5000000000
23820  -45.357  -54.740  -41.087 0.5000000000
24601  -44.107  -53.419  -40.865 0.4000000060
24610  -44.797  -53.264  -41.315 0.5000000000
24612  -46.063  -54.006  -42.197 0.6000000238
23821  -45.979  -54.726  -41.771 0.6000000238
26286  -43.979  -51.744  -41.798 0.3000000119
25404  -44.157  -52.549  -41.339 0.4000000060
24611  -45.537  -53.229  -41.891 0.5000000000
24619  -46.208  -53.270  -42.552 0.6000000238
29861  -44.797  -48.309  -43.768 0.3000000119
28926  -44.615  -49.056  -43.521 0.3000000119
28922  -44.972  -49.159  -42.876 0.4000000060
27200  -44.519  -50.205  -42.756 0.4000000060
108785  -44.245  -48.157  -45.010 0.3000000119
115728  -44.517  -45.453  -45.143 0.3000000119
103210  -43.771  -44.015  -45.468 0.3000000119
22227  -46.353  -56.232  -41.520 0.5000000000
22242  -52.926  -55.597  -42.438 0.3000000119
20549  -51.974  -58.164  -44.333 0.6000000238
23028  -52.649  -54.458  -41.276 0.3000000119
23038  -53.234  -53.924  -41.974 0.3000000119
23049  -53.538  -53.997  -42.069 0.3000000119
23824  -52.780  -53.858  -42.017 0.3000000119
20550  -52.837  -58.015  -43.487 0.6000000238
103693  -51.706  -54.712  -40.959 0.3000000119
23811  -52.261  -53.969  -41.609 0.3000000119
23823  -52.535  -53.847  -42.018 0.3000000119
23822  -51.673  -53.583  -41.748 0.3000000119
21402  -53.118  -56.872  -42.741 0.4000000060
23027  -50.763  -55.537  -40.480 0.3000000119
23810  -51.112  -54.201  -41.002 0.3000000119
110467  -50.954  -53.438  -41.192 0.3000000119
17625  -48.677  -60.554  -48.025 0.5000000000
17626  -49.654  -60.891  -48.375 0.5000000000
117362  -46.658  -60.557  -49.259 0.4000000060
18675  -47.426  -60.104  -49.315 0.4000000060
18664  -48.302  -60.288  -48.419 0.4000000060
18665  -49.011  -60.529  -48.829 0.5000000000
17569  -51.339  -60.983  -46.073 0.5000000000
17585  -50.708  -61.164  -46.718 0.5000000000
17604  -49.190  -60.913  -47.555 0.5000000000
18663  -47.765  -60.280  -48.507 0.4000000060
19606  -52.983  -59.678  -44.703 0.6000000238
105959  -52.009  -59.509  -44.688 0.6000000238
18623  -51.457  -60.118  -44.867 0.5000000000
18654  -48.011  -60.438  -47.881 0.3000000119
119210  -48.867  -60.909  -47.077 0.4000000060
17584  -49.541  -61.123  -46.791 0.5000000000
19589  -53.448  -59.044  -44.101 0.6000000238
18635  -50.854  -60.595  -45.200 0.6000000238
120484  -49.935  -61.180  -46.218 0.4000000060
17568  -50.298  -61.027  -45.755 0.5000000000
23050  -54.300  -54.154  -42.032 0.3000000119
21403  -53.890  -57.217  -42.744 0.4000000060
20564  -52.448  -58.890  -44.255 0.6000000238
23039  -54.184  -54.023  -41.969 0.3000000119
22243  -54.092  -55.555  -42.331 0.3000000119
20551  -54.034  -58.322  -43.468 0.5000000000
20552  -55.212  -58.144  -43.864 0.4000000060
19590  -54.581  -58.769  -44.526 0.5000000000
19607  -54.016  -59.364  -45.157 0.5000000000
21420  -55.891  -57.063  -43.238 0.4000000060
20533  -54.792  -57.481  -43.012 0.4000000060
18624  -52.457  -60.143  -45.165 0.5000000000
18711  -48.547  -58.589  -54.010 0.3000000119
18712  -49.871  -58.848  -53.962 0.3000000119
19658  -51.410  -59.108  -53.525 0.3000000119
17653  -52.006  -59.654  -52.492 0.4000000060
19657  -50.352  -58.658  -53.552 0.3000000119
19643  -49.510  -57.573  -53.936 0.3000000119
117433  -52.716  -59.524  -51.270 0.4000000060
18695  -52.204  -58.990  -52.741 0.4000000060
19644  -51.462  -59.021  -53.461 0.3000000119
112704  -49.258  -57.873  -53.303 0.3000000119
17638  -53.278  -59.534  -50.648 0.4000000060
17639  -54.059  -58.869  -50.216 0.4000000060
18694  -51.832  -58.932  -52.278 0.4000000060
19635  -51.158  -58.804  -52.931 0.4000000060
19634  -49.438  -58.885  -52.461 0.4000000060
18648  -55.226  -59.218  -48.342 0.3000000119
17630  -54.398  -59.308  -49.228 0.4000000060
18657  -54.669  -59.206  -49.024 0.4000000060
115642  -53.864  -58.575  -50.273 0.4000000060
18678  -52.463  -59.042  -50.596 0.4000000060
18687  -50.496  -59.810  -51.025 0.4000000060
19628  -49.879  -59.542  -51.651 0.4000000060
19616  -56.550  -58.192  -47.622 0.3000000119
18656  -54.203  -59.372  -49.160 0.4000000060
18668  -54.152  -58.591  -49.851 0.4000000060
18667  -53.594  -58.684  -49.859 0.4000000060
18655  -53.516  -59.000  -49.130 0.4000000060
18666  -52.141  -59.665  -49.710 0.4000000060
116438  -50.968  -59.952  -50.496 0.4000000060
121190  -56.399  -57.768  -48.216 0.4000000060
19620  -55.415  -58.814  -48.441 0.4000000060
18645  -53.094  -59.758  -48.055 0.4000000060
17627  -50.820  -60.790  -48.772 0.4000000060
18686  -49.014  -60.016  -50.438 0.4000000060
17637  -50.547  -60.518  -49.520 0.4000000060
19627  -48.321  -59.169  -51.020 0.4000000060
18638  -54.194  -59.026  -47.806 0.4000000060
18646  -53.855  -59.221  -48.120 0.4000000060
17606  -51.846  -60.718  -47.817 0.4000000060
18677  -49.637  -60.375  -49.894 0.4000000060
18637  -53.026  -60.147  -46.350 0.4000000060
20565  -56.058  -57.768  -45.884 0.4000000060
18625  -53.506  -59.782  -45.808 0.4000000060
21421  -57.263  -56.478  -43.835 0.3000000119
21405  -56.640  -55.653  -42.658 0.3000000119
17605  -50.480  -61.122  -47.800 0.4000000060
21404  -55.351  -55.688  -42.401 0.3000000119
18688  -53.193  -58.685  -50.902 0.4000000060
17609  -54.699  -59.441  -48.635 0.4000000060
107425  -55.775  -59.013  -47.783 0.3000000119
18679  -53.531  -58.531  -50.428 0.4000000060
20574  -56.589  -57.487  -47.459 0.3000000119
18649  -55.954  -58.420  -48.311 0.4000000060
18647  -54.869  -59.163  -48.743 0.4000000060
19615  -56.163  -58.231  -48.149 0.4000000060
17586  -51.837  -60.892  -46.952 0.4000000060
19608  -55.318  -58.399  -46.351 0.4000000060
17587  -53.969  -62.154  -47.225 0.3000000119
16567  -51.989  -62.289  -49.758 0.3000000119
16577  -51.900  -61.483  -50.602 0.3000000119
17607  -53.411  -61.545  -48.304 0.3000000119
17646  -51.796  -60.771  -51.572 0.3000000119
16568  -52.919  -61.108  -49.517 0.3000000119
105098  -54.128  -60.815  -47.772 0.3000000119
17629  -53.945  -59.753  -49.425 0.3000000119
17608  -53.937  -60.773  -48.159 0.3000000119
20573  -56.380  -57.468  -47.601 0.3000000119
20553  -56.598  -57.392  -44.756 0.3000000119
17588  -54.428  -60.965  -47.205 0.3000000119
107636  -54.695  -58.867  -47.009 0.3000000119
17570  -52.466  -60.525  -46.718 0.4000000060
17600  -45.734  -61.695  -47.781 0.4000000060
17603  -48.435  -60.698  -47.376 0.4000000060
17628  -51.977  -60.330  -48.782 0.4000000060
18636  -51.916  -60.590  -45.589 0.5000000000
18639  -55.111  -60.462  -46.781 0.3000000119
18658  -55.314  -58.998  -48.454 0.4000000060
18680  -53.738  -58.533  -50.483 0.4000000060
18683  -45.993  -60.360  -50.329 0.4000000060
18696  -52.109  -59.080  -53.072 0.4000000060
19636  -52.064  -58.921  -53.090 0.3000000119
19645  -51.921  -58.980  -53.363 0.3000000119
20516  -45.792  -58.997  -40.908 0.5000000000
23843  -46.684  -54.016  -42.827 0.6000000238
24609  -43.736  -53.029  -41.126 0.4000000060
25440  -48.756  -52.760  -47.871 0.6000000238
26315  -49.402  -51.688  -48.585 0.5000000000
26316  -50.653  -51.313  -48.634 0.5000000000
28107  -51.705  -49.154  -48.986 0.4000000060
28109  -51.141  -49.467  -49.270 0.5000000000
28935  -48.284  -49.038  -45.047 0.5000000000
28944  -49.821  -48.387  -49.177 0.4000000060
28947  -50.838  -48.558  -49.388 0.5000000000
29881  -51.132  -47.871  -47.172 0.4000000060
29884  -51.635  -47.823  -48.319 0.4000000060
31736  -48.182  -45.086  -41.145 0.4000000060
31767  -50.783  -45.649  -47.166 0.3000000119
31770  -51.290  -45.089  -47.960 0.4000000060
32696  -51.223  -45.331  -48.480 0.4000000060
33668  -51.918  -42.792  -48.746 0.4000000060
105314  -52.250  -59.083  -51.362 0.4000000060
105482  -50.283  -58.460  -53.539 0.3000000119
107242  -51.285  -45.754  -47.959 0.4000000060
109857  -48.685  -51.659  -48.189 0.5000000000
111100  -44.783  -56.992  -40.307 0.6000000238
111297  -52.147  -59.179  -51.731 0.4000000060
120803  -46.710  -61.464  -46.213 0.4000000060
