#!ascii label  , from subject sub-v2s9x29163_ses-1 vox2ras=TkReg
1038
12837  -38.816  -66.247  -54.125 0.5000000000
12842  -38.842  -66.054  -55.171 0.6000000238
14560  -45.151  -64.175  -49.382 0.3000000119
12845  -39.654  -66.327  -56.289 0.5000000000
14596  -44.746  -64.982  -52.602 0.4000000060
107831  -45.224  -64.321  -51.443 0.4000000060
15561  -45.595  -63.899  -50.526 0.4000000060
14582  -45.534  -65.013  -52.599 0.4000000060
15610  -40.132  -63.077  -55.122 0.5000000000
15593  -40.145  -63.460  -54.038 0.5000000000
13696  -39.066  -65.567  -53.704 0.5000000000
15609  -39.560  -63.464  -55.447 0.6000000238
15592  -39.557  -63.899  -54.456 0.5000000000
13703  -39.114  -64.757  -54.334 0.6000000238
110600  -45.462  -64.504  -47.767 0.3000000119
13706  -39.499  -65.259  -56.696 0.5000000000
15582  -44.624  -64.967  -52.901 0.5000000000
14595  -44.119  -64.987  -52.433 0.5000000000
15535  -45.783  -64.099  -48.512 0.3000000119
13705  -39.028  -64.628  -55.767 0.6000000238
13709  -40.172  -65.458  -57.227 0.5000000000
14608  -45.406  -65.280  -53.028 0.5000000000
15562  -46.594  -63.677  -50.831 0.4000000060
15550  -46.227  -63.648  -49.505 0.3000000119
15536  -46.574  -63.717  -48.484 0.3000000119
15596  -45.182  -64.537  -53.462 0.4000000060
14583  -46.576  -65.070  -52.725 0.4000000060
15570  -47.109  -64.447  -52.004 0.4000000060
14609  -46.507  -65.063  -53.264 0.4000000060
18726  -41.949  -60.243  -56.597 0.6999999881
17687  -41.831  -60.643  -56.324 0.6999999881
17686  -41.085  -61.385  -56.462 0.6999999881
14592  -39.984  -64.876  -52.914 0.5000000000
116685  -41.604  -60.157  -56.577 0.6999999881
17685  -40.555  -62.021  -57.243 0.6999999881
112666  -40.555  -61.963  -57.429 0.8000000119
16616  -40.582  -62.228  -56.640 0.5000000000
15611  -39.722  -63.200  -56.256 0.6999999881
14593  -40.782  -64.672  -52.642 0.5000000000
15579  -42.059  -64.052  -52.781 0.4000000060
15581  -43.766  -64.628  -52.729 0.5000000000
14533  -46.363  -64.157  -46.392 0.3000000119
16607  -39.358  -63.285  -56.200 0.6000000238
109297  -43.204  -63.671  -53.127 0.5000000000
114755  -44.153  -63.993  -53.274 0.5000000000
108230  -46.595  -63.936  -47.116 0.3000000119
106366  -39.137  -63.749  -55.646 0.5000000000
108721  -44.562  -63.317  -53.920 0.5000000000
113948  -46.210  -63.394  -54.177 0.4000000060
16597  -45.475  -63.547  -54.125 0.4000000060
14584  -47.289  -64.908  -52.714 0.4000000060
103912  -47.238  -63.378  -50.044 0.4000000060
15598  -46.617  -64.292  -53.676 0.3000000119
21459  -41.316  -56.250  -55.415 0.5000000000
20609  -40.682  -57.336  -55.629 0.6000000238
20610  -41.474  -56.970  -56.248 0.6000000238
19672  -41.828  -58.716  -56.598 0.6000000238
109772  -42.201  -59.677  -56.772 0.6000000238
22284  -39.961  -55.591  -53.456 0.5000000000
21454  -39.760  -56.406  -54.373 0.5000000000
20608  -39.614  -57.655  -55.082 0.6000000238
19671  -41.153  -58.916  -56.143 0.6999999881
16594  -41.454  -62.573  -53.926 0.6000000238
13595  -45.628  -65.227  -43.643 0.3000000119
21449  -36.816  -56.812  -53.795 0.6999999881
20600  -38.652  -56.855  -54.370 0.6000000238
105671  -38.499  -58.008  -54.749 0.6000000238
19670  -40.289  -59.158  -55.546 0.6999999881
18725  -39.874  -60.484  -55.537 0.6999999881
16609  -41.622  -61.829  -54.725 0.6000000238
14607  -41.053  -63.843  -53.117 0.5000000000
21450  -37.663  -56.257  -53.195 0.6999999881
20599  -37.415  -56.989  -54.245 0.6000000238
18722  -38.973  -60.177  -54.840 0.6999999881
17679  -39.382  -61.412  -55.551 0.6999999881
15595  -42.451  -63.584  -53.089 0.5000000000
14524  -46.287  -64.318  -45.574 0.3000000119
20591  -36.627  -56.978  -53.655 0.6999999881
21448  -35.861  -57.317  -53.918 0.6000000238
20597  -35.503  -57.640  -54.107 0.6999999881
19663  -37.974  -59.671  -54.657 0.6000000238
16606  -39.190  -63.074  -56.247 0.6999999881
16610  -42.909  -62.022  -54.280 0.5000000000
16611  -44.008  -62.319  -54.373 0.5000000000
20598  -36.404  -57.485  -54.311 0.6000000238
19662  -36.955  -58.944  -54.635 0.6000000238
17678  -38.899  -62.099  -55.306 0.6000000238
15608  -38.877  -63.506  -55.807 0.6000000238
106946  -38.736  -63.969  -55.522 0.6000000238
108063  -44.595  -61.736  -55.084 0.5000000000
15522  -46.953  -63.701  -47.768 0.3000000119
113971  -35.100  -57.817  -54.007 0.6999999881
19660  -35.038  -58.208  -54.235 0.6000000238
18720  -37.288  -60.336  -54.594 0.6000000238
17677  -37.777  -61.560  -54.610 0.5000000000
115522  -37.559  -62.311  -54.567 0.5000000000
117882  -38.453  -64.102  -55.345 0.5000000000
13701  -38.227  -64.492  -55.350 0.5000000000
16612  -45.024  -62.657  -54.577 0.5000000000
116981  -47.610  -62.605  -53.498 0.3000000119
115511  -47.964  -63.611  -53.314 0.3000000119
15599  -47.319  -64.593  -53.244 0.3000000119
15571  -48.058  -64.514  -52.195 0.4000000060
15563  -47.693  -63.738  -51.181 0.4000000060
17668  -47.047  -62.056  -53.860 0.3000000119
16598  -47.008  -63.411  -53.766 0.3000000119
15583  -47.649  -64.743  -52.755 0.4000000060
21451  -40.557  -55.820  -53.422 0.5000000000
21455  -40.692  -56.094  -54.284 0.5000000000
20602  -42.070  -56.182  -55.244 0.5000000000
21456  -42.140  -56.146  -55.617 0.5000000000
109906  -39.824  -55.278  -52.399 0.5000000000
22280  -39.960  -55.163  -52.715 0.5000000000
21458  -40.450  -56.555  -55.029 0.5000000000
108996  -42.029  -56.132  -56.173 0.5000000000
20617  -42.875  -57.434  -57.170 0.6000000238
19676  -43.334  -58.648  -57.487 0.6000000238
22278  -38.994  -55.125  -52.584 0.5000000000
18732  -42.706  -59.559  -56.934 0.6000000238
115693  -42.929  -60.819  -55.592 0.8000000119
12727  -46.365  -66.306  -42.623 0.3000000119
21440  -38.941  -56.295  -51.901 0.6000000238
21442  -37.605  -56.340  -52.917 0.6000000238
22281  -38.440  -55.476  -52.900 0.6000000238
18734  -44.487  -59.555  -57.116 0.4000000060
13584  -45.907  -65.676  -42.961 0.3000000119
20581  -37.102  -57.114  -53.100 0.6999999881
17688  -44.016  -60.796  -55.743 0.5000000000
17680  -42.332  -61.257  -55.212 0.6000000238
14498  -46.307  -64.598  -43.773 0.3000000119
14517  -46.405  -64.342  -44.616 0.3000000119
19649  -36.185  -57.710  -53.398 0.6999999881
18729  -44.984  -60.330  -56.533 0.4000000060
108001  -46.786  -63.973  -45.145 0.3000000119
19648  -35.198  -57.990  -53.773 0.6000000238
112922  -35.030  -57.821  -54.038 0.6999999881
17689  -45.283  -61.117  -55.779 0.4000000060
19647  -34.408  -58.393  -53.933 0.6999999881
101511  -35.489  -59.203  -54.582 0.6000000238
18719  -36.313  -60.471  -54.579 0.5000000000
17676  -36.744  -61.608  -54.491 0.5000000000
108846  -37.793  -63.786  -54.835 0.6000000238
17682  -45.512  -62.021  -55.067 0.4000000060
17669  -47.916  -61.439  -53.520 0.3000000119
16599  -48.519  -62.446  -53.290 0.3000000119
15600  -48.882  -63.436  -53.042 0.3000000119
115218  -48.331  -64.377  -52.487 0.4000000060
15537  -47.398  -63.466  -48.473 0.3000000119
18718  -35.087  -60.087  -54.614 0.6000000238
17675  -35.777  -61.103  -54.546 0.5000000000
16604  -35.749  -62.053  -54.443 0.5000000000
16605  -36.895  -62.571  -54.399 0.5000000000
14617  -37.524  -64.203  -54.751 0.5000000000
13704  -38.236  -64.820  -55.941 0.5000000000
17683  -46.458  -61.610  -54.592 0.3000000119
105743  -36.273  -62.925  -54.283 0.5000000000
13700  -37.093  -64.905  -54.533 0.5000000000
14616  -36.654  -64.350  -54.182 0.5000000000
20583  -40.780  -57.098  -51.951 0.5000000000
21446  -40.900  -56.653  -52.706 0.5000000000
101374  -41.136  -56.186  -54.518 0.5000000000
20611  -42.853  -55.934  -55.969 0.5000000000
21452  -40.917  -56.250  -53.407 0.5000000000
21466  -44.776  -55.729  -56.883 0.4000000060
21444  -39.266  -55.265  -52.306 0.5000000000
21469  -44.341  -56.724  -57.497 0.4000000060
11873  -46.185  -67.354  -42.628 0.3000000119
11874  -47.053  -67.724  -42.580 0.3000000119
20576  -39.081  -57.757  -51.506 0.6000000238
20620  -44.149  -58.055  -57.877 0.4000000060
116322  -44.017  -58.935  -57.615 0.4000000060
19638  -38.387  -58.796  -52.025 0.6000000238
20582  -38.074  -57.228  -52.331 0.6000000238
13596  -46.427  -65.005  -43.161 0.3000000119
19637  -37.477  -58.406  -52.734 0.6000000238
18697  -36.436  -60.075  -53.078 0.6000000238
18731  -46.288  -59.763  -55.988 0.4000000060
18730  -45.779  -60.246  -56.393 0.4000000060
15492  -46.875  -63.845  -45.802 0.3000000119
104377  -35.814  -58.663  -53.335 0.6999999881
17690  -45.959  -61.220  -55.474 0.3000000119
18724  -47.347  -60.420  -53.989 0.3000000119
19650  -41.621  -59.068  -53.956 0.5000000000
20601  -41.474  -56.970  -54.304 0.5000000000
19665  -42.283  -58.398  -54.665 0.5000000000
20603  -43.183  -57.717  -55.404 0.4000000060
20612  -43.968  -56.753  -56.239 0.4000000060
21461  -43.742  -56.024  -56.868 0.4000000060
20578  -40.479  -57.626  -51.161 0.6000000238
21467  -45.769  -55.633  -56.760 0.4000000060
20619  -46.237  -56.067  -57.076 0.4000000060
12728  -47.147  -66.227  -42.531 0.3000000119
110430  -47.545  -67.014  -42.571 0.3000000119
101649  -37.885  -59.863  -52.417 0.6000000238
19678  -45.888  -57.958  -57.236 0.4000000060
18735  -45.482  -59.398  -57.083 0.4000000060
19673  -46.178  -58.937  -56.783 0.4000000060
18723  -46.674  -60.153  -54.811 0.3000000119
18706  -34.190  -59.750  -53.475 0.6000000238
20592  -41.217  -57.977  -53.245 0.5000000000
19651  -42.402  -59.531  -53.998 0.5000000000
19652  -43.391  -59.683  -53.917 0.4000000060
19666  -43.219  -58.942  -54.675 0.4000000060
119942  -41.124  -58.426  -52.208 0.5000000000
19639  -41.434  -59.400  -53.002 0.5000000000
20604  -44.298  -58.099  -55.444 0.4000000060
20577  -39.866  -57.343  -51.235 0.6000000238
19630  -40.841  -58.377  -50.326 0.6000000238
20579  -40.924  -58.136  -51.126 0.6000000238
20613  -45.071  -56.759  -56.091 0.4000000060
107263  -40.330  -58.221  -50.399 0.6000000238
21457  -46.542  -56.459  -55.819 0.4000000060
21468  -46.310  -55.861  -56.420 0.4000000060
120710  -38.934  -58.813  -51.256 0.6000000238
19679  -46.385  -57.079  -56.599 0.4000000060
105183  -47.094  -56.771  -55.427 0.4000000060
19668  -46.890  -58.448  -55.073 0.4000000060
19655  -48.581  -56.673  -54.243 0.4000000060
110755  -46.845  -64.186  -43.949 0.3000000119
14488  -48.007  -64.870  -42.812 0.3000000119
18698  -38.598  -59.857  -51.691 0.6000000238
19669  -47.443  -58.514  -54.377 0.4000000060
119255  -48.008  -63.457  -45.243 0.3000000119
15473  -47.143  -63.884  -44.470 0.3000000119
118533  -37.265  -60.121  -52.736 0.6000000238
16589  -37.444  -61.925  -52.074 0.6999999881
16580  -38.418  -61.898  -51.089 0.6999999881
17656  -36.570  -61.297  -52.617 0.6000000238
117426  -38.019  -61.986  -51.611 0.6999999881
16588  -36.477  -62.200  -52.292 0.6000000238
17640  -38.745  -61.156  -50.369 0.6999999881
17631  -38.719  -61.213  -49.372 0.6000000238
16579  -37.760  -62.472  -51.400 0.6999999881
16570  -38.420  -62.110  -50.152 0.6999999881
109985  -41.242  -59.408  -51.967 0.5000000000
18700  -42.238  -60.543  -52.696 0.5000000000
18708  -41.939  -59.937  -53.309 0.5000000000
19653  -44.302  -59.447  -53.753 0.4000000060
19667  -44.223  -58.922  -54.465 0.4000000060
19631  -41.200  -58.949  -50.634 0.6000000238
18690  -41.441  -60.314  -51.634 0.6000000238
17659  -41.843  -60.773  -52.124 0.6000000238
105423  -45.206  -57.971  -54.888 0.4000000060
19629  -39.647  -58.250  -50.640 0.6000000238
18682  -41.413  -60.177  -50.384 0.6000000238
17649  -41.821  -61.194  -51.380 0.6000000238
20614  -45.723  -57.043  -55.581 0.4000000060
18689  -39.044  -59.372  -50.737 0.6000000238
19623  -39.804  -58.796  -49.778 0.6000000238
19622  -40.984  -58.990  -49.256 0.6000000238
18672  -41.297  -59.470  -49.286 0.6000000238
110388  -41.516  -60.543  -49.573 0.6000000238
20606  -47.179  -56.899  -55.175 0.4000000060
20596  -48.709  -56.713  -54.176 0.4000000060
19621  -40.147  -59.204  -49.099 0.6000000238
18671  -40.925  -59.398  -48.748 0.6000000238
18661  -41.474  -60.050  -48.634 0.6000000238
17620  -41.768  -60.898  -48.188 0.6000000238
20607  -47.742  -56.476  -54.650 0.4000000060
19656  -49.469  -57.594  -54.014 0.4000000060
17658  -38.330  -60.667  -51.990 0.6000000238
18670  -39.416  -59.623  -49.456 0.5000000000
18660  -41.033  -59.770  -48.250 0.6000000238
16550  -42.051  -61.920  -47.944 0.6999999881
17648  -38.686  -60.739  -51.222 0.6000000238
17632  -39.306  -60.126  -48.889 0.6000000238
18659  -40.158  -59.728  -48.427 0.6000000238
17599  -41.657  -61.012  -47.494 0.6000000238
16536  -42.547  -62.381  -47.486 0.6000000238
16523  -43.171  -62.728  -46.293 0.6000000238
18653  -40.488  -60.171  -47.859 0.6000000238
17579  -41.427  -61.272  -46.929 0.6000000238
16535  -41.983  -61.764  -47.084 0.6000000238
16522  -42.392  -62.277  -46.516 0.6000000238
17618  -39.413  -60.408  -48.109 0.6000000238
17598  -40.879  -60.762  -47.223 0.5000000000
16521  -41.581  -61.829  -46.423 0.6000000238
16507  -42.594  -62.416  -45.709 0.6000000238
17597  -39.652  -60.841  -47.440 0.5000000000
16569  -37.983  -62.772  -50.686 0.6999999881
16561  -38.343  -62.214  -49.267 0.6999999881
116166  -38.566  -61.550  -48.647 0.5000000000
17596  -38.709  -61.382  -47.808 0.6000000238
17577  -39.924  -61.362  -46.827 0.5000000000
17578  -40.859  -61.464  -46.595 0.5000000000
16534  -39.020  -61.418  -47.111 0.6000000238
12747  -32.030  -66.575  -44.310 0.6000000238
12748  -32.829  -66.692  -44.456 0.6000000238
12757  -33.202  -67.139  -45.317 0.6000000238
18709  -42.725  -60.222  -53.345 0.5000000000
18701  -43.073  -60.780  -52.694 0.5000000000
18710  -43.846  -60.246  -53.204 0.5000000000
19654  -45.396  -58.400  -54.019 0.5000000000
17641  -41.753  -61.473  -50.272 0.5000000000
16581  -42.939  -62.001  -50.816 0.5000000000
20593  -46.870  -56.841  -53.927 0.4000000060
20584  -47.175  -57.146  -53.164 0.4000000060
17642  -42.203  -61.712  -50.867 0.5000000000
16573  -43.142  -62.281  -50.128 0.5000000000
100548  -47.624  -56.299  -54.285 0.4000000060
20594  -47.719  -56.205  -53.862 0.4000000060
20586  -48.700  -57.014  -53.503 0.4000000060
16562  -41.975  -62.046  -48.893 0.5000000000
16563  -42.594  -62.335  -49.391 0.5000000000
16572  -42.313  -62.029  -50.211 0.5000000000
20595  -48.133  -56.202  -54.236 0.4000000060
16551  -42.577  -62.416  -48.401 0.6000000238
16537  -43.223  -62.708  -47.743 0.6000000238
111615  -42.988  -62.705  -47.017 0.6000000238
106759  -43.671  -62.925  -46.941 0.5000000000
16508  -43.408  -62.623  -45.493 0.4000000060
16509  -44.306  -62.577  -45.187 0.4000000060
16510  -45.402  -62.276  -45.143 0.4000000060
16493  -42.777  -62.424  -44.972 0.6000000238
16494  -43.571  -62.404  -44.752 0.5000000000
16495  -44.706  -62.346  -44.460 0.4000000060
118002  -45.436  -62.101  -44.106 0.4000000060
17534  -45.219  -61.742  -43.351 0.4000000060
15567  -36.565  -63.426  -51.447 0.6999999881
16506  -41.628  -62.264  -45.667 0.6000000238
17556  -44.792  -62.127  -43.841 0.4000000060
16549  -38.231  -62.279  -48.432 0.6000000238
16520  -40.176  -61.979  -46.235 0.5000000000
118863  -40.977  -62.010  -46.079 0.5000000000
16484  -42.976  -62.153  -44.124 0.5000000000
17544  -43.479  -61.733  -43.408 0.5000000000
17545  -44.288  -61.688  -43.381 0.4000000060
17533  -44.778  -61.361  -42.669 0.4000000060
114176  -41.102  -62.778  -44.739 0.5000000000
13590  -31.779  -65.462  -43.437 0.6999999881
13591  -32.237  -65.630  -43.279 0.6000000238
13581  -32.614  -65.156  -42.727 0.6999999881
13607  -33.331  -66.192  -43.921 0.6000000238
14485  -33.099  -64.586  -42.078 0.6000000238
12749  -33.744  -66.518  -44.731 0.6000000238
106868  -33.844  -65.537  -43.483 0.6000000238
14486  -34.067  -64.590  -42.426 0.6000000238
14469  -33.870  -64.164  -41.639 0.6000000238
15419  -34.575  -63.699  -41.202 0.6000000238
12765  -33.762  -67.221  -46.129 0.5000000000
13608  -34.278  -65.856  -44.231 0.6000000238
13583  -34.230  -64.976  -43.077 0.6000000238
14470  -34.903  -63.973  -42.121 0.6000000238
19640  -44.810  -59.467  -53.266 0.5000000000
12766  -34.518  -66.891  -46.396 0.5000000000
12758  -34.162  -66.744  -45.590 0.5000000000
13593  -34.831  -65.060  -43.710 0.5000000000
14495  -34.898  -64.482  -42.934 0.5000000000
17661  -43.410  -61.295  -52.086 0.4000000060
17662  -44.273  -61.102  -51.943 0.5000000000
19641  -45.839  -58.594  -52.932 0.5000000000
12759  -35.034  -66.392  -45.935 0.5000000000
13616  -34.680  -66.156  -45.066 0.5000000000
14496  -35.579  -64.327  -43.454 0.5000000000
15450  -35.607  -63.959  -42.763 0.5000000000
17651  -43.784  -61.708  -51.313 0.5000000000
19642  -47.598  -57.742  -52.382 0.4000000060
20580  -48.389  -57.999  -52.446 0.4000000060
12767  -35.249  -66.571  -46.792 0.5000000000
13617  -35.525  -65.674  -45.442 0.5000000000
14514  -35.669  -64.692  -44.215 0.6000000238
14497  -36.310  -63.955  -43.878 0.6000000238
119248  -48.233  -57.097  -53.057 0.4000000060
13624  -35.832  -65.928  -46.357 0.6000000238
120572  -35.971  -65.497  -45.838 0.6000000238
13610  -35.784  -65.076  -44.881 0.6999999881
16564  -43.492  -62.428  -49.528 0.4000000060
16538  -44.212  -62.716  -47.801 0.5000000000
13660  -35.530  -65.701  -49.989 0.6000000238
115860  -44.487  -62.668  -46.796 0.5000000000
118472  -45.207  -62.308  -46.701 0.4000000060
13661  -36.225  -65.147  -50.105 0.6000000238
16525  -44.825  -62.507  -45.982 0.4000000060
14567  -36.509  -64.540  -50.455 0.6000000238
121193  -37.572  -63.851  -49.847 0.6000000238
15534  -37.822  -63.348  -48.309 0.6000000238
15560  -37.990  -63.076  -49.839 0.6999999881
111359  -38.400  -61.878  -46.968 0.6000000238
16518  -38.377  -62.302  -46.341 0.6000000238
16519  -39.080  -61.876  -46.445 0.5000000000
16505  -40.595  -62.483  -45.558 0.5000000000
13580  -31.914  -64.975  -42.858 0.6999999881
14484  -32.287  -64.515  -42.269 0.6999999881
15402  -32.759  -63.519  -40.944 0.6000000238
120099  -33.132  -64.072  -41.386 0.6000000238
15418  -33.657  -63.719  -40.931 0.6000000238
15405  -35.172  -63.380  -40.565 0.6999999881
15406  -36.092  -63.228  -40.823 0.6000000238
15420  -35.494  -63.535  -41.460 0.6000000238
18691  -44.940  -60.579  -51.667 0.5000000000
18702  -44.748  -60.172  -52.482 0.5000000000
114677  -45.733  -59.639  -51.754 0.5000000000
15437  -35.752  -63.651  -42.163 0.6000000238
100964  -46.590  -58.363  -52.221 0.5000000000
19633  -47.707  -58.611  -51.483 0.4000000060
15451  -36.814  -63.650  -43.176 0.6000000238
118750  -36.121  -63.873  -43.179 0.6000000238
15407  -37.013  -63.124  -41.031 0.5000000000
17644  -44.387  -61.765  -50.524 0.5000000000
13649  -35.842  -66.177  -48.955 0.6000000238
13639  -36.153  -66.107  -48.206 0.4000000060
13632  -35.952  -66.231  -47.401 0.6000000238
14515  -36.320  -64.360  -44.805 0.6000000238
15439  -37.327  -63.499  -42.466 0.6000000238
16565  -44.184  -62.338  -49.278 0.4000000060
17634  -44.727  -61.760  -49.683 0.4000000060
13640  -36.508  -65.597  -48.651 0.5000000000
13633  -36.535  -65.596  -47.844 0.5000000000
108394  -36.448  -65.476  -46.956 0.6000000238
14521  -36.611  -64.442  -45.672 0.6999999881
15488  -36.922  -63.655  -45.193 0.6000000238
15470  -36.799  -63.673  -44.463 0.6000000238
109788  -37.146  -63.556  -43.842 0.6000000238
16539  -45.115  -62.272  -47.404 0.5000000000
13650  -36.355  -65.461  -49.434 0.6000000238
14529  -36.944  -64.862  -47.420 0.6000000238
115305  -36.813  -64.652  -46.523 0.6000000238
15471  -37.570  -63.324  -44.572 0.6000000238
116522  -37.920  -63.476  -43.779 0.6000000238
15453  -38.599  -63.488  -43.195 0.6000000238
14546  -36.956  -65.009  -49.083 0.5000000000
14538  -36.994  -64.989  -48.292 0.6000000238
14530  -37.360  -64.095  -46.927 0.6000000238
15490  -38.368  -62.983  -44.970 0.6000000238
15472  -38.563  -63.370  -44.122 0.6000000238
14556  -36.775  -64.832  -49.780 0.6000000238
14557  -37.275  -64.365  -49.477 0.6000000238
14547  -37.400  -64.329  -48.723 0.6000000238
15505  -37.578  -63.210  -46.428 0.6000000238
15489  -37.614  -63.070  -45.573 0.6000000238
16533  -37.976  -62.562  -46.734 0.6000000238
15520  -38.122  -62.378  -47.513 0.6000000238
109385  -39.625  -62.417  -45.764 0.5000000000
105204  -31.438  -64.235  -43.031 0.6999999881
14467  -31.924  -63.929  -41.978 0.6999999881
16480  -31.327  -62.739  -43.380 0.6999999881
16453  -31.615  -62.280  -41.887 0.6999999881
107181  -31.597  -63.178  -41.975 0.6999999881
15417  -32.165  -63.520  -41.495 0.6999999881
15403  -33.355  -63.237  -40.229 0.6000000238
15397  -33.961  -63.007  -39.652 0.6000000238
16429  -34.469  -62.615  -39.178 0.5000000000
15398  -34.813  -63.098  -39.745 0.6999999881
16430  -35.291  -62.610  -39.229 0.5000000000
16438  -35.699  -62.980  -39.976 0.5000000000
16439  -36.582  -62.739  -40.307 0.5000000000
18692  -45.435  -60.498  -50.997 0.4000000060
18684  -46.688  -59.704  -50.515 0.5000000000
101665  -47.414  -59.605  -50.143 0.5000000000
19626  -47.332  -59.191  -50.796 0.5000000000
19627  -48.321  -59.169  -51.020 0.4000000060
18674  -46.675  -60.170  -49.829 0.4000000060
15422  -37.284  -63.336  -41.741 0.6000000238
117909  -38.120  -63.466  -42.605 0.6000000238
15423  -38.042  -63.310  -41.980 0.6000000238
15440  -38.738  -63.274  -42.339 0.6000000238
15491  -39.299  -63.174  -44.543 0.6000000238
16469  -39.319  -62.881  -42.017 0.6000000238
16502  -37.904  -62.669  -46.142 0.6000000238
15454  -39.409  -63.356  -43.672 0.5000000000
16504  -39.040  -62.701  -45.328 0.6000000238
16491  -40.030  -62.954  -45.015 0.5000000000
17528  -31.689  -61.843  -43.628 0.6999999881
17529  -31.783  -61.466  -42.508 0.6999999881
17513  -32.003  -61.607  -41.408 0.6999999881
16454  -32.117  -62.744  -41.183 0.6999999881
101096  -32.346  -62.099  -40.647 0.6000000238
16437  -32.674  -62.736  -40.343 0.6999999881
16428  -33.241  -62.604  -39.694 0.4000000060
121080  -32.298  -60.921  -43.542 0.6999999881
115429  -32.095  -60.849  -41.964 0.6000000238
17498  -32.435  -61.307  -40.641 0.6000000238
116805  -34.094  -62.072  -38.838 0.5000000000
104366  -32.906  -60.521  -45.457 0.6999999881
18617  -32.810  -60.300  -44.585 0.6999999881
17483  -35.247  -61.436  -38.231 0.5000000000
18618  -33.490  -59.752  -45.901 0.6999999881
17490  -35.727  -62.048  -38.721 0.5000000000
19600  -33.782  -58.928  -45.749 0.6000000238
20572  -33.978  -58.447  -46.566 0.6000000238
104299  -34.133  -57.689  -46.378 0.6000000238
21438  -33.981  -56.284  -47.061 0.5000000000
22274  -34.162  -55.798  -46.809 0.5000000000
18675  -47.426  -60.104  -49.315 0.4000000060
18685  -48.106  -59.670  -49.891 0.4000000060
15441  -39.430  -63.233  -42.770 0.6000000238
106291  -33.184  -61.158  -39.399 0.5000000000
103478  -33.412  -61.947  -39.245 0.5000000000
111785  -32.319  -60.567  -42.705 0.6000000238
18576  -32.314  -60.716  -41.303 0.6000000238
107838  -32.757  -60.904  -40.052 0.6000000238
17481  -33.806  -61.305  -38.774 0.5000000000
17482  -34.478  -61.599  -38.527 0.5000000000
18606  -32.663  -60.084  -43.596 0.6000000238
120470  -32.576  -59.894  -42.823 0.6000000238
108598  -32.512  -60.012  -41.111 0.6000000238
19542  -32.668  -59.244  -40.755 0.6000000238
18545  -35.859  -60.836  -37.816 0.5000000000
19599  -33.259  -59.512  -44.660 0.6999999881
19583  -32.944  -59.252  -43.560 0.6000000238
20529  -32.893  -58.635  -42.912 0.6000000238
20510  -32.621  -58.685  -41.751 0.6000000238
20500  -32.666  -58.287  -40.690 0.6000000238
20545  -33.413  -58.467  -43.955 0.6000000238
20530  -33.227  -58.063  -43.333 0.6000000238
21396  -32.806  -57.960  -42.451 0.6000000238
20561  -33.877  -58.197  -45.361 0.6000000238
21431  -34.077  -57.351  -45.567 0.6000000238
21415  -33.134  -57.403  -43.261 0.6000000238
103776  -32.637  -57.111  -42.194 0.6000000238
21439  -34.153  -56.840  -46.619 0.5000000000
22270  -34.127  -56.482  -45.758 0.5000000000
22252  -33.680  -56.948  -44.431 0.6000000238
22234  -32.846  -56.389  -43.252 0.6000000238
18676  -48.409  -60.065  -49.225 0.4000000060
22272  -32.036  -55.678  -46.758 0.5000000000
108749  -34.029  -55.641  -45.899 0.5000000000
22251  -33.586  -55.992  -44.739 0.6000000238
23076  -33.163  -54.562  -47.090 0.5000000000
23859  -33.675  -54.565  -46.774 0.5000000000
23067  -33.929  -54.903  -46.552 0.4000000060
23066  -33.503  -54.928  -45.383 0.5000000000
23054  -32.766  -55.264  -43.967 0.6000000238
18555  -33.526  -60.528  -38.999 0.6000000238
19521  -34.008  -60.010  -38.618 0.5000000000
18544  -34.438  -60.850  -38.323 0.5000000000
19533  -33.442  -59.628  -39.231 0.6000000238
116847  -34.395  -59.316  -38.365 0.5000000000
19523  -35.560  -60.081  -37.724 0.5000000000
114793  -32.854  -58.700  -40.098 0.6999999881
20492  -33.248  -58.610  -39.451 0.6999999881
21383  -32.595  -57.720  -41.401 0.6000000238
20491  -32.784  -57.935  -39.918 0.6999999881
21372  -32.580  -57.384  -40.500 0.6999999881
22207  -32.507  -56.534  -40.344 0.6999999881
102531  -32.410  -56.195  -41.888 0.6000000238
106081  -32.380  -55.982  -40.964 0.6999999881
23847  -30.382  -54.886  -45.603 0.5000000000
23857  -32.671  -54.054  -46.490 0.5000000000
23827  -32.362  -54.392  -43.448 0.6000000238
23043  -32.400  -55.402  -42.645 0.6000000238
23848  -31.797  -53.575  -45.771 0.5000000000
23849  -33.353  -53.846  -46.039 0.4000000060
23838  -32.651  -53.314  -44.293 0.5000000000
19522  -34.759  -60.021  -38.094 0.5000000000
20482  -35.122  -59.097  -37.894 0.5000000000
103504  -33.811  -59.019  -38.815 0.6000000238
21357  -34.146  -57.702  -38.275 0.5000000000
20470  -34.918  -58.063  -37.863 0.5000000000
21366  -33.087  -57.603  -39.297 0.6999999881
21365  -32.697  -57.075  -39.765 0.6999999881
22196  -32.607  -56.275  -39.627 0.6000000238
112814  -32.345  -55.373  -41.589 0.6999999881
23020  -32.451  -55.727  -40.221 0.6000000238
105208  -32.237  -54.563  -42.256 0.6000000238
117355  -32.310  -54.752  -41.392 0.6000000238
24630  -32.393  -52.626  -45.004 0.5000000000
117301  -33.191  -52.986  -44.955 0.4000000060
25428  -32.170  -51.855  -44.464 0.4000000060
25429  -32.455  -52.021  -44.378 0.4000000060
118710  -32.680  -52.207  -43.820 0.5000000000
23815  -32.248  -53.351  -43.196 0.5000000000
21356  -33.454  -57.264  -38.672 0.6000000238
21346  -34.605  -57.335  -37.768 0.5000000000
22188  -33.965  -56.928  -38.031 0.5000000000
22197  -32.910  -56.781  -39.114 0.6000000238
22186  -32.775  -56.016  -38.935 0.6000000238
23005  -33.228  -55.666  -38.274 0.5000000000
23010  -32.556  -55.482  -39.503 0.6000000238
108917  -32.389  -54.817  -40.163 0.6999999881
23787  -32.582  -54.664  -39.295 0.5000000000
24607  -32.198  -53.843  -41.723 0.6000000238
25420  -32.559  -51.714  -44.077 0.4000000060
24615  -32.368  -52.497  -42.724 0.5000000000
26256  -25.539  -51.008  -39.031 0.4000000060
116773  -26.429  -50.418  -38.861 0.3000000119
27166  -26.074  -50.605  -39.040 0.4000000060
22992  -34.468  -55.639  -37.167 0.5000000000
25383  -26.027  -51.422  -39.512 0.3000000119
27174  -26.625  -50.080  -39.021 0.4000000060
116810  -33.154  -54.978  -38.159 0.5000000000
26274  -28.267  -51.435  -40.179 0.3000000119
26266  -27.220  -50.497  -39.542 0.4000000060
23788  -32.913  -54.465  -38.525 0.5000000000
25392  -29.246  -52.511  -40.495 0.3000000119
24588  -32.443  -53.950  -39.805 0.6000000238
25410  -32.568  -51.522  -43.648 0.5000000000
108211  -32.270  -52.804  -41.461 0.5000000000
25399  -32.556  -51.478  -42.600 0.4000000060
119306  -32.533  -52.228  -40.310 0.4000000060
25376  -28.257  -52.232  -38.399 0.3000000119
111912  -27.075  -51.028  -38.502 0.3000000119
26258  -27.157  -50.254  -38.629 0.3000000119
27167  -26.623  -50.028  -39.030 0.3000000119
28049  -27.395  -49.436  -38.893 0.4000000060
22991  -33.745  -55.147  -37.583 0.5000000000
27182  -28.442  -50.667  -39.935 0.4000000060
114247  -27.790  -49.718  -39.388 0.4000000060
23777  -33.429  -54.352  -37.832 0.5000000000
26275  -29.590  -51.391  -40.481 0.4000000060
27183  -29.341  -50.250  -40.206 0.4000000060
24582  -32.713  -53.841  -38.988 0.5000000000
24571  -33.797  -53.520  -37.516 0.5000000000
106649  -32.395  -52.957  -40.322 0.5000000000
25378  -32.616  -53.251  -39.466 0.5000000000
107524  -32.006  -51.050  -43.861 0.3000000119
26283  -32.513  -50.574  -42.401 0.4000000060
108761  -32.528  -51.713  -41.213 0.4000000060
25384  -32.731  -52.389  -39.619 0.4000000060
25377  -29.202  -52.459  -38.240 0.3000000119
104508  -28.376  -50.316  -38.271 0.3000000119
28050  -27.868  -48.850  -38.741 0.4000000060
22976  -36.229  -55.099  -35.917 0.4000000060
28057  -27.948  -48.280  -38.815 0.4000000060
23762  -36.017  -54.382  -35.749 0.4000000060
109817  -27.955  -48.934  -39.165 0.4000000060
23769  -34.645  -54.325  -36.714 0.4000000060
27175  -29.145  -49.213  -39.938 0.4000000060
24583  -33.176  -53.660  -38.263 0.5000000000
27184  -30.261  -49.601  -40.847 0.4000000060
27190  -31.140  -49.739  -41.737 0.3000000119
25366  -33.478  -52.782  -38.116 0.5000000000
27192  -32.461  -49.939  -42.071 0.3000000119
26246  -29.595  -51.227  -37.897 0.3000000119
27160  -29.450  -50.323  -37.828 0.3000000119
28051  -28.308  -49.474  -38.265 0.3000000119
28042  -28.463  -48.726  -38.010 0.4000000060
28041  -28.058  -47.953  -38.508 0.4000000060
29821  -27.943  -46.924  -38.285 0.3000000119
28896  -27.983  -47.525  -38.658 0.4000000060
23764  -37.496  -54.439  -35.656 0.4000000060
23765  -38.205  -54.028  -35.672 0.4000000060
28906  -28.151  -47.664  -39.088 0.4000000060
24557  -35.744  -53.624  -35.795 0.4000000060
108910  -34.334  -53.751  -36.949 0.4000000060
28065  -30.244  -48.859  -40.756 0.3000000119
24572  -34.373  -53.046  -36.984 0.4000000060
112605  -30.437  -50.404  -41.136 0.3000000119
28072  -31.639  -49.426  -41.779 0.3000000119
101261  -32.718  -51.534  -40.326 0.4000000060
26247  -30.500  -51.104  -37.320 0.3000000119
107927  -29.304  -49.618  -37.765 0.4000000060
28890  -29.298  -48.460  -37.514 0.4000000060
28889  -28.316  -47.740  -37.883 0.4000000060
24565  -38.953  -54.017  -35.936 0.4000000060
24558  -37.647  -53.548  -35.473 0.4000000060
29846  -28.008  -46.935  -38.638 0.4000000060
23763  -36.679  -53.751  -35.491 0.4000000060
28907  -29.202  -48.023  -39.779 0.4000000060
24564  -34.970  -53.512  -36.442 0.4000000060
25350  -36.172  -52.879  -35.568 0.4000000060
25358  -34.979  -52.583  -36.530 0.4000000060
28059  -31.098  -48.345  -40.523 0.3000000119
109402  -33.979  -52.687  -37.531 0.5000000000
28071  -30.909  -49.242  -41.312 0.3000000119
28067  -31.854  -49.023  -41.222 0.3000000119
26248  -33.940  -51.840  -37.981 0.5000000000
27185  -32.799  -49.842  -41.175 0.3000000119
26267  -33.025  -51.516  -39.641 0.4000000060
26276  -32.754  -50.562  -41.293 0.4000000060
27161  -30.251  -50.144  -37.356 0.3000000119
114850  -28.279  -45.662  -37.638 0.3000000119
30773  -27.819  -45.213  -38.017 0.3000000119
24560  -39.291  -53.225  -35.693 0.4000000060
29847  -28.728  -47.193  -39.286 0.3000000119
25352  -37.902  -52.869  -35.399 0.4000000060
24559  -38.469  -53.382  -35.557 0.3000000119
117310  -29.753  -47.249  -39.365 0.3000000119
25359  -35.479  -52.931  -35.982 0.4000000060
25351  -37.094  -52.860  -35.365 0.4000000060
28897  -30.807  -47.823  -39.396 0.3000000119
116254  -31.669  -48.508  -39.477 0.3000000119
25367  -34.454  -52.192  -37.184 0.4000000060
28068  -32.642  -49.388  -40.871 0.3000000119
27186  -33.174  -49.792  -40.249 0.3000000119
27177  -33.591  -50.186  -39.678 0.3000000119
26260  -33.840  -51.180  -38.713 0.3000000119
30787  -28.493  -45.424  -38.398 0.3000000119
31701  -28.991  -44.418  -37.899 0.3000000119
30788  -29.527  -45.798  -38.568 0.3000000119
25353  -38.690  -52.508  -35.473 0.3000000119
26232  -36.604  -52.074  -35.504 0.4000000060
26233  -37.643  -52.034  -35.379 0.4000000060
28898  -31.839  -48.303  -38.650 0.3000000119
114862  -35.667  -52.082  -35.950 0.4000000060
28060  -32.179  -48.926  -40.277 0.3000000119
28061  -33.046  -49.344  -39.907 0.3000000119
26249  -34.661  -51.269  -37.537 0.3000000119
27169  -34.050  -50.308  -39.043 0.3000000119
29825  -32.148  -47.818  -37.936 0.3000000119
28909  -32.520  -48.879  -39.222 0.3000000119
26242  -36.252  -51.185  -35.867 0.3000000119
27143  -37.029  -51.368  -35.529 0.3000000119
26250  -35.272  -50.805  -37.057 0.3000000119
28052  -33.742  -49.735  -39.387 0.3000000119
26261  -34.368  -50.782  -38.343 0.3000000119
105669  -32.587  -47.091  -37.502 0.3000000119
30778  -33.082  -46.528  -37.034 0.3000000119
28899  -32.846  -48.572  -38.242 0.3000000119
115067  -35.582  -51.272  -36.367 0.3000000119
118072  -32.910  -47.974  -37.608 0.3000000119
29811  -33.856  -47.061  -36.732 0.3000000119
27176  -33.088  -50.541  -40.242 0.4000000060
28073  -32.091  -49.785  -42.299 0.3000000119
16593  -40.835  -62.978  -53.863 0.5000000000
14605  -39.486  -64.469  -53.767 0.5000000000
14606  -40.162  -64.175  -53.388 0.5000000000
14594  -43.275  -65.124  -52.209 0.5000000000
100183  -40.995  -61.251  -56.945 0.6999999881
18727  -42.927  -60.215  -56.498 0.6999999881
100563  -39.950  -61.770  -57.236 0.6999999881
102103  -40.088  -62.408  -57.373 0.6999999881
105469  -41.705  -64.673  -52.477 0.4000000060
17684  -39.630  -62.511  -56.743 0.6999999881
16596  -43.532  -62.929  -53.681 0.5000000000
15506  -47.067  -63.718  -46.524 0.3000000119
106849  -46.038  -62.358  -54.769 0.3000000119
21465  -43.503  -55.997  -56.852 0.6000000238
20616  -42.145  -57.220  -56.700 0.6000000238
21460  -42.811  -56.012  -56.256 0.5000000000
22283  -38.972  -55.887  -53.587 0.6000000238
14516  -45.828  -64.767  -44.284 0.3000000119
108070  -37.606  -58.315  -54.639 0.6000000238
19664  -39.305  -59.157  -55.012 0.6000000238
17681  -43.464  -61.436  -54.915 0.5000000000
16595  -42.409  -62.737  -53.597 0.6000000238
15594  -41.706  -63.245  -53.329 0.5000000000
18721  -38.409  -60.895  -54.738 0.6000000238
115815  -38.424  -62.621  -55.016 0.6999999881
15607  -37.934  -63.199  -54.843 0.5000000000
15507  -47.897  -63.473  -46.723 0.3000000119
20589  -34.416  -58.356  -54.011 0.6000000238
105568  -37.017  -63.327  -54.399 0.5000000000
109206  -48.283  -64.310  -52.976 0.3000000119
18728  -43.977  -60.125  -56.503 0.5000000000
15523  -47.857  -63.469  -47.695 0.3000000119
21463  -46.008  -55.832  -56.356 0.4000000060
13586  -47.566  -65.530  -42.646 0.3000000119
19624  -40.679  -58.704  -49.697 0.6000000238
17647  -38.190  -61.421  -51.773 0.6999999881
17617  -38.927  -60.885  -48.519 0.6000000238
19625  -41.172  -58.875  -49.737 0.6000000238
17650  -42.733  -61.619  -51.513 0.5000000000
20605  -46.562  -56.940  -54.813 0.4000000060
17633  -41.705  -61.387  -49.288 0.6000000238
16571  -41.966  -61.996  -49.662 0.5000000000
17619  -41.367  -60.273  -47.907 0.6000000238
16524  -44.001  -63.007  -46.054 0.4000000060
15558  -36.936  -63.905  -50.819 0.6000000238
15548  -37.688  -63.689  -49.224 0.6999999881
102267  -43.889  -60.803  -52.507 0.4000000060
16574  -43.989  -62.241  -50.000 0.4000000060
16492  -42.033  -62.432  -45.134 0.4000000060
14577  -36.135  -64.109  -51.139 0.6000000238
13592  -32.948  -65.727  -43.279 0.6000000238
19632  -46.778  -59.036  -51.352 0.5000000000
15438  -36.404  -63.626  -42.530 0.6000000238
12775  -35.270  -66.704  -47.487 0.4000000060
15519  -37.721  -63.310  -47.275 0.5000000000
17621  -44.904  -61.836  -48.901 0.5000000000
14522  -37.139  -63.824  -46.052 0.6000000238
14539  -37.436  -64.230  -47.842 0.5000000000
19619  -33.650  -59.423  -47.339 0.6000000238
23077  -33.683  -55.079  -47.224 0.5000000000
18565  -32.771  -60.056  -40.339 0.5000000000
19572  -32.617  -59.351  -42.418 0.6000000238
19555  -32.526  -59.478  -41.598 0.6000000238
19532  -33.005  -59.408  -39.877 0.6000000238
21416  -33.639  -57.754  -44.250 0.6000000238
23856  -31.521  -54.497  -46.093 0.5000000000
20481  -34.325  -58.531  -38.358 0.5000000000
24636  -32.937  -53.449  -45.893 0.5000000000
23802  -32.312  -54.552  -40.907 0.6000000238
26265  -25.566  -51.022  -39.033 0.3000000119
22175  -33.849  -56.102  -37.781 0.5000000000
26291  -32.290  -50.888  -43.403 0.3000000119
22982  -35.020  -55.096  -36.597 0.4000000060
103768  -34.362  -54.913  -37.026 0.4000000060
27197  -32.106  -50.229  -42.747 0.3000000119
106639  -33.314  -51.972  -38.851 0.5000000000
28916  -30.218  -48.332  -40.528 0.3000000119
26268  -33.516  -50.925  -39.356 0.3000000119
28908  -29.942  -47.796  -39.972 0.3000000119
28035  -31.374  -49.239  -36.314 0.3000000119
29838  -31.244  -47.377  -38.458 0.3000000119
26241  -35.061  -51.704  -36.730 0.4000000060
110879  -35.766  -67.274  -52.606 0.5000000000
12827  -35.925  -66.714  -52.886 0.5000000000
12828  -36.301  -66.561  -53.454 0.5000000000
13695  -36.505  -65.754  -53.767 0.4000000060
110820  -34.510  -66.352  -52.586 0.5000000000
12826  -35.306  -66.722  -52.514 0.5000000000
118408  -35.638  -66.320  -52.836 0.5000000000
13681  -36.026  -65.946  -53.150 0.5000000000
105628  -36.317  -65.125  -53.715 0.5000000000
13679  -33.851  -65.657  -53.104 0.4000000060
13694  -35.521  -65.150  -53.388 0.5000000000
14604  -35.884  -64.413  -53.747 0.4000000060
105746  -33.498  -64.916  -53.628 0.5000000000
13693  -34.413  -65.058  -53.466 0.5000000000
13680  -35.131  -65.870  -52.908 0.5000000000
14602  -33.598  -64.226  -53.954 0.5000000000
14603  -34.770  -64.360  -53.753 0.5000000000
15589  -33.922  -63.497  -54.216 0.5000000000
120251  -34.402  -62.966  -54.345 0.5000000000
15606  -35.371  -62.922  -54.299 0.4000000060
15605  -33.137  -62.430  -54.482 0.5000000000
16603  -34.192  -61.957  -54.473 0.5000000000
109742  -34.688  -60.989  -54.576 0.5000000000
15588  -31.093  -62.329  -54.072 0.5000000000
14615  -32.349  -63.006  -54.491 0.5000000000
15604  -31.792  -61.768  -54.393 0.5000000000
16602  -32.426  -61.271  -54.501 0.5000000000
17673  -32.339  -60.597  -54.243 0.5000000000
17674  -33.195  -60.654  -54.560 0.5000000000
18717  -33.777  -59.814  -54.503 0.5000000000
108724  -31.664  -61.369  -54.005 0.5000000000
107013  -33.933  -63.129  -52.527 0.5000000000
105205  -32.108  -60.719  -54.080 0.5000000000
16592  -32.534  -61.115  -53.603 0.5000000000
115811  -33.727  -62.284  -53.055 0.5000000000
113937  -32.156  -60.687  -54.105 0.5000000000
17664  -32.551  -60.232  -53.871 0.5000000000
17665  -33.139  -60.604  -53.525 0.5000000000
18715  -32.918  -59.569  -53.993 0.5000000000
18704  -32.778  -59.751  -53.957 0.5000000000
18716  -32.849  -59.906  -54.258 0.5000000000
101235  -34.347  -58.916  -54.375 0.5000000000
14576  -35.338  -64.186  -51.406 0.5000000000
15566  -35.598  -63.501  -51.762 0.6000000238
16586  -34.744  -62.406  -52.617 0.5000000000
17654  -33.945  -61.549  -53.284 0.5000000000
16587  -35.638  -62.330  -52.453 0.5000000000
17667  -35.382  -60.675  -53.211 0.5000000000
104750  -35.842  -61.666  -52.657 0.5000000000
19646  -33.132  -59.368  -53.975 0.5000000000
102552  -34.866  -59.032  -53.462 0.5000000000
19659  -33.470  -59.216  -54.066 0.5000000000
14565  -34.856  -65.336  -50.724 0.5000000000
14566  -35.617  -64.827  -50.752 0.5000000000
15578  -36.154  -62.911  -52.059 0.6000000238
12754  -30.623  -66.329  -45.524 0.5000000000
12755  -31.432  -66.682  -45.018 0.6000000238
13606  -30.851  -65.711  -44.913 0.5000000000
12733  -31.857  -66.024  -43.777 0.6000000238
14513  -31.337  -65.402  -44.069 0.6000000238
14493  -31.159  -64.481  -43.943 0.6000000238
15468  -30.881  -63.887  -44.710 0.5000000000
14494  -31.526  -64.955  -43.434 0.6000000238
15469  -31.218  -63.042  -44.864 0.5000000000
15449  -31.165  -63.492  -43.801 0.6000000238
15436  -31.353  -63.345  -42.809 0.6000000238
114252  -31.657  -62.382  -45.123 0.5000000000
16490  -31.444  -62.539  -44.233 0.5000000000
17564  -32.630  -61.162  -45.739 0.5000000000
18631  -33.330  -60.428  -46.600 0.6000000238
19618  -33.408  -59.474  -47.686 0.6000000238
18644  -33.529  -59.700  -47.612 0.5000000000
17555  -32.427  -61.116  -44.576 0.6000000238
17554  -31.984  -61.830  -44.821 0.5000000000
18632  -33.684  -59.708  -47.116 0.5000000000
20571  -33.797  -57.817  -46.674 0.6000000238
20575  -33.660  -59.078  -47.165 0.6000000238
108524  -48.364  -63.354  -48.648 0.3000000119
15525  -50.038  -63.705  -48.360 0.3000000119
101329  -48.847  -64.060  -51.413 0.3000000119
15526  -51.304  -64.068  -48.660 0.3000000119
15552  -48.365  -63.515  -50.399 0.3000000119
106182  -47.836  -63.304  -49.356 0.3000000119
12756  -32.307  -67.088  -44.979 0.5000000000
15590  -35.132  -63.666  -54.043 0.5000000000
15603  -31.272  -62.293  -54.183 0.5000000000
16584  -31.808  -62.566  -53.557 0.5000000000
16585  -32.779  -62.375  -53.347 0.5000000000
17655  -34.991  -61.602  -52.928 0.5000000000
100704  -49.523  -63.893  -51.211 0.3000000119
15538  -48.945  -63.493  -49.643 0.3000000119
101708  -49.485  -63.818  -50.592 0.3000000119
15540  -50.674  -63.906  -49.243 0.3000000119
12726  -45.580  -66.492  -42.819 0.3000000119
12734  -32.485  -66.211  -43.780 0.6000000238
12746  -31.505  -66.152  -44.371 0.6000000238
12850  -40.458  -66.507  -57.145 0.5000000000
13582  -33.429  -65.164  -42.799 0.6000000238
13585  -46.728  -65.538  -42.711 0.3000000119
13609  -35.157  -65.453  -44.575 0.6000000238
13618  -36.135  -65.073  -45.440 0.6000000238
13625  -36.343  -65.214  -46.116 0.6999999881
13697  -39.413  -65.153  -53.254 0.5000000000
13702  -38.752  -64.886  -54.848 0.5000000000
14468  -32.535  -64.063  -41.642 0.6000000238
14483  -31.793  -64.309  -42.469 0.6999999881
14487  -47.206  -64.866  -42.879 0.3000000119
14499  -46.989  -64.453  -43.408 0.3000000119
14541  -45.880  -64.392  -47.040 0.3000000119
14568  -37.156  -64.228  -50.137 0.6000000238
14597  -46.177  -65.356  -53.046 0.4000000060
14618  -38.889  -64.331  -55.430 0.5000000000
14619  -39.132  -64.172  -54.932 0.5000000000
15404  -34.252  -63.416  -40.344 0.6999999881
15421  -36.427  -63.429  -41.694 0.6000000238
15452  -37.674  -63.567  -43.162 0.6000000238
15456  -47.527  -63.978  -43.766 0.3000000119
15493  -47.590  -63.566  -45.893 0.3000000119
15521  -46.207  -64.087  -47.773 0.3000000119
15539  -50.100  -63.874  -49.874 0.3000000119
15549  -38.011  -62.937  -49.042 0.6999999881
15551  -47.016  -63.423  -49.136 0.3000000119
15559  -37.545  -63.563  -50.415 0.6000000238
15568  -37.379  -63.226  -51.142 0.6999999881
15569  -46.059  -64.310  -51.684 0.4000000060
15580  -42.907  -64.373  -52.673 0.5000000000
15591  -36.227  -63.666  -54.119 0.5000000000
15597  -46.014  -64.457  -53.719 0.4000000060
16420  -34.868  -62.150  -38.661 0.5000000000
16431  -36.157  -62.410  -39.502 0.5000000000
16468  -31.426  -62.465  -42.652 0.6999999881
16485  -43.944  -62.053  -44.099 0.5000000000
16503  -38.313  -62.610  -45.722 0.6000000238
16552  -43.506  -62.597  -48.711 0.5000000000
16553  -44.372  -62.428  -48.602 0.4000000060
16578  -36.990  -62.725  -51.735 0.6999999881
16601  -31.892  -61.019  -54.122 0.5000000000
16608  -40.706  -62.408  -54.842 0.5000000000
16613  -45.716  -62.793  -54.544 0.4000000060
16614  -39.724  -63.025  -56.750 0.6999999881
16615  -40.038  -62.928  -56.539 0.6999999881
17489  -32.730  -61.877  -39.890 0.5000000000
17643  -43.681  -62.074  -50.592 0.5000000000
17657  -37.542  -60.858  -52.425 0.6999999881
17660  -42.451  -61.120  -52.141 0.4000000060
17666  -34.180  -60.714  -53.382 0.5000000000
17672  -32.484  -60.224  -54.043 0.5000000000
18554  -33.106  -60.275  -39.641 0.6000000238
18595  -45.139  -60.937  -42.057 0.4000000060
18652  -33.256  -59.964  -48.031 0.5000000000
18669  -38.996  -60.438  -49.676 0.6000000238
18681  -39.029  -60.007  -50.219 0.5000000000
18693  -46.082  -59.878  -50.949 0.5000000000
18699  -41.633  -60.189  -52.525 0.5000000000
18705  -33.218  -59.779  -53.701 0.5000000000
18707  -36.930  -59.227  -53.011 0.6000000238
18733  -43.511  -59.579  -57.092 0.4000000060
19584  -33.511  -58.872  -44.622 0.6000000238
19614  -33.845  -59.146  -46.800 0.6000000238
19661  -35.923  -58.384  -54.498 0.6000000238
19674  -46.544  -57.965  -55.916 0.4000000060
19675  -42.525  -58.722  -57.022 0.6000000238
19677  -44.909  -58.487  -57.689 0.4000000060
19680  -45.510  -57.289  -57.574 0.4000000060
20480  -33.645  -58.106  -38.826 0.6999999881
20585  -48.136  -56.481  -53.575 0.4000000060
20587  -33.217  -59.339  -54.061 0.5000000000
20588  -33.606  -58.961  -54.003 0.5000000000
20590  -35.576  -57.480  -53.935 0.6999999881
20615  -46.699  -56.504  -55.862 0.4000000060
20618  -43.579  -57.472  -57.536 0.6000000238
20621  -44.838  -57.393  -57.767 0.4000000060
21441  -40.051  -56.225  -51.837 0.5000000000
21443  -38.409  -55.619  -52.616 0.6000000238
21445  -40.480  -55.865  -52.563 0.5000000000
21447  -35.358  -57.601  -54.025 0.6999999881
21453  -37.859  -56.299  -53.595 0.6000000238
21462  -45.077  -55.731  -56.793 0.4000000060
21464  -42.645  -56.330  -56.563 0.6000000238
21470  -45.432  -56.013  -57.302 0.4000000060
22187  -33.312  -56.473  -38.472 0.5000000000
22221  -32.465  -56.818  -41.161 0.6999999881
22275  -32.956  -55.307  -47.304 0.5000000000
22276  -33.636  -55.675  -47.269 0.5000000000
22277  -34.011  -55.528  -47.115 0.5000000000
22279  -39.440  -55.035  -52.514 0.5000000000
22282  -39.256  -55.081  -52.784 0.6000000238
23004  -32.784  -55.232  -38.780 0.6000000238
23032  -32.361  -55.222  -40.833 0.6999999881
23072  -32.212  -54.874  -46.803 0.5000000000
23073  -34.023  -55.033  -47.034 0.5000000000
23770  -35.331  -54.310  -36.227 0.4000000060
23778  -34.034  -54.337  -37.236 0.5000000000
23839  -32.901  -54.082  -44.766 0.5000000000
23858  -33.352  -54.206  -46.583 0.5000000000
23864  -33.694  -54.634  -46.991 0.5000000000
24597  -32.293  -53.886  -40.685 0.6000000238
24622  -32.648  -52.380  -44.398 0.5000000000
24631  -32.830  -52.970  -45.013 0.4000000060
25374  -25.381  -51.574  -38.856 0.4000000060
25379  -32.930  -52.987  -38.821 0.5000000000
26257  -26.018  -50.889  -38.840 0.4000000060
26259  -28.577  -51.414  -38.296 0.3000000119
26299  -32.284  -51.499  -44.158 0.4000000060
26300  -32.369  -51.373  -43.921 0.3000000119
27162  -34.988  -50.295  -37.978 0.3000000119
27168  -27.383  -49.612  -38.783 0.4000000060
28034  -30.799  -49.711  -36.865 0.3000000119
28058  -28.556  -48.453  -39.475 0.4000000060
28066  -31.024  -48.805  -41.155 0.3000000119
29822  -28.280  -46.673  -37.677 0.4000000060
29823  -29.349  -47.641  -37.287 0.4000000060
29826  -33.388  -47.493  -37.199 0.3000000119
29835  -27.872  -46.152  -38.234 0.4000000060
29836  -28.165  -46.197  -38.527 0.4000000060
29837  -28.987  -46.442  -38.984 0.3000000119
31699  -28.069  -44.822  -38.030 0.3000000119
31711  -28.265  -44.684  -38.005 0.3000000119
101510  -36.436  -59.515  -54.606 0.6000000238
101659  -33.750  -59.086  -53.797 0.5000000000
106147  -49.497  -63.543  -48.949 0.3000000119
106282  -36.867  -63.476  -42.104 0.6000000238
106552  -26.176  -50.599  -39.156 0.3000000119
107400  -35.171  -60.698  -37.937 0.5000000000
109820  -27.814  -45.804  -38.053 0.3000000119
110822  -46.845  -66.888  -42.532 0.3000000119
111438  -35.638  -54.894  -36.136 0.4000000060
112450  -32.302  -49.556  -41.685 0.3000000119
112638  -31.602  -63.805  -42.415 0.6999999881
113907  -46.444  -62.642  -54.256 0.3000000119
113972  -29.536  -48.561  -40.141 0.3000000119
114160  -38.173  -56.172  -52.437 0.6000000238
114233  -42.517  -64.824  -52.406 0.4000000060
114298  -40.718  -60.909  -56.736 0.6999999881
115368  -47.252  -63.639  -47.160 0.3000000119
115724  -32.546  -60.586  -40.677 0.6000000238
116034  -46.940  -65.197  -52.980 0.4000000060
116328  -31.481  -61.568  -54.032 0.5000000000
117147  -28.921  -44.836  -38.281 0.3000000119
117550  -32.367  -60.106  -41.977 0.6000000238
117797  -38.489  -59.123  -54.759 0.6000000238
117829  -38.838  -62.324  -45.924 0.6000000238
118156  -36.690  -54.586  -35.663 0.4000000060
118504  -44.125  -62.370  -44.612 0.4000000060
118514  -31.142  -54.222  -45.550 0.5000000000
119442  -45.882  -65.178  -53.258 0.4000000060
119610  -37.003  -63.856  -54.416 0.5000000000
119976  -33.907  -60.691  -38.640 0.5000000000
120397  -33.809  -62.474  -39.279 0.4000000060
120896  -32.529  -67.397  -45.589 0.6000000238
121049  -34.364  -62.777  -52.554 0.5000000000
121175  -37.040  -61.026  -54.559 0.6000000238
