#!ascii label  , from subject sub-v2s9x29163_ses-1 vox2ras=TkReg
1799
105414  -51.132  -68.281  -43.774 0.1000000015
12739  -50.629  -66.607  -43.481 0.1000000015
13587  -48.451  -65.644  -42.744 0.1000000015
13598  -50.069  -65.809  -43.288 0.1000000015
14501  -49.118  -64.327  -43.322 0.1000000015
14502  -49.982  -64.322  -43.452 0.1000000015
15474  -48.042  -63.560  -44.368 0.1000000015
15476  -50.057  -63.535  -44.075 0.1000000015
15495  -49.638  -63.448  -44.977 0.1000000015
101514  -49.249  -63.483  -45.946 0.1000000015
15496  -50.635  -63.479  -45.023 0.1000000015
15509  -49.823  -63.511  -46.895 0.1000000015
15508  -48.841  -63.501  -46.696 0.1000000015
101417  -50.326  -63.696  -47.778 0.1000000015
104129  -51.385  -64.064  -49.215 0.1000000015
101512  -49.379  -63.543  -47.488 0.1000000015
15525  -50.038  -63.705  -48.360 0.1000000015
11054  -53.540  -68.909  -42.240 0.1000000015
11885  -51.306  -67.352  -43.648 0.1000000015
101779  -51.973  -68.042  -43.683 0.1000000015
11887  -53.294  -66.983  -43.177 0.1000000015
12740  -51.528  -66.325  -43.483 0.1000000015
13599  -50.847  -65.589  -43.416 0.1000000015
12741  -52.545  -66.005  -43.339 0.1000000015
14503  -50.955  -64.519  -43.520 0.1000000015
14504  -51.974  -64.430  -43.631 0.1000000015
15477  -51.046  -63.596  -44.131 0.1000000015
101513  -50.256  -63.501  -46.076 0.1000000015
17588  -54.428  -60.965  -47.205 0.1000000015
17587  -53.969  -62.154  -47.225 0.1000000015
16541  -53.663  -63.190  -47.567 0.1000000015
16526  -54.132  -63.618  -47.084 0.1000000015
15542  -52.658  -64.185  -48.279 0.1000000015
106031  -52.954  -64.453  -47.997 0.1000000015
15511  -52.384  -64.088  -47.420 0.1000000015
15510  -51.105  -63.737  -47.375 0.1000000015
15526  -51.304  -64.068  -48.660 0.1000000015
10239  -53.307  -70.080  -41.050 0.1000000015
11055  -54.440  -68.973  -40.637 0.2000000030
10251  -53.683  -69.496  -41.284 0.1000000015
11056  -55.004  -68.272  -40.766 0.1000000015
11876  -54.378  -68.247  -42.054 0.1000000015
11877  -55.256  -67.665  -41.368 0.1000000015
118971  -53.820  -67.643  -42.833 0.1000000015
20520  -55.985  -57.573  -41.174 0.1000000015
20535  -57.790  -58.024  -42.363 0.1000000015
12743  -54.812  -66.547  -42.877 0.1000000015
12742  -53.697  -66.304  -43.231 0.1000000015
111609  -52.450  -65.088  -43.476 0.1000000015
21407  -58.831  -56.475  -42.630 0.1000000015
20536  -58.699  -57.485  -42.670 0.1000000015
19577  -58.487  -58.733  -42.950 0.1000000015
18628  -58.104  -59.677  -43.490 0.1000000015
18627  -57.432  -60.679  -43.690 0.1000000015
13601  -53.273  -65.349  -43.434 0.1000000015
14505  -52.911  -64.513  -43.701 0.1000000015
19591  -58.517  -58.674  -43.509 0.1000000015
106890  -57.552  -59.300  -44.636 0.1000000015
17559  -56.310  -61.048  -44.622 0.1000000015
17572  -55.452  -61.670  -45.410 0.1000000015
16496  -55.765  -62.906  -44.897 0.1000000015
15499  -54.748  -63.455  -45.813 0.1000000015
15461  -52.457  -63.955  -43.899 0.1000000015
106937  -51.702  -63.527  -45.070 0.1000000015
18626  -56.672  -59.623  -45.412 0.1000000015
18639  -55.111  -60.462  -46.781 0.1000000015
17571  -54.764  -61.853  -46.164 0.1000000015
16512  -55.139  -62.998  -45.618 0.1000000015
105552  -54.146  -63.733  -45.785 0.1000000015
112239  -53.757  -64.013  -46.724 0.1000000015
16511  -54.461  -63.063  -46.537 0.1000000015
15498  -54.219  -63.720  -46.728 0.1000000015
15512  -53.310  -64.173  -47.538 0.1000000015
104566  -52.548  -63.744  -46.295 0.1000000015
101753  -51.376  -63.562  -46.189 0.1000000015
11035  -55.017  -68.322  -39.783 0.1000000015
11046  -54.299  -68.972  -39.613 0.2000000030
9408  -53.435  -70.242  -40.017 0.1000000015
10227  -53.147  -70.344  -39.840 0.2000000030
9395  -52.642  -71.127  -39.836 0.2000000030
11860  -54.778  -68.143  -39.570 0.1000000015
11869  -55.606  -67.753  -40.063 0.1000000015
21389  -55.566  -56.876  -40.543 0.1000000015
21390  -56.459  -56.280  -41.109 0.1000000015
12731  -55.722  -66.805  -41.772 0.1000000015
13602  -54.394  -65.765  -43.328 0.1000000015
111326  -55.230  -65.458  -43.324 0.1000000015
18611  -58.152  -59.814  -42.941 0.1000000015
18600  -57.539  -60.735  -42.793 0.1000000015
18610  -57.555  -60.823  -42.820 0.1000000015
17547  -57.548  -61.897  -42.874 0.1000000015
16497  -56.399  -62.293  -44.225 0.1000000015
15482  -56.395  -63.267  -44.131 0.1000000015
15464  -56.137  -64.079  -44.093 0.1000000015
15480  -54.499  -63.817  -44.799 0.1000000015
15462  -53.593  -64.144  -44.039 0.1000000015
15497  -52.869  -63.604  -45.224 0.1000000015
104907  -51.463  -67.171  -40.521 0.1000000015
11858  -51.572  -68.077  -40.446 0.1000000015
12713  -54.000  -67.569  -39.618 0.1000000015
104500  -52.739  -67.732  -40.051 0.1000000015
118104  -52.818  -68.489  -39.830 0.1000000015
11033  -51.964  -68.940  -40.181 0.2000000030
10225  -51.292  -69.477  -40.117 0.2000000030
11034  -53.483  -69.137  -39.637 0.2000000030
10217  -52.186  -70.466  -39.705 0.2000000030
9394  -51.578  -71.148  -39.501 0.2000000030
11861  -55.403  -67.729  -39.681 0.1000000015
12714  -55.118  -67.271  -39.643 0.1000000015
12715  -55.970  -67.084  -39.831 0.1000000015
12722  -56.168  -66.435  -40.582 0.1000000015
20506  -54.530  -57.510  -40.145 0.1000000015
19575  -55.364  -58.777  -41.831 0.1000000015
19564  -54.394  -59.067  -41.499 0.1000000015
19574  -54.890  -59.783  -42.258 0.1000000015
12721  -55.895  -67.175  -40.559 0.1000000015
13588  -56.360  -65.764  -41.632 0.1000000015
21379  -55.041  -56.419  -40.407 0.1000000015
21378  -54.329  -56.966  -39.831 0.1000000015
20534  -56.566  -58.424  -42.106 0.1000000015
17536  -56.884  -61.449  -42.609 0.1000000015
16475  -57.326  -62.647  -42.557 0.1000000015
15443  -57.236  -63.256  -41.942 0.1000000015
14509  -57.082  -64.055  -42.444 0.1000000015
14508  -56.606  -64.795  -42.803 0.1000000015
112614  -54.435  -56.127  -40.449 0.1000000015
15444  -57.324  -63.274  -42.304 0.1000000015
101953  -56.535  -64.332  -43.365 0.1000000015
15463  -55.000  -64.274  -44.217 0.1000000015
22215  -53.615  -56.004  -40.485 0.1000000015
23029  -53.653  -54.409  -41.451 0.1000000015
23028  -52.649  -54.458  -41.276 0.1000000015
12711  -51.215  -66.301  -40.590 0.1000000015
12712  -52.620  -66.706  -40.313 0.1000000015
13564  -51.951  -65.689  -40.591 0.1000000015
105086  -53.157  -65.935  -40.400 0.1000000015
11857  -50.542  -67.601  -40.493 0.1000000015
11032  -50.764  -68.528  -40.415 0.1000000015
14459  -52.511  -65.080  -40.700 0.1000000015
108544  -53.927  -66.760  -39.918 0.1000000015
10216  -50.649  -70.082  -39.606 0.2000000030
14472  -52.943  -64.597  -40.957 0.1000000015
14460  -53.633  -65.301  -40.629 0.1000000015
22193  -51.455  -57.185  -38.501 0.1000000015
22202  -53.068  -56.921  -39.206 0.1000000015
21369  -53.138  -57.557  -38.981 0.1000000015
20496  -53.172  -58.159  -39.252 0.1000000015
110319  -53.636  -58.408  -40.183 0.1000000015
20518  -54.193  -58.463  -40.783 0.1000000015
19563  -53.613  -59.137  -41.067 0.1000000015
15426  -52.889  -63.773  -41.280 0.1000000015
14473  -53.875  -64.578  -41.076 0.1000000015
13565  -54.457  -66.210  -40.150 0.1000000015
12716  -56.101  -66.354  -40.247 0.1000000015
20497  -53.729  -57.529  -39.529 0.1000000015
18598  -54.638  -60.677  -42.431 0.1000000015
18597  -53.740  -61.026  -42.156 0.1000000015
120457  -55.626  -61.275  -42.618 0.1000000015
118977  -56.495  -64.449  -41.315 0.1000000015
14475  -56.150  -64.947  -40.843 0.1000000015
13575  -56.326  -65.548  -40.824 0.1000000015
22201  -52.049  -56.805  -39.321 0.1000000015
18599  -55.847  -60.559  -42.648 0.1000000015
16473  -54.951  -62.501  -42.152 0.1000000015
15442  -56.271  -63.251  -41.775 0.1000000015
15429  -56.814  -63.962  -41.587 0.1000000015
14476  -56.722  -64.609  -41.370 0.1000000015
13576  -56.691  -65.021  -41.490 0.1000000015
22214  -52.661  -55.961  -40.504 0.1000000015
22213  -51.646  -55.875  -40.485 0.1000000015
23038  -53.234  -53.924  -41.974 0.1000000015
103515  -51.500  -64.908  -40.750 0.1000000015
14458  -50.589  -64.775  -40.734 0.1000000015
102350  -50.186  -66.153  -40.509 0.1000000015
14471  -52.021  -64.241  -40.972 0.1000000015
15410  -51.223  -63.663  -41.091 0.1000000015
11845  -49.321  -67.454  -39.706 0.1000000015
11024  -50.202  -68.982  -40.105 0.1000000015
108460  -52.385  -62.845  -41.372 0.1000000015
15425  -51.972  -63.446  -41.193 0.1000000015
10215  -49.820  -69.243  -39.394 0.2000000030
21368  -52.349  -57.568  -38.634 0.1000000015
121050  -53.231  -59.099  -40.631 0.1000000015
107519  -53.211  -63.025  -41.509 0.1000000015
15427  -54.137  -63.709  -41.460 0.1000000015
11014  -49.429  -68.668  -38.903 0.1000000015
10202  -49.549  -69.290  -38.525 0.2000000030
107869  -52.736  -58.056  -38.785 0.1000000015
18586  -53.792  -60.016  -41.780 0.1000000015
18585  -52.998  -60.708  -41.559 0.1000000015
112554  -53.811  -61.911  -42.105 0.1000000015
16462  -54.927  -63.243  -41.724 0.1000000015
22200  -50.861  -56.488  -39.526 0.1000000015
23027  -50.763  -55.537  -40.480 0.1000000015
23026  -49.902  -55.104  -40.428 0.1000000015
103693  -51.706  -54.712  -40.959 0.1000000015
23810  -51.112  -54.201  -41.002 0.1000000015
23811  -52.261  -53.969  -41.609 0.1000000015
117079  -49.569  -63.624  -40.573 0.1000000015
103034  -50.440  -64.024  -40.847 0.1000000015
14457  -49.726  -64.560  -40.560 0.1000000015
15409  -50.463  -63.173  -40.931 0.1000000015
117447  -51.149  -64.323  -40.933 0.1000000015
13562  -49.914  -65.363  -40.529 0.1000000015
12710  -49.731  -66.968  -40.285 0.1000000015
114761  -49.381  -65.980  -40.225 0.1000000015
11856  -49.930  -68.020  -40.254 0.1000000015
17519  -52.492  -61.389  -41.458 0.1000000015
15424  -51.384  -62.752  -41.192 0.1000000015
11840  -48.760  -66.952  -39.074 0.1000000015
20488  -51.368  -57.899  -38.296 0.1000000015
20495  -52.033  -58.314  -38.732 0.1000000015
19548  -52.140  -59.450  -40.181 0.1000000015
109798  -52.798  -59.780  -40.986 0.1000000015
16459  -52.027  -62.049  -41.336 0.1000000015
11841  -49.152  -67.879  -38.800 0.1000000015
11023  -49.611  -68.383  -39.648 0.1000000015
22192  -50.657  -56.857  -38.349 0.1000000015
16460  -52.955  -62.181  -41.625 0.1000000015
10987  -49.643  -68.638  -37.041 0.1000000015
22199  -49.929  -56.321  -38.971 0.1000000015
23014  -50.003  -55.919  -39.940 0.1000000015
23808  -48.959  -54.014  -40.351 0.1000000015
23809  -49.943  -54.031  -40.721 0.1000000015
24603  -49.545  -53.390  -40.637 0.1000000015
103079  -49.158  -62.848  -40.357 0.1000000015
15408  -48.803  -63.609  -40.147 0.1000000015
14456  -49.003  -64.375  -40.287 0.1000000015
113965  -48.745  -64.907  -39.965 0.1000000015
16443  -50.494  -62.197  -40.869 0.1000000015
16442  -49.613  -62.132  -40.482 0.1000000015
13557  -48.819  -65.617  -39.827 0.1000000015
12703  -49.009  -66.521  -39.753 0.1000000015
17518  -51.744  -61.357  -41.160 0.1000000015
17503  -50.145  -61.456  -40.512 0.1000000015
12702  -48.583  -66.031  -39.197 0.1000000015
22191  -49.987  -56.676  -37.902 0.1000000015
19539  -52.448  -58.674  -39.373 0.1000000015
18569  -51.855  -60.228  -40.669 0.1000000015
115825  -51.571  -60.838  -40.892 0.1000000015
17504  -50.974  -61.313  -40.817 0.1000000015
12693  -48.603  -66.418  -38.497 0.1000000015
23008  -49.314  -55.996  -38.145 0.1000000015
21360  -50.413  -57.274  -37.834 0.1000000015
106276  -50.659  -57.781  -38.016 0.1000000015
20494  -51.095  -58.756  -38.842 0.1000000015
19538  -51.631  -59.129  -39.456 0.1000000015
19547  -51.312  -59.860  -40.184 0.1000000015
119451  -49.219  -67.834  -37.993 0.1000000015
23790  -48.211  -54.528  -38.834 0.1000000015
23007  -48.657  -55.273  -38.690 0.1000000015
23012  -48.619  -54.796  -39.542 0.1000000015
119829  -48.684  -54.427  -40.012 0.1000000015
118096  -48.539  -60.954  -39.379 0.1000000015
17495  -48.748  -61.471  -39.719 0.1000000015
16441  -48.919  -62.138  -40.100 0.1000000015
114074  -48.332  -64.233  -39.218 0.1000000015
18561  -49.176  -60.680  -39.705 0.1000000015
14448  -48.209  -64.522  -38.570 0.1000000015
19537  -50.171  -59.256  -39.051 0.1000000015
18562  -49.947  -60.047  -39.728 0.1000000015
17502  -49.389  -61.440  -40.167 0.1000000015
101479  -48.484  -65.022  -39.322 0.1000000015
22997  -49.066  -56.002  -37.277 0.1000000015
22181  -49.448  -56.614  -37.257 0.1000000015
19528  -50.494  -58.401  -38.353 0.1000000015
103599  -50.757  -59.560  -39.616 0.1000000015
12684  -48.648  -66.331  -37.623 0.1000000015
107591  -48.793  -55.538  -37.817 0.1000000015
11831  -48.912  -67.198  -38.035 0.1000000015
11832  -49.342  -67.798  -37.272 0.1000000015
23781  -48.390  -54.955  -37.926 0.1000000015
24592  -47.825  -53.753  -38.961 0.1000000015
23794  -48.325  -54.010  -39.730 0.1000000015
24591  -47.569  -52.973  -38.865 0.1000000015
25387  -47.726  -52.274  -39.318 0.1000000015
24602  -48.749  -53.105  -40.343 0.1000000015
104150  -48.590  -62.858  -39.837 0.1000000015
15399  -48.401  -63.594  -39.496 0.1000000015
15394  -48.096  -63.713  -38.786 0.1000000015
14442  -47.912  -63.894  -38.013 0.1000000015
21351  -49.053  -57.236  -37.001 0.1000000015
20487  -49.921  -58.025  -37.870 0.1000000015
19527  -49.540  -58.936  -38.547 0.1000000015
19536  -49.287  -59.774  -39.209 0.1000000015
22996  -48.563  -55.553  -36.980 0.1000000015
22180  -48.753  -56.489  -36.665 0.1000000015
21352  -49.755  -57.279  -37.464 0.1000000015
13552  -48.392  -65.516  -38.321 0.1000000015
117522  -48.123  -54.790  -37.245 0.1000000015
23789  -47.845  -54.203  -38.030 0.1000000015
24575  -47.476  -53.568  -37.605 0.1000000015
24586  -47.583  -53.478  -38.334 0.1000000015
25363  -47.114  -52.903  -37.178 0.1000000015
103752  -47.343  -52.864  -38.073 0.1000000015
25371  -47.030  -52.113  -37.789 0.1000000015
25381  -47.378  -52.188  -38.564 0.1000000015
26264  -47.150  -51.315  -38.324 0.1000000015
18559  -48.076  -60.814  -38.910 0.1000000015
16433  -47.898  -62.038  -38.994 0.1000000015
16422  -48.074  -62.835  -39.075 0.1000000015
15393  -47.790  -63.109  -38.307 0.1000000015
108388  -47.572  -62.693  -37.978 0.1000000015
18550  -48.084  -60.176  -38.654 0.1000000015
22995  -47.959  -55.106  -36.354 0.1000000015
23780  -47.703  -54.258  -37.058 0.1000000015
25362  -46.686  -52.695  -36.465 0.1000000015
26254  -46.696  -51.378  -37.481 0.1000000015
27165  -46.772  -50.583  -37.821 0.1000000015
17494  -48.193  -61.478  -39.203 0.1000000015
16421  -47.622  -62.284  -38.384 0.1000000015
19526  -48.583  -59.498  -38.594 0.1000000015
22988  -48.347  -55.937  -36.217 0.1000000015
20477  -49.111  -57.893  -37.538 0.1000000015
20485  -48.212  -59.020  -38.070 0.1000000015
23774  -47.367  -54.208  -36.259 0.1000000015
24568  -47.066  -53.431  -36.453 0.1000000015
25370  -46.693  -52.089  -37.025 0.1000000015
26253  -46.336  -51.470  -36.757 0.1000000015
27164  -46.360  -50.737  -37.077 0.1000000015
109996  -46.470  -49.908  -37.328 0.1000000015
18549  -47.599  -60.530  -38.306 0.1000000015
20476  -47.668  -58.848  -37.535 0.1000000015
19525  -47.730  -59.659  -38.111 0.1000000015
23767  -47.298  -55.015  -35.642 0.1000000015
22987  -47.700  -55.858  -35.778 0.1000000015
22173  -47.979  -56.575  -36.123 0.1000000015
21343  -48.165  -57.277  -36.604 0.1000000015
102210  -48.263  -57.963  -37.210 0.1000000015
27159  -45.973  -50.925  -36.378 0.1000000015
28033  -45.815  -49.474  -35.908 0.1000000015
102571  -46.056  -50.108  -36.575 0.1000000015
20467  -47.251  -58.238  -36.762 0.1000000015
105472  -46.977  -56.730  -35.700 0.1000000015
21342  -47.231  -57.427  -36.212 0.1000000015
23766  -46.808  -54.102  -35.568 0.1000000015
25356  -46.195  -52.485  -35.764 0.1000000015
105681  -46.367  -52.067  -36.428 0.1000000015
109456  -45.751  -50.384  -35.807 0.1000000015
28032  -45.623  -49.812  -34.989 0.1000000015
24562  -46.675  -53.301  -35.927 0.1000000015
26238  -45.738  -51.742  -35.204 0.1000000015
27151  -45.759  -51.115  -35.739 0.1000000015
28862  -45.483  -48.779  -33.851 0.1000000015
27141  -45.465  -50.480  -34.265 0.1000000015
24554  -46.234  -53.333  -35.249 0.1000000015
26237  -45.506  -51.312  -34.379 0.1000000015
27150  -45.617  -50.816  -35.084 0.1000000015
112433  -45.399  -50.996  -33.697 0.1000000015
12738  -49.773  -66.655  -43.246 0.1000000015
112709  -48.822  -64.954  -42.927 0.1000000015
112678  -49.601  -64.976  -43.164 0.1000000015
13600  -51.701  -65.309  -43.460 0.1000000015
15458  -49.527  -63.809  -43.689 0.1000000015
15494  -48.714  -63.439  -45.052 0.1000000015
15459  -50.497  -63.821  -43.751 0.1000000015
103165  -52.281  -67.047  -43.472 0.1000000015
11886  -53.146  -67.966  -43.141 0.1000000015
15460  -51.482  -63.877  -43.817 0.1000000015
16540  -53.265  -63.527  -48.043 0.1000000015
15513  -53.825  -63.972  -47.298 0.1000000015
10228  -53.640  -69.688  -39.745 0.2000000030
12730  -54.491  -67.261  -42.638 0.1000000015
20519  -54.987  -58.058  -40.904 0.1000000015
116525  -57.798  -59.465  -42.721 0.1000000015
16498  -57.244  -61.821  -43.475 0.1000000015
18640  -55.882  -59.961  -46.249 0.1000000015
16486  -57.346  -62.721  -43.072 0.1000000015
15481  -55.503  -63.555  -44.871 0.1000000015
15479  -53.197  -63.800  -44.453 0.1000000015
11859  -53.888  -68.431  -39.552 0.1000000015
10226  -52.868  -69.805  -39.672 0.2000000030
14506  -54.204  -64.868  -43.695 0.1000000015
19576  -56.196  -59.613  -42.531 0.1000000015
17537  -57.445  -61.848  -42.753 0.1000000015
15465  -56.932  -63.638  -43.249 0.1000000015
13604  -56.139  -65.432  -42.779 0.1000000015
21377  -53.789  -56.969  -39.493 0.1000000015
16474  -56.648  -62.326  -42.350 0.1000000015
15430  -57.090  -63.882  -41.807 0.1000000015
14507  -55.787  -64.869  -43.662 0.1000000015
22216  -54.482  -54.605  -41.447 0.1000000015
13563  -50.852  -65.511  -40.652 0.1000000015
9392  -49.910  -70.072  -38.973 0.2000000030
13574  -55.050  -65.437  -40.554 0.1000000015
15428  -55.698  -64.023  -41.401 0.1000000015
14474  -54.975  -64.562  -41.107 0.1000000015
109006  -56.032  -65.853  -40.423 0.1000000015
17520  -53.151  -61.435  -41.750 0.1000000015
16461  -53.929  -62.749  -41.739 0.1000000015
11001  -49.393  -68.475  -37.981 0.1000000015
16444  -51.291  -61.909  -41.137 0.1000000015
23013  -49.221  -55.542  -39.517 0.1000000015
18568  -51.131  -60.580  -40.545 0.1000000015
18567  -49.941  -60.792  -40.170 0.1000000015
106640  -47.961  -53.101  -39.630 0.1000000015
107953  -47.526  -51.629  -38.983 0.1000000015
107941  -48.424  -58.467  -37.710 0.1000000015
21261  -55.437  -57.825  -31.961 0.5000000000
13458  -54.085  -65.205  -30.820 0.5000000000
20386  -55.139  -58.827  -32.266 0.5000000000
19438  -55.418  -59.762  -32.605 0.5000000000
120571  -54.730  -64.965  -31.178 0.5000000000
22093  -56.306  -56.129  -31.333 0.5000000000
121185  -56.058  -56.597  -31.524 0.5000000000
20387  -56.001  -58.349  -32.416 0.5000000000
14353  -55.117  -64.408  -31.235 0.5000000000
21262  -56.277  -57.512  -32.131 0.5000000000
22113  -56.616  -56.744  -31.732 0.5000000000
20388  -56.820  -58.045  -32.547 0.5000000000
21263  -57.106  -57.267  -32.238 0.4000000060
20406  -56.552  -58.861  -32.827 0.4000000060
11746  -56.178  -67.231  -31.800 0.5000000000
11752  -56.667  -67.706  -32.200 0.5000000000
12599  -57.012  -67.137  -32.212 0.5000000000
10939  -57.239  -67.743  -32.650 0.5000000000
12630  -57.552  -66.606  -33.507 0.5000000000
12615  -57.703  -66.866  -33.279 0.5000000000
13490  -58.251  -65.757  -33.914 0.4000000060
14389  -57.561  -65.311  -33.901 0.4000000060
14329  -52.178  -63.783  -27.453 0.1000000015
102406  -53.724  -64.629  -30.230 0.5000000000
21243  -54.978  -57.232  -31.494 0.5000000000
18448  -55.045  -60.740  -32.373 0.4000000060
14352  -54.372  -64.413  -30.847 0.5000000000
110719  -55.824  -55.762  -31.002 0.5000000000
22092  -55.492  -56.441  -31.306 0.5000000000
22916  -56.651  -55.352  -30.879 0.5000000000
113041  -57.087  -53.897  -30.047 0.5000000000
23697  -57.361  -54.606  -30.543 0.5000000000
22094  -57.166  -55.997  -31.404 0.5000000000
22114  -57.590  -56.617  -31.868 0.4000000060
20389  -57.509  -57.743  -32.624 0.4000000060
22917  -57.699  -55.282  -31.042 0.3000000119
18461  -57.049  -60.035  -33.473 0.6999999881
102280  -56.517  -60.647  -33.137 0.5000000000
23678  -57.947  -53.932  -30.302 0.3000000119
23698  -58.257  -54.624  -30.696 0.3000000119
22933  -58.130  -55.937  -31.487 0.3000000119
21264  -57.939  -57.168  -32.377 0.4000000060
19455  -56.944  -59.348  -33.262 0.5000000000
106750  -57.450  -60.805  -33.364 0.6000000238
16341  -56.699  -62.117  -32.275 0.6000000238
15305  -56.016  -63.231  -31.535 0.6000000238
13459  -55.444  -65.115  -31.392 0.5000000000
12598  -55.505  -66.576  -31.532 0.3000000119
21285  -58.250  -57.767  -32.905 0.4000000060
18462  -57.944  -60.220  -33.628 0.5000000000
16354  -57.626  -62.232  -32.451 0.6000000238
15307  -57.701  -63.602  -31.992 0.6000000238
118305  -56.683  -65.889  -31.756 0.5000000000
13461  -57.277  -65.486  -31.914 0.5000000000
22115  -58.659  -56.588  -32.020 0.4000000060
110899  -58.702  -57.238  -32.521 0.4000000060
19457  -58.389  -59.405  -33.626 0.5000000000
103218  -58.524  -61.016  -33.438 0.5000000000
15308  -58.693  -64.117  -32.424 0.5000000000
14362  -57.837  -64.370  -32.022 0.5000000000
12600  -57.420  -66.370  -32.264 0.5000000000
22116  -59.774  -56.430  -31.846 0.4000000060
21286  -59.275  -57.719  -33.010 0.4000000060
19458  -59.704  -59.461  -33.614 0.5000000000
17400  -59.896  -61.405  -33.157 0.5000000000
113016  -59.991  -62.927  -32.896 0.4000000060
109408  -58.952  -64.675  -32.789 0.5000000000
14371  -58.881  -65.168  -33.358 0.5000000000
20409  -60.068  -58.499  -33.352 0.4000000060
105463  -60.085  -62.221  -32.886 0.5000000000
14391  -59.050  -65.162  -33.992 0.4000000060
13471  -58.186  -66.003  -33.542 0.5000000000
119746  -60.625  -60.931  -33.439 0.5000000000
17412  -60.383  -61.949  -33.376 0.4000000060
15361  -59.104  -64.504  -34.205 0.4000000060
14390  -58.276  -65.210  -34.191 0.4000000060
17430  -60.469  -61.559  -34.164 0.3000000119
16399  -59.583  -62.515  -34.760 0.4000000060
16384  -59.188  -63.293  -34.523 0.3000000119
16383  -58.079  -62.770  -34.885 0.3000000119
112410  -57.689  -63.485  -34.444 0.3000000119
16297  -51.859  -62.744  -26.719 0.1000000015
16307  -52.012  -62.511  -27.437 0.1000000015
15264  -52.217  -63.242  -27.202 0.1000000015
108095  -52.797  -63.130  -28.974 0.4000000060
114051  -53.339  -64.244  -29.650 0.4000000060
15285  -53.150  -63.656  -29.375 0.4000000060
14351  -53.923  -63.712  -30.316 0.5000000000
21242  -54.081  -57.390  -31.257 0.5000000000
20369  -54.493  -58.149  -31.647 0.5000000000
19437  -54.607  -59.742  -32.226 0.4000000060
118094  -53.843  -62.826  -30.419 0.5000000000
108714  -54.766  -63.718  -31.020 0.5000000000
22915  -55.752  -55.135  -30.547 0.5000000000
23676  -56.224  -53.855  -29.768 0.5000000000
23677  -56.455  -54.530  -30.324 0.5000000000
16339  -54.895  -62.330  -31.389 0.6000000238
25283  -57.186  -52.755  -29.336 0.4000000060
24479  -57.701  -53.226  -29.741 0.2000000030
121245  -57.768  -52.536  -29.366 0.2000000030
22918  -58.632  -55.250  -31.138 0.4000000060
113042  -58.445  -53.415  -30.083 0.3000000119
109440  -58.751  -53.968  -30.438 0.3000000119
24480  -59.146  -53.330  -30.127 0.3000000119
23679  -59.549  -53.988  -30.454 0.4000000060
22919  -59.546  -55.268  -31.143 0.4000000060
23700  -60.021  -54.707  -30.737 0.3000000119
22935  -59.906  -55.824  -31.445 0.4000000060
21287  -60.446  -57.764  -32.763 0.4000000060
22095  -60.673  -56.254  -31.547 0.3000000119
20410  -61.241  -58.576  -32.989 0.3000000119
19459  -60.857  -59.509  -33.386 0.4000000060
112203  -61.713  -58.309  -32.993 0.3000000119
18483  -61.046  -60.206  -33.766 0.3000000119
16400  -59.987  -61.866  -34.947 0.4000000060
119916  -59.344  -61.909  -35.315 0.3000000119
20427  -61.589  -58.636  -33.462 0.2000000030
20445  -61.463  -58.811  -34.311 0.2000000030
18520  -60.493  -60.341  -35.348 0.3000000119
16398  -58.830  -62.321  -35.208 0.3000000119
21336  -61.331  -58.187  -34.998 0.1000000015
120304  -60.049  -59.265  -35.913 0.2000000030
17450  -58.767  -61.472  -35.621 0.4000000060
22163  -59.915  -56.689  -34.654 0.1000000015
16308  -52.503  -62.898  -28.195 0.1000000015
16320  -51.826  -61.938  -28.924 0.2000000030
16321  -52.500  -62.257  -29.576 0.5000000000
16322  -53.198  -62.785  -29.884 0.4000000060
119113  -53.586  -63.286  -29.984 0.4000000060
20368  -53.715  -58.795  -31.479 0.4000000060
18443  -53.392  -60.399  -31.401 0.4000000060
17380  -53.713  -61.270  -31.347 0.5000000000
22914  -54.979  -55.808  -30.766 0.5000000000
22091  -54.535  -56.627  -31.095 0.4000000060
16331  -54.137  -62.144  -31.064 0.4000000060
25282  -56.541  -52.650  -29.077 0.4000000060
24477  -55.926  -53.165  -29.241 0.4000000060
23696  -55.624  -54.430  -30.053 0.5000000000
25265  -56.314  -52.070  -28.616 0.4000000060
24478  -56.778  -53.264  -29.521 0.5000000000
26153  -56.751  -51.490  -28.521 0.3000000119
25266  -57.167  -52.142  -28.914 0.3000000119
25267  -58.160  -51.898  -29.095 0.3000000119
26154  -58.029  -51.133  -28.699 0.2000000030
25284  -58.583  -52.725  -29.645 0.2000000030
27071  -58.546  -50.526  -28.644 0.1000000015
25268  -59.208  -52.030  -29.311 0.3000000119
26155  -58.891  -51.270  -28.905 0.1000000015
24481  -59.932  -53.365  -30.095 0.3000000119
113151  -59.816  -51.425  -29.038 0.2000000030
25269  -60.213  -52.212  -29.388 0.2000000030
24482  -60.752  -53.432  -29.939 0.2000000030
22920  -60.603  -55.486  -31.089 0.2000000030
105167  -61.534  -56.755  -31.673 0.2000000030
23681  -61.324  -54.087  -30.226 0.2000000030
22096  -61.660  -56.091  -31.210 0.2000000030
21267  -61.959  -57.361  -32.042 0.2000000030
22899  -61.898  -54.692  -30.414 0.2000000030
22097  -62.686  -56.186  -31.131 0.1000000015
110773  -62.051  -58.031  -33.152 0.2000000030
21308  -61.822  -58.136  -34.043 0.2000000030
22098  -63.217  -56.049  -31.151 0.1000000015
22136  -62.876  -56.796  -32.436 0.1000000015
21326  -61.645  -57.575  -34.534 0.1000000015
21335  -60.608  -57.977  -35.384 0.1000000015
22156  -63.055  -56.284  -32.794 0.1000000015
22154  -62.172  -56.455  -33.702 0.1000000015
21325  -61.074  -57.445  -34.964 0.1000000015
22967  -62.266  -55.816  -33.471 0.1000000015
22164  -60.570  -56.326  -34.254 0.1000000015
22966  -60.266  -55.623  -33.668 0.1000000015
23751  -59.892  -54.903  -33.165 0.1000000015
17363  -51.948  -61.212  -29.938 0.3000000119
19422  -51.242  -59.370  -29.883 0.3000000119
119096  -52.890  -62.103  -30.201 0.3000000119
20360  -52.247  -58.453  -30.546 0.3000000119
108143  -52.312  -59.796  -30.695 0.3000000119
17378  -52.626  -61.366  -30.477 0.5000000000
16330  -53.363  -61.940  -30.648 0.5000000000
22074  -52.965  -56.549  -30.434 0.4000000060
20361  -52.656  -57.869  -30.659 0.5000000000
19429  -53.012  -59.496  -31.236 0.4000000060
17379  -53.088  -61.087  -31.064 0.5000000000
24463  -55.378  -52.761  -28.782 0.4000000060
23675  -54.948  -54.346  -29.782 0.4000000060
22898  -54.917  -54.962  -30.280 0.5000000000
116548  -54.165  -56.181  -30.683 0.5000000000
26145  -55.394  -51.098  -27.938 0.4000000060
26152  -55.911  -51.425  -28.264 0.4000000060
116652  -55.948  -52.555  -28.813 0.4000000060
103605  -55.426  -53.815  -29.544 0.5000000000
27068  -55.834  -50.779  -28.070 0.4000000060
27943  -55.883  -49.070  -27.958 0.3000000119
27069  -56.481  -50.792  -28.287 0.3000000119
27951  -57.116  -50.088  -28.377 0.3000000119
109623  -57.270  -50.937  -28.496 0.3000000119
110276  -57.527  -49.233  -28.420 0.3000000119
27070  -57.799  -50.521  -28.549 0.2000000030
110764  -58.271  -49.206  -28.523 0.1000000015
27953  -58.944  -49.699  -28.580 0.1000000015
27072  -59.515  -50.526  -28.700 0.1000000015
27954  -60.224  -49.913  -28.588 0.1000000015
27073  -60.527  -50.877  -28.786 0.1000000015
24464  -60.965  -52.807  -29.574 0.2000000030
26156  -60.549  -51.604  -29.105 0.2000000030
23682  -62.277  -54.185  -30.111 0.1000000015
24484  -62.667  -53.616  -29.752 0.1000000015
22901  -63.578  -54.984  -30.524 0.1000000015
113211  -63.886  -54.441  -30.159 0.1000000015
22936  -63.589  -55.601  -31.716 0.1000000015
22968  -62.809  -56.036  -33.258 0.1000000015
23739  -63.752  -54.930  -32.113 0.1000000015
22954  -62.708  -55.349  -33.077 0.1000000015
23736  -61.364  -54.556  -32.687 0.1000000015
24539  -61.950  -53.933  -32.322 0.1000000015
107543  -59.940  -53.540  -32.399 0.1000000015
25335  -59.491  -52.758  -32.136 0.1000000015
25319  -59.010  -51.999  -31.846 0.1000000015
114165  -50.193  -58.871  -29.164 0.3000000119
19413  -50.502  -59.673  -29.204 0.2000000030
21229  -51.187  -57.840  -29.744 0.3000000119
21230  -52.006  -57.643  -30.253 0.4000000060
22072  -51.504  -56.975  -29.746 0.3000000119
24462  -54.693  -53.059  -28.782 0.3000000119
24476  -54.587  -53.780  -29.341 0.3000000119
23674  -54.119  -54.665  -29.814 0.4000000060
22896  -53.344  -55.360  -30.035 0.4000000060
22064  -51.874  -56.046  -29.602 0.3000000119
26144  -54.718  -51.082  -27.674 0.3000000119
25263  -54.864  -52.353  -28.362 0.3000000119
23673  -53.153  -54.655  -29.545 0.4000000060
22895  -52.554  -55.332  -29.638 0.4000000060
28778  -55.179  -48.898  -27.704 0.3000000119
27062  -55.355  -50.503  -27.834 0.3000000119
27942  -55.346  -49.704  -27.775 0.3000000119
29687  -55.207  -47.629  -27.694 0.3000000119
28790  -55.605  -48.279  -27.832 0.3000000119
29696  -55.920  -47.572  -27.952 0.3000000119
102500  -56.677  -49.214  -28.229 0.3000000119
114163  -57.144  -48.586  -28.327 0.3000000119
105700  -57.962  -48.431  -28.481 0.1000000015
28779  -58.704  -47.924  -28.544 0.1000000015
121139  -58.588  -47.239  -28.552 0.1000000015
28792  -58.856  -48.763  -28.558 0.1000000015
29689  -59.953  -47.682  -28.585 0.1000000015
27944  -59.759  -49.118  -28.550 0.1000000015
28781  -60.267  -48.395  -28.563 0.1000000015
27063  -61.068  -50.092  -28.645 0.1000000015
107211  -61.203  -52.089  -29.276 0.2000000030
27074  -61.561  -50.972  -28.769 0.2000000030
109939  -61.720  -51.642  -29.078 0.2000000030
24466  -62.954  -52.918  -29.497 0.1000000015
26158  -62.546  -51.545  -28.986 0.1000000015
24467  -63.871  -52.825  -29.491 0.1000000015
23702  -64.032  -54.817  -30.573 0.1000000015
24486  -64.274  -53.142  -29.773 0.1000000015
23684  -64.251  -53.999  -30.152 0.1000000015
23740  -64.072  -54.399  -31.760 0.1000000015
24498  -64.441  -53.472  -30.766 0.1000000015
24541  -63.736  -54.221  -32.197 0.1000000015
24540  -62.962  -54.092  -32.362 0.1000000015
24538  -60.900  -53.767  -32.254 0.1000000015
25336  -60.460  -52.858  -31.869 0.1000000015
25321  -61.205  -52.450  -31.529 0.1000000015
110842  -60.628  -52.103  -31.500 0.1000000015
25320  -59.880  -52.096  -31.682 0.1000000015
26208  -60.334  -51.466  -31.335 0.1000000015
109736  -58.920  -51.243  -31.575 0.1000000015
26207  -59.548  -51.379  -31.495 0.1000000015
27116  -58.496  -50.638  -31.458 0.1000000015
20351  -49.635  -58.442  -28.637 0.2000000030
19412  -49.888  -59.408  -28.544 0.2000000030
21222  -49.211  -57.656  -28.341 0.2000000030
109946  -50.395  -58.073  -29.325 0.3000000119
22060  -49.561  -56.097  -28.410 0.2000000030
21224  -50.680  -57.209  -29.385 0.3000000119
107909  -54.069  -53.381  -28.879 0.3000000119
24475  -53.680  -53.968  -29.263 0.3000000119
25256  -54.378  -51.935  -27.848 0.3000000119
25262  -53.980  -52.720  -28.352 0.3000000119
24461  -53.345  -53.405  -28.704 0.3000000119
23665  -52.806  -54.047  -29.080 0.3000000119
23672  -52.420  -54.677  -29.294 0.3000000119
28777  -54.423  -48.701  -27.501 0.3000000119
27940  -54.034  -49.594  -27.380 0.3000000119
22888  -51.806  -55.134  -29.243 0.2000000030
103468  -51.206  -55.637  -29.157 0.2000000030
30633  -53.883  -47.047  -27.221 0.2000000030
29686  -54.383  -47.818  -27.466 0.2000000030
111720  -54.729  -46.951  -27.531 0.3000000119
30635  -55.508  -46.884  -27.821 0.3000000119
30641  -56.215  -46.844  -28.135 0.3000000119
28791  -56.411  -48.287  -28.133 0.3000000119
29697  -56.544  -47.478  -28.202 0.2000000030
29699  -58.006  -47.529  -28.502 0.1000000015
112356  -56.507  -46.080  -28.335 0.2000000030
111464  -57.252  -45.954  -28.484 0.1000000015
30643  -57.979  -46.641  -28.533 0.1000000015
31581  -59.094  -45.209  -28.875 0.1000000015
33490  -58.909  -43.312  -29.181 0.1000000015
34375  -59.274  -42.409  -29.127 0.1000000015
31570  -59.453  -46.105  -28.720 0.1000000015
116008  -60.142  -45.519  -29.017 0.1000000015
32508  -59.583  -44.338  -29.256 0.1000000015
33498  -60.495  -43.264  -29.625 0.1000000015
34376  -60.573  -41.797  -29.169 0.1000000015
36147  -61.121  -40.972  -28.143 0.1000000015
115737  -60.275  -47.227  -28.645 0.1000000015
31582  -61.016  -45.450  -29.195 0.1000000015
32522  -60.973  -44.096  -29.607 0.1000000015
34391  -61.702  -42.602  -29.868 0.1000000015
35238  -62.125  -41.265  -29.023 0.1000000015
27945  -60.756  -49.128  -28.586 0.1000000015
119900  -60.873  -48.382  -28.600 0.1000000015
27064  -61.804  -50.263  -28.646 0.2000000030
27075  -62.406  -50.760  -28.714 0.1000000015
108207  -63.336  -51.133  -28.790 0.1000000015
25272  -64.099  -52.231  -29.211 0.1000000015
24468  -64.415  -52.517  -29.487 0.1000000015
106800  -64.491  -53.240  -30.016 0.1000000015
25298  -64.681  -52.715  -30.397 0.1000000015
25324  -64.014  -53.023  -31.748 0.1000000015
25323  -63.325  -52.845  -31.686 0.1000000015
112962  -63.054  -52.121  -31.393 0.1000000015
25322  -62.189  -52.458  -31.481 0.1000000015
26209  -61.322  -51.665  -31.221 0.1000000015
103740  -60.811  -50.854  -30.929 0.1000000015
23658  -50.228  -54.287  -26.771 0.2000000030
22063  -50.958  -56.359  -29.303 0.3000000119
108974  -49.774  -54.772  -27.472 0.2000000030
22886  -50.374  -55.676  -28.706 0.2000000030
26143  -53.846  -51.424  -27.473 0.3000000119
25255  -53.508  -52.200  -27.703 0.3000000119
25261  -52.973  -52.842  -28.154 0.3000000119
103093  -52.439  -53.508  -28.521 0.3000000119
115350  -53.459  -50.154  -27.147 0.3000000119
26142  -53.052  -51.715  -27.212 0.3000000119
25254  -52.638  -52.430  -27.493 0.3000000119
30630  -53.464  -46.304  -26.813 0.2000000030
29683  -53.475  -47.909  -27.149 0.3000000119
23664  -51.855  -54.282  -28.789 0.2000000030
22887  -51.056  -54.929  -28.726 0.2000000030
107796  -54.245  -46.171  -27.296 0.2000000030
31568  -53.804  -45.430  -26.888 0.2000000030
30634  -55.057  -46.104  -27.702 0.3000000119
31569  -54.601  -45.137  -27.446 0.3000000119
112558  -55.799  -46.111  -28.096 0.3000000119
31578  -55.474  -45.297  -27.972 0.3000000119
32499  -55.305  -44.404  -27.738 0.2000000030
32504  -56.089  -44.609  -28.246 0.2000000030
32505  -56.904  -44.400  -28.492 0.2000000030
32506  -57.710  -44.261  -28.711 0.1000000015
30645  -61.921  -46.409  -28.996 0.1000000015
108152  -61.690  -45.738  -29.212 0.1000000015
32511  -62.223  -44.739  -29.780 0.1000000015
118461  -62.597  -43.341  -30.342 0.1000000015
29692  -62.026  -48.236  -28.662 0.1000000015
119034  -61.932  -47.569  -28.730 0.1000000015
30646  -62.719  -46.447  -29.079 0.1000000015
31595  -62.911  -45.102  -29.781 0.1000000015
28783  -62.236  -49.024  -28.605 0.1000000015
29693  -62.630  -47.715  -28.747 0.1000000015
28793  -63.623  -47.910  -28.751 0.1000000015
29702  -63.200  -47.089  -28.885 0.1000000015
30647  -63.765  -46.411  -29.181 0.1000000015
27947  -62.507  -49.954  -28.626 0.1000000015
27948  -63.217  -49.364  -28.630 0.1000000015
117331  -64.959  -48.217  -28.738 0.1000000015
109430  -65.028  -49.106  -28.647 0.1000000015
27076  -63.626  -50.346  -28.672 0.1000000015
109789  -64.306  -51.095  -28.759 0.1000000015
27077  -64.868  -50.585  -28.695 0.1000000015
27078  -65.346  -50.626  -29.032 0.1000000015
26161  -65.018  -51.459  -28.866 0.1000000015
108341  -64.676  -52.520  -29.637 0.1000000015
25299  -65.077  -52.144  -29.995 0.1000000015
111632  -63.997  -52.247  -31.518 0.1000000015
26210  -62.433  -51.551  -31.174 0.1000000015
24451  -50.971  -53.853  -25.290 0.3000000119
25250  -51.371  -52.900  -25.926 0.3000000119
24456  -50.740  -53.724  -27.013 0.3000000119
23660  -50.458  -54.149  -27.623 0.2000000030
22883  -50.238  -54.756  -28.200 0.2000000030
24454  -51.294  -53.156  -26.715 0.3000000119
24457  -51.236  -53.474  -27.665 0.3000000119
27936  -53.179  -49.429  -27.045 0.3000000119
26138  -52.586  -51.201  -26.721 0.3000000119
25253  -51.869  -52.748  -27.217 0.3000000119
23661  -50.983  -54.133  -28.257 0.2000000030
30629  -52.574  -46.391  -26.207 0.2000000030
27935  -52.356  -49.307  -26.611 0.3000000119
27934  -51.585  -49.194  -26.151 0.3000000119
31565  -53.112  -45.534  -26.359 0.2000000030
32492  -53.030  -44.785  -25.898 0.2000000030
110685  -53.490  -44.892  -26.453 0.2000000030
32497  -54.030  -44.572  -26.837 0.2000000030
33479  -54.832  -43.533  -26.860 0.3000000119
33480  -55.280  -43.617  -27.366 0.2000000030
33486  -55.874  -43.738  -27.902 0.2000000030
104548  -65.901  -48.851  -28.862 0.1000000015
27085  -65.506  -50.915  -29.629 0.1000000015
26188  -65.123  -51.668  -30.481 0.1000000015
115356  -64.533  -51.987  -31.243 0.1000000015
24441  -51.227  -52.900  -23.958 0.1000000015
110886  -51.219  -53.152  -24.636 0.3000000119
25247  -51.247  -52.892  -25.150 0.3000000119
26133  -51.290  -51.819  -24.912 0.3000000119
25248  -51.474  -52.204  -25.606 0.3000000119
26137  -51.889  -51.443  -26.223 0.3000000119
26134  -51.443  -51.290  -25.556 0.3000000119
29681  -51.826  -47.773  -26.086 0.3000000119
28772  -51.437  -48.498  -25.810 0.3000000119
117458  -51.396  -49.806  -25.912 0.3000000119
105240  -51.566  -50.545  -25.986 0.3000000119
31559  -51.735  -46.026  -24.730 0.2000000030
32476  -52.621  -44.926  -25.268 0.2000000030
32487  -53.263  -44.261  -25.393 0.1000000015
32494  -54.267  -43.830  -26.528 0.2000000030
32478  -54.283  -43.920  -24.371 0.1000000015
33470  -54.661  -43.371  -25.110 0.2000000030
33475  -54.832  -43.229  -26.156 0.2000000030
33457  -55.754  -43.299  -24.687 0.2000000030
33471  -55.490  -42.901  -25.541 0.3000000119
25245  -51.229  -52.299  -24.293 0.3000000119
106739  -51.140  -50.940  -24.933 0.3000000119
27052  -51.181  -50.200  -25.374 0.3000000119
29675  -51.279  -47.516  -24.679 0.3000000119
27930  -51.217  -49.270  -25.559 0.3000000119
109697  -51.475  -46.814  -25.046 0.2000000030
31537  -53.141  -45.084  -23.201 0.1000000015
32456  -53.893  -44.545  -23.621 0.1000000015
32457  -55.125  -44.402  -23.670 0.1000000015
32479  -55.771  -43.977  -24.041 0.1000000015
27046  -51.099  -50.446  -23.930 0.3000000119
27038  -51.249  -50.092  -23.319 0.2000000030
27051  -51.044  -50.289  -24.621 0.3000000119
27929  -50.980  -49.434  -24.954 0.3000000119
27920  -51.082  -49.577  -24.138 0.3000000119
30623  -51.410  -46.763  -24.278 0.2000000030
120411  -51.269  -47.533  -24.141 0.3000000119
31523  -52.651  -45.662  -22.818 0.2000000030
30609  -51.579  -46.585  -23.609 0.2000000030
31517  -54.923  -45.938  -21.846 0.1000000015
31516  -53.933  -45.915  -21.792 0.1000000015
107745  -55.327  -46.365  -21.329 0.1000000015
31526  -55.387  -45.574  -22.480 0.1000000015
31539  -55.796  -45.166  -23.116 0.1000000015
30602  -56.816  -46.175  -22.178 0.1000000015
31527  -56.335  -45.713  -22.645 0.1000000015
31540  -56.751  -45.348  -23.225 0.1000000015
27921  -51.247  -49.284  -23.518 0.2000000030
28758  -51.330  -48.633  -23.301 0.2000000030
28757  -51.178  -48.738  -23.942 0.2000000030
30598  -51.676  -46.967  -22.867 0.2000000030
108288  -51.267  -48.028  -23.738 0.2000000030
30600  -53.057  -46.076  -21.905 0.1000000015
30599  -52.397  -46.352  -22.390 0.2000000030
30592  -54.408  -46.357  -21.249 0.1000000015
30601  -55.902  -46.096  -21.947 0.1000000015
30593  -57.280  -46.567  -21.606 0.1000000015
30603  -57.641  -46.303  -22.322 0.1000000015
31529  -58.014  -46.057  -22.943 0.1000000015
29636  -56.875  -46.866  -20.903 0.1000000015
29637  -57.732  -47.023  -21.029 0.1000000015
29638  -58.550  -47.184  -21.191 0.1000000015
29651  -58.910  -46.854  -21.939 0.1000000015
29622  -58.186  -47.517  -20.475 0.1000000015
29623  -59.025  -47.650  -20.628 0.1000000015
18449  -55.798  -60.459  -32.804 0.4000000060
120341  -55.868  -59.105  -32.621 0.5000000000
19439  -56.245  -59.725  -33.047 0.6000000238
17390  -55.324  -61.759  -31.973 0.5000000000
18447  -54.151  -60.549  -31.838 0.4000000060
108536  -54.808  -65.786  -31.271 0.5000000000
17389  -54.515  -61.465  -31.690 0.4000000060
17391  -55.991  -61.331  -32.577 0.5000000000
14354  -55.957  -64.507  -31.452 0.5000000000
109101  -55.866  -65.848  -31.532 0.3000000119
10928  -55.989  -67.996  -31.946 0.5000000000
15304  -55.245  -63.095  -31.253 0.5000000000
107803  -53.704  -66.188  -30.775 0.5000000000
15295  -55.575  -63.796  -31.331 0.5000000000
20407  -57.543  -58.584  -33.167 0.4000000060
114607  -56.475  -66.518  -31.785 0.4000000060
104711  -57.968  -66.489  -32.979 0.5000000000
13491  -58.682  -65.491  -33.929 0.4000000060
12652  -57.109  -67.530  -33.574 0.4000000060
13512  -58.725  -65.266  -34.097 0.4000000060
110076  -58.548  -63.738  -34.482 0.3000000119
15360  -58.441  -64.568  -34.312 0.4000000060
15274  -52.568  -63.670  -28.087 0.2000000030
20385  -54.354  -59.007  -31.865 0.5000000000
19456  -57.529  -59.516  -33.475 0.4000000060
17397  -57.012  -61.469  -32.803 0.6000000238
17398  -57.999  -61.641  -32.975 0.6000000238
16342  -57.276  -62.844  -32.049 0.6000000238
107993  -56.407  -62.710  -31.854 0.6000000238
109496  -55.980  -62.105  -32.089 0.6000000238
16340  -55.639  -62.544  -31.655 0.6000000238
15296  -56.411  -63.903  -31.544 0.5000000000
13460  -56.344  -65.234  -31.581 0.5000000000
20408  -58.826  -58.486  -33.417 0.4000000060
18463  -59.090  -60.339  -33.672 0.5000000000
16343  -58.406  -63.068  -32.332 0.6000000238
120924  -58.503  -62.341  -32.616 0.5000000000
15297  -57.154  -63.954  -31.732 0.5000000000
106949  -57.820  -65.032  -32.087 0.5000000000
14355  -56.965  -64.626  -31.698 0.5000000000
22934  -59.089  -55.863  -31.515 0.4000000060
17399  -59.152  -61.956  -32.882 0.5000000000
15309  -59.387  -63.521  -32.733 0.4000000060
16355  -59.366  -62.730  -32.699 0.5000000000
113914  -58.187  -65.725  -32.663 0.5000000000
21265  -59.586  -57.081  -32.416 0.4000000060
18464  -60.554  -60.655  -33.438 0.5000000000
17401  -60.423  -61.531  -33.274 0.5000000000
15320  -59.725  -63.671  -33.193 0.4000000060
15319  -59.275  -64.321  -32.975 0.5000000000
16356  -60.231  -62.297  -33.045 0.4000000060
15362  -59.704  -63.779  -33.857 0.4000000060
16370  -60.107  -62.922  -33.398 0.4000000060
18465  -60.783  -60.179  -33.559 0.4000000060
114016  -59.877  -63.080  -34.142 0.4000000060
110025  -53.690  -58.067  -31.309 0.5000000000
19430  -53.860  -59.649  -31.697 0.4000000060
15294  -54.510  -62.984  -30.864 0.5000000000
23699  -59.117  -54.637  -30.772 0.4000000060
25285  -59.561  -52.741  -29.708 0.3000000119
23680  -60.403  -54.038  -30.376 0.3000000119
21266  -60.809  -57.067  -32.120 0.3000000119
101995  -61.528  -57.817  -32.594 0.3000000119
19460  -61.178  -59.024  -33.416 0.3000000119
19476  -61.232  -59.417  -33.649 0.3000000119
21288  -62.095  -57.699  -32.609 0.2000000030
19492  -61.189  -59.504  -34.482 0.3000000119
18504  -60.775  -60.753  -34.282 0.4000000060
17451  -59.594  -61.280  -35.570 0.4000000060
20460  -61.128  -58.885  -35.100 0.2000000030
18521  -60.675  -59.494  -35.450 0.3000000119
106882  -59.232  -60.723  -35.794 0.2000000030
20459  -60.659  -58.683  -35.513 0.2000000030
22153  -61.397  -55.959  -33.734 0.1000000015
21241  -53.294  -57.622  -30.938 0.4000000060
22090  -53.618  -56.807  -30.777 0.4000000060
20367  -52.971  -58.463  -31.044 0.5000000000
18442  -52.721  -60.427  -30.973 0.4000000060
117667  -57.470  -51.532  -28.719 0.3000000119
27952  -58.039  -49.884  -28.530 0.1000000015
25286  -60.271  -52.891  -29.717 0.2000000030
120522  -61.385  -55.500  -30.868 0.2000000030
23701  -61.082  -54.874  -30.582 0.2000000030
22117  -62.306  -56.758  -31.624 0.2000000030
24483  -61.643  -53.491  -29.816 0.2000000030
22921  -62.128  -55.484  -30.713 0.1000000015
21268  -62.509  -57.188  -32.152 0.2000000030
22900  -62.746  -54.903  -30.442 0.1000000015
22922  -63.126  -55.647  -30.775 0.1000000015
22118  -62.958  -56.565  -31.647 0.1000000015
21289  -62.436  -57.394  -32.805 0.2000000030
22137  -63.269  -56.207  -32.117 0.1000000015
22923  -63.670  -55.581  -30.948 0.1000000015
22155  -62.658  -56.757  -33.164 0.1000000015
21309  -62.158  -57.366  -33.726 0.1000000015
21334  -59.768  -57.894  -35.390 0.1000000015
22955  -63.301  -55.596  -32.626 0.1000000015
22165  -61.475  -56.822  -34.398 0.1000000015
117267  -60.705  -56.915  -34.751 0.1000000015
23753  -61.883  -55.256  -33.209 0.1000000015
23752  -60.857  -55.164  -33.151 0.1000000015
23735  -60.385  -54.384  -32.689 0.1000000015
17362  -51.334  -60.959  -29.388 0.3000000119
20352  -50.859  -58.699  -29.614 0.3000000119
116871  -51.061  -60.159  -29.547 0.3000000119
20359  -51.542  -58.515  -30.128 0.3000000119
19423  -51.883  -59.210  -30.407 0.3000000119
18433  -51.641  -60.171  -30.149 0.3000000119
18441  -52.229  -60.569  -30.472 0.3000000119
19428  -52.471  -59.066  -30.796 0.3000000119
22075  -53.481  -56.063  -30.437 0.4000000060
110348  -52.721  -55.998  -30.102 0.4000000060
22073  -52.294  -56.730  -30.135 0.4000000060
21231  -52.792  -57.193  -30.552 0.4000000060
25264  -55.592  -52.129  -28.444 0.4000000060
22897  -54.157  -55.506  -30.377 0.4000000060
26151  -55.139  -51.655  -28.068 0.4000000060
27950  -56.085  -50.035  -28.084 0.3000000119
120101  -59.638  -49.800  -28.569 0.1000000015
26157  -61.081  -51.435  -29.004 0.2000000030
24465  -61.924  -52.840  -29.524 0.1000000015
23683  -63.259  -54.351  -30.082 0.1000000015
24485  -63.726  -53.718  -29.773 0.1000000015
23716  -64.024  -55.003  -31.326 0.1000000015
23717  -64.296  -54.283  -31.050 0.1000000015
23738  -63.206  -54.788  -32.610 0.1000000015
23737  -62.391  -54.669  -32.755 0.1000000015
24521  -62.602  -53.377  -31.922 0.1000000015
24520  -61.517  -53.181  -31.810 0.1000000015
18421  -50.236  -60.329  -27.970 0.2000000030
27061  -54.722  -50.168  -27.589 0.3000000119
27941  -54.754  -49.415  -27.590 0.3000000119
29698  -57.226  -47.770  -28.356 0.1000000015
29688  -59.238  -47.434  -28.576 0.1000000015
31580  -58.592  -45.912  -28.646 0.1000000015
28780  -59.494  -48.219  -28.553 0.1000000015
30637  -59.687  -46.922  -28.636 0.1000000015
25270  -62.241  -52.200  -29.277 0.1000000015
25271  -63.217  -52.256  -29.245 0.1000000015
26159  -63.498  -51.795  -29.036 0.1000000015
24523  -64.179  -53.661  -31.668 0.1000000015
22061  -49.313  -56.852  -28.402 0.2000000030
21223  -49.892  -57.459  -28.913 0.3000000119
22062  -50.151  -56.605  -28.895 0.2000000030
108376  -54.022  -50.570  -27.395 0.3000000119
120698  -53.965  -48.276  -27.372 0.3000000119
28776  -53.645  -48.734  -27.264 0.3000000119
120512  -57.559  -47.201  -28.454 0.1000000015
31579  -56.700  -45.265  -28.451 0.2000000030
120765  -57.889  -45.748  -28.584 0.1000000015
103828  -58.212  -45.095  -28.724 0.1000000015
32507  -58.571  -44.264  -28.998 0.1000000015
34389  -60.081  -42.434  -29.377 0.1000000015
33497  -59.733  -43.276  -29.416 0.1000000015
31571  -60.241  -46.493  -28.753 0.1000000015
32521  -60.247  -43.959  -29.469 0.1000000015
32509  -60.563  -44.731  -29.333 0.1000000015
34390  -60.891  -42.490  -29.602 0.1000000015
33499  -61.276  -43.350  -29.889 0.1000000015
34377  -61.421  -41.872  -29.389 0.1000000015
35237  -61.231  -41.331  -28.762 0.1000000015
36161  -61.723  -40.908  -28.414 0.1000000015
29690  -60.599  -47.805  -28.613 0.1000000015
30644  -61.052  -46.242  -28.925 0.1000000015
30638  -60.833  -47.087  -28.722 0.1000000015
32510  -61.509  -44.922  -29.467 0.1000000015
32523  -61.760  -44.118  -29.955 0.1000000015
33500  -62.056  -43.366  -30.218 0.1000000015
28782  -61.440  -48.681  -28.605 0.1000000015
29691  -61.299  -47.849  -28.671 0.1000000015
27946  -61.613  -49.492  -28.597 0.1000000015
119053  -62.933  -50.565  -28.680 0.1000000015
26160  -64.251  -51.694  -28.937 0.1000000015
25325  -64.424  -52.743  -31.259 0.1000000015
22882  -49.512  -55.402  -28.062 0.2000000030
24453  -50.879  -53.702  -26.061 0.3000000119
24458  -52.061  -53.028  -27.987 0.3000000119
27056  -52.699  -50.241  -26.758 0.3000000119
25252  -52.347  -52.040  -26.800 0.3000000119
109099  -51.646  -53.623  -28.289 0.3000000119
110987  -53.064  -47.118  -26.765 0.3000000119
28774  -52.883  -48.607  -26.886 0.3000000119
32498  -54.667  -44.146  -27.219 0.3000000119
117747  -56.099  -45.460  -28.278 0.2000000030
110354  -57.434  -45.120  -28.591 0.1000000015
33488  -57.153  -43.404  -28.435 0.2000000030
118346  -62.303  -45.953  -29.215 0.1000000015
31583  -62.261  -45.404  -29.460 0.1000000015
34392  -62.533  -42.647  -30.120 0.1000000015
115005  -62.935  -45.818  -29.357 0.1000000015
28784  -62.908  -48.498  -28.671 0.1000000015
103842  -63.974  -48.781  -28.684 0.1000000015
27955  -64.363  -49.670  -28.648 0.1000000015
27956  -65.325  -49.764  -28.801 0.1000000015
26168  -65.312  -51.564  -29.771 0.1000000015
25251  -51.726  -52.358  -26.337 0.3000000119
109595  -51.863  -49.952  -26.324 0.3000000119
109878  -52.351  -47.211  -26.301 0.3000000119
30628  -51.871  -47.012  -25.728 0.3000000119
31564  -52.562  -45.537  -25.721 0.2000000030
28773  -52.031  -48.507  -26.391 0.3000000119
32493  -53.603  -44.246  -26.175 0.2000000030
109807  -55.354  -43.068  -26.876 0.2000000030
34365  -55.908  -42.671  -26.985 0.2000000030
33481  -55.880  -43.075  -27.444 0.2000000030
24449  -51.320  -53.750  -24.332 0.1000000015
25239  -51.212  -51.891  -23.561 0.2000000030
117033  -51.636  -51.837  -25.925 0.3000000119
29679  -51.389  -47.759  -25.351 0.3000000119
31560  -52.190  -45.554  -25.148 0.2000000030
118088  -52.802  -44.593  -24.788 0.2000000030
32488  -53.832  -43.774  -25.044 0.1000000015
32477  -53.419  -44.220  -24.552 0.1000000015
111571  -55.077  -43.717  -24.351 0.2000000030
26129  -51.125  -51.239  -24.209 0.3000000119
29678  -51.165  -48.156  -24.855 0.3000000119
31535  -51.740  -45.931  -24.001 0.2000000030
31536  -52.387  -45.395  -23.634 0.2000000030
31556  -52.866  -44.693  -24.034 0.2000000030
31538  -54.786  -45.041  -22.988 0.1000000015
31525  -54.422  -45.502  -22.373 0.1000000015
31524  -53.403  -45.563  -22.435 0.1000000015
32458  -56.237  -44.642  -23.611 0.1000000015
28766  -51.090  -48.775  -24.600 0.3000000119
29664  -51.381  -47.279  -23.622 0.2000000030
119713  -52.841  -45.868  -22.338 0.1000000015
104979  -56.460  -46.460  -21.496 0.1000000015
31528  -57.216  -45.870  -22.810 0.1000000015
28744  -51.589  -48.529  -22.654 0.2000000030
29649  -51.439  -47.860  -23.075 0.2000000030
30591  -53.447  -46.478  -21.314 0.1000000015
30594  -58.094  -46.697  -21.744 0.1000000015
10936  -54.903  -69.124  -32.015 0.3000000119
9321  -52.742  -69.930  -31.743 0.3000000119
10130  -53.654  -69.349  -31.756 0.3000000119
108841  -49.204  -72.547  -34.568 0.2000000030
8547  -47.650  -71.769  -36.493 0.2000000030
9325  -52.085  -70.400  -31.731 0.4000000060
109921  -51.378  -71.840  -32.571 0.3000000119
10136  -54.861  -70.028  -32.410 0.4000000060
7805  -52.068  -72.206  -32.433 0.3000000119
7821  -50.158  -72.084  -33.439 0.3000000119
10937  -55.901  -68.937  -32.277 0.4000000060
8514  -53.387  -72.000  -32.461 0.4000000060
115092  -50.431  -73.117  -33.523 0.3000000119
7826  -48.892  -73.382  -35.171 0.2000000030
9327  -55.138  -71.136  -32.773 0.4000000060
8515  -54.203  -71.593  -32.580 0.4000000060
7115  -51.253  -73.906  -33.398 0.4000000060
10137  -56.189  -69.759  -32.704 0.4000000060
10938  -56.703  -68.391  -32.507 0.4000000060
7104  -52.614  -73.394  -32.737 0.4000000060
7126  -50.641  -74.526  -33.983 0.3000000119
7837  -48.707  -74.115  -35.784 0.3000000119
9333  -55.503  -71.252  -33.021 0.4000000060
7807  -53.719  -72.926  -32.685 0.4000000060
6483  -51.900  -75.086  -33.588 0.3000000119
7141  -49.504  -74.876  -35.254 0.4000000060
10943  -56.887  -68.820  -32.954 0.4000000060
7118  -53.713  -73.895  -33.105 0.4000000060
101395  -51.618  -75.838  -34.146 0.3000000119
117468  -57.262  -68.014  -33.250 0.4000000060
8524  -55.015  -71.948  -32.991 0.4000000060
7816  -54.459  -72.809  -33.033 0.4000000060
7127  -52.643  -74.890  -33.712 0.4000000060
10155  -56.796  -68.551  -33.361 0.4000000060
7137  -53.225  -74.259  -33.371 0.4000000060
6522  -51.912  -75.814  -34.356 0.3000000119
110967  -57.039  -68.083  -33.503 0.4000000060
8533  -54.835  -71.674  -33.274 0.4000000060
7831  -54.427  -72.754  -33.102 0.4000000060
7136  -52.811  -74.863  -33.968 0.4000000060
9340  -55.878  -70.381  -33.306 0.4000000060
9348  -55.218  -70.751  -33.437 0.4000000060
8532  -54.081  -72.285  -33.567 0.4000000060
7830  -53.604  -73.591  -33.487 0.4000000060
6523  -52.418  -75.248  -34.303 0.3000000119
10965  -56.632  -68.470  -33.456 0.4000000060
8531  -53.136  -72.592  -34.095 0.4000000060
7829  -52.806  -73.910  -34.243 0.4000000060
7142  -51.170  -75.960  -35.381 0.2000000030
11791  -56.799  -67.983  -33.585 0.3000000119
10152  -55.438  -69.806  -33.565 0.4000000060
10964  -56.056  -69.020  -33.565 0.4000000060
107100  -54.658  -70.289  -33.643 0.4000000060
112296  -53.370  -71.605  -33.983 0.4000000060
8530  -51.985  -72.523  -34.699 0.4000000060
109384  -51.901  -75.280  -35.010 0.2000000030
7838  -51.122  -74.340  -35.899 0.2000000030
7153  -50.651  -75.822  -37.644 0.3000000119
12629  -56.985  -66.881  -33.707 0.3000000119
11790  -56.175  -68.249  -33.523 0.3000000119
10951  -54.947  -68.551  -33.391 0.3000000119
107126  -50.445  -73.232  -36.787 0.2000000030
7839  -51.416  -73.304  -35.334 0.2000000030
114416  -50.733  -74.261  -37.896 0.2000000030
7160  -50.779  -75.140  -38.787 0.2000000030
13489  -57.409  -66.083  -33.707 0.3000000119
11772  -55.305  -67.543  -33.346 0.3000000119
9346  -52.898  -70.637  -34.007 0.4000000060
8539  -50.617  -72.487  -35.843 0.1000000015
112698  -56.542  -65.384  -33.600 0.3000000119
10963  -53.143  -69.070  -33.610 0.2000000030
117634  -51.638  -71.267  -34.808 0.2000000030
7885  -51.438  -73.791  -39.685 0.2000000030
11789  -52.864  -68.357  -33.638 0.2000000030
10162  -52.529  -69.630  -34.017 0.2000000030
9356  -51.166  -70.678  -35.280 0.1000000015
7857  -50.236  -72.656  -37.743 0.1000000015
7871  -51.159  -73.984  -39.014 0.1000000015
15338  -57.319  -64.218  -34.014 0.2000000030
105303  -55.214  -66.000  -33.351 0.3000000119
11771  -54.028  -67.500  -33.294 0.3000000119
117629  -57.148  -62.711  -34.709 0.2000000030
14388  -56.332  -64.581  -33.672 0.1000000015
11770  -53.039  -67.688  -33.532 0.2000000030
10161  -51.719  -69.167  -34.541 0.1000000015
8549  -50.233  -71.678  -36.565 0.1000000015
7870  -50.526  -72.772  -38.370 0.1000000015
8585  -51.346  -72.777  -39.199 0.1000000015
15359  -56.688  -63.148  -34.378 0.2000000030
109498  -55.445  -65.139  -33.462 0.2000000030
118297  -53.789  -66.767  -33.362 0.2000000030
11788  -52.259  -67.870  -33.946 0.1000000015
109588  -50.715  -70.243  -35.859 0.1000000015
9364  -50.169  -70.451  -36.543 0.1000000015
8557  -49.918  -71.664  -38.081 0.1000000015
8622  -52.491  -71.552  -40.385 0.1000000015
13487  -54.388  -65.558  -33.366 0.1000000015
12626  -53.190  -66.885  -33.476 0.2000000030
10961  -51.643  -68.216  -34.491 0.1000000015
105813  -50.736  -68.900  -35.816 0.1000000015
112713  -49.700  -70.179  -37.381 0.1000000015
9393  -50.469  -70.915  -39.135 0.1000000015
8587  -52.518  -71.593  -39.931 0.1000000015
9424  -52.074  -71.203  -41.481 0.1000000015
10977  -51.138  -68.605  -35.181 0.1000000015
10190  -49.576  -69.323  -37.607 0.1000000015
114869  -49.614  -70.069  -38.204 0.1000000015
9407  -52.938  -70.894  -39.944 0.1000000015
9425  -52.844  -70.710  -40.741 0.1000000015
33472  -56.150  -42.785  -25.178 0.2000000030
16397  -58.026  -61.934  -35.483 0.2000000030
14387  -55.298  -64.075  -33.670 0.1000000015
105888  -54.427  -64.537  -33.500 0.1000000015
11769  -52.377  -67.036  -33.807 0.1000000015
13486  -53.457  -64.966  -33.450 0.1000000015
11787  -51.566  -67.207  -34.439 0.1000000015
114102  -51.087  -71.729  -39.240 0.1000000015
9382  -49.934  -70.844  -38.519 0.1000000015
10988  -50.216  -68.763  -36.375 0.1000000015
8513  -52.402  -71.465  -32.264 0.3000000119
9326  -53.867  -70.425  -32.309 0.4000000060
7820  -49.804  -72.987  -33.914 0.3000000119
7814  -51.693  -72.999  -32.777 0.3000000119
7827  -49.672  -74.005  -34.549 0.3000000119
8520  -54.916  -72.008  -32.982 0.4000000060
10144  -56.185  -70.160  -32.906 0.4000000060
7117  -53.060  -74.325  -33.299 0.4000000060
6495  -52.049  -75.825  -33.827 0.3000000119
10153  -56.283  -69.821  -33.149 0.4000000060
9347  -54.197  -71.064  -33.720 0.4000000060
7828  -52.218  -74.179  -34.798 0.2000000030
7147  -50.835  -75.687  -36.577 0.2000000030
10163  -53.599  -70.025  -33.752 0.3000000119
9345  -52.415  -71.409  -34.404 0.2000000030
12628  -55.780  -66.756  -33.420 0.3000000119
10151  -54.239  -69.387  -33.524 0.3000000119
8540  -51.149  -71.817  -35.289 0.2000000030
10950  -53.669  -68.426  -33.420 0.2000000030
105916  -51.863  -70.295  -34.568 0.2000000030
9355  -50.590  -71.200  -35.857 0.1000000015
102331  -51.798  -72.963  -39.759 0.1000000015
8548  -50.039  -72.011  -37.342 0.1000000015
12627  -54.534  -66.602  -33.303 0.3000000119
10172  -51.113  -69.600  -35.357 0.1000000015
9372  -49.862  -71.093  -37.308 0.1000000015
8572  -50.435  -71.720  -38.713 0.1000000015
15358  -55.703  -62.809  -34.468 0.1000000015
119940  -53.502  -66.079  -33.409 0.1000000015
10171  -50.498  -69.540  -36.153 0.1000000015
120309  -49.672  -70.776  -37.975 0.1000000015
10182  -49.884  -69.476  -36.816 0.1000000015
9441  -52.418  -70.389  -41.899 0.1000000015
10976  -50.527  -68.096  -35.787 0.1000000015
13485  -52.561  -66.230  -33.645 0.1000000015
12595  -51.930  -66.906  -30.080 0.3000000119
10923  -51.912  -67.766  -30.472 0.2000000030
11751  -51.509  -67.220  -30.867 0.3000000119
116571  -51.926  -68.369  -30.727 0.2000000030
13453  -53.060  -64.905  -29.598 0.4000000060
114390  -52.685  -65.596  -29.683 0.2000000030
13457  -53.377  -65.440  -30.186 0.4000000060
12596  -52.162  -66.803  -29.993 0.3000000119
10933  -51.267  -68.409  -31.640 0.2000000030
10924  -52.119  -68.147  -30.580 0.2000000030
104015  -51.791  -68.847  -31.143 0.2000000030
10942  -50.820  -68.662  -32.376 0.1000000015
10133  -51.284  -69.173  -31.803 0.2000000030
11743  -52.760  -67.677  -30.736 0.3000000119
11768  -50.433  -68.187  -32.968 0.1000000015
10134  -51.799  -69.641  -31.484 0.2000000030
10949  -50.394  -68.935  -33.081 0.1000000015
10149  -49.876  -69.308  -33.673 0.1000000015
10150  -50.384  -69.726  -33.099 0.1000000015
9337  -49.913  -70.194  -33.598 0.1000000015
10159  -48.780  -69.453  -34.837 0.1000000015
10160  -49.390  -69.819  -34.237 0.1000000015
10170  -48.237  -69.986  -35.407 0.1000000015
9343  -48.874  -70.379  -34.787 0.1000000015
108744  -53.599  -67.149  -31.035 0.3000000119
119068  -51.978  -69.194  -31.141 0.2000000030
9331  -51.003  -70.520  -32.486 0.2000000030
112629  -50.766  -70.014  -32.611 0.2000000030
9338  -50.465  -70.473  -33.034 0.2000000030
9354  -48.323  -70.952  -35.467 0.1000000015
10169  -47.480  -69.765  -35.836 0.1000000015
11744  -54.342  -67.627  -31.429 0.2000000030
106380  -53.513  -67.856  -31.214 0.3000000119
9332  -51.583  -70.424  -32.010 0.2000000030
8523  -50.009  -71.086  -33.489 0.2000000030
8529  -48.980  -71.376  -34.681 0.1000000015
10181  -47.274  -70.372  -36.347 0.1000000015
107682  -47.732  -70.424  -35.860 0.1000000015
8519  -51.301  -71.027  -32.416 0.3000000119
12597  -54.528  -66.762  -31.324 0.2000000030
8522  -49.537  -71.778  -33.981 0.2000000030
9363  -47.302  -71.049  -36.704 0.1000000015
9353  -47.652  -71.036  -36.167 0.1000000015
8528  -48.604  -72.042  -35.298 0.1000000015
9371  -47.158  -70.993  -37.073 0.1000000015
10926  -54.057  -68.438  -31.544 0.2000000030
7846  -47.810  -72.547  -36.775 0.1000000015
102508  -48.299  -72.635  -36.022 0.1000000015
108556  -47.341  -71.298  -37.540 0.1000000015
8556  -47.358  -71.766  -37.049 0.1000000015
11745  -55.267  -67.401  -31.610 0.2000000030
116334  -48.299  -73.371  -36.452 0.1000000015
7146  -48.588  -74.550  -36.480 0.1000000015
10214  -47.591  -69.326  -39.893 0.1000000015
8570  -47.582  -71.764  -38.179 0.1000000015
7855  -47.724  -72.616  -37.367 0.1000000015
7847  -48.151  -73.500  -37.056 0.1000000015
6508  -50.573  -75.606  -34.779 0.3000000119
8571  -48.158  -72.385  -38.957 0.1000000015
105605  -52.763  -66.196  -30.074 0.3000000119
102709  -52.812  -66.922  -30.424 0.2000000030
10129  -52.542  -69.208  -31.338 0.3000000119
8518  -50.709  -71.342  -32.890 0.2000000030
10935  -52.075  -68.832  -30.955 0.2000000030
9344  -49.450  -70.753  -34.124 0.1000000015
10201  -47.405  -69.750  -38.716 0.1000000015
9391  -47.873  -70.222  -39.424 0.1000000015
7868  -47.803  -72.635  -38.056 0.1000000015
8583  -48.034  -71.249  -39.074 0.1000000015
6519  -49.319  -75.645  -35.887 0.2000000030
7168  -48.910  -74.889  -39.711 0.1000000015
7896  -49.263  -73.684  -41.899 0.1000000015
7178  -49.389  -74.513  -40.767 0.2000000030
6535  -49.274  -76.080  -37.576 0.2000000030
6544  -49.245  -75.578  -39.296 0.2000000030
114303  -49.625  -75.290  -40.091 0.1000000015
7917  -48.900  -73.287  -43.356 0.1000000015
7897  -49.626  -74.307  -41.184 0.2000000030
7179  -49.818  -74.884  -40.835 0.1000000015
103760  -49.208  -75.943  -36.601 0.2000000030
117630  -49.336  -75.909  -38.606 0.1000000015
7907  -49.454  -73.651  -42.018 0.1000000015
7191  -49.980  -74.424  -41.298 0.1000000015
6520  -50.220  -76.225  -35.641 0.2000000030
5943  -49.749  -76.547  -36.714 0.2000000030
105013  -49.699  -75.859  -39.093 0.1000000015
7180  -50.265  -74.750  -40.813 0.1000000015
5958  -49.886  -76.530  -37.185 0.1000000015
6550  -50.312  -75.346  -39.652 0.1000000015
6521  -51.083  -75.979  -35.208 0.2000000030
6530  -50.494  -76.467  -36.065 0.2000000030
6536  -50.505  -76.411  -36.755 0.2000000030
7169  -50.846  -74.604  -40.269 0.1000000015
105275  -50.247  -75.895  -38.422 0.1000000015
7898  -50.877  -73.992  -40.881 0.1000000015
109941  -48.579  -74.828  -37.332 0.1000000015
7159  -48.738  -75.047  -38.517 0.1000000015
13452  -52.347  -65.216  -29.144 0.2000000030
18422  -50.794  -60.658  -28.759 0.2000000030
17348  -50.928  -61.217  -27.321 0.1000000015
23656  -50.302  -54.607  -25.786 0.1000000015
20342  -48.941  -58.280  -27.807 0.1000000015
22879  -49.625  -54.972  -26.511 0.1000000015
22051  -48.502  -56.910  -26.208 0.1000000015
22881  -49.147  -55.444  -27.224 0.1000000015
22052  -48.703  -56.136  -26.865 0.1000000015
22058  -48.597  -56.742  -27.158 0.1000000015
21214  -48.527  -57.394  -26.836 0.1000000015
14346  -52.717  -64.368  -28.822 0.2000000030
17349  -51.363  -61.557  -28.184 0.1000000015
21215  -48.719  -57.296  -27.707 0.1000000015
22059  -48.897  -56.200  -27.797 0.1000000015
20341  -48.646  -58.157  -26.893 0.1000000015
22873  -49.549  -55.337  -25.499 0.1000000015
13443  -52.148  -64.768  -28.476 0.1000000015
12589  -52.062  -66.099  -29.579 0.1000000015
27908  -51.391  -49.310  -22.942 0.1000000015
26110  -51.311  -50.755  -22.987 0.1000000015
25225  -51.279  -51.488  -23.014 0.1000000015
25226  -51.340  -52.327  -23.164 0.1000000015
24442  -51.471  -53.245  -23.571 0.1000000015
26121  -51.208  -51.012  -23.438 0.1000000015
27027  -52.278  -50.216  -22.269 0.1000000015
26112  -52.639  -50.806  -22.348 0.1000000015
25227  -51.650  -51.741  -22.625 0.1000000015
24428  -52.493  -52.975  -22.569 0.1000000015
27026  -51.597  -50.030  -22.660 0.1000000015
26111  -51.634  -50.866  -22.648 0.1000000015
24427  -51.729  -52.697  -22.776 0.1000000015
24443  -52.038  -53.698  -23.235 0.1000000015
27909  -51.840  -49.181  -22.356 0.1000000015
106027  -54.284  -51.505  -22.527 0.1000000015
112090  -52.887  -51.754  -22.439 0.1000000015
107407  -52.182  -49.665  -22.178 0.1000000015
119827  -53.488  -52.365  -22.503 0.1000000015
28745  -52.058  -48.447  -21.947 0.1000000015
29634  -52.379  -47.624  -21.504 0.1000000015
27028  -53.122  -50.481  -22.103 0.1000000015
26113  -53.787  -50.961  -22.273 0.1000000015
27008  -52.607  -49.820  -21.718 0.1000000015
27890  -52.340  -49.165  -21.725 0.1000000015
29650  -51.799  -47.739  -22.346 0.1000000015
34352  -56.199  -42.522  -25.831 0.1000000015
34361  -56.376  -42.389  -26.637 0.1000000015
34362  -57.110  -41.981  -27.030 0.1000000015
28731  -52.468  -48.495  -21.195 0.1000000015
104223  -52.117  -47.074  -22.111 0.1000000015
111408  -56.470  -43.835  -28.268 0.1000000015
34372  -57.001  -42.665  -28.088 0.1000000015
33459  -57.611  -43.305  -24.520 0.1000000015
35218  -58.569  -41.513  -26.848 0.1000000015
34367  -57.366  -42.091  -27.846 0.1000000015
35225  -57.927  -41.664  -27.465 0.1000000015
34366  -56.560  -42.531  -27.463 0.1000000015
34353  -57.038  -42.184  -25.982 0.1000000015
34373  -57.668  -42.520  -28.402 0.1000000015
18518  -58.515  -60.850  -35.749 0.1000000015
17449  -57.828  -61.239  -35.655 0.1000000015
106603  -58.745  -60.138  -35.770 0.1000000015
15293  -50.169  -64.151  -29.887 0.1000000015
14350  -50.360  -64.542  -30.506 0.1000000015
103396  -51.114  -65.293  -30.222 0.1000000015
15292  -49.651  -63.541  -29.721 0.1000000015
14349  -49.783  -63.889  -30.584 0.1000000015
14360  -49.858  -64.334  -31.437 0.1000000015
102543  -50.806  -64.649  -29.489 0.1000000015
16319  -49.304  -62.972  -29.181 0.1000000015
15284  -50.391  -64.105  -28.963 0.1000000015
15291  -48.920  -62.777  -30.057 0.1000000015
17361  -48.654  -62.272  -29.018 0.1000000015
15283  -49.878  -63.512  -28.595 0.1000000015
17360  -47.693  -61.383  -29.375 0.1000000015
16306  -49.410  -62.859  -28.235 0.1000000015
13378  -49.357  -65.926  -22.783 0.1000000015
103507  -49.078  -65.334  -22.633 0.1000000015
13407  -46.216  -65.365  -24.167 0.1000000015
13417  -45.057  -65.465  -25.479 0.1000000015
14304  -45.076  -64.754  -25.019 0.1000000015
15245  -44.388  -63.887  -26.038 0.1000000015
13450  -51.530  -65.099  -29.162 0.1000000015
14312  -44.390  -64.645  -26.600 0.1000000015
116110  -44.253  -63.224  -26.357 0.1000000015
17377  -48.206  -61.972  -30.127 0.1000000015
15259  -43.947  -63.748  -27.837 0.1000000015
117339  -44.018  -62.100  -28.494 0.1000000015
17358  -44.696  -61.060  -29.533 0.1000000015
17359  -46.854  -60.879  -29.882 0.1000000015
18432  -47.009  -60.783  -29.184 0.1000000015
17346  -47.414  -61.000  -28.525 0.1000000015
11750  -51.238  -67.715  -31.522 0.1000000015
14336  -43.549  -64.282  -28.532 0.1000000015
17357  -44.096  -61.634  -29.662 0.1000000015
18431  -46.289  -60.593  -29.320 0.1000000015
18420  -46.693  -60.610  -28.586 0.1000000015
13377  -48.218  -65.235  -22.944 0.1000000015
12527  -47.020  -65.527  -23.679 0.1000000015
14287  -46.614  -64.805  -23.582 0.1000000015
15273  -50.752  -63.875  -27.910 0.1000000015
14344  -51.335  -64.482  -28.399 0.1000000015
111116  -45.585  -64.838  -24.481 0.1000000015
14294  -44.673  -63.944  -25.215 0.1000000015
14295  -45.243  -64.061  -24.456 0.1000000015
12594  -51.498  -66.282  -30.463 0.1000000015
16304  -44.283  -61.790  -27.930 0.1000000015
18418  -44.941  -60.805  -28.745 0.1000000015
18419  -45.797  -60.516  -28.527 0.1000000015
17347  -48.207  -61.607  -28.238 0.1000000015
18407  -44.969  -60.763  -27.369 0.1000000015
111503  -45.162  -60.691  -28.067 0.1000000015
119139  -47.158  -60.708  -27.902 0.1000000015
14274  -49.606  -64.795  -22.213 0.1000000015
14273  -48.749  -64.589  -22.442 0.1000000015
15205  -49.836  -63.405  -21.504 0.1000000015
15206  -50.716  -63.557  -21.381 0.1000000015
14328  -51.740  -63.925  -27.438 0.1000000015
14272  -47.822  -64.313  -22.693 0.1000000015
15272  -50.182  -63.286  -27.573 0.1000000015
14337  -52.031  -64.426  -27.899 0.1000000015
14288  -46.973  -64.266  -23.080 0.1000000015
14345  -51.813  -64.817  -28.556 0.1000000015
115434  -45.682  -63.847  -23.867 0.1000000015
15235  -44.782  -63.222  -24.705 0.1000000015
16274  -44.455  -62.074  -25.583 0.1000000015
17332  -44.544  -61.335  -27.197 0.1000000015
16278  -44.279  -62.476  -26.309 0.1000000015
17313  -44.484  -61.567  -26.292 0.1000000015
18408  -45.659  -60.480  -27.593 0.1000000015
18409  -46.523  -60.477  -27.652 0.1000000015
18390  -44.837  -60.882  -26.571 0.1000000015
18391  -45.415  -60.499  -26.806 0.1000000015
16239  -50.356  -62.782  -21.145 0.1000000015
15262  -51.165  -63.315  -26.975 0.1000000015
15219  -49.284  -64.032  -21.925 0.1000000015
16229  -50.826  -62.219  -20.846 0.1000000015
16230  -51.703  -62.291  -20.907 0.1000000015
105582  -49.783  -62.661  -27.157 0.1000000015
15263  -51.992  -63.315  -26.858 0.1000000015
15217  -47.700  -63.428  -22.376 0.1000000015
15204  -48.981  -63.206  -21.663 0.1000000015
16305  -48.981  -62.259  -27.669 0.1000000015
13451  -51.926  -65.328  -29.053 0.1000000015
15230  -46.551  -63.513  -23.012 0.1000000015
120456  -47.205  -63.737  -22.726 0.1000000015
15236  -45.308  -63.251  -24.064 0.1000000015
19391  -45.821  -60.239  -26.319 0.1000000015
16267  -44.658  -62.418  -24.873 0.1000000015
17298  -44.730  -61.666  -24.980 0.1000000015
18375  -44.827  -60.960  -25.812 0.1000000015
16238  -49.521  -62.575  -21.269 0.1000000015
17334  -48.707  -61.675  -27.026 0.1000000015
14338  -52.323  -64.209  -27.975 0.1000000015
18392  -46.132  -60.285  -26.903 0.1000000015
18410  -47.533  -60.624  -26.853 0.1000000015
17299  -45.130  -61.097  -24.490 0.1000000015
16261  -46.187  -62.588  -22.934 0.1000000015
16260  -45.459  -62.424  -23.680 0.1000000015
16268  -44.993  -61.941  -24.302 0.1000000015
115569  -49.306  -61.434  -26.221 0.1000000015
17315  -50.082  -61.379  -26.027 0.1000000015
18411  -48.575  -61.120  -26.409 0.1000000015
16251  -48.182  -62.938  -21.894 0.1000000015
19392  -46.524  -60.039  -26.065 0.1000000015
100585  -46.767  -60.289  -26.736 0.1000000015
18393  -47.491  -60.175  -26.030 0.1000000015
16250  -47.445  -62.593  -22.190 0.1000000015
18370  -45.313  -60.538  -25.206 0.1000000015
19379  -45.891  -60.074  -25.641 0.1000000015
15216  -46.971  -63.040  -22.594 0.1000000015
17289  -45.424  -61.486  -23.742 0.1000000015
109909  -45.546  -60.818  -23.836 0.1000000015
104824  -45.783  -61.806  -23.159 0.1000000015
19393  -47.345  -59.720  -25.484 0.1000000015
101049  -48.536  -60.522  -25.844 0.1000000015
16237  -48.698  -62.326  -21.468 0.1000000015
19352  -46.031  -59.854  -24.134 0.1000000015
19380  -46.679  -59.607  -25.112 0.1000000015
18358  -45.624  -60.401  -24.351 0.1000000015
19367  -45.925  -59.896  -24.819 0.1000000015
17275  -46.353  -61.672  -22.645 0.1000000015
18379  -49.588  -60.628  -25.862 0.1000000015
18377  -48.434  -59.881  -25.402 0.1000000015
16228  -50.024  -62.015  -20.856 0.1000000015
17290  -45.898  -60.956  -23.093 0.1000000015
109276  -47.103  -61.743  -22.136 0.1000000015
19383  -49.256  -59.959  -25.540 0.1000000015
16236  -47.880  -62.037  -21.729 0.1000000015
16240  -51.181  -62.925  -21.120 0.1000000015
18338  -54.737  -60.593  -21.423 0.1000000015
17266  -53.285  -61.434  -21.047 0.1000000015
17255  -52.669  -61.194  -20.814 0.1000000015
16231  -52.541  -61.904  -20.931 0.1000000015
15243  -44.406  -63.026  -25.549 0.1000000015
103826  -44.188  -63.830  -26.888 0.1000000015
15260  -44.101  -62.993  -27.058 0.1000000015
16294  -44.012  -62.673  -27.980 0.1000000015
16295  -44.251  -62.123  -27.106 0.1000000015
17345  -44.369  -61.495  -28.793 0.1000000015
18430  -45.434  -60.664  -29.429 0.1000000015
18440  -45.988  -60.680  -30.104 0.1000000015
17388  -47.131  -61.547  -31.235 0.1000000015
100946  -47.401  -64.965  -23.225 0.1000000015
17333  -47.879  -61.147  -27.495 0.1000000015
15218  -48.464  -63.774  -22.187 0.1000000015
18376  -45.291  -60.505  -26.055 0.1000000015
16296  -49.558  -61.994  -26.575 0.1000000015
18359  -45.928  -60.261  -23.620 0.1000000015
17314  -49.401  -60.844  -25.802 0.1000000015
17267  -54.226  -61.798  -21.309 0.1000000015
7951  -42.735  -72.016  -49.452 0.1000000015
7950  -41.222  -72.180  -49.498 0.1000000015
9514  -42.022  -69.911  -50.946 0.1000000015
110560  -43.302  -70.208  -50.857 0.1000000015
101131  -43.523  -69.753  -50.410 0.1000000015
9515  -44.345  -70.274  -50.348 0.1000000015
7953  -45.226  -72.241  -50.001 0.1000000015
10299  -41.005  -69.328  -50.746 0.1000000015
10298  -40.195  -68.682  -50.721 0.1000000015
102761  -39.769  -68.093  -50.829 0.1000000015
9502  -41.421  -70.671  -48.863 0.1000000015
9501  -39.980  -70.712  -48.953 0.1000000015
9503  -43.400  -70.168  -49.021 0.1000000015
9516  -44.784  -70.474  -49.944 0.1000000015
8721  -45.063  -71.137  -49.951 0.1000000015
8720  -43.986  -71.003  -49.409 0.1000000015
8718  -40.585  -71.442  -49.271 0.1000000015
102961  -42.397  -69.331  -50.391 0.1000000015
8732  -45.299  -71.763  -50.081 0.1000000015
8731  -44.988  -71.002  -50.144 0.1000000015
100913  -40.554  -68.076  -50.372 0.1000000015
11937  -40.881  -67.493  -50.159 0.1000000015
12806  -40.517  -66.909  -50.588 0.1000000015
10245  -41.988  -70.887  -42.307 0.1000000015
108554  -39.370  -71.063  -44.130 0.1000000015
9435  -41.503  -71.879  -42.758 0.1000000015
9496  -40.583  -70.068  -48.547 0.1000000015
9495  -39.485  -70.108  -48.557 0.1000000015
10284  -38.972  -69.747  -48.067 0.1000000015
10276  -39.004  -69.337  -46.155 0.1000000015
10271  -38.507  -69.715  -45.618 0.1000000015
10265  -39.539  -70.351  -44.643 0.1000000015
10286  -41.147  -69.500  -48.060 0.1000000015
114078  -38.438  -70.301  -48.341 0.1000000015
9497  -42.241  -69.930  -48.400 0.1000000015
9500  -38.937  -70.636  -48.842 0.1000000015
9504  -44.472  -70.184  -49.741 0.1000000015
11120  -41.602  -68.629  -50.130 0.1000000015
100810  -43.140  -70.027  -41.707 0.1000000015
8655  -40.822  -72.204  -43.571 0.1000000015
108115  -42.449  -70.082  -41.906 0.1000000015
10278  -38.810  -69.590  -47.061 0.1000000015
10266  -39.931  -69.378  -45.139 0.1000000015
113949  -39.186  -69.585  -45.383 0.1000000015
11078  -39.612  -69.078  -46.722 0.1000000015
11089  -40.329  -68.879  -47.139 0.1000000015
10291  -43.896  -69.428  -49.257 0.1000000015
11110  -43.913  -68.878  -48.783 0.1000000015
10290  -43.535  -69.208  -49.670 0.1000000015
11109  -42.720  -68.255  -49.397 0.1000000015
120197  -42.546  -67.353  -49.159 0.1000000015
10287  -42.971  -69.304  -47.965 0.1000000015
8636  -40.573  -71.989  -43.273 0.1000000015
8676  -40.884  -72.169  -44.041 0.1000000015
9498  -43.602  -69.395  -48.551 0.1000000015
9450  -39.781  -71.551  -43.774 0.1000000015
102966  -40.430  -69.207  -47.715 0.1000000015
10280  -41.552  -68.898  -47.476 0.1000000015
9433  -39.752  -71.386  -43.120 0.1000000015
11080  -42.448  -67.949  -46.443 0.1000000015
11896  -42.345  -67.618  -45.012 0.1000000015
12735  -43.662  -67.163  -43.860 0.1000000015
9471  -41.040  -71.532  -44.328 0.1000000015
10272  -39.680  -68.941  -45.909 0.1000000015
11072  -40.442  -68.654  -45.609 0.1000000015
100541  -41.221  -68.259  -46.178 0.1000000015
11069  -41.860  -68.972  -44.372 0.1000000015
11906  -41.798  -67.950  -45.522 0.1000000015
11879  -42.389  -67.969  -44.427 0.1000000015
11068  -40.882  -68.979  -44.838 0.1000000015
100644  -40.383  -70.307  -44.631 0.1000000015
10267  -41.332  -70.248  -44.458 0.1000000015
120211  -42.404  -69.511  -44.033 0.1000000015
11073  -41.128  -68.365  -45.312 0.1000000015
11891  -43.124  -67.294  -44.539 0.1000000015
11890  -41.660  -68.206  -44.860 0.1000000015
5944  -50.175  -76.703  -36.572 0.1000000015
6484  -52.359  -75.246  -33.711 0.3000000119
6494  -51.560  -75.313  -33.805 0.3000000119
6496  -52.311  -75.679  -33.884 0.3000000119
6509  -52.119  -75.851  -33.794 0.3000000119
6510  -52.386  -75.597  -33.937 0.3000000119
6529  -49.913  -76.626  -36.162 0.2000000030
6545  -49.786  -76.285  -38.103 0.1000000015
6546  -50.249  -76.363  -37.370 0.1000000015
6553  -50.114  -75.135  -40.514 0.1000000015
7105  -53.509  -73.581  -32.851 0.4000000060
7116  -51.997  -74.005  -33.105 0.4000000060
7128  -53.309  -74.177  -33.285 0.4000000060
7806  -52.917  -72.590  -32.502 0.4000000060
7808  -54.301  -72.623  -32.825 0.4000000060
7813  -50.876  -72.489  -33.051 0.3000000119
7815  -54.071  -73.432  -32.981 0.4000000060
7822  -53.893  -73.684  -33.051 0.4000000060
7856  -48.183  -73.629  -37.823 0.1000000015
7952  -44.414  -71.950  -49.634 0.1000000015
8512  -51.802  -71.165  -32.199 0.3000000119
8538  -48.101  -71.657  -35.939 0.2000000030
8586  -52.080  -72.065  -39.702 0.1000000015
8635  -40.361  -71.931  -43.540 0.1000000015
8637  -41.149  -72.241  -43.211 0.1000000015
8675  -40.478  -72.005  -43.862 0.1000000015
8719  -42.134  -71.289  -49.226 0.1000000015
9328  -55.901  -70.537  -32.822 0.4000000060
9334  -56.000  -70.672  -33.020 0.4000000060
9339  -55.541  -71.144  -33.065 0.4000000060
9381  -47.516  -70.780  -38.329 0.1000000015
9434  -40.624  -71.596  -42.856 0.1000000015
9470  -40.181  -71.571  -44.218 0.1000000015
10135  -52.065  -69.499  -31.284 0.2000000030
10138  -56.487  -69.119  -32.701 0.4000000060
10142  -50.804  -69.418  -32.481 0.1000000015
10143  -51.219  -69.880  -32.092 0.2000000030
10145  -56.468  -69.487  -32.926 0.4000000060
10154  -56.697  -69.011  -33.176 0.4000000060
10164  -56.050  -69.644  -33.466 0.4000000060
10165  -56.430  -69.062  -33.396 0.4000000060
10240  -53.919  -69.643  -40.163 0.1000000015
10253  -42.918  -69.926  -43.816 0.1000000015
10275  -38.427  -69.631  -46.296 0.1000000015
10279  -39.641  -69.325  -47.530 0.1000000015
10285  -39.947  -69.572  -48.203 0.1000000015
10925  -52.884  -68.479  -31.182 0.3000000119
10927  -55.083  -68.255  -31.762 0.3000000119
10934  -51.624  -68.109  -30.945 0.2000000030
10944  -57.218  -68.231  -32.892 0.4000000060
10952  -57.059  -68.464  -33.224 0.4000000060
10962  -52.316  -68.714  -34.009 0.1000000015
11079  -40.324  -68.665  -46.427 0.1000000015
11742  -52.135  -67.427  -30.280 0.3000000119
11761  -57.485  -67.632  -33.087 0.4000000060
11773  -56.555  -67.581  -33.567 0.3000000119
11774  -57.301  -67.492  -33.398 0.4000000060
11808  -51.058  -67.710  -35.085 0.1000000015
11950  -40.074  -67.491  -50.742 0.1000000015
12605  -57.579  -67.074  -32.783 0.5000000000
12807  -41.258  -66.910  -49.986 0.1000000015
13395  -47.650  -65.564  -23.382 0.1000000015
13406  -45.578  -65.463  -24.824 0.1000000015
13488  -56.210  -66.010  -33.503 0.3000000119
13561  -49.177  -65.149  -40.261 0.1000000015
13566  -55.706  -66.474  -40.015 0.1000000015
13597  -49.304  -65.775  -43.000 0.1000000015
13603  -55.589  -66.087  -42.710 0.1000000015
14286  -46.244  -64.053  -23.481 0.1000000015
14296  -45.897  -64.514  -23.975 0.1000000015
14363  -58.529  -64.910  -32.521 0.5000000000
14453  -48.602  -64.297  -39.789 0.1000000015
14489  -56.930  -64.543  -41.897 0.1000000015
15229  -45.866  -63.292  -23.469 0.1000000015
15261  -50.495  -62.888  -26.878 0.1000000015
15306  -56.829  -63.364  -31.732 0.5000000000
15337  -56.081  -63.633  -33.944 0.2000000030
15339  -59.329  -64.496  -33.614 0.4000000060
15475  -49.074  -63.500  -44.108 0.1000000015
15478  -52.066  -63.689  -44.254 0.1000000015
15524  -48.909  -63.488  -48.024 0.1000000015
15527  -52.331  -64.235  -48.389 0.1000000015
15528  -53.282  -64.172  -47.756 0.1000000015
16385  -60.198  -62.401  -34.129 0.4000000060
16414  -47.449  -62.186  -37.609 0.1000000015
16434  -48.389  -62.143  -39.514 0.1000000015
17265  -49.220  -61.728  -21.042 0.1000000015
17306  -44.639  -61.448  -25.580 0.1000000015
17376  -47.422  -61.411  -30.405 0.1000000015
17452  -60.294  -61.121  -35.140 0.4000000060
17535  -54.777  -61.590  -42.442 0.1000000015
18369  -44.866  -61.100  -25.220 0.1000000015
18482  -60.623  -60.992  -33.432 0.3000000119
18505  -60.925  -60.084  -34.661 0.3000000119
18519  -59.902  -60.550  -35.850 0.3000000119
18541  -47.298  -60.142  -37.646 0.1000000015
18560  -48.597  -60.321  -39.128 0.1000000015
18584  -52.216  -60.703  -41.160 0.1000000015
19518  -47.294  -59.500  -37.454 0.1000000015
19546  -50.584  -60.284  -40.162 0.1000000015
19549  -52.898  -58.925  -40.135 0.1000000015
20486  -48.917  -58.623  -38.119 0.1000000015
20537  -59.248  -57.023  -43.090 0.1000000015
20554  -58.908  -57.761  -43.401 0.1000000015
21244  -55.811  -57.059  -31.683 0.5000000000
21323  -59.334  -57.219  -34.890 0.1000000015
21324  -60.275  -57.326  -35.085 0.1000000015
21361  -50.943  -57.379  -38.119 0.1000000015
22119  -63.349  -56.065  -31.418 0.1000000015
23795  -49.098  -54.730  -40.206 0.1000000015
24522  -63.594  -53.560  -32.010 0.1000000015
25273  -64.742  -52.083  -29.157 0.1000000015
25274  -65.073  -51.922  -29.260 0.1000000015
25326  -64.809  -52.097  -30.818 0.1000000015
25348  -45.832  -52.646  -34.876 0.1000000015
26162  -65.247  -51.364  -29.167 0.1000000015
26245  -46.011  -51.642  -36.072 0.1000000015
27060  -53.303  -50.905  -27.102 0.3000000119
27109  -65.312  -51.087  -30.493 0.1000000015
28022  -45.445  -49.629  -34.027 0.1000000015
28769  -51.140  -48.636  -25.196 0.3000000119
29663  -51.194  -48.129  -24.334 0.3000000119
29682  -52.606  -47.843  -26.631 0.3000000119
29700  -61.544  -47.003  -28.784 0.1000000015
29701  -62.305  -47.013  -28.837 0.1000000015
30590  -52.659  -46.744  -21.624 0.1000000015
30610  -52.010  -46.114  -23.215 0.2000000030
30626  -52.022  -46.203  -25.422 0.2000000030
30636  -58.931  -46.701  -28.606 0.1000000015
30642  -57.026  -46.862  -28.378 0.1000000015
31555  -52.281  -45.264  -24.548 0.2000000030
33469  -53.999  -43.692  -25.740 0.2000000030
33487  -56.452  -43.156  -27.988 0.1000000015
34360  -55.652  -42.740  -26.364 0.1000000015
101351  -53.937  -45.112  -22.878 0.1000000015
101447  -46.652  -58.082  -36.185 0.1000000015
102517  -48.532  -63.481  -47.292 0.1000000015
102778  -44.688  -61.103  -28.010 0.1000000015
104561  -55.689  -69.730  -32.461 0.4000000060
104757  -54.977  -48.257  -27.637 0.2000000030
106429  -55.205  -53.310  -29.146 0.5000000000
106693  -52.968  -70.904  -32.213 0.3000000119
107820  -47.107  -70.323  -37.518 0.1000000015
109211  -51.002  -74.647  -39.559 0.2000000030
109598  -59.669  -60.034  -35.950 0.2000000030
110473  -44.998  -62.643  -24.305 0.1000000015
112030  -65.616  -50.238  -29.549 0.1000000015
112970  -60.138  -59.915  -35.955 0.3000000119
115331  -41.400  -67.975  -49.867 0.1000000015
115558  -47.030  -53.770  -36.037 0.1000000015
115678  -50.285  -64.995  -43.321 0.1000000015
116050  -50.544  -60.888  -40.461 0.1000000015
116341  -47.366  -53.676  -36.897 0.1000000015
116943  -50.536  -66.816  -40.527 0.1000000015
117026  -44.313  -69.952  -49.869 0.1000000015
117186  -49.820  -62.780  -40.664 0.1000000015
118458  -38.910  -70.168  -48.464 0.1000000015
118757  -55.912  -46.400  -21.424 0.1000000015
119011  -41.011  -68.525  -46.853 0.1000000015
119507  -46.797  -62.321  -22.480 0.1000000015
120336  -56.639  -65.115  -42.105 0.1000000015
120928  -52.084  -50.685  -26.384 0.3000000119
120953  -47.480  -72.011  -37.589 0.1000000015
