#!ascii label  , from subject sub-v2s9x29153_ses-1 vox2ras=TkReg
1785
51925  -53.320  -30.382  40.044 0.0000000000
38540  -41.315  -44.158  46.561 0.0000000000
61778  -55.011  -20.878  22.920 0.0000000000
50966  -45.177  -30.986  28.731 0.0000000000
56439  -55.708  -26.676  31.265 0.0000000000
133778  -50.840  -37.997  40.349 0.0000000000
37590  -41.638  -44.387  40.094 0.0000000000
43662  -42.626  -37.749  33.795 0.0000000000
125263  -32.107  -43.543  47.052 0.0000000000
67805  -62.877  -14.630  25.902 0.0000000000
35676  -40.178  -46.818  36.933 0.0000000000
50912  -49.460  -31.442  34.466 0.0000000000
54378  -50.266  -27.641  30.647 0.0000000000
54308  -55.168  -28.766  35.390 0.0000000000
45502  -55.831  -37.167  41.414 0.0000000000
42599  -49.512  -39.644  38.128 0.0000000000
144250  -48.489  -34.948  36.023 0.0000000000
47819  -43.803  -34.900  30.323 0.0000000000
71784  -62.065  -11.816  23.108 0.0000000000
37480  -37.209  -45.067  47.577 0.0000000000
38661  -35.423  -43.435  40.671 0.0000000000
37566  -39.924  -45.016  42.562 0.0000000000
58495  -56.172  -23.970  27.091 0.0000000000
42552  -44.425  -39.473  42.396 0.0000000000
37541  -44.623  -45.794  44.823 0.0000000000
39605  -47.763  -42.747  41.689 0.0000000000
42613  -41.435  -40.301  37.654 0.0000000000
38500  -27.055  -43.191  48.999 0.0000000000
58392  -62.869  -24.241  31.924 0.0000000000
60600  -61.924  -22.705  26.142 0.0000000000
64878  -67.363  -18.658  26.403 0.0000000000
64907  -59.886  -18.586  23.228 0.0000000000
67856  -58.717  -15.641  19.815 0.0000000000
38656  -29.870  -43.713  40.549 0.0000000000
33605  -42.529  -49.363  42.141 0.0000000000
50894  -51.171  -31.265  36.780 0.0000000000
51974  -52.093  -29.495  35.426 0.0000000000
53085  -53.212  -29.223  37.786 0.0000000000
48780  -54.225  -33.601  40.841 0.0000000000
45521  -51.511  -36.164  38.674 0.0000000000
48804  -51.044  -33.282  38.290 0.0000000000
49880  -48.852  -32.881  35.127 0.0000000000
61808  -53.495  -21.415  19.471 0.0000000000
63997  -54.929  -19.763  20.840 0.0000000000
37483  -39.690  -44.409  47.243 0.0000000000
37537  -39.174  -44.150  44.843 0.0000000000
37540  -41.466  -45.193  45.343 0.0000000000
53204  -45.472  -29.251  27.536 0.0000000000
125332  -53.330  -27.756  30.876 0.0000000000
135914  -51.792  -27.739  28.162 0.0000000000
56468  -53.461  -27.052  29.239 0.0000000000
57463  -53.457  -25.311  26.925 0.0000000000
138877  -56.246  -25.419  29.536 0.0000000000
42575  -47.095  -38.587  40.633 0.0000000000
40549  -48.583  -42.141  44.238 0.0000000000
40580  -51.941  -42.874  42.949 0.0000000000
43633  -45.629  -38.528  35.632 0.0000000000
41659  -45.071  -39.950  37.637 0.0000000000
42664  -42.823  -39.260  35.865 0.0000000000
48903  -44.959  -33.009  30.082 0.0000000000
59523  -61.906  -23.851  29.175 0.0000000000
64897  -64.331  -18.454  24.431 0.0000000000
66839  -62.710  -16.815  23.814 0.0000000000
65926  -59.371  -17.077  21.868 0.0000000000
66837  -60.851  -15.949  22.726 0.0000000000
141614  -61.366  -13.298  19.294 0.0000000000
39527  -29.070  -42.430  48.084 0.0000000000
38563  -27.904  -44.013  44.796 0.0000000000
38565  -30.573  -43.466  44.144 0.0000000000
37611  -37.563  -44.273  37.782 0.0000000000
38712  -35.497  -43.659  36.347 0.0000000000
36615  -38.432  -45.866  35.020 0.0000000000
144869  -42.531  -44.576  42.040 0.0000000000
35609  -42.551  -48.586  43.077 0.0000000000
36571  -42.487  -46.487  41.289 0.0000000000
50938  -47.342  -31.513  31.515 0.0000000000
53193  -47.473  -29.402  29.652 0.0000000000
53169  -49.665  -29.354  32.509 0.0000000000
54336  -53.381  -28.431  33.448 0.0000000000
54339  -56.557  -28.919  34.100 0.0000000000
44504  -53.998  -38.278  41.913 0.0000000000
41584  -53.589  -41.382  40.909 0.0000000000
43577  -53.028  -39.074  39.393 0.0000000000
44556  -48.769  -37.697  36.436 0.0000000000
44589  -46.098  -37.191  34.236 0.0000000000
45578  -43.131  -36.633  32.034 0.0000000000
46666  -46.085  -35.081  33.014 0.0000000000
49902  -46.740  -32.978  32.082 0.0000000000
123315  -61.791  -13.279  24.533 0.0000000000
71746  -64.029  -8.996  26.805 0.0000000000
37493  -34.607  -44.342  46.911 0.0000000000
38592  -33.628  -43.569  43.597 0.0000000000
38571  -36.519  -44.101  44.172 0.0000000000
38646  -38.222  -43.716  41.498 0.0000000000
36579  -39.398  -45.658  39.325 0.0000000000
138755  -47.982  -27.836  27.921 0.0000000000
59601  -52.707  -23.741  24.358 0.0000000000
60633  -55.447  -22.603  24.609 0.0000000000
40546  -42.763  -41.431  44.312 0.0000000000
37502  -43.766  -45.491  46.570 0.0000000000
39566  -46.015  -43.384  45.247 0.0000000000
38600  -46.438  -44.221  44.054 0.0000000000
39601  -43.502  -42.595  41.618 0.0000000000
40614  -48.295  -41.324  39.564 0.0000000000
41583  -44.018  -40.896  39.794 0.0000000000
39633  -41.378  -42.392  39.781 0.0000000000
55303  -56.120  -27.598  40.307 0.0000000000
41477  -42.256  -40.439  47.088 0.0000000000
44480  -46.168  -37.447  43.116 0.0000000000
45467  -48.653  -36.307  42.445 0.0000000000
57296  -55.738  -26.090  37.831 0.0000000000
56352  -57.272  -26.147  35.873 0.0000000000
55390  -60.265  -27.544  35.724 0.0000000000
57339  -62.607  -25.109  35.000 0.0000000000
57380  -59.674  -25.353  32.581 0.0000000000
58438  -59.196  -24.686  29.226 0.0000000000
59573  -58.568  -23.413  26.470 0.0000000000
60636  -58.236  -21.957  24.908 0.0000000000
61740  -64.780  -21.393  26.105 0.0000000000
61754  -61.315  -20.990  24.986 0.0000000000
63968  -57.559  -19.732  23.318 0.0000000000
64935  -56.718  -18.387  21.457 0.0000000000
133754  -60.311  -14.115  21.091 0.0000000000
35574  -27.603  -46.217  45.490 0.0000000000
36600  -30.923  -45.551  36.104 0.0000000000
131002  -33.191  -43.385  40.016 0.0000000000
38719  -32.457  -43.784  35.306 0.0000000000
35586  -42.219  -47.410  44.432 0.0000000000
35622  -40.770  -48.081  42.160 0.0000000000
34656  -41.281  -48.252  39.179 0.0000000000
32535  -43.731  -50.747  41.328 0.0000000000
51937  -52.367  -30.591  38.557 0.0000000000
142279  -52.190  -30.339  37.737 0.0000000000
53073  -53.365  -29.408  38.687 0.0000000000
50853  -53.370  -31.955  40.555 0.0000000000
48793  -52.158  -33.432  39.561 0.0000000000
50865  -52.319  -31.821  39.488 0.0000000000
49853  -51.050  -32.425  37.801 0.0000000000
61764  -53.665  -21.772  22.803 0.0000000000
61791  -54.055  -20.796  21.656 0.0000000000
62927  -53.881  -20.764  19.832 0.0000000000
62911  -54.484  -20.271  21.256 0.0000000000
38539  -40.654  -44.019  47.032 0.0000000000
37498  -40.359  -44.367  46.629 0.0000000000
37500  -41.567  -44.491  46.372 0.0000000000
52048  -43.729  -30.544  27.455 0.0000000000
52050  -45.249  -30.097  28.168 0.0000000000
54370  -54.630  -27.760  31.383 0.0000000000
55450  -53.179  -27.510  29.738 0.0000000000
56448  -54.594  -26.767  30.295 0.0000000000
57423  -54.754  -25.865  29.127 0.0000000000
56450  -56.142  -25.981  30.806 0.0000000000
43566  -49.496  -38.419  40.254 0.0000000000
41567  -49.126  -40.288  41.651 0.0000000000
42564  -51.644  -40.140  41.577 0.0000000000
43649  -44.002  -38.093  34.479 0.0000000000
42666  -44.311  -38.889  35.844 0.0000000000
43648  -42.581  -38.410  34.563 0.0000000000
42679  -40.769  -39.047  34.868 0.0000000000
50956  -44.868  -31.883  29.099 0.0000000000
49945  -43.571  -32.641  28.596 0.0000000000
50964  -43.740  -31.767  28.259 0.0000000000
128126  -63.779  -16.441  24.563 0.0000000000
66825  -62.939  -16.061  24.523 0.0000000000
144528  -61.216  -16.459  23.014 0.0000000000
145046  -62.044  -14.813  24.782 0.0000000000
38524  -31.152  -42.885  47.813 0.0000000000
39550  -29.883  -42.740  46.820 0.0000000000
38536  -31.616  -43.409  46.401 0.0000000000
36592  -38.826  -45.597  37.094 0.0000000000
147260  -38.007  -45.231  36.128 0.0000000000
35691  -39.155  -46.232  35.591 0.0000000000
34698  -40.008  -47.086  34.949 0.0000000000
34700  -41.200  -47.784  36.018 0.0000000000
142915  -42.192  -44.602  41.446 0.0000000000
36554  -42.254  -45.465  41.300 0.0000000000
36570  -42.055  -45.218  40.542 0.0000000000
50928  -48.252  -31.195  32.550 0.0000000000
52015  -48.269  -30.484  31.866 0.0000000000
51995  -49.468  -30.494  33.475 0.0000000000
129203  -53.305  -28.809  35.305 0.0000000000
53151  -52.292  -28.879  34.371 0.0000000000
53132  -53.830  -28.716  34.664 0.0000000000
54337  -54.235  -28.503  33.325 0.0000000000
53134  -55.890  -29.305  34.862 0.0000000000
44523  -55.833  -38.179  41.729 0.0000000000
43570  -55.024  -39.189  41.121 0.0000000000
45513  -54.169  -37.437  40.084 0.0000000000
46586  -50.012  -35.676  37.688 0.0000000000
45532  -50.338  -36.698  37.819 0.0000000000
45542  -49.117  -36.293  36.760 0.0000000000
44563  -47.723  -37.463  35.614 0.0000000000
45558  -47.071  -36.475  34.714 0.0000000000
45567  -46.106  -36.480  33.761 0.0000000000
46637  -46.925  -35.193  34.007 0.0000000000
49890  -49.167  -32.155  34.812 0.0000000000
48852  -47.986  -33.047  34.080 0.0000000000
49897  -48.258  -32.302  33.708 0.0000000000
49918  -47.058  -32.222  31.782 0.0000000000
37494  -35.932  -44.715  46.627 0.0000000000
38553  -35.034  -44.174  45.508 0.0000000000
37535  -36.766  -44.303  45.074 0.0000000000
129861  -39.822  -44.415  43.250 0.0000000000
38596  -38.701  -43.763  43.252 0.0000000000
133221  -39.487  -44.646  41.987 0.0000000000
37589  -39.119  -44.903  40.522 0.0000000000
36553  -39.683  -45.695  41.034 0.0000000000
131459  -48.652  -28.572  30.312 0.0000000000
54398  -47.423  -28.436  28.384 0.0000000000
55446  -49.206  -27.675  29.149 0.0000000000
55473  -51.313  -27.735  26.716 0.0000000000
54406  -50.267  -27.794  26.696 0.0000000000
55476  -50.336  -27.706  25.659 0.0000000000
58474  -54.862  -24.599  27.130 0.0000000000
58507  -53.461  -24.365  25.642 0.0000000000
58509  -54.957  -23.849  25.990 0.0000000000
59603  -54.218  -23.308  24.804 0.0000000000
59570  -55.731  -23.585  25.963 0.0000000000
41523  -43.584  -40.401  43.211 0.0000000000
39575  -44.149  -42.081  44.018 0.0000000000
40562  -45.672  -41.748  43.642 0.0000000000
38630  -49.264  -43.535  43.392 0.0000000000
38602  -48.118  -43.580  44.348 0.0000000000
38628  -46.811  -43.697  43.319 0.0000000000
39587  -44.932  -42.931  42.250 0.0000000000
39603  -45.197  -42.420  41.577 0.0000000000
41640  -51.153  -40.395  38.889 0.0000000000
40617  -51.282  -41.778  40.051 0.0000000000
41608  -48.770  -40.887  39.116 0.0000000000
41658  -43.340  -40.089  37.706 0.0000000000
41604  -44.724  -40.561  39.010 0.0000000000
137723  -43.792  -40.454  38.940 0.0000000000
40609  -42.432  -41.230  39.883 0.0000000000
46680  -43.609  -35.615  30.931 0.0000000000
44481  -47.048  -37.116  42.927 0.0000000000
47633  -53.360  -34.996  42.245 0.0000000000
55314  -55.460  -27.450  39.413 0.0000000000
124921  -56.836  -24.476  36.454 0.0000000000
139736  -58.504  -24.851  36.097 0.0000000000
56375  -59.291  -27.553  36.023 0.0000000000
140015  -60.443  -26.226  36.385 0.0000000000
58357  -62.660  -24.831  33.420 0.0000000000
57363  -61.006  -25.459  33.867 0.0000000000
58373  -61.227  -24.803  32.173 0.0000000000
58389  -59.956  -25.015  30.867 0.0000000000
58417  -61.463  -24.388  30.586 0.0000000000
59561  -62.616  -23.230  27.786 0.0000000000
137337  -60.589  -23.823  27.935 0.0000000000
59575  -60.308  -23.183  26.517 0.0000000000
60597  -59.017  -23.026  25.872 0.0000000000
60618  -60.386  -22.386  25.616 0.0000000000
62843  -66.975  -19.422  26.718 0.0000000000
63972  -61.308  -18.917  23.816 0.0000000000
63953  -61.758  -19.638  24.356 0.0000000000
62886  -60.172  -19.738  24.012 0.0000000000
62885  -59.241  -19.982  23.938 0.0000000000
63969  -58.781  -19.265  23.370 0.0000000000
64923  -56.821  -18.897  22.195 0.0000000000
64937  -58.335  -18.186  22.286 0.0000000000
66857  -58.652  -16.677  21.135 0.0000000000
65939  -57.950  -16.731  20.507 0.0000000000
66895  -57.781  -16.723  18.924 0.0000000000
137365  -61.941  -12.461  24.114 0.0000000000
68790  -61.033  -14.179  23.303 0.0000000000
69752  -61.105  -13.400  22.573 0.0000000000
38612  -28.832  -43.895  42.593 0.0000000000
36531  -27.967  -45.129  42.956 0.0000000000
37587  -28.847  -44.749  40.226 0.0000000000
36584  -30.035  -45.668  38.127 0.0000000000
37605  -29.750  -44.714  38.533 0.0000000000
124893  -34.768  -43.510  42.201 0.0000000000
123634  -32.974  -43.457  41.920 0.0000000000
38660  -34.427  -43.446  40.604 0.0000000000
138250  -34.155  -43.599  35.387 0.0000000000
34737  -36.479  -48.307  31.459 0.0000000000
35567  -44.219  -46.172  46.039 0.0000000000
36513  -43.482  -46.305  46.031 0.0000000000
35598  -43.331  -47.299  44.626 0.0000000000
34624  -42.136  -49.244  42.902 0.0000000000
128073  -41.754  -49.237  43.041 0.0000000000
34623  -41.688  -49.211  42.750 0.0000000000
125937  -40.991  -48.391  40.795 0.0000000000
33611  -42.408  -49.870  41.405 0.0000000000
125805  -43.313  -49.890  39.481 0.0000000000
50904  -50.369  -31.335  35.594 0.0000000000
51972  -50.720  -30.588  35.247 0.0000000000
51959  -51.543  -30.516  36.439 0.0000000000
53095  -52.606  -29.412  36.480 0.0000000000
54292  -53.782  -28.601  36.456 0.0000000000
134156  -54.384  -35.232  40.533 0.0000000000
46553  -53.333  -35.682  39.805 0.0000000000
47670  -52.833  -34.801  39.751 0.0000000000
47694  -51.209  -34.298  38.648 0.0000000000
48815  -49.645  -34.075  37.181 0.0000000000
48825  -48.727  -33.981  36.051 0.0000000000
48816  -50.043  -33.216  37.000 0.0000000000
49882  -50.064  -32.096  35.916 0.0000000000
62929  -55.171  -20.119  19.156 0.0000000000
37482  -38.800  -44.653  47.478 0.0000000000
37516  -37.948  -44.460  45.936 0.0000000000
138674  -39.436  -44.505  46.752 0.0000000000
37538  -39.939  -44.224  44.601 0.0000000000
37539  -41.031  -45.227  44.383 0.0000000000
54379  -52.090  -27.540  30.596 0.0000000000
55448  -50.635  -27.479  29.593 0.0000000000
54400  -52.225  -27.684  28.945 0.0000000000
55461  -52.359  -27.587  28.622 0.0000000000
56476  -52.307  -27.254  27.489 0.0000000000
57462  -52.545  -25.756  26.574 0.0000000000
57447  -53.491  -25.866  27.794 0.0000000000
57449  -55.030  -24.932  27.879 0.0000000000
58456  -55.909  -24.737  28.189 0.0000000000
42559  -45.618  -39.014  41.380 0.0000000000
41543  -46.524  -40.558  42.252 0.0000000000
41566  -48.014  -40.151  41.613 0.0000000000
139184  -49.481  -41.410  43.299 0.0000000000
39592  -50.687  -43.483  42.890 0.0000000000
42644  -47.615  -38.762  36.882 0.0000000000
41662  -47.109  -39.776  38.100 0.0000000000
42617  -45.670  -39.456  37.014 0.0000000000
42615  -43.812  -39.738  36.998 0.0000000000
141139  -42.157  -39.951  37.202 0.0000000000
41673  -40.318  -40.334  36.527 0.0000000000
42662  -40.403  -39.519  35.344 0.0000000000
47832  -43.879  -34.159  29.802 0.0000000000
47845  -43.369  -33.934  29.344 0.0000000000
59477  -64.660  -23.440  31.597 0.0000000000
59497  -62.198  -24.033  30.047 0.0000000000
130254  -64.390  -23.337  29.931 0.0000000000
60572  -64.226  -22.878  28.104 0.0000000000
60586  -63.682  -22.688  27.227 0.0000000000
66807  -66.811  -16.453  26.560 0.0000000000
63957  -66.445  -18.745  25.258 0.0000000000
66827  -66.407  -16.898  25.191 0.0000000000
65906  -62.768  -17.758  23.734 0.0000000000
65904  -61.125  -17.701  23.153 0.0000000000
64925  -59.715  -18.064  22.731 0.0000000000
65917  -60.705  -17.361  22.792 0.0000000000
66850  -60.009  -16.720  22.111 0.0000000000
67848  -59.990  -15.433  21.610 0.0000000000
71798  -62.090  -11.906  22.159 0.0000000000
70810  -61.717  -12.401  21.415 0.0000000000
70820  -62.173  -12.235  20.523 0.0000000000
39511  -28.064  -42.371  48.969 0.0000000000
144779  -27.625  -43.311  46.875 0.0000000000
39548  -28.689  -42.879  46.525 0.0000000000
132441  -29.077  -43.330  44.774 0.0000000000
38614  -30.324  -43.507  42.027 0.0000000000
123182  -36.706  -43.577  38.778 0.0000000000
38691  -35.393  -43.437  38.226 0.0000000000
38703  -37.026  -44.009  37.131 0.0000000000
37654  -37.092  -44.948  35.006 0.0000000000
36652  -37.185  -45.672  33.744 0.0000000000
34729  -38.179  -47.896  32.264 0.0000000000
34723  -39.408  -47.680  33.552 0.0000000000
37553  -44.048  -45.333  44.038 0.0000000000
36534  -43.208  -47.509  44.069 0.0000000000
36545  -42.974  -47.129  43.119 0.0000000000
35623  -42.727  -48.428  42.428 0.0000000000
34638  -42.786  -49.414  42.166 0.0000000000
50958  -46.048  -31.297  29.757 0.0000000000
52040  -46.261  -30.150  28.967 0.0000000000
52025  -47.426  -30.486  30.651 0.0000000000
53179  -48.573  -29.641  31.465 0.0000000000
54352  -49.825  -28.706  31.932 0.0000000000
53149  -50.616  -29.562  33.769 0.0000000000
54334  -51.088  -28.865  33.394 0.0000000000
123132  -51.183  -27.825  32.012 0.0000000000
145774  -53.400  -28.125  32.232 0.0000000000
54369  -54.519  -28.136  31.871 0.0000000000
55415  -56.381  -27.680  32.713 0.0000000000
44521  -52.600  -37.841  41.062 0.0000000000
42565  -53.242  -40.646  42.157 0.0000000000
131176  -54.264  -40.537  41.748 0.0000000000
135683  -53.180  -40.538  39.931 0.0000000000
43589  -50.858  -39.205  38.176 0.0000000000
45522  -52.293  -36.850  39.055 0.0000000000
44549  -50.654  -38.418  37.903 0.0000000000
43602  -49.172  -38.698  37.150 0.0000000000
43617  -47.293  -38.445  36.127 0.0000000000
43652  -46.201  -38.091  35.154 0.0000000000
44571  -43.980  -37.580  33.830 0.0000000000
44606  -43.299  -36.973  32.802 0.0000000000
45565  -44.653  -36.709  32.894 0.0000000000
45580  -45.120  -36.096  32.511 0.0000000000
46664  -44.836  -35.438  31.763 0.0000000000
47778  -47.507  -34.511  34.391 0.0000000000
47790  -46.563  -34.283  33.021 0.0000000000
48882  -45.455  -33.804  31.288 0.0000000000
49916  -45.829  -32.973  31.001 0.0000000000
49931  -46.165  -32.238  30.695 0.0000000000
68778  -61.938  -14.134  25.018 0.0000000000
124395  -63.081  -12.278  26.747 0.0000000000
132834  -62.300  -12.105  25.078 0.0000000000
70773  -62.446  -11.408  24.738 0.0000000000
71770  -62.694  -10.860  24.169 0.0000000000
72730  -62.989  -10.457  24.214 0.0000000000
146343  -33.383  -43.919  46.992 0.0000000000
38551  -32.783  -43.713  45.608 0.0000000000
38552  -34.242  -43.990  45.193 0.0000000000
124292  -34.907  -43.733  43.788 0.0000000000
38620  -36.108  -43.521  42.507 0.0000000000
38572  -37.463  -44.100  44.386 0.0000000000
124131  -36.968  -43.546  42.668 0.0000000000
129212  -37.012  -43.446  40.827 0.0000000000
38664  -37.740  -43.823  39.670 0.0000000000
36578  -38.836  -45.096  38.835 0.0000000000
35660  -39.703  -46.308  38.163 0.0000000000
53199  -46.623  -29.237  28.544 0.0000000000
54403  -46.726  -28.559  27.744 0.0000000000
55465  -49.687  -27.567  27.619 0.0000000000
60648  -54.154  -22.235  23.724 0.0000000000
60649  -54.994  -22.029  24.034 0.0000000000
39557  -41.782  -42.277  45.654 0.0000000000
37521  -42.937  -44.188  45.968 0.0000000000
38575  -43.246  -43.197  45.116 0.0000000000
38556  -44.920  -44.149  45.703 0.0000000000
36515  -45.307  -45.197  45.070 0.0000000000
39567  -47.516  -43.140  45.050 0.0000000000
38578  -46.999  -44.294  45.233 0.0000000000
37554  -44.907  -44.843  44.259 0.0000000000
38598  -44.172  -44.278  43.442 0.0000000000
38650  -43.175  -43.298  41.970 0.0000000000
38666  -42.137  -43.235  40.929 0.0000000000
39610  -52.830  -42.329  41.689 0.0000000000
39622  -50.582  -42.654  41.204 0.0000000000
39620  -48.259  -42.335  40.846 0.0000000000
137634  -47.111  -40.567  38.934 0.0000000000
40613  -46.644  -41.468  40.018 0.0000000000
40587  -46.391  -42.022  40.770 0.0000000000
40594  -43.734  -41.558  40.663 0.0000000000
39617  -42.408  -42.441  40.743 0.0000000000
44627  -41.053  -36.855  31.948 0.0000000000
51910  -54.231  -30.260  40.653 0.0000000000
53043  -54.735  -29.522  40.583 0.0000000000
39500  -29.133  -42.040  50.334 0.0000000000
38515  -33.212  -43.765  48.370 0.0000000000
37465  -33.911  -44.233  48.133 0.0000000000
37467  -35.734  -45.262  48.035 0.0000000000
37469  -39.266  -44.415  47.990 0.0000000000
38527  -40.189  -44.116  47.231 0.0000000000
39551  -40.766  -43.488  47.038 0.0000000000
40522  -41.281  -41.850  46.830 0.0000000000
40534  -42.187  -41.404  45.086 0.0000000000
42540  -43.010  -40.039  44.446 0.0000000000
43536  -43.803  -39.193  43.626 0.0000000000
43528  -45.142  -38.148  44.111 0.0000000000
43547  -45.154  -38.381  41.933 0.0000000000
44502  -46.504  -37.677  41.143 0.0000000000
45496  -47.958  -37.091  40.831 0.0000000000
125812  -49.591  -36.876  40.492 0.0000000000
45499  -51.142  -36.524  40.707 0.0000000000
143201  -53.075  -36.348  41.522 0.0000000000
45487  -55.335  -37.406  42.241 0.0000000000
50836  -55.763  -31.630  41.423 0.0000000000
54249  -54.585  -28.576  39.596 0.0000000000
55325  -54.981  -27.481  38.338 0.0000000000
55349  -54.705  -27.834  36.592 0.0000000000
148162  -56.276  -24.682  37.841 0.0000000000
57305  -55.889  -25.915  36.787 0.0000000000
55370  -55.981  -28.267  35.619 0.0000000000
54310  -57.555  -29.015  35.228 0.0000000000
55387  -58.214  -28.635  34.783 0.0000000000
56406  -57.969  -26.928  33.510 0.0000000000
56377  -61.511  -26.366  35.702 0.0000000000
56408  -59.714  -26.417  34.171 0.0000000000
57378  -57.944  -25.708  32.146 0.0000000000
57412  -57.486  -25.444  30.574 0.0000000000
58436  -57.530  -24.862  28.995 0.0000000000
58457  -57.830  -24.527  28.462 0.0000000000
59522  -60.882  -24.059  28.822 0.0000000000
59542  -59.552  -24.094  27.966 0.0000000000
59557  -58.060  -23.780  27.276 0.0000000000
59590  -57.315  -23.236  25.831 0.0000000000
60634  -57.038  -22.458  24.921 0.0000000000
61767  -56.273  -21.198  23.835 0.0000000000
61725  -65.619  -21.507  26.605 0.0000000000
60621  -63.981  -21.890  26.217 0.0000000000
63940  -64.970  -19.940  25.362 0.0000000000
62851  -62.310  -20.890  25.169 0.0000000000
61737  -60.844  -21.689  25.322 0.0000000000
61752  -59.440  -21.404  24.753 0.0000000000
62864  -57.940  -20.732  24.120 0.0000000000
62882  -56.591  -20.488  23.472 0.0000000000
63985  -55.766  -19.632  22.187 0.0000000000
64934  -55.919  -18.791  20.895 0.0000000000
64947  -55.881  -18.815  19.992 0.0000000000
64936  -57.619  -17.882  21.615 0.0000000000
65937  -56.750  -17.633  19.883 0.0000000000
64963  -56.559  -18.649  18.787 0.0000000000
137044  -61.473  -14.857  24.039 0.0000000000
68796  -60.660  -14.368  22.421 0.0000000000
68801  -59.805  -14.721  20.900 0.0000000000
69771  -60.686  -13.477  20.866 0.0000000000
68822  -60.220  -14.052  19.435 0.0000000000
67873  -59.194  -15.061  19.399 0.0000000000
125517  -27.580  -44.479  45.192 0.0000000000
125557  -32.205  -43.583  44.253 0.0000000000
123635  -32.130  -43.415  41.932 0.0000000000
38657  -31.442  -43.449  40.219 0.0000000000
38690  -34.503  -43.407  38.243 0.0000000000
38698  -32.925  -43.383  37.535 0.0000000000
38696  -31.002  -43.948  37.646 0.0000000000
37631  -31.452  -44.541  35.491 0.0000000000
36512  -42.793  -45.266  46.306 0.0000000000
36523  -41.872  -46.094  44.848 0.0000000000
35595  -40.990  -47.283  43.395 0.0000000000
34596  -42.056  -48.490  43.636 0.0000000000
147952  -41.268  -48.254  43.385 0.0000000000
35621  -40.330  -46.777  41.756 0.0000000000
35634  -40.094  -46.511  40.743 0.0000000000
35643  -40.204  -46.861  39.487 0.0000000000
34655  -40.682  -47.463  38.444 0.0000000000
34648  -43.206  -48.461  41.254 0.0000000000
34639  -43.436  -49.733  41.618 0.0000000000
138612  -43.277  -50.508  41.523 0.0000000000
33629  -42.610  -49.546  39.757 0.0000000000
33628  -41.895  -48.671  38.762 0.0000000000
34683  -41.286  -47.758  36.984 0.0000000000
51924  -52.591  -30.890  39.392 0.0000000000
51938  -52.940  -30.095  39.106 0.0000000000
50866  -52.915  -31.322  40.120 0.0000000000
50852  -52.742  -32.067  40.130 0.0000000000
50875  -52.053  -31.337  38.776 0.0000000000
61777  -54.285  -21.119  22.484 0.0000000000
125170  -53.678  -21.297  22.000 0.0000000000
62896  -54.714  -20.520  22.128 0.0000000000
52049  -44.490  -30.531  27.963 0.0000000000
52039  -45.710  -30.391  28.692 0.0000000000
55426  -55.325  -27.488  31.598 0.0000000000
55438  -54.972  -27.111  30.956 0.0000000000
56449  -55.383  -26.382  30.536 0.0000000000
43567  -50.283  -38.415  40.341 0.0000000000
42578  -50.382  -39.268  40.740 0.0000000000
142694  -51.027  -38.687  40.611 0.0000000000
43663  -43.317  -37.914  34.183 0.0000000000
138751  -43.406  -38.396  34.735 0.0000000000
49946  -44.246  -32.239  28.773 0.0000000000
50965  -44.415  -31.425  28.482 0.0000000000
50975  -43.935  -31.095  27.982 0.0000000000
67817  -63.435  -15.352  25.608 0.0000000000
67816  -62.229  -15.436  24.546 0.0000000000
136568  -31.859  -43.239  47.605 0.0000000000
131998  -31.341  -43.191  47.085 0.0000000000
35675  -39.576  -46.274  37.233 0.0000000000
35674  -39.173  -46.039  36.464 0.0000000000
131216  -39.683  -46.497  36.343 0.0000000000
144035  -40.188  -46.900  36.199 0.0000000000
34682  -40.676  -47.287  36.527 0.0000000000
37578  -41.900  -44.520  40.780 0.0000000000
50920  -49.149  -31.146  33.772 0.0000000000
51994  -48.860  -30.831  33.107 0.0000000000
51984  -49.751  -30.749  34.124 0.0000000000
123336  -54.192  -28.739  35.209 0.0000000000
53133  -54.993  -29.008  34.739 0.0000000000
53110  -55.208  -29.035  35.087 0.0000000000
44522  -55.199  -38.369  40.905 0.0000000000
45501  -55.059  -37.193  40.628 0.0000000000
46604  -48.980  -35.376  36.734 0.0000000000
46585  -49.447  -35.761  37.164 0.0000000000
46603  -48.540  -35.968  36.240 0.0000000000
45550  -48.155  -36.681  35.805 0.0000000000
46620  -48.017  -35.769  35.540 0.0000000000
46638  -47.381  -35.629  34.764 0.0000000000
47763  -47.986  -34.880  35.178 0.0000000000
50911  -48.831  -31.832  34.118 0.0000000000
50919  -48.541  -31.544  33.364 0.0000000000
37495  -36.735  -44.851  46.756 0.0000000000
37514  -36.331  -44.482  45.881 0.0000000000
37515  -37.115  -44.560  45.930 0.0000000000
38623  -39.310  -44.111  42.593 0.0000000000
37577  -39.311  -44.788  41.322 0.0000000000
36544  -39.839  -45.531  41.830 0.0000000000
54377  -49.304  -28.118  30.546 0.0000000000
54390  -49.018  -27.966  29.914 0.0000000000
55447  -49.709  -27.634  29.848 0.0000000000
55472  -50.684  -27.785  26.319 0.0000000000
58475  -55.647  -24.412  27.441 0.0000000000
58493  -54.595  -24.341  26.457 0.0000000000
58494  -55.465  -24.054  26.649 0.0000000000
59571  -56.322  -23.689  26.475 0.0000000000
138558  -44.022  -40.068  42.688 0.0000000000
41541  -44.186  -40.649  42.910 0.0000000000
40573  -45.066  -40.925  42.852 0.0000000000
39590  -48.446  -43.408  42.773 0.0000000000
38629  -47.804  -43.648  43.638 0.0000000000
39589  -47.251  -43.180  42.506 0.0000000000
39588  -46.053  -42.938  42.183 0.0000000000
39604  -46.749  -42.558  41.540 0.0000000000
41639  -50.180  -40.245  38.579 0.0000000000
41609  -49.692  -40.967  39.141 0.0000000000
41638  -49.214  -40.329  38.604 0.0000000000
41657  -42.412  -40.178  37.807 0.0000000000
41632  -42.872  -40.356  38.606 0.0000000000
41602  -42.184  -40.782  39.198 0.0000000000
41631  -41.868  -40.552  38.450 0.0000000000
46708  -43.211  -35.236  30.269 0.0000000000
57319  -59.519  -25.656  36.266 0.0000000000
58376  -63.898  -24.164  32.859 0.0000000000
58358  -63.418  -24.475  33.505 0.0000000000
58375  -63.273  -24.454  32.813 0.0000000000
57382  -61.681  -25.037  33.149 0.0000000000
58374  -62.246  -24.628  32.496 0.0000000000
58390  -60.856  -24.742  31.188 0.0000000000
58391  -61.828  -24.459  31.559 0.0000000000
60585  -62.286  -22.959  26.946 0.0000000000
60584  -61.210  -23.054  26.745 0.0000000000
60599  -60.848  -22.799  26.024 0.0000000000
60598  -59.913  -22.927  25.920 0.0000000000
64877  -65.822  -18.497  26.626 0.0000000000
63928  -67.166  -19.578  26.811 0.0000000000
147274  -67.009  -19.154  26.600 0.0000000000
63952  -60.903  -19.509  24.088 0.0000000000
63971  -60.454  -19.085  23.657 0.0000000000
63970  -59.630  -19.272  23.570 0.0000000000
146803  -59.310  -18.906  23.287 0.0000000000
63988  -58.167  -18.872  22.800 0.0000000000
129476  -59.045  -18.533  22.867 0.0000000000
66869  -58.991  -15.916  20.748 0.0000000000
66868  -58.349  -16.244  20.261 0.0000000000
66882  -58.260  -16.178  19.321 0.0000000000
70791  -61.691  -12.555  23.233 0.0000000000
70802  -61.605  -12.559  22.323 0.0000000000
146418  -26.886  -43.959  47.743 0.0000000000
38639  -29.603  -43.692  41.350 0.0000000000
142183  -28.853  -44.063  41.605 0.0000000000
38655  -29.067  -44.087  40.694 0.0000000000
37597  -29.306  -44.785  39.354 0.0000000000
37598  -29.842  -44.195  39.152 0.0000000000
38680  -34.840  -43.442  39.919 0.0000000000
35734  -35.462  -47.173  31.599 0.0000000000
133704  -44.291  -46.475  45.127 0.0000000000
35588  -43.952  -47.059  45.305 0.0000000000
34637  -41.653  -49.214  41.695 0.0000000000
50905  -50.984  -30.927  36.006 0.0000000000
51947  -51.644  -30.793  37.271 0.0000000000
53084  -52.622  -29.645  37.354 0.0000000000
53096  -53.164  -29.049  36.891 0.0000000000
54279  -53.683  -28.664  37.333 0.0000000000
47650  -53.872  -34.351  40.505 0.0000000000
47671  -53.566  -35.045  40.169 0.0000000000
47649  -53.124  -34.221  40.131 0.0000000000
48792  -51.564  -33.412  38.986 0.0000000000
47693  -50.567  -33.946  38.070 0.0000000000
132661  -50.143  -33.782  37.561 0.0000000000
48826  -49.358  -33.605  36.523 0.0000000000
48803  -50.540  -33.193  37.672 0.0000000000
50883  -51.335  -31.557  37.553 0.0000000000
50882  -50.835  -31.995  37.063 0.0000000000
50893  -50.617  -31.672  36.348 0.0000000000
61807  -52.850  -21.753  19.819 0.0000000000
62922  -54.402  -20.232  20.322 0.0000000000
62923  -54.946  -19.826  19.931 0.0000000000
37519  -41.076  -44.626  45.778 0.0000000000
37518  -39.966  -44.359  45.664 0.0000000000
123485  -40.641  -44.570  44.924 0.0000000000
37551  -40.288  -44.453  44.028 0.0000000000
53214  -44.710  -29.135  26.813 0.0000000000
137024  -52.732  -27.700  30.951 0.0000000000
54391  -52.260  -27.625  29.638 0.0000000000
54380  -52.807  -27.651  30.188 0.0000000000
127162  -52.865  -27.498  29.155 0.0000000000
55462  -52.873  -27.205  28.648 0.0000000000
55469  -52.413  -27.380  28.135 0.0000000000
56477  -52.838  -26.690  28.026 0.0000000000
57435  -53.470  -26.446  28.535 0.0000000000
57424  -55.565  -25.582  29.346 0.0000000000
57436  -54.310  -25.644  28.355 0.0000000000
57437  -55.307  -25.314  28.619 0.0000000000
57438  -56.131  -25.108  28.910 0.0000000000
42560  -46.495  -39.165  41.079 0.0000000000
41565  -46.988  -39.970  41.600 0.0000000000
42561  -47.477  -39.397  40.950 0.0000000000
41547  -51.114  -41.541  42.846 0.0000000000
41546  -49.884  -40.976  42.661 0.0000000000
40578  -50.433  -41.885  43.490 0.0000000000
38605  -50.704  -43.320  43.466 0.0000000000
39593  -51.494  -43.254  43.098 0.0000000000
42643  -46.660  -38.951  36.755 0.0000000000
43616  -45.884  -38.895  36.306 0.0000000000
42665  -43.627  -39.055  35.828 0.0000000000
134155  -44.150  -39.310  36.376 0.0000000000
42641  -43.337  -39.489  36.430 0.0000000000
42614  -42.938  -39.862  37.108 0.0000000000
42640  -42.482  -39.637  36.552 0.0000000000
42638  -40.811  -39.729  36.216 0.0000000000
123866  -41.867  -39.435  36.037 0.0000000000
48902  -44.436  -33.551  29.881 0.0000000000
48901  -43.866  -33.312  29.283 0.0000000000
59500  -65.709  -22.724  31.173 0.0000000000
59499  -64.885  -23.281  30.703 0.0000000000
60573  -66.304  -22.251  28.450 0.0000000000
59546  -64.860  -23.050  29.130 0.0000000000
60587  -65.615  -22.225  27.513 0.0000000000
123977  -65.089  -15.627  27.460 0.0000000000
66804  -64.239  -15.488  27.809 0.0000000000
67796  -65.736  -15.800  27.277 0.0000000000
67808  -66.403  -15.999  26.948 0.0000000000
135568  -66.992  -16.470  26.127 0.0000000000
66815  -65.960  -16.058  25.936 0.0000000000
65907  -63.795  -17.141  24.144 0.0000000000
65905  -61.906  -17.345  23.353 0.0000000000
64909  -61.701  -18.156  23.489 0.0000000000
65918  -61.266  -17.041  22.991 0.0000000000
66859  -60.297  -16.089  22.122 0.0000000000
67840  -60.473  -15.288  22.261 0.0000000000
71799  -62.598  -11.357  21.908 0.0000000000
71811  -62.242  -11.884  21.348 0.0000000000
124653  -28.842  -42.308  48.946 0.0000000000
132113  -28.130  -42.622  47.781 0.0000000000
39539  -28.760  -42.639  47.257 0.0000000000
38549  -30.768  -43.403  44.923 0.0000000000
126545  -29.968  -43.123  45.449 0.0000000000
129779  -29.968  -43.339  44.624 0.0000000000
38588  -29.529  -43.465  43.911 0.0000000000
38589  -30.332  -43.504  43.338 0.0000000000
37599  -37.513  -43.933  38.731 0.0000000000
38692  -36.907  -43.751  38.002 0.0000000000
36601  -37.768  -45.233  35.535 0.0000000000
36635  -37.557  -45.459  34.618 0.0000000000
35706  -38.022  -46.069  34.118 0.0000000000
35719  -38.370  -46.711  33.617 0.0000000000
35707  -38.719  -46.423  34.410 0.0000000000
33676  -41.028  -47.950  35.117 0.0000000000
33687  -40.732  -48.301  34.340 0.0000000000
37568  -43.406  -44.651  43.179 0.0000000000
37552  -43.434  -46.099  43.730 0.0000000000
37567  -42.901  -45.214  42.771 0.0000000000
36555  -42.576  -46.936  42.147 0.0000000000
35636  -42.817  -47.574  41.304 0.0000000000
50950  -47.125  -31.184  30.854 0.0000000000
52024  -46.940  -30.801  30.318 0.0000000000
52014  -47.634  -30.814  31.330 0.0000000000
53168  -48.895  -29.875  32.208 0.0000000000
53180  -49.210  -29.146  31.782 0.0000000000
51986  -51.102  -29.994  34.901 0.0000000000
51985  -50.452  -30.232  34.450 0.0000000000
53129  -51.099  -29.653  34.393 0.0000000000
54335  -52.505  -28.521  33.714 0.0000000000
53150  -51.582  -29.032  33.983 0.0000000000
125138  -51.852  -28.345  33.238 0.0000000000
54354  -51.124  -28.370  32.781 0.0000000000
124941  -51.993  -27.831  32.427 0.0000000000
54367  -52.024  -27.578  31.523 0.0000000000
54355  -52.850  -28.157  32.803 0.0000000000
54338  -55.156  -28.662  33.372 0.0000000000
54356  -54.514  -28.355  32.528 0.0000000000
146728  -55.606  -28.614  33.206 0.0000000000
55414  -55.626  -27.921  32.294 0.0000000000
54358  -56.008  -28.531  33.114 0.0000000000
43569  -53.629  -38.956  41.807 0.0000000000
43556  -54.828  -39.288  42.119 0.0000000000
43578  -54.154  -39.260  40.307 0.0000000000
42590  -53.749  -39.979  40.158 0.0000000000
42601  -51.536  -39.758  38.691 0.0000000000
43590  -51.761  -38.876  38.572 0.0000000000
45511  -52.183  -36.006  39.128 0.0000000000
45512  -53.039  -36.460  39.531 0.0000000000
44548  -49.982  -37.600  37.433 0.0000000000
129136  -50.648  -37.498  37.952 0.0000000000
43603  -49.842  -38.518  37.463 0.0000000000
44557  -49.344  -38.099  36.904 0.0000000000
43618  -48.023  -38.382  36.393 0.0000000000
43635  -48.227  -37.986  36.106 0.0000000000
44575  -47.078  -37.179  35.032 0.0000000000
44574  -46.519  -37.538  34.804 0.0000000000
131407  -45.976  -37.692  34.618 0.0000000000
44572  -44.735  -37.698  34.168 0.0000000000
44588  -45.106  -37.135  33.601 0.0000000000
44587  -44.499  -37.236  33.522 0.0000000000
46653  -46.367  -35.617  33.572 0.0000000000
46652  -45.753  -35.901  33.058 0.0000000000
46665  -45.506  -35.314  32.418 0.0000000000
48832  -48.569  -33.627  35.354 0.0000000000
47764  -48.095  -34.071  34.928 0.0000000000
48841  -47.845  -33.718  34.393 0.0000000000
48850  -47.011  -33.428  32.896 0.0000000000
48851  -47.413  -33.691  33.732 0.0000000000
48867  -46.363  -33.734  32.340 0.0000000000
48866  -45.843  -33.977  31.919 0.0000000000
48883  -46.128  -33.340  31.655 0.0000000000
50937  -46.778  -31.870  31.089 0.0000000000
50948  -45.825  -31.902  30.064 0.0000000000
70757  -64.080  -9.316  26.769 0.0000000000
70774  -63.404  -10.096  25.634 0.0000000000
71785  -62.516  -11.209  23.018 0.0000000000
37477  -33.973  -44.147  47.337 0.0000000000
37492  -33.840  -44.011  46.592 0.0000000000
37513  -34.412  -44.105  46.063 0.0000000000
37534  -35.847  -44.216  44.981 0.0000000000
38570  -34.958  -43.985  44.627 0.0000000000
123021  -35.685  -43.960  43.989 0.0000000000
123353  -35.552  -43.656  43.171 0.0000000000
38594  -36.325  -43.739  43.327 0.0000000000
37536  -38.230  -44.217  45.060 0.0000000000
146800  -37.468  -44.324  45.246 0.0000000000
38573  -38.499  -43.910  44.175 0.0000000000
38622  -38.489  -43.717  42.340 0.0000000000
129436  -37.820  -43.613  42.900 0.0000000000
38621  -37.646  -43.537  42.068 0.0000000000
38644  -36.749  -43.446  41.728 0.0000000000
38645  -37.522  -43.527  41.333 0.0000000000
38663  -37.158  -43.505  40.027 0.0000000000
127460  -37.865  -43.692  40.614 0.0000000000
36569  -39.520  -45.668  40.178 0.0000000000
37601  -38.949  -44.980  39.684 0.0000000000
36586  -39.310  -45.727  38.505 0.0000000000
35650  -39.785  -46.273  38.984 0.0000000000
53192  -46.879  -29.807  29.317 0.0000000000
53200  -47.213  -29.063  29.043 0.0000000000
54399  -48.356  -27.938  28.649 0.0000000000
54404  -47.445  -28.056  27.463 0.0000000000
55460  -50.841  -27.545  28.654 0.0000000000
55459  -49.962  -27.485  28.407 0.0000000000
55466  -50.908  -27.741  27.548 0.0000000000
54416  -50.044  -27.932  25.893 0.0000000000
57480  -53.020  -24.938  26.135 0.0000000000
58521  -53.072  -24.043  25.020 0.0000000000
59602  -53.451  -23.501  24.613 0.0000000000
59604  -54.995  -23.167  24.982 0.0000000000
60631  -53.792  -22.902  24.205 0.0000000000
60632  -54.594  -22.706  24.416 0.0000000000
39562  -42.342  -42.055  44.836 0.0000000000
38574  -42.425  -42.878  45.270 0.0000000000
39563  -42.855  -42.271  44.592 0.0000000000
39565  -44.786  -42.915  44.747 0.0000000000
38576  -44.332  -43.466  45.188 0.0000000000
38577  -45.478  -43.724  45.466 0.0000000000
37524  -45.134  -44.521  45.534 0.0000000000
37525  -46.142  -44.329  45.218 0.0000000000
40575  -47.114  -41.206  43.152 0.0000000000
40563  -46.940  -42.013  44.102 0.0000000000
40548  -47.889  -42.519  44.539 0.0000000000
38601  -47.366  -44.169  44.694 0.0000000000
122944  -47.601  -43.578  45.074 0.0000000000
37556  -46.800  -44.753  44.997 0.0000000000
37555  -46.005  -44.677  44.514 0.0000000000
38599  -45.327  -44.187  43.656 0.0000000000
39586  -43.946  -42.957  42.266 0.0000000000
38649  -42.454  -43.757  41.614 0.0000000000
39600  -42.764  -42.879  41.343 0.0000000000
41571  -53.891  -41.041  41.951 0.0000000000
41570  -53.333  -41.485  42.124 0.0000000000
40603  -53.355  -41.832  41.388 0.0000000000
40615  -49.247  -41.478  39.629 0.0000000000
40600  -51.034  -42.327  40.567 0.0000000000
40599  -49.871  -42.046  40.312 0.0000000000
39621  -49.385  -42.430  40.975 0.0000000000
40598  -48.775  -41.873  40.165 0.0000000000
41661  -46.535  -39.898  38.180 0.0000000000
138341  -46.920  -40.148  38.512 0.0000000000
41635  -46.289  -40.292  38.628 0.0000000000
40611  -45.007  -40.937  39.589 0.0000000000
41605  -45.612  -40.645  39.113 0.0000000000
40612  -45.755  -41.167  39.764 0.0000000000
40596  -45.822  -41.627  40.358 0.0000000000
40586  -45.459  -41.968  40.922 0.0000000000
40595  -44.900  -41.434  40.334 0.0000000000
40608  -41.586  -41.527  39.446 0.0000000000
40593  -42.764  -41.701  40.507 0.0000000000
40592  -41.979  -41.950  40.211 0.0000000000
39616  -41.765  -42.778  40.388 0.0000000000
44605  -42.529  -36.994  32.602 0.0000000000
44628  -42.110  -36.640  31.765 0.0000000000
39499  -28.313  -42.080  50.609 0.0000000000
37453  -33.788  -44.082  49.084 0.0000000000
36485  -38.675  -44.617  48.227 0.0000000000
41490  -41.807  -41.218  46.226 0.0000000000
42546  -43.328  -39.910  43.579 0.0000000000
44479  -45.986  -37.624  44.167 0.0000000000
139159  -45.553  -37.797  43.307 0.0000000000
43538  -45.002  -38.210  42.826 0.0000000000
44501  -45.774  -37.988  41.516 0.0000000000
44489  -46.304  -37.471  42.080 0.0000000000
45466  -47.862  -36.657  42.418 0.0000000000
45481  -47.704  -36.925  41.480 0.0000000000
45482  -48.465  -36.536  41.541 0.0000000000
45497  -48.740  -36.885  40.657 0.0000000000
127574  -49.120  -36.135  41.992 0.0000000000
46510  -50.383  -35.735  41.539 0.0000000000
46534  -51.063  -35.790  41.124 0.0000000000
45484  -52.002  -36.137  41.060 0.0000000000
46511  -51.766  -35.482  41.445 0.0000000000
46513  -54.147  -36.176  42.107 0.0000000000
46492  -54.870  -35.465  42.579 0.0000000000
45469  -56.065  -37.151  42.279 0.0000000000
51893  -54.826  -30.933  41.131 0.0000000000
54234  -55.089  -28.783  40.353 0.0000000000
54250  -55.310  -28.113  39.927 0.0000000000
56312  -55.571  -26.763  38.750 0.0000000000
135279  -55.325  -26.870  37.847 0.0000000000
55336  -54.947  -27.283  37.224 0.0000000000
56335  -55.381  -26.607  36.967 0.0000000000
57317  -56.507  -25.273  36.482 0.0000000000
143517  -56.373  -26.068  36.244 0.0000000000
56350  -55.918  -26.615  36.286 0.0000000000
56351  -56.685  -26.811  35.824 0.0000000000
55371  -57.024  -28.609  35.547 0.0000000000
140190  -57.136  -27.820  35.689 0.0000000000
55374  -59.745  -27.782  35.860 0.0000000000
54312  -58.950  -28.128  35.479 0.0000000000
55388  -58.920  -28.253  35.158 0.0000000000
55396  -57.691  -27.996  33.972 0.0000000000
55397  -58.570  -27.757  34.359 0.0000000000
58325  -62.630  -24.443  35.201 0.0000000000
140803  -61.866  -25.878  36.012 0.0000000000
57338  -61.914  -25.811  35.701 0.0000000000
57381  -60.632  -25.195  32.841 0.0000000000
57362  -60.052  -25.639  33.545 0.0000000000
57361  -59.146  -25.842  33.286 0.0000000000
56426  -58.273  -26.037  33.051 0.0000000000
57379  -58.769  -25.519  32.347 0.0000000000
57397  -57.709  -25.559  31.283 0.0000000000
57398  -58.514  -25.399  31.406 0.0000000000
58415  -59.610  -24.896  29.993 0.0000000000
58414  -58.719  -25.050  29.862 0.0000000000
58437  -58.316  -24.792  29.122 0.0000000000
58458  -58.771  -24.400  28.462 0.0000000000
59559  -59.928  -23.593  27.227 0.0000000000
59558  -59.047  -23.683  27.231 0.0000000000
129254  -57.682  -23.489  26.421 0.0000000000
60616  -58.495  -22.515  25.392 0.0000000000
60615  -57.617  -22.675  25.356 0.0000000000
60635  -57.573  -22.148  24.856 0.0000000000
61749  -56.828  -21.799  24.457 0.0000000000
61750  -57.710  -21.472  24.489 0.0000000000
61741  -66.095  -20.938  26.525 0.0000000000
61726  -66.902  -20.961  27.215 0.0000000000
64898  -65.380  -18.342  24.630 0.0000000000
63956  -65.215  -19.117  25.007 0.0000000000
63955  -63.944  -19.299  24.699 0.0000000000
62868  -61.749  -20.417  24.720 0.0000000000
62869  -62.559  -20.243  24.784 0.0000000000
61738  -61.938  -21.624  25.439 0.0000000000
61753  -60.243  -21.080  24.725 0.0000000000
62884  -58.226  -20.002  23.663 0.0000000000
62865  -58.658  -20.524  24.166 0.0000000000
62883  -57.392  -20.304  23.614 0.0000000000
63967  -56.897  -19.817  23.174 0.0000000000
62898  -56.139  -20.022  22.900 0.0000000000
63999  -56.185  -19.065  21.788 0.0000000000
64948  -56.380  -18.236  20.409 0.0000000000
143663  -59.172  -17.787  22.341 0.0000000000
65925  -58.521  -17.475  21.728 0.0000000000
65949  -57.277  -17.189  19.386 0.0000000000
65938  -57.351  -17.108  20.234 0.0000000000
64957  -56.390  -18.372  19.524 0.0000000000
132627  -61.431  -14.016  24.077 0.0000000000
69761  -60.629  -13.798  21.695 0.0000000000
68802  -60.291  -14.618  21.654 0.0000000000
69772  -61.329  -12.836  20.648 0.0000000000
69783  -60.863  -13.383  19.867 0.0000000000
68834  -59.680  -14.554  19.090 0.0000000000
38546  -27.734  -43.848  45.604 0.0000000000
37511  -27.458  -44.318  45.927 0.0000000000
36543  -28.276  -45.577  42.186 0.0000000000
35605  -27.817  -45.914  43.067 0.0000000000
35632  -29.226  -46.084  40.431 0.0000000000
140157  -30.230  -45.446  37.535 0.0000000000
35657  -30.498  -46.026  37.456 0.0000000000
35671  -30.772  -45.990  36.699 0.0000000000
35672  -31.215  -46.235  36.179 0.0000000000
38568  -33.439  -43.718  44.881 0.0000000000
38567  -32.751  -43.561  44.790 0.0000000000
124715  -32.987  -43.593  44.103 0.0000000000
124713  -33.320  -43.455  41.230 0.0000000000
124714  -32.524  -43.434  41.242 0.0000000000
38640  -31.584  -43.441  41.129 0.0000000000
38677  -32.335  -43.385  39.851 0.0000000000
126424  -35.775  -43.585  37.097 0.0000000000
38700  -34.964  -43.443  37.290 0.0000000000
38720  -33.263  -43.636  35.280 0.0000000000
126561  -33.332  -43.371  36.774 0.0000000000
130761  -32.323  -43.488  36.724 0.0000000000
126366  -31.911  -43.525  37.549 0.0000000000
38708  -31.845  -43.828  35.853 0.0000000000
37620  -31.136  -44.404  36.224 0.0000000000
37632  -32.001  -44.190  34.999 0.0000000000
33695  -39.003  -48.124  32.733 0.0000000000
33704  -38.457  -48.715  31.939 0.0000000000
130834  -43.330  -45.206  46.469 0.0000000000
36503  -43.675  -45.716  46.520 0.0000000000
36524  -42.839  -46.849  45.165 0.0000000000
36533  -41.431  -46.560  44.042 0.0000000000
135466  -42.496  -48.281  43.581 0.0000000000
35597  -42.582  -47.888  44.032 0.0000000000
34622  -41.298  -48.901  42.784 0.0000000000
34607  -41.557  -48.795  43.258 0.0000000000
35608  -40.846  -47.983  42.891 0.0000000000
141179  -40.513  -47.471  41.360 0.0000000000
34647  -41.469  -48.783  40.477 0.0000000000
34646  -40.712  -47.678  39.606 0.0000000000
34649  -43.727  -48.174  40.089 0.0000000000
124651  -44.174  -49.847  41.074 0.0000000000
32521  -44.153  -50.675  41.132 0.0000000000
33613  -43.492  -50.573  41.425 0.0000000000
33617  -42.710  -50.174  41.090 0.0000000000
32552  -43.307  -50.507  40.885 0.0000000000
32572  -43.474  -49.373  37.960 0.0000000000
33645  -42.635  -48.990  38.361 0.0000000000
33644  -41.896  -48.351  37.559 0.0000000000
51936  -51.786  -31.040  38.073 0.0000000000
53072  -52.725  -29.850  38.229 0.0000000000
49829  -53.778  -32.759  40.761 0.0000000000
48778  -52.731  -33.452  40.071 0.0000000000
49828  -53.007  -32.726  40.357 0.0000000000
49843  -51.896  -32.621  39.247 0.0000000000
49854  -51.456  -32.560  38.580 0.0000000000
50874  -51.545  -31.792  38.295 0.0000000000
60673  -52.973  -21.745  21.786 0.0000000000
61790  -53.418  -21.172  21.181 0.0000000000
61804  -53.335  -21.198  20.237 0.0000000000
62921  -53.873  -20.663  20.723 0.0000000000
62912  -55.111  -19.944  21.742 0.0000000000
37499  -40.466  -44.219  46.803 0.0000000000
127238  -41.182  -44.349  46.454 0.0000000000
37520  -41.831  -44.977  46.252 0.0000000000
55425  -53.961  -27.861  31.196 0.0000000000
55436  -53.518  -27.593  30.457 0.0000000000
55437  -54.193  -27.462  30.721 0.0000000000
55451  -53.811  -27.206  30.014 0.0000000000
56456  -54.258  -26.513  29.602 0.0000000000
56469  -53.997  -26.256  28.993 0.0000000000
56457  -55.071  -26.119  29.832 0.0000000000
57410  -55.856  -25.806  30.037 0.0000000000
43565  -48.558  -38.278  40.225 0.0000000000
42562  -48.496  -39.586  40.932 0.0000000000
42563  -49.469  -39.710  40.996 0.0000000000
41568  -50.528  -40.391  41.812 0.0000000000
41548  -51.930  -42.146  42.801 0.0000000000
43632  -44.809  -38.542  35.445 0.0000000000
43631  -43.975  -38.574  35.208 0.0000000000
43630  -43.130  -38.831  35.227 0.0000000000
43629  -42.252  -39.012  35.286 0.0000000000
42663  -41.274  -39.200  35.431 0.0000000000
43647  -41.557  -38.725  34.735 0.0000000000
43646  -40.730  -38.631  34.269 0.0000000000
49936  -44.527  -32.715  29.426 0.0000000000
148381  -44.076  -32.743  29.007 0.0000000000
67818  -64.726  -15.473  26.487 0.0000000000
66826  -64.843  -15.884  25.614 0.0000000000
130203  -63.895  -15.792  25.270 0.0000000000
66824  -62.172  -16.211  23.891 0.0000000000
66838  -61.782  -16.635  23.389 0.0000000000
67832  -61.468  -15.850  23.501 0.0000000000
39528  -30.174  -42.549  47.992 0.0000000000
39540  -29.605  -42.602  47.377 0.0000000000
38523  -30.492  -42.811  47.247 0.0000000000
38535  -30.597  -43.007  46.406 0.0000000000
148498  -31.529  -43.426  45.186 0.0000000000
37612  -38.172  -44.919  37.483 0.0000000000
37623  -38.133  -45.148  36.664 0.0000000000
36602  -38.524  -45.626  36.061 0.0000000000
35708  -39.382  -46.687  34.796 0.0000000000
35692  -39.827  -46.764  35.571 0.0000000000
34699  -40.483  -47.320  35.574 0.0000000000
37579  -42.485  -45.594  42.081 0.0000000000
36581  -42.384  -46.016  40.297 0.0000000000
50939  -47.803  -31.146  31.907 0.0000000000
52003  -48.691  -30.522  32.530 0.0000000000
53148  -49.870  -29.809  33.248 0.0000000000
53108  -52.646  -29.191  35.701 0.0000000000
53130  -51.753  -29.454  34.806 0.0000000000
53131  -52.675  -28.975  34.946 0.0000000000
54318  -53.085  -28.646  34.207 0.0000000000
53152  -53.842  -28.591  33.951 0.0000000000
53153  -54.652  -28.770  34.081 0.0000000000
53154  -55.556  -29.069  34.265 0.0000000000
53155  -56.308  -29.253  34.549 0.0000000000
44505  -55.229  -38.542  42.124 0.0000000000
43557  -55.301  -39.203  41.906 0.0000000000
43558  -55.453  -38.961  41.750 0.0000000000
44533  -54.289  -38.439  40.226 0.0000000000
131158  -53.429  -38.459  39.585 0.0000000000
46568  -51.036  -35.246  38.496 0.0000000000
135338  -50.709  -35.966  38.213 0.0000000000
45531  -49.702  -36.551  37.285 0.0000000000
133317  -49.306  -37.232  36.806 0.0000000000
131307  -48.320  -37.395  36.029 0.0000000000
45549  -47.532  -36.530  35.270 0.0000000000
129609  -46.615  -36.856  34.428 0.0000000000
45557  -46.750  -36.061  34.187 0.0000000000
48842  -48.345  -33.333  34.714 0.0000000000
49889  -48.582  -32.586  34.433 0.0000000000
49896  -47.616  -32.808  33.339 0.0000000000
49903  -47.329  -32.538  32.526 0.0000000000
49904  -47.896  -31.992  32.969 0.0000000000
50927  -47.599  -31.757  32.212 0.0000000000
126438  -35.426  -44.843  47.233 0.0000000000
124776  -35.177  -44.391  46.380 0.0000000000
145847  -35.659  -44.353  45.879 0.0000000000
38597  -39.432  -43.983  43.887 0.0000000000
146464  -39.339  -43.966  43.228 0.0000000000
38647  -38.995  -44.051  41.757 0.0000000000
37588  -38.706  -44.149  40.949 0.0000000000
53194  -48.068  -28.989  29.976 0.0000000000
54388  -47.805  -28.622  29.231 0.0000000000
54389  -48.498  -28.269  29.547 0.0000000000
55467  -51.599  -27.817  27.288 0.0000000000
144199  -51.064  -27.909  26.876 0.0000000000
57464  -54.194  -24.765  26.880 0.0000000000
58492  -53.827  -24.612  26.314 0.0000000000
58508  -54.218  -24.114  25.831 0.0000000000
59586  -53.824  -23.803  25.242 0.0000000000
59587  -54.571  -23.609  25.404 0.0000000000
59588  -55.222  -23.461  25.528 0.0000000000
60613  -55.864  -23.090  25.297 0.0000000000
40559  -43.320  -41.092  43.664 0.0000000000
40547  -43.338  -41.784  44.059 0.0000000000
40560  -43.763  -41.456  43.627 0.0000000000
40561  -44.501  -41.446  43.438 0.0000000000
39576  -45.216  -42.355  44.225 0.0000000000
39569  -49.219  -42.760  44.446 0.0000000000
39568  -48.564  -42.869  44.759 0.0000000000
38603  -48.941  -43.237  44.109 0.0000000000
38627  -45.668  -43.547  43.005 0.0000000000
39602  -44.298  -42.435  41.713 0.0000000000
41611  -51.662  -41.112  39.566 0.0000000000
40618  -52.207  -41.813  40.364 0.0000000000
41610  -50.673  -41.037  39.283 0.0000000000
141413  -44.225  -40.012  37.584 0.0000000000
41634  -45.362  -40.254  38.402 0.0000000000
41633  -44.506  -40.265  38.270 0.0000000000
40610  -43.175  -41.146  40.120 0.0000000000
41603  -43.037  -40.696  39.505 0.0000000000
45601  -43.773  -36.237  31.646 0.0000000000
137934  -42.707  -40.099  46.559 0.0000000000
42520  -43.069  -39.960  47.797 0.0000000000
128395  -46.754  -37.267  43.984 0.0000000000
130586  -47.389  -37.019  43.827 0.0000000000
47632  -52.217  -34.873  42.001 0.0000000000
55304  -56.885  -27.140  40.872 0.0000000000
56313  -56.170  -26.744  39.920 0.0000000000
56323  -56.036  -26.040  39.065 0.0000000000
57318  -57.417  -25.082  36.096 0.0000000000
146455  -58.244  -26.858  35.855 0.0000000000
128091  -58.549  -26.124  35.986 0.0000000000
56353  -59.937  -26.914  36.312 0.0000000000
146011  -60.397  -27.499  36.026 0.0000000000
58343  -63.646  -24.133  33.823 0.0000000000
136451  -63.119  -24.636  34.206 0.0000000000
57365  -62.716  -24.997  34.248 0.0000000000
57351  -62.125  -25.605  35.075 0.0000000000
57364  -61.999  -25.278  34.151 0.0000000000
57400  -60.267  -25.008  31.864 0.0000000000
57399  -59.365  -25.224  31.589 0.0000000000
58416  -60.504  -24.662  30.237 0.0000000000
59544  -61.661  -23.663  28.315 0.0000000000
59560  -61.453  -23.360  27.510 0.0000000000
138327  -60.668  -23.382  27.212 0.0000000000
59574  -59.460  -23.318  26.465 0.0000000000
60617  -59.457  -22.469  25.503 0.0000000000
60637  -59.030  -21.927  25.043 0.0000000000
62842  -66.797  -20.221  26.977 0.0000000000
62854  -66.428  -20.212  26.312 0.0000000000
64896  -63.258  -18.523  24.219 0.0000000000
63954  -62.842  -19.440  24.485 0.0000000000
62867  -60.864  -20.251  24.458 0.0000000000
130618  -59.959  -20.354  24.327 0.0000000000
134498  -58.012  -19.412  23.213 0.0000000000
63987  -57.362  -19.252  22.778 0.0000000000
64924  -57.483  -18.555  22.224 0.0000000000
66881  -57.755  -16.636  19.756 0.0000000000
69745  -61.453  -13.349  23.587 0.0000000000
69802  -61.524  -13.593  18.759 0.0000000000
69801  -60.781  -13.705  18.991 0.0000000000
36502  -27.415  -45.495  45.913 0.0000000000
37533  -28.226  -44.075  43.996 0.0000000000
37549  -27.885  -44.728  43.590 0.0000000000
37550  -28.359  -44.314  43.156 0.0000000000
37575  -28.502  -44.865  41.502 0.0000000000
36568  -28.797  -45.478  40.565 0.0000000000
35639  -29.588  -45.963  39.474 0.0000000000
36577  -29.125  -45.373  39.774 0.0000000000
36591  -29.933  -45.134  37.965 0.0000000000
128831  -30.289  -45.040  37.240 0.0000000000
38618  -34.126  -43.543  42.831 0.0000000000
38617  -33.358  -43.513  42.677 0.0000000000
38641  -33.890  -43.495  41.897 0.0000000000
139780  -33.994  -43.459  41.141 0.0000000000
131108  -33.977  -43.427  39.848 0.0000000000
37633  -35.535  -43.890  35.357 0.0000000000
38721  -34.851  -43.622  35.710 0.0000000000
125928  -34.520  -44.164  34.049 0.0000000000
37650  -33.044  -44.432  33.986 0.0000000000
34733  -33.976  -47.032  31.858 0.0000000000
34735  -34.913  -47.812  31.562 0.0000000000
34736  -35.672  -48.051  31.441 0.0000000000
128430  -36.584  -49.034  31.420 0.0000000000
36504  -43.997  -46.022  46.525 0.0000000000
147690  -43.864  -46.139  46.266 0.0000000000
35577  -43.973  -46.680  46.046 0.0000000000
35576  -43.584  -47.037  45.263 0.0000000000
35587  -42.815  -47.517  44.516 0.0000000000
34608  -41.975  -49.026  43.166 0.0000000000
34636  -41.007  -48.572  41.781 0.0000000000
133267  -44.230  -50.623  40.925 0.0000000000
32553  -43.853  -50.685  40.584 0.0000000000
50913  -50.061  -30.995  34.852 0.0000000000
51973  -51.460  -30.128  35.566 0.0000000000
51948  -52.056  -30.058  36.891 0.0000000000
51960  -52.043  -29.794  36.082 0.0000000000
53109  -53.355  -28.829  35.950 0.0000000000
54293  -54.464  -28.354  36.084 0.0000000000
135999  -55.138  -35.483  40.883 0.0000000000
46535  -54.176  -35.970  40.273 0.0000000000
46552  -52.497  -35.411  39.414 0.0000000000
137201  -52.553  -34.067  39.789 0.0000000000
47669  -52.032  -34.385  39.342 0.0000000000
129583  -50.648  -34.644  38.244 0.0000000000
47719  -49.486  -34.969  37.259 0.0000000000
47743  -49.061  -34.462  36.679 0.0000000000
48833  -49.087  -33.208  35.826 0.0000000000
49863  -50.554  -32.638  37.232 0.0000000000
49873  -50.314  -32.411  36.635 0.0000000000
49881  -49.460  -32.489  35.511 0.0000000000
50903  -49.784  -31.771  35.169 0.0000000000
61809  -54.114  -21.071  19.118 0.0000000000
37481  -38.034  -44.810  47.550 0.0000000000
37496  -37.565  -44.755  46.787 0.0000000000
37497  -38.466  -44.625  46.791 0.0000000000
37517  -38.889  -44.379  45.843 0.0000000000
36532  -40.564  -45.463  43.434 0.0000000000
55424  -51.223  -27.530  31.120 0.0000000000
55435  -51.389  -27.499  30.103 0.0000000000
55449  -51.660  -27.663  29.101 0.0000000000
54392  -52.699  -27.571  29.457 0.0000000000
55468  -52.018  -27.745  27.722 0.0000000000
55474  -51.909  -27.699  27.048 0.0000000000
56479  -51.574  -27.194  26.449 0.0000000000
56486  -51.823  -26.211  26.197 0.0000000000
56480  -52.184  -26.873  26.837 0.0000000000
56481  -52.751  -26.222  27.321 0.0000000000
57448  -54.235  -25.163  27.489 0.0000000000
42553  -45.135  -39.596  41.914 0.0000000000
41542  -45.545  -40.376  42.267 0.0000000000
41564  -46.010  -39.786  41.666 0.0000000000
41544  -47.522  -40.682  42.343 0.0000000000
40576  -48.041  -41.294  43.315 0.0000000000
41545  -48.666  -40.841  42.606 0.0000000000
40577  -48.853  -41.504  43.533 0.0000000000
148116  -49.931  -42.858  44.186 0.0000000000
38631  -50.099  -43.501  43.297 0.0000000000
39606  -48.880  -42.889  41.796 0.0000000000
134642  -48.024  -39.102  37.400 0.0000000000
42597  -47.989  -39.674  38.000 0.0000000000
42619  -47.299  -39.273  37.471 0.0000000000
42618  -46.503  -39.522  37.588 0.0000000000
42642  -45.027  -39.061  36.229 0.0000000000
42616  -44.687  -39.647  36.924 0.0000000000
42639  -41.545  -39.846  36.821 0.0000000000
41681  -40.049  -40.110  35.872 0.0000000000
47820  -44.445  -34.310  30.447 0.0000000000
47831  -43.158  -34.662  29.677 0.0000000000
47844  -42.765  -34.083  29.037 0.0000000000
123874  -42.141  -34.101  28.686 0.0000000000
48914  -43.161  -33.428  28.787 0.0000000000
48913  -42.412  -33.531  28.473 0.0000000000
59463  -64.465  -23.534  32.360 0.0000000000
58393  -63.842  -24.017  32.192 0.0000000000
58418  -62.558  -24.166  30.978 0.0000000000
59476  -63.724  -23.889  31.325 0.0000000000
59498  -63.435  -23.773  30.429 0.0000000000
59524  -63.163  -23.588  29.551 0.0000000000
59525  -65.950  -22.761  29.976 0.0000000000
59545  -62.941  -23.401  28.675 0.0000000000
60601  -63.175  -22.512  26.371 0.0000000000
136239  -66.604  -17.137  26.691 0.0000000000
64879  -68.047  -18.308  26.091 0.0000000000
64900  -67.986  -17.562  25.809 0.0000000000
65894  -66.374  -17.814  24.802 0.0000000000
65893  -64.954  -17.486  24.436 0.0000000000
127116  -64.956  -16.616  24.847 0.0000000000
64910  -63.780  -17.790  24.088 0.0000000000
63973  -62.245  -18.727  24.004 0.0000000000
64908  -60.801  -18.393  23.381 0.0000000000
64926  -60.387  -17.933  22.922 0.0000000000
65916  -60.024  -17.397  22.451 0.0000000000
66851  -60.657  -16.725  22.572 0.0000000000
66858  -59.579  -16.237  21.528 0.0000000000
144674  -59.491  -15.497  21.065 0.0000000000
69784  -61.692  -12.827  19.808 0.0000000000
38512  -27.057  -43.520  48.144 0.0000000000
135968  -27.545  -43.066  47.567 0.0000000000
39538  -28.035  -42.911  47.007 0.0000000000
38534  -28.028  -43.303  46.181 0.0000000000
39549  -29.507  -42.840  46.265 0.0000000000
38548  -28.859  -43.099  45.711 0.0000000000
38564  -28.428  -43.678  44.574 0.0000000000
38587  -28.805  -43.729  43.451 0.0000000000
38613  -29.438  -43.669  42.178 0.0000000000
131203  -36.518  -43.490  39.510 0.0000000000
131011  -35.695  -43.446  39.729 0.0000000000
38681  -35.925  -43.453  38.913 0.0000000000
38702  -36.335  -43.661  37.463 0.0000000000
38713  -36.323  -43.823  36.715 0.0000000000
147450  -37.283  -44.387  36.692 0.0000000000
37621  -36.923  -44.243  36.385 0.0000000000
37634  -36.279  -44.067  35.891 0.0000000000
37653  -36.315  -44.417  34.920 0.0000000000
35718  -37.582  -46.376  33.223 0.0000000000
34722  -38.694  -47.391  33.152 0.0000000000
34713  -39.736  -47.324  34.298 0.0000000000
33686  -40.096  -47.966  33.931 0.0000000000
36535  -44.007  -46.844  44.656 0.0000000000
52033  -45.872  -30.857  29.233 0.0000000000
52034  -46.518  -30.662  29.713 0.0000000000
52035  -47.181  -30.188  29.979 0.0000000000
53186  -47.718  -29.741  30.356 0.0000000000
52026  -47.971  -30.084  31.089 0.0000000000
53187  -48.312  -29.337  30.708 0.0000000000
54364  -48.885  -28.831  31.071 0.0000000000
54365  -49.592  -28.375  31.299 0.0000000000
54366  -50.379  -28.031  31.598 0.0000000000
51996  -49.997  -30.156  33.811 0.0000000000
53170  -50.413  -29.082  33.038 0.0000000000
54353  -50.396  -28.549  32.342 0.0000000000
124263  -53.855  -28.123  31.788 0.0000000000
137661  -53.746  -28.303  32.651 0.0000000000
148004  -55.045  -28.067  31.897 0.0000000000
55427  -56.051  -27.124  31.941 0.0000000000
43568  -52.071  -38.564  40.906 0.0000000000
42579  -51.916  -39.447  41.249 0.0000000000
42580  -53.470  -39.757  41.942 0.0000000000
42566  -54.251  -40.392  42.001 0.0000000000
41613  -54.016  -40.768  40.923 0.0000000000
42581  -54.650  -39.921  41.292 0.0000000000
146860  -53.427  -40.950  40.436 0.0000000000
42588  -52.155  -40.459  39.298 0.0000000000
135981  -50.787  -39.765  38.430 0.0000000000
42600  -50.238  -39.439  38.093 0.0000000000
134841  -53.932  -36.528  40.024 0.0000000000
44532  -53.222  -37.565  39.517 0.0000000000
44541  -52.359  -37.961  38.971 0.0000000000
45520  -51.017  -36.861  38.284 0.0000000000
44540  -51.326  -37.789  38.362 0.0000000000
43604  -50.273  -38.958  37.792 0.0000000000
42620  -48.837  -39.249  37.596 0.0000000000
42645  -48.421  -38.708  36.996 0.0000000000
136203  -46.473  -38.514  35.864 0.0000000000
43634  -47.699  -38.118  35.867 0.0000000000
44562  -47.044  -37.991  35.420 0.0000000000
43651  -45.373  -38.050  34.838 0.0000000000
44586  -43.331  -37.423  33.497 0.0000000000
44585  -42.788  -37.316  33.188 0.0000000000
44607  -43.957  -37.070  33.144 0.0000000000
129066  -43.930  -36.665  32.363 0.0000000000
45566  -45.409  -36.563  33.240 0.0000000000
45579  -44.454  -36.232  32.050 0.0000000000
46681  -44.224  -35.785  31.456 0.0000000000
46693  -44.318  -35.159  30.991 0.0000000000
47791  -47.010  -34.430  33.646 0.0000000000
147222  -47.000  -33.956  33.319 0.0000000000
47802  -45.945  -34.493  32.430 0.0000000000
47801  -45.400  -34.603  31.831 0.0000000000
47812  -44.874  -34.555  31.184 0.0000000000
47821  -44.947  -33.923  30.783 0.0000000000
48893  -44.797  -33.621  30.369 0.0000000000
49917  -46.453  -32.599  31.379 0.0000000000
49930  -45.552  -32.622  30.361 0.0000000000
49937  -45.231  -32.295  29.730 0.0000000000
50957  -45.513  -31.551  29.439 0.0000000000
68771  -62.819  -13.588  26.461 0.0000000000
69731  -62.284  -12.971  25.617 0.0000000000
70756  -63.079  -11.365  26.206 0.0000000000
71769  -62.280  -11.607  24.016 0.0000000000
142653  -64.032  -9.264  26.384 0.0000000000
142589  -63.206  -10.201  25.241 0.0000000000
72747  -63.023  -10.712  22.727 0.0000000000
71800  -63.270  -10.945  21.588 0.0000000000
142475  -32.786  -43.783  47.036 0.0000000000
38537  -32.399  -43.690  46.400 0.0000000000
38538  -33.108  -43.877  46.416 0.0000000000
37512  -33.619  -43.922  45.800 0.0000000000
38569  -34.139  -43.722  44.294 0.0000000000
38593  -34.322  -43.604  43.529 0.0000000000
123637  -34.858  -43.570  42.992 0.0000000000
38619  -35.392  -43.526  42.498 0.0000000000
38643  -35.633  -43.448  41.707 0.0000000000
131312  -37.917  -43.757  43.634 0.0000000000
38595  -37.151  -43.787  43.504 0.0000000000
38662  -36.366  -43.443  40.293 0.0000000000
38682  -37.147  -43.614  39.343 0.0000000000
128512  -38.482  -44.249  40.097 0.0000000000
37600  -38.283  -44.389  39.216 0.0000000000
37606  -38.183  -44.630  38.338 0.0000000000
36585  -38.777  -45.303  38.005 0.0000000000
36593  -39.259  -45.839  37.793 0.0000000000
35661  -40.148  -46.839  37.818 0.0000000000
53198  -45.906  -29.703  28.308 0.0000000000
53205  -46.146  -29.047  27.878 0.0000000000
54402  -46.128  -28.603  27.209 0.0000000000
148523  -46.286  -28.320  26.472 0.0000000000
136604  -50.032  -27.450  29.151 0.0000000000
55458  -49.138  -27.549  28.355 0.0000000000
55464  -48.716  -27.582  27.802 0.0000000000
55471  -49.155  -27.580  26.957 0.0000000000
54405  -48.237  -27.684  27.167 0.0000000000
58506  -52.682  -24.650  25.405 0.0000000000
60647  -53.351  -22.530  23.436 0.0000000000
61765  -54.576  -21.540  23.289 0.0000000000
61766  -55.422  -21.368  23.593 0.0000000000
38554  -41.880  -43.628  46.025 0.0000000000
37522  -43.800  -44.943  46.477 0.0000000000
39564  -43.699  -42.578  44.543 0.0000000000
38555  -43.933  -44.163  45.751 0.0000000000
37523  -44.470  -44.734  46.168 0.0000000000
145687  -44.739  -45.077  46.184 0.0000000000
36514  -44.868  -45.898  45.700 0.0000000000
36525  -44.813  -45.838  45.288 0.0000000000
40574  -46.109  -41.128  42.982 0.0000000000
39577  -46.411  -42.717  44.679 0.0000000000
136928  -48.096  -43.121  45.021 0.0000000000
135164  -46.997  -43.690  45.550 0.0000000000
128649  -46.449  -43.974  45.640 0.0000000000
37544  -46.469  -44.595  44.870 0.0000000000
37542  -45.285  -45.178  44.776 0.0000000000
38626  -44.561  -43.531  42.866 0.0000000000
38625  -43.608  -43.708  42.707 0.0000000000
38624  -42.931  -44.113  42.393 0.0000000000
38648  -41.969  -43.949  41.049 0.0000000000
38665  -41.641  -43.677  40.431 0.0000000000
41569  -52.153  -41.234  42.328 0.0000000000
40588  -52.729  -42.244  42.318 0.0000000000
40601  -52.002  -42.535  40.781 0.0000000000
39623  -51.766  -42.881  41.425 0.0000000000
39608  -51.348  -43.224  42.235 0.0000000000
39607  -50.092  -43.015  41.952 0.0000000000
41637  -48.364  -40.295  38.605 0.0000000000
41607  -47.921  -40.744  39.067 0.0000000000
41606  -46.477  -40.853  39.317 0.0000000000
136055  -47.375  -41.109  39.486 0.0000000000
40597  -47.648  -41.744  40.153 0.0000000000
39619  -47.262  -42.228  40.868 0.0000000000
136025  -45.954  -42.369  41.375 0.0000000000
40585  -44.535  -41.934  41.130 0.0000000000
40584  -43.814  -42.069  41.289 0.0000000000
39618  -43.134  -42.177  41.051 0.0000000000
127555  -41.323  -43.672  39.718 0.0000000000
46707  -42.574  -35.263  29.885 0.0000000000
146797  -53.946  -29.758  40.215 0.0000000000
54235  -56.096  -28.354  40.676 0.0000000000
39510  -27.550  -42.542  49.333 0.0000000000
129564  -28.393  -42.227  49.707 0.0000000000
39512  -29.458  -42.205  49.597 0.0000000000
126032  -29.819  -42.368  48.801 0.0000000000
39529  -30.882  -42.598  48.633 0.0000000000
38513  -31.923  -42.978  48.389 0.0000000000
134933  -32.371  -43.055  49.238 0.0000000000
38525  -32.560  -43.525  47.785 0.0000000000
37478  -34.789  -44.674  47.807 0.0000000000
37479  -36.336  -45.224  47.567 0.0000000000
36495  -37.701  -45.034  48.164 0.0000000000
36496  -38.443  -44.706  47.885 0.0000000000
36486  -39.162  -44.541  47.815 0.0000000000
37484  -39.708  -44.309  47.382 0.0000000000
136978  -41.196  -42.938  46.526 0.0000000000
41491  -42.312  -40.618  45.742 0.0000000000
41504  -42.566  -40.700  44.675 0.0000000000
41522  -43.032  -40.610  43.884 0.0000000000
42551  -43.757  -39.706  42.885 0.0000000000
43545  -44.078  -39.118  42.780 0.0000000000
43537  -44.394  -38.613  43.258 0.0000000000
43546  -44.553  -38.776  42.348 0.0000000000
43554  -45.545  -38.574  41.493 0.0000000000
43555  -46.230  -38.383  41.013 0.0000000000
43563  -46.988  -37.917  40.630 0.0000000000
44490  -47.076  -37.161  41.780 0.0000000000
44503  -47.245  -37.363  40.951 0.0000000000
44516  -47.586  -37.599  40.545 0.0000000000
44517  -48.226  -37.557  40.368 0.0000000000
44518  -49.044  -37.584  40.222 0.0000000000
128367  -49.909  -37.705  40.203 0.0000000000
45483  -49.450  -36.250  41.259 0.0000000000
45498  -50.283  -36.271  40.841 0.0000000000
44519  -50.476  -37.081  40.428 0.0000000000
45500  -51.950  -36.916  40.782 0.0000000000
45485  -52.908  -37.066  41.284 0.0000000000
45486  -54.174  -37.333  41.937 0.0000000000
46512  -52.642  -35.592  41.644 0.0000000000
44491  -56.476  -37.385  41.942 0.0000000000
45503  -56.509  -37.027  41.875 0.0000000000
46494  -56.784  -35.821  42.242 0.0000000000
46515  -56.832  -36.283  41.840 0.0000000000
46537  -55.840  -36.271  41.344 0.0000000000
47652  -55.836  -35.364  41.352 0.0000000000
47651  -54.855  -34.538  40.952 0.0000000000
49830  -54.594  -32.899  41.141 0.0000000000
137212  -54.450  -31.965  41.103 0.0000000000
131081  -53.762  -31.096  40.657 0.0000000000
53058  -53.592  -29.619  39.581 0.0000000000
54248  -53.985  -29.001  39.156 0.0000000000
54264  -54.319  -28.498  38.882 0.0000000000
55313  -54.814  -28.034  39.103 0.0000000000
144876  -54.116  -28.311  37.674 0.0000000000
55335  -54.510  -27.850  37.511 0.0000000000
54294  -55.179  -28.217  35.839 0.0000000000
124321  -56.368  -24.572  38.834 0.0000000000
57297  -56.163  -25.343  38.381 0.0000000000
58289  -56.363  -24.367  37.002 0.0000000000
57306  -56.097  -25.256  37.304 0.0000000000
55350  -55.389  -27.399  36.270 0.0000000000
54309  -55.798  -28.857  35.399 0.0000000000
53111  -56.022  -29.248  35.111 0.0000000000
53135  -56.637  -29.420  35.017 0.0000000000
54319  -57.069  -29.341  34.835 0.0000000000
54311  -58.237  -28.581  35.280 0.0000000000
54320  -57.772  -29.061  35.065 0.0000000000
54340  -57.403  -28.839  34.442 0.0000000000
123681  -56.853  -28.271  33.558 0.0000000000
55416  -57.178  -27.321  33.117 0.0000000000
56424  -56.772  -26.736  32.333 0.0000000000
57320  -60.277  -25.196  36.392 0.0000000000
56354  -60.825  -27.041  36.176 0.0000000000
56376  -60.991  -27.121  35.973 0.0000000000
57350  -61.509  -26.043  34.916 0.0000000000
56409  -60.604  -26.221  34.466 0.0000000000
145662  -60.362  -27.137  35.014 0.0000000000
56407  -58.841  -26.692  33.859 0.0000000000
56425  -57.519  -26.386  32.703 0.0000000000
56441  -57.182  -25.968  31.896 0.0000000000
57396  -56.934  -25.713  31.091 0.0000000000
57411  -56.768  -25.500  30.163 0.0000000000
57414  -59.082  -25.180  30.670 0.0000000000
57426  -57.727  -25.160  29.780 0.0000000000
57425  -56.884  -25.104  29.290 0.0000000000
58435  -56.881  -24.683  28.470 0.0000000000
58476  -56.503  -24.291  27.688 0.0000000000
58440  -61.132  -24.262  29.677 0.0000000000
58439  -60.137  -24.491  29.291 0.0000000000
59543  -60.135  -24.220  28.525 0.0000000000
58459  -59.562  -24.403  28.686 0.0000000000
58478  -58.138  -24.193  27.968 0.0000000000
58477  -57.394  -24.211  27.821 0.0000000000
59556  -57.004  -23.772  27.041 0.0000000000
59572  -56.995  -23.525  26.293 0.0000000000
59589  -56.528  -23.366  25.857 0.0000000000
60614  -56.788  -22.898  25.350 0.0000000000
59591  -58.132  -23.126  25.845 0.0000000000
126278  -56.323  -22.515  24.768 0.0000000000
61748  -55.862  -21.882  24.267 0.0000000000
60602  -64.778  -22.137  26.727 0.0000000000
60620  -62.613  -22.221  25.832 0.0000000000
63942  -67.532  -19.033  25.930 0.0000000000
63941  -66.338  -19.578  25.694 0.0000000000
62853  -64.610  -20.778  25.669 0.0000000000
62870  -63.603  -20.100  25.036 0.0000000000
62852  -63.200  -20.700  25.270 0.0000000000
61739  -63.306  -21.446  25.608 0.0000000000
60619  -61.421  -22.317  25.732 0.0000000000
61736  -59.896  -21.834  25.178 0.0000000000
62866  -59.346  -20.753  24.426 0.0000000000
61751  -58.621  -21.262  24.544 0.0000000000
61768  -57.119  -20.990  24.007 0.0000000000
62881  -55.786  -20.671  23.246 0.0000000000
62897  -55.414  -20.274  22.540 0.0000000000
63986  -56.523  -19.438  22.525 0.0000000000
63998  -55.513  -19.378  21.336 0.0000000000
64009  -55.426  -19.320  20.421 0.0000000000
64012  -55.525  -19.455  19.557 0.0000000000
65924  -57.815  -17.211  21.035 0.0000000000
64949  -56.979  -17.632  20.792 0.0000000000
64013  -56.081  -19.055  19.220 0.0000000000
67831  -60.881  -15.101  23.065 0.0000000000
67857  -59.256  -15.196  20.333 0.0000000000
69762  -61.132  -13.069  21.586 0.0000000000
68809  -60.231  -14.017  20.359 0.0000000000
68821  -59.664  -14.530  19.911 0.0000000000
67872  -58.792  -15.659  18.848 0.0000000000
38522  -27.211  -43.714  47.246 0.0000000000
137299  -27.322  -44.866  46.172 0.0000000000
36511  -27.456  -45.400  45.045 0.0000000000
37532  -27.636  -44.764  44.318 0.0000000000
35641  -31.200  -46.810  38.737 0.0000000000
35647  -29.881  -45.956  38.759 0.0000000000
35649  -31.135  -46.623  37.897 0.0000000000
38550  -31.949  -43.529  45.731 0.0000000000
139844  -32.166  -43.449  45.027 0.0000000000
38566  -31.471  -43.506  44.523 0.0000000000
38616  -32.597  -43.484  42.651 0.0000000000
124181  -31.778  -43.469  42.716 0.0000000000
38590  -31.382  -43.536  43.594 0.0000000000
38615  -31.243  -43.444  41.969 0.0000000000
123636  -30.589  -43.507  41.267 0.0000000000
130346  -30.386  -43.684  39.804 0.0000000000
123688  -35.007  -43.414  39.078 0.0000000000
38679  -34.119  -43.404  39.030 0.0000000000
38678  -33.136  -43.394  39.201 0.0000000000
144788  -34.157  -43.398  36.814 0.0000000000
125710  -33.542  -43.410  38.312 0.0000000000
136981  -32.176  -43.410  39.010 0.0000000000
38676  -31.254  -43.540  39.272 0.0000000000
148220  -30.449  -43.798  39.165 0.0000000000
37609  -30.253  -44.578  37.776 0.0000000000
37619  -30.655  -45.019  36.507 0.0000000000
36614  -31.283  -45.195  35.349 0.0000000000
36632  -31.653  -45.447  34.747 0.0000000000
35689  -31.426  -45.925  35.276 0.0000000000
34728  -37.229  -47.667  31.822 0.0000000000
37501  -42.302  -44.749  46.356 0.0000000000
122868  -42.420  -45.745  45.679 0.0000000000
34586  -42.252  -48.019  44.042 0.0000000000
35596  -41.667  -48.078  43.773 0.0000000000
126782  -40.415  -46.291  42.603 0.0000000000
35642  -39.905  -46.357  39.842 0.0000000000
35635  -40.482  -47.364  40.475 0.0000000000
35651  -40.180  -46.882  38.722 0.0000000000
34669  -40.690  -47.327  37.445 0.0000000000
35644  -42.949  -46.901  39.890 0.0000000000
33612  -43.053  -50.242  41.686 0.0000000000
138785  -42.965  -50.347  41.635 0.0000000000
33616  -41.966  -49.246  40.105 0.0000000000
34670  -41.270  -47.926  38.018 0.0000000000
34712  -39.088  -46.995  33.957 0.0000000000
34714  -40.368  -47.635  34.678 0.0000000000
34721  -37.888  -47.118  32.716 0.0000000000
34727  -36.310  -47.400  31.622 0.0000000000
35589  -44.237  -46.344  45.532 0.0000000000
35648  -30.427  -46.269  38.341 0.0000000000
35724  -33.543  -46.412  32.261 0.0000000000
35733  -34.670  -47.032  31.669 0.0000000000
36492  -27.270  -45.274  46.814 0.0000000000
36505  -44.493  -45.630  46.153 0.0000000000
36506  -45.060  -45.209  45.622 0.0000000000
36516  -45.902  -44.719  44.760 0.0000000000
36530  -27.669  -45.432  43.633 0.0000000000
36567  -28.583  -45.594  41.283 0.0000000000
36583  -29.603  -45.347  38.827 0.0000000000
36599  -30.549  -45.510  36.922 0.0000000000
37466  -35.324  -44.956  48.471 0.0000000000
37491  -27.244  -44.366  46.645 0.0000000000
37503  -44.124  -45.274  46.428 0.0000000000
37543  -45.796  -44.675  44.599 0.0000000000
37565  -28.423  -44.581  42.324 0.0000000000
37576  -28.729  -44.521  40.933 0.0000000000
37586  -28.598  -45.037  40.845 0.0000000000
37610  -30.760  -44.463  37.007 0.0000000000
37622  -37.541  -44.773  36.285 0.0000000000
37635  -37.002  -44.595  35.661 0.0000000000
38514  -32.632  -43.394  48.573 0.0000000000
38533  -27.501  -43.744  46.395 0.0000000000
38547  -28.291  -43.545  45.254 0.0000000000
38557  -45.758  -44.034  45.526 0.0000000000
38579  -48.348  -43.086  44.826 0.0000000000
38580  -48.938  -42.939  44.547 0.0000000000
38581  -49.615  -43.004  44.250 0.0000000000
38591  -32.338  -43.553  43.465 0.0000000000
38604  -49.917  -43.315  43.771 0.0000000000
38642  -34.690  -43.460  41.369 0.0000000000
38658  -32.872  -43.416  40.597 0.0000000000
38659  -33.632  -43.440  40.582 0.0000000000
38675  -29.374  -44.170  39.880 0.0000000000
38687  -30.464  -43.980  38.509 0.0000000000
38688  -31.536  -43.577  38.380 0.0000000000
38689  -32.547  -43.421  38.334 0.0000000000
38697  -31.453  -43.854  36.799 0.0000000000
38699  -33.922  -43.385  37.505 0.0000000000
38701  -35.731  -43.509  37.655 0.0000000000
38709  -32.809  -43.507  35.975 0.0000000000
38710  -33.838  -43.449  36.071 0.0000000000
38711  -34.636  -43.495  36.368 0.0000000000
38730  -32.725  -44.022  34.671 0.0000000000
39525  -27.594  -42.727  48.446 0.0000000000
39526  -28.298  -42.446  48.447 0.0000000000
39578  -50.369  -43.061  43.870 0.0000000000
39579  -51.016  -43.131  43.545 0.0000000000
39591  -49.592  -43.426  42.713 0.0000000000
39609  -52.181  -42.908  42.235 0.0000000000
39624  -52.376  -42.691  41.477 0.0000000000
40564  -47.683  -41.792  43.892 0.0000000000
40565  -49.616  -42.220  43.973 0.0000000000
40566  -50.671  -42.790  43.816 0.0000000000
40567  -51.378  -43.023  43.394 0.0000000000
40579  -51.368  -42.528  43.359 0.0000000000
40589  -53.444  -41.690  41.821 0.0000000000
40602  -52.723  -42.304  41.116 0.0000000000
40616  -50.261  -41.624  39.786 0.0000000000
40619  -52.953  -41.722  40.742 0.0000000000
41524  -43.790  -40.995  43.293 0.0000000000
41585  -53.846  -41.249  41.556 0.0000000000
41612  -52.738  -41.142  40.086 0.0000000000
41636  -47.562  -40.212  38.570 0.0000000000
41660  -45.895  -39.862  37.912 0.0000000000
41674  -40.760  -40.256  37.048 0.0000000000
42558  -44.981  -38.973  41.779 0.0000000000
42567  -54.814  -39.750  41.879 0.0000000000
42568  -55.206  -39.439  41.760 0.0000000000
42576  -48.030  -38.841  40.470 0.0000000000
42577  -49.041  -39.045  40.467 0.0000000000
42589  -52.600  -39.809  39.245 0.0000000000
42598  -48.785  -39.804  38.220 0.0000000000
42621  -49.672  -39.098  37.650 0.0000000000
43564  -47.674  -38.086  40.348 0.0000000000
43619  -48.687  -38.301  36.633 0.0000000000
43650  -44.577  -38.203  34.824 0.0000000000
44488  -45.598  -37.818  42.404 0.0000000000
44506  -55.924  -37.943  41.790 0.0000000000
44507  -56.279  -37.469  41.861 0.0000000000
44520  -51.448  -37.449  40.580 0.0000000000
44573  -45.517  -37.463  34.195 0.0000000000
45471  -56.821  -36.176  41.849 0.0000000000
45541  -48.694  -36.879  36.344 0.0000000000
46514  -55.381  -36.553  42.411 0.0000000000
46536  -55.090  -36.214  40.711 0.0000000000
46551  -51.723  -35.249  38.976 0.0000000000
46567  -50.461  -35.211  38.127 0.0000000000
47720  -50.095  -34.597  37.771 0.0000000000
48779  -53.418  -33.518  40.449 0.0000000000
48894  -45.267  -33.326  30.631 0.0000000000
49844  -52.437  -32.684  39.839 0.0000000000
49872  -49.720  -32.832  36.240 0.0000000000
50864  -51.799  -31.989  38.895 0.0000000000
50949  -46.483  -31.428  30.359 0.0000000000
50974  -43.351  -31.252  27.633 0.0000000000
52004  -49.236  -30.162  32.851 0.0000000000
53059  -54.255  -29.174  39.970 0.0000000000
53112  -56.728  -29.202  35.261 0.0000000000
53113  -57.217  -29.302  35.085 0.0000000000
54263  -53.838  -28.719  38.265 0.0000000000
54280  -54.168  -28.238  36.928 0.0000000000
54307  -54.314  -28.618  35.590 0.0000000000
54321  -58.394  -28.581  35.185 0.0000000000
54357  -55.212  -28.347  32.589 0.0000000000
54368  -52.957  -27.898  31.775 0.0000000000
54381  -53.092  -27.629  30.113 0.0000000000
55324  -54.423  -28.149  38.308 0.0000000000
55351  -56.249  -27.489  35.792 0.0000000000
55352  -60.177  -27.556  36.087 0.0000000000
55372  -57.917  -28.471  35.494 0.0000000000
55373  -58.837  -28.101  35.610 0.0000000000
55389  -59.520  -27.902  35.585 0.0000000000
56374  -57.975  -27.542  35.759 0.0000000000
56394  -59.577  -27.608  34.875 0.0000000000
56395  -60.960  -26.879  35.466 0.0000000000
56440  -56.460  -26.313  31.572 0.0000000000
57321  -61.293  -25.947  36.317 0.0000000000
57337  -61.493  -26.471  36.018 0.0000000000
57413  -58.224  -25.311  30.572 0.0000000000
58324  -62.177  -25.262  35.629 0.0000000000
58342  -63.130  -24.306  34.537 0.0000000000
59425  -63.524  -23.449  34.173 0.0000000000
59541  -58.729  -24.046  27.791 0.0000000000
63929  -67.530  -18.986  26.234 0.0000000000
64888  -68.119  -18.360  26.000 0.0000000000
64899  -67.569  -18.209  25.508 0.0000000000
65877  -67.561  -17.427  26.314 0.0000000000
65878  -68.036  -17.586  26.065 0.0000000000
66808  -67.505  -16.900  26.239 0.0000000000
66816  -67.698  -16.948  26.108 0.0000000000
66828  -67.475  -16.985  25.662 0.0000000000
123297  -55.537  -38.712  41.940 0.0000000000
123638  -32.981  -43.549  43.321 0.0000000000
123675  -31.110  -43.306  45.680 0.0000000000
124619  -36.172  -43.519  38.174 0.0000000000
124859  -28.783  -43.577  44.124 0.0000000000
124892  -30.889  -43.488  42.723 0.0000000000
126583  -29.266  -42.701  46.843 0.0000000000
127501  -37.622  -44.575  37.000 0.0000000000
128142  -55.903  -28.931  33.746 0.0000000000
129192  -44.651  -40.172  42.427 0.0000000000
129226  -46.575  -34.914  33.464 0.0000000000
130676  -29.470  -43.616  43.012 0.0000000000
132153  -43.405  -39.528  44.292 0.0000000000
132641  -36.254  -43.430  41.038 0.0000000000
134584  -27.406  -44.902  45.633 0.0000000000
135331  -51.678  -37.105  38.641 0.0000000000
138343  -43.746  -40.255  38.210 0.0000000000
140868  -30.104  -43.530  42.660 0.0000000000
141116  -67.296  -17.442  25.319 0.0000000000
141399  -45.537  -44.729  45.161 0.0000000000
141975  -30.970  -44.968  35.895 0.0000000000
142611  -48.504  -43.548  43.630 0.0000000000
142625  -34.489  -43.434  39.484 0.0000000000
143090  -67.076  -19.471  26.325 0.0000000000
143120  -54.446  -39.791  42.089 0.0000000000
143707  -30.792  -43.514  40.593 0.0000000000
144430  -34.396  -43.523  35.896 0.0000000000
144759  -45.671  -36.984  33.783 0.0000000000
146396  -32.171  -43.414  40.619 0.0000000000
146694  -57.977  -22.323  25.144 0.0000000000
146823  -46.970  -41.865  40.451 0.0000000000
147108  -33.542  -43.629  44.246 0.0000000000
147429  -48.359  -34.308  35.495 0.0000000000
147985  -38.943  -46.276  34.939 0.0000000000
148282  -67.008  -16.576  26.388 0.0000000000
