#!ascii label  , from subject sub-v2s9x29173_ses-1 vox2ras=TkReg
532
9857  -31.535  -66.121  -44.061 0.5000000000
9191  -29.172  -66.656  -43.414 0.8000000119
9854  -27.615  -65.922  -43.265 0.8000000119
110682  -28.556  -66.209  -43.357 0.8000000119
92864  -32.261  -67.631  -44.203 0.5000000000
102490  -30.544  -66.782  -43.897 0.5000000000
9856  -29.848  -66.166  -43.622 0.6000000238
10515  -26.466  -64.969  -42.657 0.6999999881
10518  -27.275  -65.350  -42.954 0.6999999881
99828  -28.979  -65.730  -43.344 0.8000000119
10524  -30.779  -65.385  -43.666 0.6999999881
9192  -32.404  -66.985  -43.914 0.6000000238
9194  -32.238  -66.517  -44.097 0.5000000000
9858  -32.206  -65.766  -44.068 0.6000000238
11239  -25.350  -64.186  -41.457 0.6999999881
101575  -32.017  -65.402  -44.136 0.6000000238
10514  -25.803  -64.611  -42.155 0.6999999881
9850  -25.703  -65.275  -42.533 0.6999999881
10519  -28.238  -65.345  -43.081 0.6999999881
10525  -32.032  -64.723  -44.008 0.6000000238
10520  -29.563  -64.935  -43.230 0.8000000119
10521  -30.972  -64.404  -43.488 0.8000000119
9188  -32.359  -66.575  -43.142 0.4000000060
9855  -32.331  -65.891  -43.906 0.6000000238
11228  -26.222  -63.322  -40.133 0.6999999881
10526  -32.279  -64.215  -43.673 0.6000000238
100958  -26.526  -63.759  -40.935 0.6999999881
11244  -27.067  -64.139  -41.725 0.6999999881
10516  -27.832  -64.497  -42.344 0.6999999881
11249  -28.758  -64.602  -42.708 0.6999999881
11250  -29.873  -64.020  -42.833 0.6000000238
11925  -31.753  -62.713  -43.549 0.5000000000
11245  -29.024  -63.770  -42.045 0.6000000238
11251  -31.021  -63.429  -43.098 0.6000000238
11246  -29.951  -63.143  -42.187 0.6000000238
11922  -30.927  -62.404  -42.617 0.5000000000
9853  -32.009  -65.611  -42.498 0.4000000060
11903  -25.047  -62.746  -39.680 0.6999999881
10522  -32.385  -64.719  -43.534 0.6000000238
11240  -27.577  -63.366  -40.616 0.6999999881
11241  -28.304  -63.617  -41.312 0.6999999881
10527  -32.593  -63.367  -43.431 0.5000000000
103038  -32.624  -62.952  -43.417 0.6000000238
11918  -29.137  -62.984  -41.414 0.6999999881
11923  -32.111  -61.937  -43.321 0.5000000000
11926  -32.917  -62.013  -43.425 0.5000000000
109136  -29.802  -62.394  -41.762 0.5000000000
11900  -22.646  -62.475  -39.962 0.6000000238
107933  -23.255  -62.044  -39.631 0.6000000238
100547  -31.060  -65.749  -41.013 0.5000000000
9852  -31.220  -65.012  -41.231 0.5000000000
11902  -24.203  -62.740  -39.695 0.6999999881
11226  -24.296  -63.657  -40.669 0.6999999881
10517  -32.004  -64.821  -42.326 0.5000000000
10513  -31.687  -64.377  -41.659 0.4000000060
11904  -25.941  -62.691  -39.619 0.6999999881
97178  -32.393  -64.131  -42.603 0.5000000000
106652  -26.999  -63.168  -40.096 0.6999999881
11247  -32.767  -63.286  -42.753 0.5000000000
11915  -28.462  -62.599  -40.691 0.6999999881
11919  -29.162  -62.270  -41.217 0.6000000238
11924  -33.187  -62.356  -43.147 0.5000000000
95368  -33.256  -61.762  -43.176 0.5000000000
12637  -30.323  -61.634  -42.096 0.5000000000
12641  -32.758  -61.116  -43.369 0.5000000000
12640  -31.496  -61.344  -42.923 0.5000000000
13356  -33.108  -60.378  -43.198 0.3000000119
10504  -30.300  -63.896  -40.077 0.3000000119
11913  -21.746  -62.159  -40.284 0.6000000238
10512  -31.070  -64.178  -40.809 0.4000000060
12619  -24.728  -61.987  -39.381 0.6000000238
11243  -31.989  -63.531  -41.611 0.5000000000
11905  -26.765  -62.593  -39.713 0.6999999881
11248  -33.178  -62.627  -42.987 0.5000000000
11914  -27.552  -62.527  -40.096 0.5000000000
11921  -33.358  -61.840  -42.955 0.5000000000
12642  -33.384  -61.011  -43.096 0.4000000060
12643  -33.304  -61.043  -43.210 0.3000000119
13353  -33.277  -60.589  -43.110 0.4000000060
13355  -32.299  -60.321  -43.279 0.4000000060
12629  -21.993  -61.129  -40.186 0.6000000238
12617  -22.621  -61.651  -39.863 0.6000000238
103343  -23.420  -61.371  -39.606 0.6000000238
103614  -24.273  -61.289  -39.429 0.6000000238
103565  -25.104  -61.220  -39.383 0.6000000238
100955  -31.946  -62.522  -41.212 0.3000000119
97383  -32.774  -62.615  -42.319 0.4000000060
12620  -25.571  -61.913  -39.374 0.6000000238
12621  -26.411  -61.827  -39.463 0.6000000238
101471  -31.876  -61.607  -40.979 0.3000000119
11920  -32.795  -61.722  -42.032 0.3000000119
12622  -27.235  -61.754  -39.751 0.6000000238
12638  -32.677  -60.830  -41.883 0.3000000119
13341  -27.560  -60.893  -40.139 0.5000000000
12630  -28.062  -61.660  -40.306 0.5000000000
12631  -28.917  -61.531  -40.973 0.5000000000
14078  -32.553  -59.420  -42.636 0.3000000119
13352  -33.065  -60.309  -42.751 0.3000000119
12636  -29.717  -61.091  -41.670 0.5000000000
14079  -33.074  -60.191  -43.119 0.3000000119
13349  -29.040  -60.595  -41.305 0.5000000000
102585  -31.788  -59.629  -43.240 0.4000000060
14083  -32.645  -59.666  -43.077 0.3000000119
13328  -22.832  -60.792  -39.873 0.5000000000
13331  -25.931  -60.982  -39.440 0.6000000238
110923  -25.296  -60.568  -39.521 0.5000000000
13343  -31.716  -59.722  -41.220 0.3000000119
13332  -26.788  -60.993  -39.661 0.6000000238
14058  -30.881  -59.273  -40.562 0.3000000119
13342  -28.338  -60.780  -40.654 0.5000000000
93757  -29.119  -59.892  -41.663 0.5000000000
13351  -30.853  -60.582  -42.583 0.4000000060
13354  -30.707  -59.495  -42.880 0.4000000060
13338  -22.338  -60.242  -40.244 0.5000000000
13339  -23.179  -59.993  -40.015 0.5000000000
14054  -24.062  -59.876  -39.794 0.5000000000
13329  -23.706  -60.603  -39.659 0.5000000000
14057  -30.102  -59.520  -39.746 0.3000000119
111319  -26.374  -60.373  -39.767 0.6000000238
13340  -27.010  -60.219  -40.160 0.6000000238
14066  -27.737  -60.089  -40.605 0.5000000000
14067  -28.447  -59.981  -41.163 0.5000000000
93740  -32.223  -58.690  -43.050 0.4000000060
14807  -30.873  -58.204  -43.337 0.4000000060
14061  -22.673  -59.397  -40.384 0.5000000000
14062  -23.554  -59.250  -40.254 0.5000000000
14063  -24.472  -59.235  -40.224 0.5000000000
14050  -29.438  -59.560  -39.088 0.4000000060
100228  -29.593  -59.019  -39.461 0.4000000060
14055  -24.948  -59.941  -39.734 0.5000000000
14056  -25.743  -60.113  -39.714 0.5000000000
14780  -30.107  -58.803  -40.096 0.4000000060
14064  -25.407  -59.362  -40.251 0.4000000060
14789  -30.804  -58.485  -40.981 0.3000000119
14065  -26.352  -59.606  -40.295 0.5000000000
97491  -27.131  -59.606  -40.643 0.4000000060
14081  -30.203  -58.640  -43.179 0.4000000060
14784  -23.023  -58.633  -40.637 0.5000000000
14785  -23.936  -58.559  -40.656 0.5000000000
14775  -29.038  -58.846  -38.848 0.4000000060
14779  -29.358  -58.230  -39.548 0.4000000060
14786  -24.930  -58.564  -40.821 0.4000000060
14788  -29.982  -58.056  -40.451 0.4000000060
14074  -26.764  -59.029  -41.012 0.4000000060
14075  -27.698  -59.308  -41.307 0.4000000060
14076  -28.636  -59.326  -41.912 0.4000000060
14794  -22.539  -58.054  -41.035 0.5000000000
101737  -28.494  -57.814  -37.919 0.4000000060
14778  -28.711  -58.010  -38.647 0.4000000060
14796  -24.262  -57.973  -41.261 0.4000000060
14787  -25.905  -58.828  -40.799 0.4000000060
15552  -29.342  -57.433  -40.107 0.4000000060
14799  -27.157  -58.559  -41.735 0.4000000060
15568  -31.037  -57.716  -43.113 0.3000000119
14080  -29.031  -58.756  -42.677 0.4000000060
15559  -22.924  -57.393  -41.359 0.4000000060
14795  -23.410  -57.990  -41.115 0.5000000000
15551  -28.826  -57.336  -39.320 0.4000000060
103867  -24.935  -57.952  -41.398 0.4000000060
15562  -25.365  -57.571  -41.769 0.4000000060
14797  -25.567  -58.211  -41.317 0.4000000060
14798  -26.336  -58.402  -41.408 0.4000000060
14800  -28.051  -58.716  -42.210 0.4000000060
14811  -30.306  -57.798  -43.377 0.4000000060
14806  -29.383  -58.246  -43.217 0.4000000060
108596  -30.072  -58.156  -43.413 0.4000000060
15560  -23.782  -57.360  -41.549 0.4000000060
15561  -24.618  -57.388  -41.709 0.4000000060
15563  -25.982  -57.848  -41.728 0.4000000060
14803  -26.637  -57.915  -42.018 0.4000000060
16313  -30.338  -57.164  -42.777 0.4000000060
104795  -26.822  -57.403  -42.572 0.4000000060
14804  -27.529  -57.956  -42.520 0.4000000060
14805  -28.514  -58.205  -42.860 0.4000000060
14809  -28.950  -57.873  -43.285 0.4000000060
16304  -24.227  -56.732  -41.948 0.4000000060
16305  -25.096  -56.905  -42.155 0.4000000060
16309  -25.704  -56.469  -42.669 0.4000000060
15566  -26.010  -57.265  -42.279 0.4000000060
16311  -27.431  -57.147  -43.084 0.4000000060
15571  -29.701  -57.370  -43.351 0.3000000119
15570  -29.000  -57.376  -43.413 0.4000000060
14810  -29.580  -57.842  -43.399 0.4000000060
17076  -23.831  -56.109  -42.061 0.4000000060
16308  -24.711  -56.065  -42.416 0.4000000060
17079  -23.893  -55.286  -42.231 0.4000000060
17080  -25.512  -55.677  -42.922 0.4000000060
16310  -26.583  -56.797  -42.954 0.4000000060
16314  -27.321  -56.342  -43.507 0.4000000060
16316  -30.315  -57.356  -43.206 0.3000000119
15569  -28.217  -56.737  -43.462 0.4000000060
101430  -29.028  -56.775  -43.411 0.5000000000
16315  -29.749  -56.845  -43.160 0.4000000060
17868  -24.255  -54.423  -42.418 0.4000000060
97537  -24.804  -55.143  -42.627 0.4000000060
96400  -25.417  -54.962  -43.021 0.4000000060
110391  -27.919  -56.191  -43.697 0.4000000060
17869  -25.035  -54.342  -42.745 0.4000000060
17087  -28.342  -56.040  -43.605 0.5000000000
18728  -24.570  -53.576  -42.540 0.4000000060
18729  -25.393  -53.600  -42.904 0.4000000060
107709  -28.118  -55.331  -43.889 0.5000000000
20394  -25.397  -51.361  -42.741 0.4000000060
95788  -24.016  -52.777  -42.341 0.4000000060
106159  -24.995  -51.813  -42.685 0.4000000060
108199  -25.001  -52.671  -42.694 0.4000000060
104569  -25.630  -52.040  -42.963 0.4000000060
19565  -26.376  -52.130  -43.450 0.5000000000
20393  -24.279  -51.946  -42.445 0.4000000060
13350  -29.811  -60.202  -42.061 0.5000000000
14082  -31.608  -58.788  -43.239 0.4000000060
9193  -31.766  -66.884  -44.232 0.5000000000
9189  -27.212  -66.086  -43.076 0.8000000119
9851  -26.585  -65.714  -42.903 0.8000000119
8605  -32.566  -67.970  -43.794 0.5000000000
105556  -32.456  -67.334  -43.333 0.5000000000
11238  -24.470  -64.527  -41.504 0.6999999881
11227  -25.233  -63.493  -40.392 0.6999999881
11901  -23.453  -62.639  -39.777 0.6999999881
9187  -31.483  -66.467  -41.611 0.4000000060
97020  -22.053  -63.116  -40.428 0.6000000238
9848  -30.319  -64.832  -40.283 0.4000000060
12628  -21.099  -61.414  -40.479 0.6000000238
13337  -21.496  -60.511  -40.439 0.5000000000
14060  -21.836  -59.651  -40.510 0.5000000000
14783  -22.058  -58.756  -40.736 0.4000000060
101599  -22.485  -56.862  -41.464 0.4000000060
17075  -23.168  -55.748  -41.788 0.4000000060
17867  -23.528  -54.440  -42.088 0.4000000060
108148  -23.623  -53.616  -42.177 0.4000000060
21123  -24.623  -51.072  -42.436 0.4000000060
9190  -28.052  -66.327  -43.182 0.8000000119
96673  -32.208  -65.104  -44.000 0.6000000238
11253  -32.144  -63.757  -43.643 0.6999999881
10523  -32.567  -63.707  -43.348 0.6000000238
11252  -33.258  -63.019  -43.121 0.5000000000
12618  -23.917  -62.024  -39.427 0.6000000238
109595  -30.646  -65.323  -40.607 0.5000000000
11242  -31.105  -63.255  -40.546 0.3000000119
13330  -24.590  -60.574  -39.541 0.6000000238
14077  -29.583  -59.382  -42.440 0.4000000060
16303  -23.260  -56.617  -41.674 0.4000000060
15567  -28.266  -57.562  -43.127 0.4000000060
6460  -22.878  -71.194  -41.899 0.4000000060
6478  -23.325  -71.586  -42.489 0.4000000060
6462  -24.437  -71.219  -41.656 0.4000000060
6480  -25.010  -71.840  -42.160 0.4000000060
7019  -23.975  -70.713  -41.186 0.4000000060
6463  -25.349  -71.395  -41.405 0.4000000060
7006  -25.658  -70.943  -40.659 0.4000000060
6446  -26.349  -71.486  -41.096 0.5000000000
7020  -24.739  -70.816  -40.964 0.4000000060
7007  -26.655  -70.965  -40.439 0.5000000000
7008  -27.598  -70.827  -40.392 0.6000000238
7004  -23.665  -70.627  -40.612 0.4000000060
7005  -24.262  -70.520  -40.442 0.4000000060
6995  -25.366  -70.224  -39.552 0.4000000060
8602  -31.811  -67.256  -42.076 0.3000000119
9849  -30.266  -65.705  -40.189 0.3000000119
6447  -27.353  -71.428  -40.839 0.5000000000
7551  -32.452  -69.051  -44.055 0.5000000000
8603  -32.278  -67.983  -42.633 0.4000000060
7526  -24.853  -69.586  -38.146 0.4000000060
94003  -26.110  -70.436  -39.903 0.5000000000
108544  -27.048  -70.482  -39.999 0.5000000000
6984  -24.412  -70.118  -38.810 0.4000000060
97672  -24.551  -70.319  -39.597 0.4000000060
7009  -28.364  -70.473  -40.661 0.6000000238
7545  -28.928  -70.015  -41.252 0.6999999881
8606  -32.498  -68.416  -44.057 0.5000000000
7021  -28.960  -71.003  -41.535 0.6999999881
7026  -30.835  -70.275  -43.462 0.6999999881
101879  -31.617  -68.934  -44.229 0.6999999881
7022  -29.816  -70.468  -42.529 0.6999999881
7548  -30.214  -69.528  -43.090 0.6999999881
6996  -27.024  -69.958  -39.550 0.5000000000
6997  -27.741  -70.152  -40.035 0.6000000238
7539  -28.343  -69.648  -40.390 0.6000000238
6985  -25.129  -69.900  -38.951 0.4000000060
7534  -26.126  -69.730  -39.109 0.5000000000
7535  -27.752  -69.436  -39.726 0.6000000238
92802  -28.741  -68.973  -41.035 0.6000000238
7546  -29.381  -69.409  -42.031 0.6000000238
8082  -31.469  -68.209  -44.275 0.6000000238
8061  -26.037  -68.685  -37.964 0.6000000238
111219  -26.455  -68.596  -38.249 0.6000000238
7529  -27.372  -68.302  -39.075 0.6999999881
107375  -27.711  -68.795  -39.527 0.6000000238
7536  -28.251  -68.850  -40.094 0.6000000238
7527  -25.661  -69.315  -38.366 0.5000000000
97611  -27.076  -69.180  -39.069 0.6000000238
110605  -29.130  -68.614  -41.894 0.6000000238
8077  -29.668  -68.686  -42.743 0.6999999881
8081  -30.564  -67.908  -43.890 0.6999999881
8079  -30.632  -68.675  -43.698 0.6999999881
8588  -26.960  -67.638  -38.487 0.6000000238
8593  -27.434  -67.436  -39.404 0.6999999881
8070  -27.933  -68.125  -39.806 0.6999999881
8071  -28.403  -68.121  -40.613 0.6000000238
8601  -29.171  -67.903  -42.405 0.6999999881
99921  -29.793  -67.884  -43.284 0.6999999881
9182  -27.161  -66.416  -41.337 0.6999999881
9186  -27.823  -66.526  -42.841 0.6999999881
9183  -27.914  -66.791  -41.742 0.6000000238
8596  -27.882  -67.252  -40.520 0.6999999881
8597  -28.354  -67.487  -41.230 0.6000000238
8604  -28.877  -67.033  -43.053 0.6999999881
8607  -29.935  -67.307  -43.653 0.5000000000
8076  -28.737  -68.071  -41.507 0.6000000238
9185  -26.968  -66.176  -42.667 0.6999999881
9847  -26.155  -65.806  -42.326 0.6999999881
8600  -28.535  -67.279  -42.136 0.6000000238
6461  -23.655  -71.144  -41.811 0.4000000060
6994  -23.696  -70.499  -39.728 0.4000000060
92675  -25.074  -70.515  -40.219 0.4000000060
7549  -31.233  -69.586  -43.874 0.6999999881
7528  -26.411  -69.043  -38.513 0.6999999881
9170  -27.045  -66.849  -38.868 0.5000000000
7517  -25.334  -68.961  -37.591 0.4000000060
8062  -26.465  -68.126  -37.976 0.5000000000
7516  -24.609  -69.337  -37.208 0.4000000060
8046  -25.087  -67.994  -36.563 0.5000000000
105019  -25.744  -68.045  -37.203 0.5000000000
8582  -26.367  -67.328  -37.771 0.5000000000
95981  -26.424  -66.511  -38.348 0.5000000000
9828  -25.914  -65.792  -38.979 0.5000000000
109300  -26.762  -67.082  -38.304 0.5000000000
9178  -27.229  -66.660  -39.952 0.6000000238
9181  -26.379  -66.050  -40.894 0.5000000000
9177  -26.587  -66.210  -39.432 0.5000000000
9841  -25.755  -65.742  -40.296 0.6000000238
9846  -25.262  -65.431  -41.847 0.6000000238
8045  -24.485  -68.252  -36.253 0.5000000000
9149  -25.051  -66.929  -36.635 0.5000000000
9159  -25.340  -66.433  -37.273 0.5000000000
9169  -25.690  -66.012  -38.037 0.5000000000
9160  -25.977  -66.662  -37.611 0.5000000000
9840  -25.161  -65.568  -39.893 0.6000000238
9845  -24.806  -65.443  -41.155 0.5000000000
10511  -25.033  -64.951  -42.071 0.6000000238
8032  -24.088  -67.960  -35.947 0.5000000000
9158  -24.424  -66.372  -37.009 0.5000000000
9816  -24.947  -65.818  -37.775 0.5000000000
94247  -25.140  -65.569  -38.769 0.5000000000
111269  -24.749  -65.500  -39.698 0.5000000000
10510  -24.506  -65.099  -41.652 0.6000000238
8555  -23.411  -68.068  -35.903 0.5000000000
9148  -24.357  -66.980  -36.443 0.5000000000
9157  -23.389  -66.255  -37.275 0.5000000000
9814  -23.067  -65.817  -38.212 0.5000000000
9825  -22.458  -65.589  -38.943 0.6000000238
9815  -24.058  -65.864  -37.843 0.4000000060
9837  -22.479  -65.285  -39.878 0.4000000060
98988  -23.035  -65.488  -39.050 0.5000000000
9826  -23.736  -65.583  -38.773 0.5000000000
9827  -24.514  -65.623  -38.449 0.4000000060
10501  -22.010  -64.961  -40.367 0.4000000060
9838  -23.315  -65.351  -39.882 0.5000000000
104599  -21.651  -64.542  -40.552 0.4000000060
9843  -23.643  -65.193  -40.869 0.6000000238
9844  -24.295  -65.335  -40.857 0.6000000238
10508  -22.293  -64.447  -40.709 0.5000000000
11236  -23.081  -64.303  -40.897 0.5000000000
10502  -22.933  -64.959  -40.747 0.5000000000
102773  -20.891  -63.674  -40.606 0.4000000060
11234  -21.658  -63.873  -40.676 0.5000000000
105112  -23.550  -64.835  -41.215 0.6000000238
11237  -23.765  -64.379  -41.192 0.6000000238
11235  -22.366  -63.844  -40.719 0.5000000000
12627  -20.134  -61.655  -40.692 0.3000000119
11912  -20.713  -62.329  -40.592 0.4000000060
102697  -21.231  -63.041  -40.561 0.4000000060
11224  -22.837  -63.301  -40.346 0.5000000000
11225  -23.592  -63.490  -40.452 0.6000000238
96901  -21.844  -58.120  -41.066 0.3000000119
14073  -21.258  -59.191  -40.773 0.3000000119
109041  -21.142  -59.933  -40.620 0.4000000060
13336  -20.541  -60.649  -40.625 0.4000000060
16302  -21.758  -56.711  -41.419 0.3000000119
95845  -22.394  -56.071  -41.544 0.3000000119
108946  -22.632  -55.465  -41.636 0.3000000119
92039  -22.932  -54.879  -41.760 0.3000000119
17864  -22.970  -53.945  -41.834 0.3000000119
106624  -23.026  -53.377  -41.936 0.3000000119
15558  -22.033  -57.461  -41.285 0.3000000119
8581  -25.717  -67.133  -37.075 0.5000000000
9839  -24.223  -65.455  -39.578 0.5000000000
10509  -23.942  -64.917  -41.480 0.6000000238
8080  -32.611  -68.687  -43.809 0.3000000119
7552  -32.094  -69.560  -44.227 0.6000000238
8068  -30.191  -68.136  -39.290 0.3000000119
92203  -30.792  -68.061  -40.260 0.3000000119
8599  -31.502  -68.017  -41.313 0.3000000119
8072  -31.305  -68.909  -40.665 0.3000000119
7030  -31.719  -70.508  -43.906 0.6000000238
7028  -32.373  -69.770  -43.968 0.5000000000
8595  -30.370  -67.459  -39.842 0.3000000119
8598  -30.963  -67.174  -40.729 0.3000000119
8073  -31.983  -68.758  -41.947 0.3000000119
8078  -32.576  -68.686  -43.117 0.3000000119
7550  -32.600  -69.449  -43.468 0.4000000060
107646  -29.828  -68.554  -38.490 0.3000000119
8594  -29.835  -67.302  -39.121 0.3000000119
9180  -30.158  -66.625  -39.828 0.3000000119
5864  -25.568  -72.549  -42.727 0.5000000000
5238  -26.707  -73.038  -42.803 0.5000000000
6479  -24.127  -71.626  -42.376 0.4000000060
5863  -24.628  -72.310  -42.879 0.4000000060
5877  -25.166  -72.950  -43.428 0.5000000000
6466  -28.808  -71.976  -41.861 0.5000000000
5856  -28.075  -72.496  -41.862 0.5000000000
6464  -26.153  -72.145  -41.918 0.5000000000
5855  -27.236  -72.593  -42.108 0.5000000000
5857  -29.798  -72.572  -43.157 0.6000000238
6467  -29.838  -71.603  -42.736 0.6000000238
6465  -27.169  -72.001  -41.460 0.4000000060
6481  -31.648  -71.474  -43.605 0.6000000238
98588  -27.972  -71.833  -41.288 0.5000000000
6489  -32.102  -70.958  -43.791 0.6000000238
7541  -31.890  -69.650  -41.604 0.3000000119
7027  -32.477  -70.467  -43.515 0.4000000060
6448  -28.253  -71.260  -40.963 0.4000000060
8069  -30.647  -68.692  -39.800 0.3000000119
7547  -32.446  -69.355  -42.561 0.3000000119
7031  -32.179  -70.291  -44.047 0.5000000000
100157  -30.935  -71.181  -43.439 0.6000000238
7023  -32.516  -70.192  -42.641 0.3000000119
91808  -30.892  -72.195  -43.514 0.5000000000
102785  -31.525  -72.061  -43.485 0.5000000000
5869  -31.706  -72.364  -43.218 0.4000000060
6482  -32.079  -71.671  -43.437 0.5000000000
5868  -31.092  -72.618  -43.420 0.5000000000
5867  -30.360  -73.034  -43.474 0.5000000000
5858  -32.118  -72.139  -42.677 0.4000000060
6468  -32.439  -71.243  -42.834 0.4000000060
110954  -32.333  -71.125  -43.454 0.5000000000
3562  -22.224  -77.183  -45.092 0.3000000119
3561  -21.169  -77.142  -44.537 0.3000000119
4092  -23.340  -77.110  -45.182 0.3000000119
4085  -24.793  -76.595  -44.200 0.4000000060
3570  -22.994  -77.060  -45.297 0.3000000119
3575  -23.027  -77.009  -45.404 0.3000000119
4074  -25.208  -76.024  -43.369 0.4000000060
3563  -24.248  -76.987  -44.902 0.3000000119
4097  -23.358  -76.547  -45.556 0.3000000119
4075  -26.019  -76.216  -43.367 0.4000000060
3564  -24.857  -76.636  -44.507 0.4000000060
3577  -24.454  -76.788  -45.112 0.4000000060
4642  -23.702  -75.426  -45.528 0.4000000060
4093  -24.929  -76.157  -45.156 0.4000000060
4065  -28.045  -76.348  -42.006 0.3000000119
4621  -26.437  -75.913  -42.771 0.4000000060
4076  -26.815  -76.069  -43.340 0.4000000060
4087  -26.067  -76.404  -43.907 0.4000000060
4639  -26.381  -75.743  -44.424 0.4000000060
4094  -25.684  -75.986  -44.786 0.4000000060
4637  -24.507  -75.279  -45.302 0.4000000060
4068  -29.597  -75.832  -41.604 0.3000000119
4077  -27.624  -75.992  -42.773 0.4000000060
95239  -27.941  -75.216  -44.011 0.4000000060
4088  -27.427  -75.769  -43.664 0.4000000060
4629  -27.145  -75.466  -44.177 0.4000000060
103588  -27.388  -74.587  -44.049 0.4000000060
4628  -26.484  -74.653  -44.381 0.4000000060
110951  -25.942  -75.211  -44.697 0.4000000060
5258  -24.718  -74.257  -44.773 0.4000000060
4622  -28.829  -75.117  -43.604 0.4000000060
5252  -28.290  -74.431  -43.843 0.4000000060
5251  -26.650  -73.719  -43.713 0.4000000060
5250  -24.920  -73.504  -44.125 0.4000000060
5259  -25.550  -74.345  -44.556 0.4000000060
4631  -28.985  -74.476  -43.796 0.4000000060
92723  -27.480  -73.764  -43.493 0.4000000060
5878  -25.943  -73.155  -43.285 0.4000000060
5240  -29.644  -73.829  -43.533 0.4000000060
111266  -28.964  -73.447  -43.370 0.4000000060
5866  -28.856  -72.892  -42.756 0.4000000060
5241  -30.489  -73.351  -43.333 0.4000000060
5239  -29.064  -73.886  -43.728 0.4000000060
93813  -29.570  -73.386  -43.481 0.4000000060
107591  -31.733  -72.747  -42.600 0.3000000119
6450  -32.045  -71.759  -41.653 0.3000000119
4086  -25.489  -76.597  -43.976 0.4000000060
3565  -25.463  -76.544  -44.239 0.4000000060
3566  -25.912  -76.313  -44.330 0.4000000060
3572  -25.065  -76.534  -44.697 0.4000000060
4078  -28.382  -75.807  -42.701 0.4000000060
4066  -28.758  -76.163  -41.621 0.3000000119
4095  -26.667  -76.087  -43.989 0.4000000060
4067  -29.199  -75.235  -42.729 0.3000000119
4089  -28.177  -75.510  -43.538 0.4000000060
4623  -29.317  -74.545  -43.572 0.4000000060
93818  -25.789  -73.629  -43.958 0.4000000060
5865  -28.079  -73.379  -42.838 0.4000000060
4601  -26.481  -74.538  -41.203 0.3000000119
4610  -24.275  -74.157  -41.942 0.3000000119
4618  -23.751  -74.667  -42.590 0.3000000119
4611  -25.227  -74.604  -41.946 0.3000000119
4612  -26.239  -75.219  -41.992 0.3000000119
4619  -24.692  -75.016  -42.625 0.3000000119
4620  -25.666  -75.538  -42.648 0.3000000119
4613  -27.092  -75.582  -41.730 0.3000000119
103825  -27.596  -76.160  -42.113 0.3000000119
4614  -29.892  -74.817  -42.287 0.3000000119
4624  -29.904  -74.264  -43.235 0.3000000119
5242  -31.281  -73.060  -43.048 0.3000000119
4054  -27.817  -76.049  -41.587 0.3000000119
3571  -24.380  -76.905  -44.899 0.4000000060
3576  -23.743  -77.051  -45.226 0.3000000119
4064  -27.032  -75.953  -42.453 0.3000000119
4082  -21.648  -76.871  -44.365 0.3000000119
4098  -24.172  -76.409  -45.438 0.4000000060
4630  -28.560  -74.989  -43.937 0.4000000060
4638  -25.286  -75.206  -44.984 0.4000000060
8054  -24.950  -68.592  -36.811 0.5000000000
8063  -26.829  -68.509  -38.524 0.6000000238
8083  -32.220  -68.638  -44.290 0.5000000000
8570  -23.869  -67.437  -36.151 0.5000000000
8571  -24.640  -67.585  -36.349 0.5000000000
8572  -25.288  -67.516  -36.697 0.5000000000
8608  -31.178  -67.471  -44.152 0.5000000000
11927  -32.997  -62.596  -43.330 0.5000000000
12639  -33.329  -60.970  -42.815 0.4000000060
13344  -32.538  -60.092  -41.886 0.3000000119
13357  -33.225  -60.545  -43.144 0.4000000060
14084  -33.039  -60.273  -43.196 0.3000000119
14808  -31.602  -58.282  -43.154 0.4000000060
16293  -28.898  -56.796  -39.905 0.4000000060
100156  -29.554  -61.794  -41.487 0.5000000000
106639  -27.972  -64.946  -42.825 0.6999999881
109688  -24.072  -64.465  -41.360 0.6000000238
111375  -24.093  -70.315  -39.278 0.4000000060
