#!ascii label  , from subject sub-v2s9x29173_ses-1 vox2ras=TkReg
1546
20386  -21.626  -51.368  -41.700 0.5000000000
21119  -22.210  -50.883  -41.801 0.4000000060
21120  -23.048  -50.672  -41.942 0.5000000000
21818  -23.318  -49.934  -41.736 0.5000000000
33031  -28.216  -37.272  -48.569 0.5000000000
107442  -27.421  -36.363  -48.385 0.4000000060
33019  -28.159  -36.283  -47.941 0.4000000060
33889  -28.539  -35.228  -47.535 0.6000000238
33888  -27.547  -35.275  -48.042 0.5000000000
33878  -29.489  -35.263  -47.096 0.5000000000
34718  -28.051  -34.318  -47.732 0.5000000000
34705  -29.755  -34.102  -46.987 0.4000000060
34719  -28.981  -34.240  -47.413 0.5000000000
97893  -21.137  -52.898  -41.603 0.5000000000
19554  -21.504  -52.129  -41.669 0.4000000060
95163  -22.246  -51.674  -41.834 0.5000000000
19562  -22.930  -51.929  -42.025 0.5000000000
20392  -23.575  -51.345  -42.180 0.5000000000
93190  -23.897  -50.494  -42.016 0.5000000000
21819  -24.141  -49.719  -41.655 0.5000000000
22613  -25.267  -48.625  -41.022 0.5000000000
32023  -27.822  -37.712  -48.608 0.5000000000
31116  -28.579  -38.435  -49.145 0.5000000000
103793  -29.007  -36.300  -47.536 0.6000000238
36513  -32.388  -32.895  -43.875 0.3000000119
36512  -31.615  -32.614  -44.676 0.3000000119
35646  -30.715  -33.150  -46.145 0.4000000060
34684  -30.449  -34.006  -46.444 0.3000000119
35647  -31.381  -33.365  -45.310 0.4000000060
20387  -22.803  -51.292  -41.977 0.5000000000
22612  -24.375  -48.911  -41.128 0.5000000000
111059  -28.769  -37.038  -48.282 0.6000000238
9808  -28.510  -65.745  -35.918 0.3000000119
101958  -28.442  -65.040  -36.514 0.3000000119
9817  -28.567  -65.060  -37.528 0.4000000060
10487  -28.467  -64.343  -37.102 0.4000000060
9829  -28.862  -64.954  -38.459 0.4000000060
98084  -29.085  -64.021  -38.775 0.4000000060
9830  -29.289  -64.839  -39.097 0.4000000060
11229  -29.738  -63.682  -39.481 0.4000000060
11906  -29.829  -62.307  -39.275 0.4000000060
91977  -28.464  -64.967  -35.576 0.3000000119
10470  -28.447  -64.167  -35.148 0.3000000119
11202  -28.398  -63.351  -35.781 0.4000000060
10481  -28.403  -64.252  -36.127 0.4000000060
11210  -28.432  -63.598  -36.796 0.4000000060
11217  -28.583  -63.728  -37.762 0.4000000060
11895  -28.924  -62.993  -38.424 0.4000000060
110443  -29.383  -62.643  -38.895 0.4000000060
12623  -30.295  -61.561  -39.560 0.4000000060
104762  -28.862  -62.812  -33.804 0.3000000119
11852  -28.576  -62.767  -34.276 0.3000000119
12561  -28.487  -61.984  -34.487 0.3000000119
11875  -28.386  -62.434  -36.035 0.4000000060
105543  -28.423  -62.936  -36.601 0.4000000060
11894  -28.524  -62.976  -37.433 0.4000000060
102945  -28.668  -62.267  -37.945 0.4000000060
103572  -29.233  -62.224  -38.666 0.4000000060
103638  -29.285  -60.998  -38.697 0.4000000060
12611  -29.587  -61.578  -39.008 0.4000000060
14049  -28.842  -59.478  -38.345 0.4000000060
13322  -29.247  -60.268  -38.706 0.4000000060
13333  -29.965  -60.826  -39.338 0.4000000060
12544  -29.917  -61.767  -33.318 0.3000000119
11162  -29.298  -63.168  -33.688 0.3000000119
11839  -28.727  -62.166  -33.864 0.3000000119
12579  -28.384  -61.763  -35.411 0.3000000119
12590  -28.404  -61.618  -36.409 0.3000000119
12601  -28.546  -61.560  -37.419 0.4000000060
103341  -28.680  -60.029  -37.949 0.4000000060
13321  -28.689  -60.777  -37.936 0.4000000060
12610  -28.931  -61.564  -38.338 0.4000000060
14774  -28.538  -58.640  -37.878 0.4000000060
12543  -29.109  -61.563  -33.520 0.3000000119
12542  -28.631  -61.339  -33.971 0.3000000119
13278  -28.582  -60.403  -34.196 0.3000000119
98020  -28.442  -61.113  -34.769 0.4000000060
13302  -28.387  -60.843  -35.772 0.4000000060
104630  -28.395  -59.981  -35.628 0.4000000060
13314  -28.436  -60.863  -36.839 0.4000000060
101962  -28.403  -57.756  -36.055 0.3000000119
100893  -28.380  -58.601  -36.162 0.4000000060
101763  -28.391  -58.845  -36.981 0.4000000060
102183  -28.449  -60.145  -37.154 0.4000000060
14764  -28.385  -58.007  -37.057 0.4000000060
103433  -32.672  -58.949  -34.113 0.3000000119
13990  -31.745  -59.931  -33.532 0.3000000119
14728  -33.036  -58.397  -34.326 0.3000000119
100668  -30.481  -61.159  -33.291 0.3000000119
13265  -30.736  -60.307  -33.178 0.3000000119
13264  -29.790  -60.943  -33.253 0.3000000119
105707  -29.668  -60.092  -33.242 0.3000000119
13987  -29.404  -59.298  -33.376 0.3000000119
13263  -29.023  -60.708  -33.527 0.3000000119
13986  -28.854  -59.284  -33.761 0.3000000119
14000  -28.590  -58.984  -34.362 0.3000000119
99534  -28.639  -59.651  -34.094 0.3000000119
107974  -28.461  -58.256  -35.095 0.3000000119
96500  -28.465  -59.754  -34.769 0.3000000119
100539  -28.398  -59.178  -35.397 0.4000000060
15517  -28.440  -56.976  -35.883 0.3000000119
15527  -28.402  -57.130  -36.784 0.4000000060
93674  -28.411  -55.837  -37.094 0.4000000060
16278  -28.421  -56.451  -37.384 0.4000000060
14716  -32.335  -58.442  -33.834 0.3000000119
13989  -31.200  -59.309  -33.168 0.3000000119
103153  -32.026  -57.798  -33.630 0.3000000119
14714  -30.735  -58.541  -33.089 0.3000000119
107796  -29.254  -57.623  -33.622 0.3000000119
14713  -29.800  -58.532  -33.238 0.3000000119
16239  -28.869  -56.792  -34.070 0.3000000119
14727  -28.710  -58.203  -34.143 0.3000000119
14712  -29.009  -58.641  -33.653 0.3000000119
16253  -28.743  -56.135  -34.610 0.3000000119
105660  -28.481  -57.490  -35.289 0.3000000119
16267  -28.519  -56.217  -35.567 0.3000000119
17044  -28.507  -55.469  -36.305 0.3000000119
17831  -28.606  -54.595  -36.631 0.3000000119
94045  -28.443  -55.663  -37.895 0.4000000060
103432  -32.663  -57.889  -34.116 0.3000000119
15504  -33.365  -57.656  -34.442 0.3000000119
14715  -31.582  -58.503  -33.371 0.3000000119
15491  -31.702  -57.076  -33.537 0.3000000119
111185  -34.216  -56.620  -34.630 0.3000000119
102182  -33.596  -56.500  -34.664 0.3000000119
102180  -31.199  -57.769  -33.251 0.3000000119
17023  -34.132  -56.099  -34.786 0.3000000119
17006  -29.842  -55.563  -33.706 0.3000000119
16240  -29.886  -56.169  -33.552 0.3000000119
96417  -30.009  -56.914  -33.375 0.3000000119
16254  -29.246  -55.990  -33.893 0.3000000119
107171  -29.410  -56.701  -33.656 0.3000000119
17806  -29.817  -54.442  -34.255 0.3000000119
17805  -29.102  -54.864  -34.748 0.3000000119
17832  -28.934  -53.977  -36.019 0.3000000119
17052  -28.464  -55.152  -37.240 0.4000000060
17839  -28.537  -54.440  -37.458 0.4000000060
17062  -28.473  -55.070  -38.571 0.5000000000
15503  -32.586  -57.177  -34.120 0.3000000119
102879  -33.248  -56.967  -34.515 0.3000000119
16243  -32.156  -56.404  -33.867 0.3000000119
16255  -32.872  -56.442  -34.504 0.3000000119
15490  -30.853  -57.013  -33.285 0.3000000119
17009  -31.771  -55.836  -33.766 0.3000000119
17810  -34.047  -55.499  -35.103 0.3000000119
104708  -34.742  -55.098  -35.060 0.3000000119
17799  -30.951  -54.935  -33.727 0.3000000119
16241  -30.600  -56.289  -33.459 0.3000000119
17823  -34.759  -54.646  -35.592 0.3000000119
17798  -30.223  -54.949  -33.794 0.3000000119
104571  -35.403  -54.086  -35.084 0.3000000119
18668  -30.199  -53.035  -34.849 0.3000000119
18654  -30.057  -53.676  -34.560 0.3000000119
19505  -35.530  -53.331  -36.053 0.3000000119
17821  -29.287  -54.135  -35.075 0.3000000119
18667  -29.541  -53.417  -35.379 0.3000000119
18683  -29.183  -53.241  -36.293 0.3000000119
18682  -28.718  -53.834  -36.905 0.3000000119
18696  -28.610  -53.729  -37.717 0.4000000060
18711  -28.588  -53.643  -38.506 0.5000000000
17021  -32.418  -55.667  -34.297 0.3000000119
17022  -33.313  -55.827  -34.863 0.3000000119
17020  -31.697  -55.174  -33.890 0.3000000119
102164  -32.293  -54.795  -34.395 0.3000000119
17809  -32.858  -55.250  -34.862 0.3000000119
106164  -33.445  -55.160  -35.260 0.3000000119
17822  -34.054  -54.869  -35.725 0.3000000119
18655  -30.759  -53.236  -34.495 0.3000000119
18671  -34.417  -54.395  -36.528 0.3000000119
18672  -35.073  -54.218  -36.007 0.3000000119
94682  -35.157  -53.735  -37.889 0.3000000119
19502  -30.555  -51.931  -35.472 0.3000000119
94988  -29.402  -52.597  -36.528 0.3000000119
19514  -28.910  -53.040  -37.179 0.3000000119
18657  -32.851  -54.660  -35.069 0.3000000119
18656  -31.430  -53.527  -34.371 0.3000000119
17808  -31.560  -54.367  -34.099 0.3000000119
92609  -32.226  -53.872  -34.593 0.3000000119
106860  -32.967  -54.109  -35.438 0.3000000119
18670  -33.664  -54.365  -36.125 0.3000000119
110812  -33.398  -54.680  -35.616 0.3000000119
19489  -30.663  -52.535  -34.889 0.3000000119
19473  -31.339  -52.742  -34.665 0.3000000119
19474  -31.898  -53.046  -34.625 0.3000000119
18669  -32.497  -53.145  -35.025 0.3000000119
19503  -33.412  -52.849  -36.208 0.3000000119
101768  -33.198  -53.527  -35.826 0.3000000119
19504  -33.962  -53.330  -37.311 0.3000000119
18684  -33.781  -53.983  -36.786 0.3000000119
103701  -34.331  -53.045  -37.947 0.3000000119
19515  -34.632  -53.609  -37.941 0.3000000119
18685  -34.507  -54.033  -37.378 0.3000000119
20370  -35.004  -52.594  -39.013 0.3000000119
19530  -34.831  -53.296  -38.463 0.3000000119
20340  -29.895  -51.911  -36.348 0.4000000060
19531  -35.489  -53.350  -39.051 0.3000000119
110243  -29.672  -51.690  -36.972 0.4000000060
95339  -36.513  -52.930  -40.195 0.3000000119
110867  -28.942  -52.639  -37.601 0.3000000119
19529  -28.946  -52.217  -38.052 0.4000000060
19549  -37.913  -52.656  -40.958 0.3000000119
19528  -28.725  -52.879  -38.682 0.5000000000
18716  -28.643  -53.455  -39.246 0.5000000000
19490  -31.218  -52.039  -35.040 0.3000000119
19491  -31.949  -52.287  -34.954 0.3000000119
20330  -32.972  -51.744  -35.813 0.3000000119
20342  -33.588  -51.938  -36.499 0.3000000119
20343  -34.087  -52.063  -37.299 0.3000000119
20341  -30.609  -51.271  -35.992 0.4000000060
20353  -34.533  -52.084  -38.193 0.3000000119
108478  -30.064  -51.179  -36.758 0.4000000060
20352  -30.035  -50.611  -37.354 0.5000000000
98818  -35.574  -52.656  -39.754 0.3000000119
19547  -36.184  -52.826  -40.335 0.4000000060
21083  -29.585  -50.800  -38.039 0.5000000000
20368  -29.219  -51.367  -38.480 0.6000000238
108308  -36.677  -52.813  -40.834 0.3000000119
97831  -28.886  -52.097  -38.958 0.6000000238
18717  -28.762  -52.772  -39.331 0.6000000238
21060  -31.984  -50.854  -35.659 0.3000000119
99284  -33.225  -50.198  -36.498 0.3000000119
21774  -33.784  -50.267  -36.941 0.3000000119
21059  -31.308  -50.940  -35.795 0.3000000119
21072  -33.145  -50.978  -36.154 0.3000000119
21085  -34.208  -50.945  -37.375 0.3000000119
21101  -34.549  -50.803  -38.211 0.4000000060
21069  -30.759  -50.486  -36.536 0.4000000060
20369  -34.793  -51.593  -38.818 0.4000000060
21107  -34.845  -50.731  -39.003 0.4000000060
97640  -30.544  -49.852  -37.320 0.5000000000
20377  -35.114  -51.686  -39.429 0.4000000060
91921  -35.400  -51.607  -40.011 0.4000000060
20389  -35.964  -51.354  -41.153 0.4000000060
21084  -29.937  -50.119  -38.029 0.5000000000
20380  -35.785  -52.061  -40.537 0.4000000060
20390  -36.411  -52.371  -41.167 0.4000000060
94977  -36.400  -51.677  -41.698 0.4000000060
21100  -29.522  -50.475  -38.822 0.6000000238
19558  -37.117  -52.746  -41.582 0.3000000119
106690  -37.367  -52.645  -42.323 0.4000000060
20376  -29.174  -51.255  -39.484 0.6000000238
19541  -28.929  -52.218  -39.768 0.6000000238
93453  -29.161  -51.618  -40.347 0.6999999881
21071  -32.432  -50.285  -36.157 0.3000000119
21773  -33.390  -49.558  -36.898 0.3000000119
21786  -34.069  -49.878  -37.524 0.3000000119
21070  -31.632  -50.256  -36.182 0.3000000119
21771  -31.998  -49.521  -36.473 0.3000000119
21799  -34.539  -49.849  -38.433 0.4000000060
21770  -31.293  -49.666  -36.740 0.5000000000
21108  -35.169  -50.741  -39.702 0.4000000060
21783  -31.117  -49.046  -37.412 0.5000000000
21112  -35.506  -50.766  -40.469 0.4000000060
101154  -31.417  -48.386  -37.738 0.5000000000
21798  -30.373  -49.387  -38.064 0.6000000238
21128  -36.762  -51.509  -42.321 0.4000000060
21802  -29.757  -49.779  -39.380 0.6000000238
20398  -37.284  -52.331  -42.698 0.4000000060
21129  -37.329  -51.520  -43.033 0.4000000060
93521  -29.377  -50.826  -40.345 0.6999999881
20379  -29.335  -51.235  -40.942 0.6999999881
19546  -28.974  -52.431  -40.539 0.6999999881
22569  -32.910  -48.885  -37.047 0.4000000060
21785  -33.574  -49.097  -37.327 0.4000000060
22581  -34.080  -48.982  -37.867 0.4000000060
103479  -34.534  -49.033  -38.741 0.4000000060
21784  -31.733  -49.055  -36.838 0.4000000060
22579  -32.545  -48.226  -37.426 0.4000000060
103902  -34.928  -49.150  -39.424 0.4000000060
21804  -34.888  -49.872  -39.237 0.4000000060
21805  -35.200  -49.789  -39.928 0.4000000060
21810  -35.504  -49.561  -40.611 0.4000000060
21824  -35.820  -50.241  -41.136 0.4000000060
110861  -36.129  -49.822  -41.539 0.4000000060
22597  -30.846  -48.219  -38.824 0.6000000238
100506  -36.297  -50.669  -41.765 0.4000000060
103657  -30.486  -48.507  -39.456 0.6000000238
21809  -30.053  -49.123  -39.868 0.6999999881
21808  -29.700  -49.957  -40.388 0.6999999881
21135  -38.071  -51.730  -43.771 0.4000000060
20388  -29.363  -51.380  -41.741 0.6999999881
22594  -33.937  -48.103  -38.279 0.4000000060
23412  -31.916  -47.909  -37.745 0.4000000060
23414  -33.122  -47.669  -37.881 0.4000000060
22604  -35.205  -48.701  -39.972 0.4000000060
22593  -31.387  -47.969  -38.241 0.6000000238
23422  -31.953  -47.344  -38.418 0.5000000000
103314  -35.840  -49.305  -41.209 0.4000000060
23428  -31.633  -47.105  -39.199 0.6999999881
23427  -30.981  -47.784  -39.549 0.6999999881
21832  -36.719  -49.240  -42.361 0.4000000060
22603  -30.487  -48.451  -40.232 0.6999999881
99853  -37.535  -50.525  -43.259 0.4000000060
21833  -37.296  -49.493  -42.939 0.4000000060
21823  -30.170  -49.199  -40.921 0.6999999881
21136  -38.546  -51.080  -44.304 0.4000000060
21822  -29.873  -49.880  -41.279 0.6999999881
21143  -39.259  -51.580  -44.927 0.4000000060
21144  -39.880  -51.849  -45.522 0.4000000060
23430  -33.434  -46.820  -38.861 0.4000000060
23424  -34.089  -47.436  -38.901 0.4000000060
22599  -34.636  -48.333  -39.156 0.4000000060
22598  -31.343  -47.626  -38.803 0.6999999881
23429  -32.292  -46.726  -39.025 0.5000000000
22618  -35.574  -48.599  -40.786 0.4000000060
24182  -31.996  -46.545  -39.737 0.6999999881
21825  -36.292  -49.151  -41.735 0.4000000060
95817  -31.406  -47.127  -40.062 0.6999999881
22619  -36.023  -48.444  -41.389 0.4000000060
22624  -36.520  -48.395  -42.057 0.4000000060
22617  -30.637  -48.453  -41.148 0.6999999881
94948  -37.671  -48.948  -43.427 0.4000000060
21840  -37.738  -49.769  -43.475 0.4000000060
21841  -38.250  -49.708  -43.997 0.4000000060
95112  -30.163  -49.583  -41.733 0.6999999881
21847  -38.800  -50.383  -44.615 0.4000000060
21830  -29.929  -50.178  -42.117 0.6999999881
21848  -39.277  -50.576  -45.173 0.4000000060
21855  -40.451  -51.176  -46.246 0.4000000060
23431  -34.055  -46.730  -39.344 0.4000000060
23432  -34.824  -47.546  -39.632 0.4000000060
102370  -35.337  -47.910  -40.319 0.4000000060
24183  -32.700  -46.183  -39.610 0.6000000238
24184  -33.353  -46.300  -39.384 0.5000000000
23437  -34.568  -46.624  -39.789 0.5000000000
23438  -35.166  -47.041  -40.241 0.4000000060
109433  -26.342  -47.632  -40.868 0.4000000060
22615  -26.985  -48.005  -41.234 0.5000000000
23450  -36.260  -47.600  -41.653 0.4000000060
24188  -31.762  -46.546  -40.567 0.6000000238
23455  -36.703  -47.594  -42.372 0.4000000060
23436  -31.299  -47.248  -40.999 0.6000000238
23456  -37.169  -47.500  -42.948 0.4000000060
23448  -31.312  -47.589  -42.033 0.6999999881
22625  -37.102  -48.434  -42.791 0.4000000060
22622  -30.924  -48.400  -41.999 0.6999999881
22634  -38.125  -48.522  -43.932 0.4000000060
21831  -30.373  -49.709  -42.554 0.6999999881
22640  -38.775  -49.240  -44.602 0.4000000060
22647  -39.628  -49.216  -45.688 0.4000000060
22648  -40.130  -48.927  -46.217 0.4000000060
22659  -41.177  -49.959  -47.333 0.4000000060
24190  -34.733  -46.091  -40.224 0.5000000000
24957  -32.975  -45.628  -40.189 0.6000000238
111143  -33.262  -45.853  -39.799 0.5000000000
24191  -35.387  -46.498  -40.765 0.5000000000
97731  -26.049  -46.916  -40.726 0.3000000119
107925  -26.892  -47.153  -41.002 0.4000000060
24203  -31.655  -46.694  -41.507 0.6000000238
24189  -32.363  -46.019  -40.279 0.6000000238
24205  -35.903  -46.767  -41.360 0.4000000060
24206  -36.428  -46.820  -41.947 0.5000000000
23454  -31.540  -47.737  -43.117 0.6999999881
23461  -31.784  -47.988  -44.211 0.8000000119
22623  -31.228  -48.315  -42.741 0.6999999881
23463  -37.508  -47.337  -43.389 0.4000000060
22633  -37.574  -48.041  -43.398 0.4000000060
107834  -39.151  -48.482  -45.057 0.4000000060
95242  -40.625  -48.703  -46.823 0.4000000060
22666  -41.145  -48.298  -47.463 0.4000000060
24978  -32.975  -45.137  -41.405 0.6000000238
24963  -33.425  -45.155  -40.757 0.6000000238
24964  -34.166  -45.334  -40.483 0.5000000000
24965  -34.994  -45.531  -40.741 0.5000000000
101596  -26.637  -46.245  -41.076 0.4000000060
101441  -27.471  -46.676  -41.268 0.4000000060
24211  -31.752  -46.900  -42.487 0.6000000238
110793  -32.476  -45.642  -41.437 0.6000000238
99999  -35.551  -45.965  -41.183 0.5000000000
103816  -28.026  -46.971  -41.491 0.5000000000
24219  -32.038  -47.122  -43.473 0.6999999881
24209  -28.518  -46.789  -41.816 0.5000000000
23462  -32.320  -47.382  -44.546 0.6999999881
99451  -36.499  -46.107  -42.213 0.5000000000
25001  -29.741  -46.094  -42.857 0.6999999881
24210  -29.138  -46.509  -42.334 0.6000000238
23469  -32.133  -48.346  -45.435 0.6999999881
24991  -36.856  -45.850  -42.789 0.5000000000
24218  -30.493  -45.875  -44.243 0.6999999881
110609  -29.999  -46.381  -43.890 0.6999999881
22639  -31.653  -48.955  -45.061 0.6999999881
24214  -37.241  -46.759  -43.110 0.4000000060
22646  -31.935  -49.354  -46.536 0.6999999881
21846  -31.358  -49.837  -45.765 0.8000000119
24220  -37.665  -46.761  -43.627 0.4000000060
23464  -37.909  -47.562  -43.831 0.4000000060
23471  -38.545  -47.833  -44.435 0.4000000060
23485  -39.639  -47.824  -45.688 0.4000000060
23486  -40.247  -47.817  -46.316 0.4000000060
25908  -33.688  -44.710  -41.464 0.6000000238
25890  -34.061  -44.780  -40.984 0.6000000238
24980  -35.345  -45.049  -41.388 0.5000000000
24975  -27.471  -45.939  -41.329 0.4000000060
24200  -28.082  -46.321  -41.483 0.6999999881
25003  -32.777  -45.571  -42.998 0.6999999881
24988  -32.588  -45.560  -42.106 0.6000000238
24989  -33.190  -44.899  -42.181 0.6000000238
25909  -34.489  -44.478  -41.620 0.5000000000
23470  -32.563  -47.690  -45.731 0.6999999881
24231  -32.734  -46.688  -44.838 0.6999999881
96117  -32.509  -46.459  -43.754 0.6999999881
98905  -32.299  -46.304  -42.785 0.6999999881
24990  -36.151  -45.048  -42.128 0.5000000000
24202  -29.360  -45.609  -42.055 0.6999999881
23484  -32.819  -48.049  -46.858 0.6999999881
101822  -37.380  -46.103  -43.344 0.4000000060
25002  -30.223  -45.708  -43.381 0.6999999881
22657  -32.386  -48.941  -47.437 0.6999999881
23496  -33.360  -47.878  -48.217 0.6000000238
23501  -32.856  -48.404  -48.055 0.6000000238
22665  -32.380  -48.820  -47.719 0.6999999881
24221  -38.145  -46.820  -44.153 0.4000000060
25019  -31.010  -45.460  -44.618 0.6999999881
24260  -32.163  -47.799  -48.181 0.6000000238
24233  -38.729  -46.761  -44.677 0.4000000060
24234  -39.404  -46.530  -45.373 0.4000000060
23497  -40.763  -47.233  -46.953 0.4000000060
23502  -41.344  -47.265  -47.671 0.4000000060
25927  -34.656  -43.973  -42.501 0.6000000238
25906  -27.440  -45.243  -41.540 0.6000000238
24976  -28.152  -45.586  -41.523 0.6000000238
24232  -33.252  -46.010  -45.021 0.6000000238
25021  -33.476  -45.229  -44.205 0.6999999881
25004  -33.462  -44.811  -43.195 0.6999999881
24245  -33.066  -47.066  -46.210 0.6000000238
93613  -33.664  -46.127  -46.018 0.6000000238
24201  -28.714  -45.989  -41.725 0.6999999881
24252  -33.547  -47.000  -47.121 0.6000000238
24987  -29.972  -45.219  -42.591 0.6999999881
24251  -33.312  -47.885  -47.712 0.6000000238
25006  -37.224  -45.098  -43.361 0.4000000060
25954  -31.250  -44.823  -44.226 0.6999999881
25944  -30.712  -44.988  -43.435 0.6999999881
23495  -32.879  -48.509  -47.895 0.6999999881
25007  -37.843  -45.817  -43.894 0.4000000060
24261  -33.123  -47.351  -48.606 0.6000000238
25023  -38.319  -45.065  -44.435 0.4000000060
101081  -38.402  -46.028  -44.388 0.4000000060
105379  -31.384  -45.046  -45.005 0.6999999881
25030  -31.203  -45.666  -45.645 0.6999999881
25037  -31.404  -45.946  -46.872 0.6999999881
24250  -31.313  -46.990  -47.446 0.6000000238
25024  -38.907  -45.768  -44.864 0.4000000060
25041  -39.918  -45.767  -46.034 0.4000000060
24246  -40.149  -46.802  -46.113 0.4000000060
24253  -40.637  -46.029  -46.852 0.4000000060
24264  -41.375  -46.248  -47.836 0.3000000119
25926  -33.919  -44.338  -42.264 0.6000000238
25922  -27.219  -44.514  -42.046 0.5000000000
25039  -34.026  -46.317  -47.288 0.6000000238
25032  -34.184  -45.238  -45.895 0.6000000238
25031  -33.820  -45.199  -44.924 0.6000000238
25946  -34.177  -44.005  -43.061 0.6000000238
106343  -28.150  -44.848  -41.644 0.6000000238
25923  -28.820  -44.452  -41.857 0.5000000000
26851  -34.857  -43.681  -43.213 0.5000000000
26830  -35.383  -43.737  -42.805 0.4000000060
25929  -36.041  -44.109  -42.618 0.5000000000
25907  -29.468  -44.771  -42.020 0.6999999881
25005  -36.584  -44.756  -42.796 0.4000000060
25924  -30.201  -44.295  -42.471 0.8000000119
25049  -34.183  -46.987  -48.631 0.6000000238
25947  -36.634  -44.045  -43.278 0.4000000060
25948  -37.284  -44.331  -43.731 0.4000000060
24272  -33.822  -47.055  -49.030 0.6000000238
25022  -37.698  -44.895  -43.928 0.4000000060
25057  -33.286  -46.376  -49.052 0.6000000238
25033  -38.980  -44.849  -45.142 0.4000000060
25961  -31.722  -44.992  -45.961 0.6999999881
25982  -32.634  -45.499  -48.498 0.6999999881
25034  -39.363  -45.533  -45.432 0.4000000060
96420  -32.255  -44.589  -46.553 0.6999999881
102265  -39.536  -44.926  -45.918 0.4000000060
107315  -40.309  -45.059  -46.936 0.3000000119
94494  -34.740  -44.425  -45.838 0.6000000238
25963  -34.447  -44.287  -44.700 0.6000000238
26864  -34.996  -43.593  -44.019 0.5000000000
111069  -28.070  -44.249  -42.043 0.6000000238
110973  -34.447  -46.229  -48.109 0.6000000238
25040  -34.530  -45.341  -46.998 0.6000000238
26852  -35.530  -43.500  -43.502 0.5000000000
92740  -29.464  -43.972  -42.145 0.6999999881
26866  -36.568  -43.070  -44.551 0.5000000000
26853  -36.252  -43.397  -43.724 0.4000000060
26831  -35.991  -43.617  -43.089 0.4000000060
26827  -30.049  -43.593  -42.397 0.6999999881
24263  -34.223  -46.928  -49.031 0.6000000238
26854  -37.034  -43.634  -43.965 0.5000000000
25925  -30.852  -44.085  -42.838 0.8000000119
26828  -30.652  -43.554  -42.602 0.8000000119
26867  -37.521  -43.298  -44.741 0.4000000060
25958  -37.728  -44.197  -44.247 0.4000000060
25945  -31.254  -44.238  -43.555 0.8000000119
25955  -31.726  -44.245  -44.579 0.6999999881
109812  -33.086  -45.619  -49.013 0.6999999881
97430  -39.904  -42.506  -49.963 0.5000000000
27756  -39.141  -42.780  -48.103 0.5000000000
26891  -38.893  -43.008  -47.089 0.5000000000
26868  -38.218  -43.325  -45.461 0.4000000060
25959  -38.395  -44.064  -44.851 0.4000000060
25962  -32.268  -44.116  -45.589 0.6999999881
25973  -32.545  -44.651  -47.495 0.6999999881
26878  -39.406  -43.800  -46.846 0.4000000060
25964  -39.011  -44.077  -45.759 0.4000000060
27781  -40.189  -42.263  -50.464 0.4000000060
27765  -40.261  -43.068  -49.316 0.5000000000
26899  -40.893  -43.519  -49.371 0.4000000060
26892  -40.081  -43.658  -48.363 0.4000000060
99590  -40.253  -44.324  -47.675 0.4000000060
25965  -39.664  -44.449  -46.575 0.4000000060
27774  -40.797  -43.095  -49.511 0.4000000060
27773  -40.594  -42.802  -49.676 0.4000000060
25986  -40.951  -44.055  -48.949 0.4000000060
25975  -40.915  -44.637  -48.290 0.4000000060
106076  -35.128  -44.515  -46.999 0.6000000238
26826  -28.487  -43.662  -42.397 0.5000000000
25984  -34.840  -45.670  -48.247 0.6000000238
26888  -35.251  -43.817  -45.844 0.5000000000
26875  -35.659  -43.258  -45.302 0.5000000000
26874  -35.109  -43.691  -44.968 0.5000000000
25051  -35.053  -46.027  -49.466 0.6000000238
25050  -34.585  -46.587  -49.062 0.6000000238
26890  -36.308  -42.921  -46.280 0.5000000000
27726  -36.086  -42.908  -44.935 0.5000000000
27698  -29.403  -43.144  -42.542 0.6000000238
25058  -34.019  -46.652  -49.264 0.6000000238
25059  -34.645  -46.291  -49.479 0.6000000238
27727  -36.488  -42.782  -45.152 0.5000000000
27755  -38.178  -42.539  -47.494 0.5000000000
27742  -37.112  -42.456  -45.983 0.5000000000
27728  -36.959  -42.665  -45.216 0.5000000000
26829  -31.219  -43.524  -42.926 0.8000000119
27772  -38.843  -42.408  -50.258 0.5000000000
27771  -37.894  -42.675  -49.803 0.5000000000
27764  -38.764  -42.457  -48.858 0.5000000000
26876  -37.522  -42.793  -45.481 0.4000000060
26849  -31.596  -43.692  -43.619 0.8000000119
25983  -33.035  -44.852  -48.618 0.6999999881
28584  -38.210  -42.500  -49.160 0.5000000000
26877  -37.935  -42.696  -46.300 0.5000000000
26863  -32.355  -43.437  -44.640 0.8000000119
25974  -32.929  -44.047  -47.499 0.6999999881
28594  -40.113  -42.058  -51.961 0.5000000000
27780  -40.023  -42.218  -50.872 0.4000000060
26886  -32.670  -43.831  -46.479 0.6999999881
26847  -27.535  -43.255  -43.229 0.5000000000
25985  -35.364  -45.149  -48.596 0.6000000238
26889  -35.719  -43.463  -46.388 0.5000000000
26848  -28.425  -42.907  -43.077 0.5000000000
26898  -36.292  -43.360  -47.436 0.5000000000
27711  -27.624  -42.650  -43.865 0.5000000000
27712  -28.591  -42.286  -43.675 0.5000000000
111060  -29.041  -42.638  -42.982 0.5000000000
25061  -35.433  -45.673  -50.036 0.6000000238
27762  -36.945  -42.728  -47.782 0.5000000000
27753  -36.767  -42.618  -46.604 0.5000000000
25990  -33.763  -45.790  -49.404 0.6000000238
25991  -34.723  -45.429  -50.091 0.6000000238
27770  -37.211  -43.165  -49.335 0.5000000000
27754  -37.312  -42.507  -46.982 0.5000000000
27714  -30.808  -42.350  -42.844 0.6999999881
26902  -33.772  -44.725  -49.365 0.6000000238
27763  -37.717  -42.559  -48.349 0.5000000000
103455  -31.444  -42.398  -42.985 0.6999999881
27779  -39.417  -42.294  -52.107 0.5000000000
27701  -31.716  -42.925  -43.198 0.6999999881
26850  -31.990  -43.430  -43.927 0.8000000119
96198  -40.195  -41.897  -50.978 0.5000000000
97596  -39.753  -40.871  -49.857 0.5000000000
27715  -32.321  -42.654  -43.767 0.6999999881
26872  -32.665  -43.406  -45.466 0.8000000119
28590  -40.499  -42.315  -49.797 0.5000000000
29406  -39.242  -40.943  -46.282 0.4000000060
29395  -39.290  -40.719  -45.224 0.5000000000
28567  -40.425  -41.824  -45.153 0.5000000000
28566  -39.804  -41.422  -45.739 0.5000000000
92867  -35.636  -44.129  -47.639 0.5000000000
25060  -35.592  -45.656  -49.853 0.6000000238
26897  -36.029  -44.703  -49.198 0.6000000238
28547  -28.402  -41.731  -44.498 0.5000000000
27713  -29.728  -42.363  -43.009 0.6999999881
25995  -35.700  -45.170  -50.582 0.6000000238
25992  -35.891  -45.297  -50.463 0.6000000238
26904  -37.196  -43.690  -51.022 0.5000000000
96313  -36.629  -43.570  -48.807 0.5000000000
27723  -27.815  -42.203  -44.398 0.5000000000
28535  -29.299  -41.659  -43.832 0.6000000238
106124  -34.341  -44.504  -49.880 0.6000000238
100180  -30.387  -41.674  -43.354 0.6999999881
26906  -35.033  -44.617  -50.429 0.6000000238
27778  -38.130  -42.732  -51.449 0.5000000000
28598  -40.181  -41.546  -52.614 0.6000000238
28597  -39.674  -41.847  -53.173 0.4000000060
29425  -40.125  -41.005  -52.857 0.5000000000
26896  -33.429  -43.891  -48.121 0.6999999881
29422  -40.024  -41.064  -51.515 0.5000000000
30258  -38.437  -39.466  -47.815 0.4000000060
106738  -38.213  -39.578  -46.138 0.4000000060
26887  -33.256  -43.355  -46.935 0.6999999881
29405  -38.849  -40.487  -46.714 0.4000000060
27724  -32.868  -42.564  -44.712 0.6999999881
29394  -38.661  -40.205  -45.842 0.4000000060
28550  -32.552  -41.769  -43.796 0.6999999881
28551  -39.939  -41.132  -44.711 0.5000000000
26903  -36.478  -44.568  -50.508 0.5000000000
25993  -36.087  -44.970  -50.902 0.5000000000
27775  -35.089  -43.797  -50.402 0.5000000000
27783  -38.441  -42.286  -52.339 0.5000000000
27768  -34.713  -43.118  -49.195 0.6000000238
28596  -38.624  -41.750  -53.038 0.6000000238
29427  -39.620  -40.607  -52.922 0.5000000000
29365  -31.030  -41.063  -43.691 0.6999999881
27759  -33.792  -42.993  -47.507 0.6999999881
30263  -38.331  -38.825  -49.140 0.5000000000
30257  -38.053  -38.787  -47.870 0.4000000060
28537  -31.363  -41.778  -43.199 0.6999999881
27751  -33.646  -42.503  -46.378 0.6999999881
30267  -39.399  -40.282  -51.869 0.5000000000
29421  -39.278  -40.030  -50.483 0.5000000000
30246  -38.042  -39.212  -46.906 0.4000000060
28538  -32.003  -42.063  -43.251 0.6999999881
26873  -33.137  -42.981  -45.857 0.6999999881
100449  -37.871  -38.979  -46.025 0.4000000060
31093  -37.958  -38.739  -45.086 0.4000000060
28549  -32.019  -41.201  -43.609 0.6999999881
27725  -33.078  -41.499  -44.499 0.6999999881
30236  -38.291  -39.480  -45.308 0.4000000060
103112  -32.621  -41.089  -44.033 0.6999999881
30221  -38.550  -39.158  -44.264 0.4000000060
30207  -39.124  -39.123  -43.549 0.4000000060
107849  -40.181  -40.720  -44.065 0.5000000000
97164  -39.543  -40.431  -44.294 0.5000000000
26908  -36.454  -44.283  -51.179 0.5000000000
26907  -35.853  -44.504  -51.073 0.5000000000
27777  -36.366  -43.752  -51.353 0.5000000000
27782  -37.229  -43.302  -51.702 0.5000000000
28595  -37.734  -42.580  -52.045 0.5000000000
28548  -29.029  -41.216  -44.684 0.6000000238
27776  -35.675  -43.610  -50.982 0.5000000000
28536  -29.935  -41.077  -44.111 0.6999999881
27769  -35.330  -42.816  -49.822 0.5000000000
29423  -39.296  -40.944  -53.562 0.5000000000
27760  -34.405  -42.571  -47.980 0.6999999881
30269  -39.024  -39.918  -52.520 0.5000000000
31112  -37.776  -38.160  -48.547 0.4000000060
30266  -38.855  -39.339  -51.360 0.5000000000
31125  -38.328  -38.763  -50.688 0.5000000000
31102  -37.691  -38.384  -47.055 0.4000000060
31092  -37.632  -38.226  -45.866 0.4000000060
28577  -34.632  -41.136  -46.328 0.6000000238
31080  -37.702  -38.049  -45.015 0.4000000060
27738  -33.458  -42.010  -45.330 0.6999999881
27739  -34.026  -41.544  -45.840 0.6000000238
29403  -34.745  -40.278  -46.322 0.6000000238
31081  -38.093  -38.294  -44.279 0.4000000060
29378  -32.362  -40.519  -44.250 0.6999999881
29379  -33.018  -40.723  -44.578 0.6000000238
28565  -33.627  -41.098  -45.073 0.6999999881
30235  -34.091  -39.934  -45.748 0.6000000238
29393  -34.163  -40.676  -45.648 0.6000000238
31067  -38.786  -38.415  -43.500 0.4000000060
30244  -34.486  -39.547  -46.487 0.6000000238
31082  -39.604  -39.421  -43.364 0.5000000000
30243  -33.822  -39.267  -46.236 0.6000000238
30223  -39.993  -40.079  -43.535 0.5000000000
29381  -40.744  -40.612  -43.718 0.5000000000
28564  -28.427  -40.734  -46.011 0.5000000000
100599  -36.845  -43.134  -51.711 0.6000000238
28593  -37.686  -41.529  -52.047 0.6000000238
29375  -29.583  -40.682  -44.921 0.6000000238
28591  -36.098  -42.761  -50.827 0.6000000238
29420  -38.427  -40.678  -52.865 0.5000000000
30265  -38.149  -39.552  -51.935 0.5000000000
30268  -38.833  -40.149  -52.833 0.5000000000
29388  -29.222  -40.458  -45.807 0.6000000238
29389  -30.127  -40.182  -45.364 0.6000000238
28587  -35.708  -41.732  -49.085 0.6000000238
31124  -37.810  -38.198  -49.897 0.5000000000
32020  -37.536  -37.524  -47.821 0.4000000060
29390  -31.149  -39.877  -44.882 0.6999999881
27761  -35.101  -42.113  -48.410 0.6999999881
28583  -36.037  -40.872  -48.416 0.6000000238
31131  -38.468  -39.354  -51.790 0.5000000000
32012  -37.518  -37.545  -46.618 0.4000000060
32006  -37.551  -37.428  -45.557 0.4000000060
27752  -34.206  -42.067  -46.863 0.6999999881
28581  -34.878  -41.598  -47.258 0.6999999881
29404  -35.373  -40.268  -47.044 0.6999999881
31130  -37.839  -38.499  -50.917 0.5000000000
31998  -37.784  -37.382  -44.482 0.4000000060
30233  -31.684  -39.394  -45.552 0.6000000238
30255  -35.511  -39.515  -47.574 0.6999999881
30220  -32.047  -39.792  -44.664 0.6999999881
29391  -32.820  -40.008  -44.812 0.6000000238
29392  -33.530  -40.329  -45.157 0.6000000238
30245  -35.039  -39.738  -46.821 0.6000000238
31111  -35.280  -38.609  -48.256 0.6000000238
31999  -38.255  -37.726  -43.730 0.4000000060
102664  -33.346  -39.640  -45.490 0.6000000238
30254  -34.875  -39.118  -47.285 0.6000000238
31121  -34.629  -37.522  -49.677 0.6000000238
31982  -38.862  -37.418  -43.154 0.4000000060
31101  -34.222  -38.816  -47.175 0.6000000238
31110  -34.532  -38.305  -48.410 0.6000000238
31068  -39.576  -38.766  -43.087 0.5000000000
31069  -40.207  -39.349  -43.105 0.5000000000
31070  -41.169  -39.062  -43.121 0.5000000000
28592  -36.890  -42.160  -51.383 0.6000000238
28588  -36.441  -41.244  -49.673 0.6000000238
109447  -37.033  -41.088  -50.706 0.6000000238
29419  -37.543  -40.328  -51.331 0.5000000000
32029  -37.443  -37.411  -49.215 0.5000000000
97241  -37.496  -36.807  -47.241 0.4000000060
30231  -29.737  -39.878  -46.392 0.6000000238
30232  -30.743  -39.596  -45.915 0.6000000238
29413  -36.348  -40.262  -48.617 0.6000000238
30264  -37.313  -39.082  -50.548 0.5000000000
32032  -36.635  -37.158  -50.060 0.5000000000
31129  -37.172  -37.992  -50.107 0.5000000000
32033  -37.251  -37.724  -49.931 0.5000000000
33016  -37.497  -36.728  -46.262 0.4000000060
28582  -35.523  -41.073  -47.692 0.6999999881
30256  -36.101  -39.668  -48.144 0.5000000000
33849  -37.847  -35.854  -44.492 0.4000000060
32028  -35.060  -37.133  -50.114 0.6000000238
32968  -38.159  -36.117  -43.720 0.4000000060
31090  -32.236  -38.997  -46.505 0.6000000238
31099  -32.889  -38.577  -47.664 0.6000000238
32990  -38.161  -36.944  -43.670 0.4000000060
29377  -31.580  -40.457  -44.166 0.6999999881
31100  -33.551  -38.706  -47.067 0.6000000238
98589  -39.349  -38.083  -43.026 0.4000000060
32969  -38.683  -36.447  -43.184 0.4000000060
92858  -40.351  -38.554  -42.903 0.5000000000
105971  -39.882  -38.138  -42.808 0.4000000060
95569  -41.077  -38.075  -43.094 0.5000000000
29416  -36.850  -40.219  -49.834 0.5000000000
33038  -36.791  -36.116  -50.055 0.5000000000
98277  -37.271  -36.617  -49.467 0.5000000000
33026  -37.534  -36.041  -47.659 0.4000000060
30241  -30.440  -39.407  -47.158 0.6000000238
30242  -31.362  -39.199  -46.759 0.6000000238
32036  -36.191  -36.448  -50.346 0.5000000000
32037  -36.959  -36.914  -50.048 0.5000000000
109575  -37.221  -37.185  -49.792 0.5000000000
110409  -37.559  -36.170  -46.845 0.4000000060
100528  -37.592  -35.922  -46.112 0.4000000060
31128  -36.214  -37.462  -49.820 0.5000000000
33005  -37.600  -36.518  -45.193 0.4000000060
32027  -34.356  -36.401  -50.398 0.6000000238
106997  -38.606  -35.724  -43.291 0.4000000060
31109  -33.671  -38.162  -48.886 0.6000000238
33033  -34.286  -36.328  -50.360 0.6000000238
32970  -39.486  -36.690  -42.818 0.4000000060
102128  -33.598  -37.480  -50.117 0.6000000238
31983  -39.715  -37.503  -42.799 0.4000000060
31969  -40.289  -36.931  -42.836 0.4000000060
32971  -40.959  -36.430  -43.184 0.3000000119
31984  -40.374  -37.748  -42.855 0.5000000000
92019  -41.033  -37.250  -43.169 0.4000000060
32972  -41.968  -36.807  -43.503 0.3000000119
102528  -37.202  -35.841  -49.415 0.5000000000
99301  -37.404  -35.954  -48.637 0.5000000000
34710  -37.894  -34.592  -46.642 0.5000000000
33904  -36.517  -35.632  -50.094 0.6000000238
33883  -37.684  -35.355  -46.983 0.4000000060
34689  -37.841  -35.113  -45.990 0.4000000060
31098  -31.981  -38.763  -48.324 0.6000000238
32035  -35.457  -36.189  -50.826 0.6000000238
34667  -38.013  -35.038  -44.963 0.4000000060
31108  -32.792  -38.111  -49.922 0.6000000238
32030  -34.858  -36.384  -50.613 0.6999999881
34654  -38.720  -34.347  -43.582 0.3000000119
31120  -33.077  -37.565  -50.370 0.6000000238
33035  -34.517  -36.223  -50.429 0.6000000238
108468  -38.946  -35.085  -43.119 0.3000000119
33899  -34.587  -35.964  -50.296 0.6000000238
32956  -39.254  -35.843  -42.887 0.4000000060
94319  -33.634  -36.682  -50.299 0.6000000238
33034  -34.526  -36.017  -49.600 0.6000000238
32957  -40.149  -35.997  -42.802 0.3000000119
33832  -40.823  -35.737  -43.128 0.3000000119
100987  -41.008  -35.102  -43.233 0.3000000119
100850  -41.795  -34.995  -43.632 0.3000000119
33833  -41.670  -35.827  -43.452 0.3000000119
33901  -37.042  -35.302  -49.800 0.6000000238
33897  -37.319  -35.176  -49.002 0.5000000000
34732  -37.485  -34.221  -48.455 0.5000000000
34721  -37.749  -34.478  -47.492 0.5000000000
33903  -35.892  -35.505  -50.200 0.6000000238
34741  -36.519  -34.898  -49.832 0.6000000238
31107  -31.807  -38.291  -50.632 0.6000000238
33036  -35.363  -36.006  -50.808 0.6000000238
34668  -38.336  -34.294  -44.442 0.3000000119
33850  -38.254  -35.187  -43.834 0.3000000119
31119  -32.329  -37.575  -50.306 0.6000000238
32019  -33.128  -37.152  -50.433 0.6000000238
33023  -33.252  -36.779  -49.860 0.6000000238
33824  -39.778  -35.163  -42.796 0.3000000119
33032  -33.680  -36.653  -50.316 0.6000000238
33024  -34.219  -36.329  -49.112 0.6000000238
34656  -40.321  -34.485  -42.977 0.3000000119
34657  -41.158  -34.329  -43.418 0.3000000119
34658  -41.938  -34.270  -43.903 0.3000000119
97123  -36.586  -34.078  -48.984 0.6000000238
34738  -37.068  -34.599  -49.162 0.6000000238
35677  -37.817  -33.573  -47.714 0.5000000000
34737  -35.875  -34.695  -49.561 0.6000000238
35662  -38.265  -33.334  -46.476 0.4000000060
35648  -38.438  -33.039  -45.669 0.4000000060
105343  -38.452  -33.556  -44.876 0.4000000060
34730  -35.776  -34.854  -48.865 0.6000000238
35639  -38.643  -33.561  -44.039 0.3000000119
33896  -35.117  -35.640  -49.069 0.6000000238
103164  -39.632  -33.231  -43.528 0.3000000119
33025  -34.836  -35.942  -48.279 0.6000000238
35625  -39.908  -33.723  -43.179 0.3000000119
94881  -33.792  -36.561  -48.471 0.6000000238
33014  -34.487  -36.250  -47.492 0.6000000238
35626  -40.602  -33.664  -43.375 0.3000000119
35628  -42.082  -33.560  -44.201 0.3000000119
96033  -37.311  -33.698  -48.771 0.5000000000
36553  -37.997  -32.764  -47.233 0.5000000000
35678  -38.145  -33.010  -47.187 0.4000000060
36541  -38.425  -32.474  -46.271 0.4000000060
36530  -38.689  -32.057  -45.546 0.4000000060
34731  -36.334  -34.047  -48.584 0.6000000238
36516  -38.711  -32.723  -44.691 0.3000000119
32018  -32.740  -37.093  -50.231 0.6000000238
36517  -39.294  -32.281  -44.317 0.3000000119
33022  -32.671  -36.894  -48.573 0.6000000238
33890  -35.508  -35.315  -47.757 0.6000000238
37359  -39.823  -31.999  -44.121 0.3000000119
94465  -34.060  -36.454  -46.625 0.6000000238
36562  -36.770  -32.817  -47.920 0.6000000238
36569  -38.012  -31.089  -46.140 0.4000000060
36564  -38.023  -30.835  -46.801 0.4000000060
36554  -38.385  -32.075  -46.345 0.4000000060
35676  -36.491  -33.385  -48.029 0.5000000000
34720  -36.114  -34.215  -47.822 0.5000000000
98046  -38.925  -31.815  -44.900 0.3000000119
37368  -39.480  -31.324  -44.652 0.3000000119
33012  -32.378  -36.765  -46.982 0.6000000238
33882  -35.353  -35.454  -46.516 0.5000000000
33013  -33.189  -36.694  -47.303 0.6000000238
33003  -33.583  -36.371  -45.672 0.6000000238
33004  -34.278  -36.213  -45.617 0.6000000238
33881  -34.801  -36.065  -46.194 0.6000000238
32988  -34.138  -36.014  -44.958 0.5000000000
91996  -36.762  -31.920  -47.097 0.4000000060
37408  -37.034  -30.986  -46.563 0.3000000119
37409  -37.886  -30.254  -46.689 0.4000000060
37410  -38.329  -30.589  -46.545 0.4000000060
37397  -38.396  -30.191  -46.977 0.3000000119
35661  -36.378  -33.385  -47.389 0.5000000000
36552  -36.662  -32.685  -47.632 0.4000000060
37382  -39.056  -30.355  -46.241 0.3000000119
34709  -36.052  -33.971  -46.755 0.5000000000
38355  -39.005  -29.755  -46.645 0.3000000119
34708  -35.770  -34.704  -46.938 0.5000000000
37367  -39.073  -30.897  -45.615 0.3000000119
95285  -35.635  -34.689  -45.861 0.5000000000
38344  -40.107  -30.555  -44.573 0.3000000119
105541  -35.178  -35.515  -45.640 0.5000000000
33867  -34.707  -35.796  -45.237 0.5000000000
37395  -37.053  -30.885  -46.549 0.3000000119
37396  -37.697  -29.848  -47.319 0.3000000119
38384  -38.145  -29.861  -47.283 0.3000000119
36540  -36.603  -32.027  -46.347 0.3000000119
38370  -38.257  -29.805  -47.257 0.3000000119
36529  -36.354  -32.705  -45.412 0.3000000119
39279  -38.506  -29.336  -46.903 0.3000000119
34688  -36.071  -33.626  -45.772 0.4000000060
38356  -39.130  -29.287  -46.063 0.3000000119
38343  -39.388  -30.177  -45.354 0.3000000119
34687  -35.681  -34.255  -44.938 0.5000000000
39254  -40.473  -29.268  -44.860 0.3000000119
33868  -35.175  -35.054  -44.825 0.5000000000
94772  -40.478  -29.905  -44.692 0.3000000119
33848  -34.546  -35.462  -44.644 0.4000000060
96155  -36.887  -31.093  -46.079 0.3000000119
38368  -37.187  -29.991  -46.566 0.3000000119
37381  -36.601  -31.711  -45.386 0.3000000119
38369  -37.826  -29.829  -47.408 0.3000000119
39265  -38.762  -28.817  -46.405 0.3000000119
35638  -35.935  -33.419  -44.521 0.3000000119
36515  -36.314  -32.375  -44.340 0.3000000119
39266  -39.372  -28.859  -45.687 0.3000000119
36514  -35.888  -32.954  -43.833 0.3000000119
39267  -39.909  -28.798  -45.204 0.3000000119
34666  -35.333  -34.232  -44.141 0.4000000060
40103  -40.626  -28.589  -45.108 0.3000000119
34665  -34.635  -34.795  -44.041 0.4000000060
40104  -41.402  -28.502  -45.249 0.3000000119
39268  -41.755  -29.183  -45.167 0.3000000119
38353  -36.933  -30.670  -45.685 0.3000000119
38354  -37.567  -29.698  -46.229 0.3000000119
91912  -38.318  -29.615  -47.093 0.3000000119
92245  -36.593  -31.204  -44.426 0.3000000119
40111  -38.533  -28.633  -46.031 0.3000000119
39278  -38.661  -29.128  -46.469 0.3000000119
40112  -38.762  -28.653  -46.069 0.3000000119
106647  -35.945  -32.447  -43.626 0.3000000119
41013  -39.669  -27.629  -45.554 0.3000000119
35623  -35.429  -33.491  -43.668 0.4000000060
97697  -40.056  -28.181  -45.306 0.3000000119
94121  -40.816  -27.731  -45.338 0.3000000119
34652  -34.255  -34.150  -43.504 0.4000000060
41014  -41.571  -27.341  -45.570 0.3000000119
95833  -41.777  -27.939  -45.526 0.3000000119
40106  -42.700  -28.118  -45.917 0.3000000119
38342  -36.930  -30.093  -44.978 0.3000000119
39252  -37.451  -29.217  -45.335 0.3000000119
39264  -38.221  -29.005  -46.365 0.3000000119
40101  -38.351  -27.991  -45.760 0.3000000119
38341  -36.301  -31.078  -43.474 0.3000000119
92136  -36.568  -30.335  -43.860 0.3000000119
41022  -38.742  -28.078  -45.839 0.3000000119
40102  -39.269  -28.304  -45.775 0.3000000119
37358  -35.918  -31.521  -43.171 0.3000000119
41023  -38.803  -27.417  -45.899 0.3000000119
41024  -39.126  -27.145  -45.945 0.3000000119
35622  -34.967  -33.253  -43.167 0.4000000060
94890  -40.140  -26.962  -45.528 0.3000000119
41878  -41.051  -26.853  -45.527 0.3000000119
105852  -34.524  -33.596  -43.241 0.4000000060
41879  -41.804  -26.747  -45.788 0.3000000119
35621  -33.932  -33.510  -43.150 0.4000000060
41015  -42.265  -27.454  -45.824 0.3000000119
41887  -42.483  -26.680  -46.226 0.3000000119
40093  -37.798  -28.383  -45.525 0.3000000119
39251  -36.800  -29.492  -44.233 0.3000000119
40092  -37.052  -28.720  -44.422 0.3000000119
37350  -35.918  -30.980  -42.945 0.3000000119
41877  -39.519  -26.373  -45.880 0.3000000119
102748  -40.505  -26.276  -45.715 0.3000000119
42720  -41.301  -26.187  -45.816 0.3000000119
41886  -41.997  -26.044  -46.097 0.3000000119
35620  -33.163  -33.222  -43.333 0.3000000119
101830  -43.208  -25.761  -47.336 0.3000000119
98769  -36.590  -29.007  -43.676 0.3000000119
41004  -37.179  -27.943  -44.427 0.3000000119
41005  -37.763  -27.563  -45.260 0.3000000119
41875  -38.203  -26.335  -45.727 0.3000000119
41012  -38.396  -27.250  -45.753 0.3000000119
98142  -36.246  -28.953  -43.011 0.3000000119
41876  -38.784  -26.618  -45.991 0.3000000119
42718  -39.146  -25.753  -46.142 0.3000000119
42719  -40.048  -25.648  -45.985 0.3000000119
105554  -40.832  -25.718  -45.934 0.3000000119
42741  -41.438  -25.536  -46.144 0.3000000119
42742  -42.092  -25.345  -46.454 0.3000000119
43514  -42.079  -24.591  -46.726 0.3000000119
42754  -42.716  -25.097  -46.912 0.3000000119
42743  -42.631  -25.896  -46.593 0.3000000119
42755  -43.193  -24.974  -47.626 0.3000000119
42764  -43.526  -25.123  -48.502 0.3000000119
40086  -36.593  -28.255  -43.520 0.3000000119
40989  -36.750  -27.534  -43.734 0.3000000119
41865  -37.681  -26.768  -45.147 0.3000000119
40073  -35.995  -28.178  -42.673 0.3000000119
40973  -36.378  -27.455  -43.061 0.3000000119
41847  -36.650  -26.846  -43.561 0.3000000119
98441  -37.046  -26.358  -44.284 0.3000000119
102374  -37.569  -25.943  -45.082 0.3000000119
99038  -38.569  -25.741  -46.011 0.3000000119
99739  -35.730  -28.930  -42.570 0.3000000119
39238  -35.172  -29.333  -42.258 0.3000000119
42740  -40.732  -24.998  -46.231 0.3000000119
93369  -41.543  -24.931  -46.409 0.3000000119
43531  -42.688  -24.268  -47.357 0.3000000119
43532  -43.249  -24.315  -48.104 0.3000000119
42689  -36.510  -25.897  -43.397 0.3000000119
40972  -35.817  -27.298  -42.513 0.3000000119
41832  -36.204  -26.645  -42.859 0.3000000119
41831  -35.592  -26.516  -42.384 0.3000000119
40971  -34.947  -28.082  -41.798 0.3000000119
109221  -35.468  -27.848  -42.208 0.3000000119
30261  -36.002  -38.914  -48.458 0.6999999881
31122  -35.701  -37.989  -49.218 0.6000000238
8556  -29.050  -67.070  -35.676 0.3000000119
9150  -28.673  -66.574  -36.243 0.3000000119
9162  -28.862  -66.764  -37.514 0.3000000119
9161  -28.561  -65.843  -36.965 0.3000000119
9171  -28.829  -65.784  -38.107 0.4000000060
94213  -29.273  -65.530  -38.962 0.4000000060
10503  -29.693  -64.423  -39.563 0.4000000060
10504  -30.300  -63.896  -40.077 0.4000000060
11230  -30.292  -62.955  -39.781 0.4000000060
11907  -30.519  -62.136  -39.786 0.4000000060
12632  -31.030  -61.549  -40.167 0.4000000060
100382  -29.892  -60.096  -39.379 0.4000000060
16289  -28.473  -56.461  -38.221 0.4000000060
104991  -33.888  -57.080  -34.571 0.3000000119
16257  -34.836  -56.385  -34.585 0.3000000119
17811  -34.821  -55.697  -34.744 0.3000000119
100813  -28.481  -55.787  -38.691 0.5000000000
18658  -35.785  -53.402  -35.131 0.3000000119
17067  -28.573  -55.350  -39.475 0.5000000000
17854  -28.544  -54.333  -39.134 0.5000000000
19550  -38.422  -52.621  -41.492 0.3000000119
19559  -37.648  -52.778  -41.523 0.3000000119
104759  -38.643  -52.834  -42.470 0.3000000119
18722  -28.753  -53.119  -39.999 0.6000000238
19567  -37.771  -52.764  -42.848 0.4000000060
20405  -38.456  -52.496  -43.673 0.4000000060
100709  -39.429  -52.276  -44.374 0.4000000060
21148  -40.577  -51.894  -45.852 0.4000000060
22614  -26.174  -48.383  -41.098 0.5000000000
99687  -25.891  -49.212  -41.502 0.5000000000
20396  -29.378  -51.655  -42.768 0.6999999881
21861  -41.494  -51.735  -46.980 0.4000000060
21134  -30.181  -50.510  -43.283 0.6999999881
23445  -27.587  -47.450  -41.394 0.5000000000
23446  -28.238  -47.566  -41.808 0.5000000000
23453  -28.754  -47.391  -42.537 0.6000000238
23460  -29.412  -47.136  -43.558 0.8000000119
21838  -30.984  -49.650  -44.024 0.8000000119
22631  -30.882  -49.089  -42.886 0.6999999881
21839  -31.325  -49.476  -44.714 0.8000000119
103564  -30.639  -50.426  -44.319 0.6999999881
22667  -41.751  -49.198  -48.061 0.4000000060
107015  -41.608  -47.847  -48.030 0.4000000060
22656  -31.969  -49.341  -47.337 0.8000000119
25029  -30.740  -46.142  -45.218 0.6999999881
24244  -30.926  -46.433  -46.298 0.6999999881
22664  -31.948  -49.126  -47.665 0.8000000119
23494  -31.507  -48.112  -47.690 0.6000000238
24265  -42.236  -46.015  -48.456 0.3000000119
26905  -41.034  -43.493  -49.363 0.4000000060
25052  -41.045  -45.331  -47.923 0.4000000060
25053  -41.715  -45.271  -48.339 0.3000000119
25994  -41.315  -43.946  -48.861 0.4000000060
110997  -41.155  -44.219  -48.749 0.4000000060
28586  -40.678  -42.360  -48.567 0.4000000060
27757  -41.037  -42.622  -47.010 0.4000000060
28580  -40.408  -42.040  -46.315 0.5000000000
28585  -40.098  -41.608  -48.421 0.5000000000
28579  -39.923  -41.686  -47.097 0.5000000000
27743  -40.977  -42.433  -45.743 0.4000000060
29417  -38.968  -39.904  -48.937 0.5000000000
29414  -38.870  -40.278  -47.582 0.4000000060
92007  -40.746  -41.352  -44.270 0.5000000000
103039  -41.360  -40.456  -43.569 0.5000000000
30209  -41.709  -39.872  -43.424 0.5000000000
29387  -27.731  -41.081  -46.100 0.5000000000
29411  -28.166  -40.044  -47.302 0.6000000238
29402  -28.760  -40.118  -46.824 0.6000000238
32973  -42.764  -36.233  -43.971 0.3000000119
30240  -29.582  -39.543  -47.726 0.6000000238
30253  -30.420  -39.457  -48.844 0.6000000238
111324  -31.079  -39.194  -48.039 0.6000000238
33834  -42.467  -35.550  -43.911 0.3000000119
34669  -42.613  -34.985  -44.256 0.3000000119
31097  -31.209  -39.207  -49.837 0.6000000238
32017  -31.962  -37.521  -50.357 0.6000000238
32011  -32.030  -37.119  -48.526 0.6000000238
96548  -32.856  -36.548  -46.080 0.6000000238
33001  -32.260  -36.441  -45.947 0.6000000238
32987  -33.494  -35.970  -44.850 0.5000000000
33847  -34.013  -35.457  -44.420 0.5000000000
34664  -33.760  -34.757  -43.909 0.4000000060
34651  -33.442  -33.998  -43.560 0.4000000060
43530  -41.958  -23.839  -47.028 0.3000000119
44411  -43.192  -23.650  -48.551 0.3000000119
43544  -43.466  -24.337  -49.004 0.3000000119
92344  -35.140  -27.197  -41.931 0.3000000119
40959  -34.242  -27.717  -41.650 0.3000000119
21860  -41.051  -51.869  -46.370 0.4000000060
28568  -41.167  -42.139  -44.773 0.5000000000
11173  -28.764  -63.478  -34.192 0.3000000119
11190  -28.486  -63.386  -34.804 0.3000000119
11866  -28.405  -62.633  -35.079 0.3000000119
15537  -28.450  -57.186  -37.645 0.4000000060
13266  -31.519  -60.584  -33.525 0.3000000119
14028  -28.382  -59.496  -36.435 0.4000000060
101523  -30.291  -57.729  -33.220 0.3000000119
17849  -28.503  -54.366  -38.230 0.4000000060
18712  -35.373  -53.570  -38.491 0.3000000119
19542  -36.005  -53.355  -39.657 0.3000000119
19492  -32.713  -52.480  -35.470 0.3000000119
20382  -38.655  -52.104  -41.179 0.3000000119
21061  -32.520  -51.021  -35.778 0.3000000119
21073  -33.759  -51.001  -36.707 0.3000000119
21797  -29.912  -49.746  -38.639 0.6000000238
98457  -37.736  -52.815  -42.212 0.4000000060
21106  -29.473  -50.441  -39.682 0.6000000238
21772  -32.652  -49.500  -36.616 0.3000000119
20411  -38.984  -52.266  -44.335 0.4000000060
21111  -29.593  -50.602  -41.308 0.6999999881
22580  -33.372  -48.423  -37.558 0.4000000060
23413  -32.458  -47.594  -37.939 0.4000000060
93629  -36.871  -50.362  -42.532 0.4000000060
23435  -30.931  -47.802  -40.539 0.6999999881
94052  -30.528  -49.061  -41.863 0.6999999881
21127  -29.677  -50.913  -42.469 0.6999999881
22641  -39.285  -49.593  -45.260 0.4000000060
98388  -40.085  -50.076  -46.146 0.4000000060
22658  -40.666  -50.478  -46.691 0.4000000060
105462  -25.584  -47.693  -40.705 0.3000000119
24204  -32.108  -46.008  -41.047 0.6000000238
24212  -32.094  -46.146  -41.899 0.6000000238
24213  -36.815  -46.802  -42.592 0.5000000000
22632  -31.360  -48.716  -43.784 0.6999999881
23483  -32.402  -48.596  -46.488 0.6999999881
23472  -39.088  -47.475  -44.993 0.4000000060
24262  -33.821  -47.240  -48.642 0.6000000238
23500  -32.178  -48.690  -48.005 0.6999999881
24273  -41.933  -46.944  -48.274 0.4000000060
25956  -33.939  -44.472  -43.924 0.6000000238
25957  -34.484  -43.909  -43.712 0.6999999881
101223  -33.792  -47.432  -48.173 0.6000000238
25038  -32.049  -45.451  -47.475 0.6999999881
25047  -31.950  -46.655  -48.116 0.6999999881
24249  -30.752  -47.339  -46.847 0.8000000119
25048  -32.514  -46.290  -48.534 0.6999999881
26865  -35.718  -43.234  -44.380 0.5000000000
27699  -30.371  -42.993  -42.546 0.6999999881
99670  -38.669  -43.378  -46.210 0.4000000060
27740  -36.146  -42.919  -45.577 0.5000000000
98798  -34.035  -43.662  -48.910 0.6999999881
28589  -40.169  -41.538  -49.490 0.5000000000
30222  -39.256  -39.715  -43.893 0.5000000000
29380  -38.865  -39.996  -44.751 0.4000000060
28546  -27.603  -41.835  -45.015 0.5000000000
30247  -38.447  -39.903  -46.786 0.4000000060
28563  -28.234  -41.319  -45.364 0.5000000000
106382  -38.758  -39.204  -50.115 0.5000000000
105561  -28.874  -40.878  -45.357 0.5000000000
29376  -30.570  -40.508  -44.452 0.6999999881
28578  -35.123  -40.849  -46.811 0.6999999881
31091  -33.050  -38.995  -46.247 0.6000000238
30208  -40.842  -39.946  -43.348 0.5000000000
29401  -27.946  -40.574  -46.695 0.5000000000
29412  -35.893  -40.271  -47.776 0.6999999881
30234  -32.535  -39.402  -45.425 0.6000000238
97971  -37.442  -36.735  -48.322 0.4000000060
30262  -36.535  -39.393  -49.032 0.5000000000
31123  -36.551  -38.374  -49.474 0.5000000000
32031  -35.678  -36.699  -50.422 0.6999999881
33891  -37.559  -35.201  -48.056 0.5000000000
34711  -38.012  -33.869  -46.928 0.4000000060
34690  -38.171  -34.123  -45.755 0.4000000060
33902  -34.842  -35.962  -50.553 0.6000000238
35624  -39.203  -33.700  -43.489 0.3000000119
33900  -35.240  -35.505  -49.742 0.6000000238
33825  -40.399  -35.282  -42.903 0.3000000119
99689  -42.683  -34.280  -44.505 0.3000000119
34740  -35.943  -34.722  -49.943 0.6000000238
105890  -35.478  -35.511  -50.090 0.6000000238
35688  -37.583  -33.201  -48.108 0.6000000238
36504  -39.129  -33.007  -43.883 0.3000000119
96951  -40.204  -33.069  -43.520 0.3000000119
33015  -35.046  -35.878  -47.133 0.6000000238
36567  -37.179  -31.888  -47.271 0.5000000000
36563  -37.828  -32.286  -47.132 0.5000000000
107825  -38.927  -31.987  -46.225 0.4000000060
37414  -37.153  -31.472  -46.788 0.4000000060
110905  -36.758  -32.195  -47.025 0.4000000060
38388  -38.236  -30.008  -46.937 0.4000000060
39253  -39.795  -29.545  -45.054 0.3000000119
97120  -36.510  -32.741  -46.984 0.4000000060
98747  -36.283  -33.353  -46.647 0.4000000060
106670  -42.254  -28.022  -45.697 0.3000000119
36503  -35.448  -32.801  -43.326 0.3000000119
34653  -34.896  -33.970  -43.540 0.4000000060
40113  -38.856  -27.855  -45.922 0.3000000119
41888  -43.091  -26.567  -46.868 0.3000000119
38334  -36.164  -30.368  -43.078 0.3000000119
39245  -36.384  -29.635  -43.361 0.3000000119
39239  -35.840  -29.679  -42.717 0.3000000119
41864  -37.163  -27.174  -44.354 0.3000000119
106466  -38.037  -25.634  -45.702 0.3000000119
40072  -35.352  -28.535  -42.201 0.3000000119
43512  -40.182  -24.172  -46.535 0.3000000119
43513  -41.242  -24.197  -46.611 0.3000000119
44396  -42.935  -23.727  -47.886 0.3000000119
43550  -43.566  -24.283  -49.896 0.3000000119
42701  -36.976  -25.467  -44.359 0.3000000119
110955  -34.408  -28.281  -41.710 0.3000000119
40053  -33.905  -28.512  -41.729 0.3000000119
44410  -42.806  -23.130  -48.170 0.3000000119
11916  -31.119  -62.338  -40.331 0.4000000060
92736  -30.602  -49.868  -43.409 0.6999999881
21853  -31.259  -49.830  -46.539 0.8000000119
23493  -30.904  -48.451  -47.174 0.8000000119
33002  -32.914  -36.258  -45.345 0.5000000000
105091  -40.624  -42.302  -47.453 0.4000000060
27731  -44.071  -43.047  -44.759 0.3000000119
27730  -42.784  -42.429  -44.518 0.4000000060
28555  -44.512  -41.643  -44.405 0.3000000119
27744  -41.676  -42.734  -45.328 0.4000000060
27729  -41.965  -42.344  -44.618 0.4000000060
28552  -41.612  -41.683  -44.240 0.4000000060
96765  -44.447  -40.817  -44.357 0.3000000119
28541  -42.774  -41.152  -43.854 0.4000000060
99499  -43.618  -40.844  -43.935 0.3000000119
29415  -39.296  -41.016  -47.341 0.3000000119
28540  -42.061  -41.296  -43.914 0.4000000060
30210  -42.681  -39.770  -43.591 0.3000000119
29366  -42.133  -40.632  -43.640 0.4000000060
103049  -43.260  -38.969  -43.924 0.3000000119
31987  -43.366  -37.541  -44.694 0.3000000119
31072  -43.196  -38.178  -44.004 0.3000000119
31986  -42.572  -37.521  -43.700 0.3000000119
32974  -43.083  -36.954  -44.151 0.3000000119
31071  -41.962  -38.235  -43.411 0.3000000119
31106  -28.992  -39.171  -49.397 0.5000000000
30239  -28.842  -39.506  -48.065 0.5000000000
30260  -30.541  -39.261  -50.249 0.5000000000
31117  -30.167  -38.853  -50.707 0.5000000000
31118  -31.515  -37.887  -51.340 0.5000000000
32025  -30.179  -38.153  -50.772 0.5000000000
32015  -30.235  -37.761  -50.276 0.5000000000
32016  -31.170  -37.634  -50.571 0.4000000060
32014  -29.226  -37.795  -49.545 0.5000000000
33021  -30.353  -37.236  -48.514 0.4000000060
32010  -31.182  -37.182  -48.453 0.5000000000
33020  -29.520  -37.180  -48.376 0.4000000060
33009  -29.796  -36.540  -47.371 0.4000000060
33011  -31.523  -36.685  -46.856 0.5000000000
33010  -30.594  -36.705  -47.209 0.4000000060
33880  -30.769  -35.944  -46.401 0.5000000000
33879  -30.123  -35.942  -46.767 0.4000000060
33865  -31.468  -35.866  -45.870 0.4000000060
34707  -30.907  -34.879  -46.079 0.5000000000
34706  -30.242  -34.986  -46.597 0.3000000119
108374  -32.863  -35.767  -44.839 0.4000000060
34686  -32.395  -35.088  -44.796 0.3000000119
34685  -31.599  -34.931  -45.443 0.3000000119
97217  -31.114  -34.052  -45.761 0.3000000119
33846  -33.229  -35.292  -44.423 0.3000000119
34662  -31.817  -34.206  -45.000 0.3000000119
34663  -32.749  -34.389  -44.218 0.3000000119
35636  -32.064  -33.521  -44.510 0.3000000119
35637  -32.733  -33.639  -43.832 0.3000000119
26881  -44.429  -43.662  -45.192 0.3000000119
31115  -27.177  -38.247  -48.293 0.4000000060
32024  -29.052  -38.024  -49.674 0.4000000060
29418  -39.453  -40.871  -48.461 0.4000000060
27766  -41.220  -42.875  -48.433 0.4000000060
28539  -41.433  -41.048  -43.820 0.4000000060
30252  -29.750  -39.429  -49.447 0.5000000000
108466  -44.605  -42.342  -44.561 0.3000000119
92133  -43.705  -42.413  -44.493 0.4000000060
28553  -42.398  -41.799  -44.218 0.4000000060
28554  -43.426  -41.658  -44.172 0.3000000119
29367  -43.178  -40.355  -43.749 0.3000000119
102336  -42.284  -39.037  -43.484 0.3000000119
30251  -28.103  -39.548  -47.839 0.5000000000
31105  -27.860  -38.963  -48.193 0.5000000000
102653  -29.533  -38.564  -50.188 0.5000000000
93316  -31.047  -38.482  -51.157 0.5000000000
31126  -30.899  -38.209  -51.421 0.5000000000
31127  -31.252  -38.051  -51.567 0.5000000000
32026  -31.066  -37.971  -51.534 0.4000000060
33866  -32.249  -35.768  -45.296 0.3000000119
27745  -42.402  -42.945  -45.001 0.4000000060
22630  -29.141  -47.971  -44.288 0.6999999881
22655  -31.293  -49.529  -46.986 0.6999999881
22645  -30.252  -48.780  -46.633 0.6999999881
23481  -29.663  -48.057  -45.783 0.6999999881
23467  -29.522  -47.596  -44.754 0.6999999881
23482  -30.179  -47.702  -46.347 0.6999999881
23468  -29.905  -47.222  -45.343 0.6999999881
24217  -29.797  -46.952  -44.490 0.6999999881
25987  -41.810  -44.263  -48.475 0.3000000119
26900  -41.690  -43.811  -48.417 0.3000000119
26901  -42.157  -44.105  -47.859 0.3000000119
24243  -30.386  -46.830  -45.831 0.6999999881
27767  -41.277  -43.473  -48.961 0.3000000119
27758  -41.550  -43.221  -47.869 0.3000000119
26893  -41.948  -43.566  -47.175 0.3000000119
25976  -42.648  -44.412  -47.125 0.3000000119
26895  -42.912  -44.003  -45.984 0.3000000119
24230  -30.232  -46.561  -44.827 0.6999999881
26879  -42.207  -43.401  -45.885 0.3000000119
93697  -41.532  -42.999  -46.427 0.3000000119
27746  -43.175  -43.036  -44.815 0.3000000119
102142  -42.817  -43.412  -45.334 0.3000000119
21845  -30.976  -50.495  -45.984 0.6999999881
21852  -30.883  -50.339  -46.211 0.6999999881
102383  -28.434  -48.723  -43.545 0.6999999881
21859  -30.965  -50.075  -46.498 0.6999999881
21858  -30.382  -49.713  -46.502 0.6999999881
22644  -29.550  -49.035  -46.119 0.6999999881
22638  -29.193  -48.394  -45.191 0.6999999881
23459  -28.782  -48.037  -43.506 0.6999999881
107344  -41.866  -44.720  -48.437 0.3000000119
25977  -43.316  -44.678  -46.595 0.3000000119
26880  -43.504  -43.590  -45.271 0.3000000119
25966  -43.791  -44.269  -45.734 0.3000000119
97634  -41.421  -44.572  -48.493 0.3000000119
26894  -42.396  -43.905  -46.736 0.3000000119
15554  -29.825  -57.448  -40.815 0.4000000060
16297  -29.307  -56.754  -40.717 0.4000000060
16296  -28.777  -56.081  -40.144 0.4000000060
15551  -28.826  -57.336  -39.320 0.4000000060
15564  -30.029  -57.137  -41.534 0.4000000060
99127  -28.645  -53.868  -39.780 0.5000000000
17858  -28.648  -54.525  -40.036 0.4000000060
17070  -28.722  -55.256  -40.475 0.4000000060
16293  -28.898  -56.796  -39.905 0.4000000060
17071  -28.969  -55.930  -41.021 0.4000000060
16306  -29.533  -56.452  -41.617 0.4000000060
17865  -28.736  -54.507  -40.878 0.5000000000
17078  -29.125  -55.754  -41.864 0.5000000000
18721  -28.717  -53.835  -40.472 0.5000000000
18727  -28.745  -53.785  -41.321 0.5000000000
17083  -28.930  -55.588  -42.677 0.5000000000
17088  -29.039  -56.190  -43.196 0.5000000000
17866  -28.709  -54.476  -41.789 0.5000000000
18730  -28.676  -53.723  -42.309 0.5000000000
17082  -28.467  -55.452  -43.437 0.6000000238
17874  -28.186  -54.710  -43.981 0.5000000000
109429  -28.984  -52.532  -41.244 0.6000000238
97620  -28.822  -52.997  -41.808 0.6000000238
17870  -28.588  -54.566  -43.015 0.5000000000
17875  -28.017  -54.110  -44.323 0.5000000000
18732  -26.711  -53.628  -43.693 0.5000000000
17873  -27.403  -54.298  -44.076 0.5000000000
18736  -28.102  -53.283  -44.457 0.5000000000
18733  -27.548  -53.527  -44.289 0.5000000000
21124  -25.638  -50.572  -42.482 0.4000000060
107645  -26.499  -50.376  -42.689 0.5000000000
110982  -28.902  -52.631  -42.376 0.6000000238
110759  -26.197  -50.790  -42.833 0.5000000000
18735  -28.760  -52.999  -42.725 0.6000000238
108096  -28.582  -53.491  -43.367 0.6000000238
21125  -26.629  -50.910  -43.258 0.5000000000
18737  -28.455  -52.888  -44.367 0.6000000238
18734  -28.354  -53.740  -44.081 0.5000000000
19564  -26.002  -52.950  -43.208 0.5000000000
21123  -24.623  -51.072  -42.436 0.4000000060
21828  -26.279  -49.779  -42.057 0.5000000000
21829  -27.054  -49.754  -42.472 0.5000000000
19557  -29.080  -52.191  -42.000 0.6000000238
21126  -27.127  -50.382  -43.326 0.5000000000
111004  -28.792  -52.821  -43.500 0.6000000238
19572  -28.668  -52.910  -44.074 0.6000000238
99784  -29.250  -51.983  -44.449 0.6000000238
19570  -26.907  -52.855  -43.911 0.5000000000
19571  -27.699  -52.726  -44.490 0.5000000000
20408  -27.899  -51.954  -44.699 0.5000000000
21820  -25.496  -49.847  -41.933 0.4000000060
21121  -24.766  -50.196  -42.057 0.4000000060
21821  -27.659  -49.038  -42.429 0.5000000000
22628  -28.095  -49.046  -43.166 0.5000000000
101970  -27.607  -49.659  -43.331 0.5000000000
21837  -28.202  -49.482  -44.119 0.5000000000
21133  -29.773  -51.287  -43.572 0.6000000238
21836  -27.694  -50.341  -44.225 0.5000000000
98719  -29.681  -51.583  -44.539 0.6000000238
19576  -28.839  -52.285  -44.543 0.6000000238
20402  -27.124  -52.075  -44.175 0.5000000000
21132  -27.268  -51.181  -44.117 0.5000000000
21139  -28.175  -51.154  -44.828 0.5000000000
22629  -28.679  -48.748  -44.508 0.6000000238
107887  -28.500  -49.606  -45.088 0.5000000000
103700  -30.219  -51.105  -44.506 0.6000000238
21844  -28.346  -50.345  -45.020 0.5000000000
21141  -30.004  -51.246  -45.383 0.6000000238
20414  -29.448  -51.347  -45.398 0.5000000000
21140  -28.940  -51.107  -45.495 0.5000000000
22621  -28.324  -48.324  -42.558 0.4000000060
21146  -29.779  -50.913  -45.891 0.6000000238
105492  -26.896  -48.973  -41.662 0.5000000000
22616  -27.712  -48.270  -41.738 0.4000000060
22637  -28.964  -49.322  -45.571 0.6000000238
21850  -28.944  -50.270  -45.688 0.5000000000
21851  -29.613  -50.010  -46.151 0.5000000000
20395  -26.063  -51.317  -43.025 0.5000000000
20401  -26.705  -51.513  -43.577 0.5000000000
19565  -26.376  -52.130  -43.450 0.5000000000
102306  -24.977  -49.446  -41.559 0.4000000060
16292  -28.597  -56.418  -39.191 0.4000000060
99399  -28.837  -53.134  -40.877 0.6000000238
100040  -31.030  -50.246  -45.112 0.6000000238
21147  -30.514  -50.711  -45.866 0.6000000238
21142  -30.585  -50.823  -45.382 0.6000000238
21150  -30.476  -50.442  -46.219 0.6000000238
17077  -28.805  -55.176  -41.327 0.5000000000
102435  -28.782  -55.123  -42.096 0.5000000000
19566  -29.031  -52.360  -43.031 0.6000000238
19575  -28.329  -52.469  -44.579 0.5000000000
19573  -29.066  -52.425  -44.008 0.6000000238
20403  -29.407  -51.910  -43.780 0.6000000238
20409  -28.780  -51.744  -44.995 0.5000000000
20410  -29.324  -51.664  -44.960 0.6000000238
20406  -38.810  -52.582  -43.701 0.3000000119
19569  -38.704  -52.827  -43.113 0.3000000119
103756  -39.186  -52.578  -43.525 0.3000000119
20400  -39.928  -52.219  -44.042 0.3000000119
21131  -40.079  -51.277  -43.043 0.3000000119
106250  -40.434  -51.363  -43.822 0.3000000119
102200  -40.785  -50.865  -44.250 0.3000000119
20412  -39.783  -52.270  -45.086 0.3000000119
20407  -40.103  -52.304  -45.104 0.3000000119
21137  -40.490  -51.914  -44.787 0.3000000119
21138  -40.892  -51.679  -45.352 0.3000000119
20413  -40.250  -52.090  -45.469 0.3000000119
21145  -40.529  -51.952  -45.576 0.3000000119
21866  -42.726  -51.600  -48.030 0.3000000119
21869  -42.344  -50.429  -48.253 0.3000000119
21870  -43.275  -50.360  -48.639 0.3000000119
23509  -43.301  -47.983  -48.948 0.3000000119
22671  -42.754  -49.039  -48.607 0.3000000119
23508  -42.337  -47.859  -48.522 0.3000000119
16312  -29.555  -56.405  -42.505 0.4000000060
20399  -39.610  -52.071  -42.870 0.3000000119
21835  -40.366  -50.184  -43.172 0.3000000119
16315  -29.749  -56.845  -43.160 0.4000000060
21842  -40.753  -49.514  -43.842 0.3000000119
22636  -41.175  -48.935  -44.399 0.3000000119
21149  -40.949  -51.968  -46.074 0.3000000119
21856  -41.520  -51.783  -46.622 0.3000000119
21865  -41.928  -51.157  -47.697 0.3000000119
21862  -42.492  -51.961  -47.222 0.3000000119
100432  -43.046  -52.003  -47.377 0.3000000119
21155  -43.938  -51.847  -48.112 0.3000000119
21157  -44.153  -50.795  -48.704 0.3000000119
22672  -43.800  -49.022  -49.087 0.3000000119
21843  -41.199  -50.457  -44.796 0.3000000119
14072  -20.462  -59.613  -40.809 0.4000000060
109007  -20.749  -58.870  -40.994 0.3000000119
14793  -21.308  -58.496  -41.009 0.3000000119
94466  -21.275  -57.843  -41.267 0.3000000119
96400  -25.417  -54.962  -43.021 0.4000000060
17084  -26.197  -55.201  -43.402 0.4000000060
17080  -25.512  -55.677  -42.922 0.4000000060
17081  -26.343  -56.081  -43.287 0.4000000060
18731  -26.030  -53.767  -43.299 0.4000000060
17872  -26.511  -54.380  -43.571 0.4000000060
17085  -27.151  -55.044  -43.834 0.4000000060
98429  -27.915  -54.871  -44.138 0.4000000060
108188  -26.949  -55.700  -43.637 0.4000000060
17086  -27.733  -55.655  -43.845 0.4000000060
19563  -23.568  -52.139  -42.212 0.3000000119
16309  -25.704  -56.469  -42.669 0.4000000060
17871  -25.722  -54.367  -43.176 0.4000000060
11242  -31.105  -63.255  -40.546 0.3000000119
101471  -31.876  -61.607  -40.979 0.3000000119
103312  -30.753  -60.978  -39.921 0.3000000119
13334  -30.711  -60.190  -40.076 0.3000000119
14068  -31.708  -58.835  -41.670 0.3000000119
14078  -32.553  -59.420  -42.636 0.3000000119
93740  -32.223  -58.690  -43.050 0.3000000119
14801  -31.440  -58.128  -41.997 0.3000000119
97738  -32.051  -58.573  -42.603 0.3000000119
14802  -31.679  -58.182  -42.799 0.3000000119
15555  -30.538  -57.777  -41.338 0.3000000119
15565  -30.843  -57.559  -42.329 0.3000000119
16307  -30.113  -56.918  -42.200 0.3000000119
100164  -31.638  -60.707  -40.790 0.3000000119
10493  -28.621  -64.422  -37.936 0.4000000060
11840  -29.257  -62.371  -33.554 0.3000000119
11886  -28.443  -62.298  -36.983 0.4000000060
13288  -28.412  -60.401  -35.021 0.4000000060
13988  -30.272  -59.358  -33.085 0.3000000119
14040  -28.498  -59.441  -37.446 0.4000000060
15548  -28.554  -57.204  -38.480 0.4000000060
16242  -31.369  -56.371  -33.528 0.3000000119
16275  -28.420  -56.356  -36.530 0.3000000119
17007  -30.433  -55.586  -33.609 0.3000000119
17008  -31.135  -55.676  -33.598 0.3000000119
17018  -28.988  -55.492  -34.453 0.3000000119
17019  -29.516  -55.181  -34.015 0.3000000119
17035  -28.700  -55.488  -35.206 0.3000000119
17807  -30.702  -54.123  -34.079 0.3000000119
17820  -28.771  -54.732  -35.677 0.3000000119
18697  -34.984  -53.667  -38.240 0.3000000119
19488  -29.895  -52.609  -35.594 0.3000000119
19513  -28.724  -53.026  -37.958 0.4000000060
19548  -37.134  -52.852  -40.902 0.3000000119
19556  -23.113  -52.777  -42.049 0.3000000119
19560  -38.265  -52.819  -41.906 0.3000000119
19561  -38.784  -52.645  -41.889 0.3000000119
19568  -38.264  -52.874  -42.709 0.4000000060
19574  -38.313  -52.751  -43.277 0.4000000060
20327  -31.069  -51.513  -35.481 0.3000000119
20328  -31.652  -51.529  -35.385 0.3000000119
20329  -32.258  -51.591  -35.455 0.3000000119
20351  -29.504  -51.435  -37.549 0.5000000000
20397  -36.851  -52.333  -42.009 0.4000000060
20404  -37.825  -52.447  -43.310 0.4000000060
21151  -43.314  -51.920  -47.736 0.3000000119
21152  -43.707  -51.893  -47.868 0.3000000119
21154  -43.584  -51.648  -48.239 0.3000000119
21158  -44.253  -51.444  -48.403 0.3000000119
21160  -45.018  -51.178  -49.015 0.3000000119
21803  -30.242  -49.027  -38.897 0.6000000238
21854  -39.811  -50.750  -45.819 0.4000000060
21871  -44.179  -49.822  -48.962 0.3000000119
22568  -32.250  -48.889  -36.861 0.4000000060
22578  -31.835  -48.515  -37.252 0.5000000000
22592  -30.842  -48.640  -38.171 0.6000000238
23423  -33.481  -47.359  -38.429 0.4000000060
23447  -31.004  -47.899  -41.345 0.6999999881
23449  -35.645  -47.590  -40.973 0.4000000060
24179  -32.767  -47.070  -38.455 0.4000000060
24185  -33.939  -45.979  -39.822 0.5000000000
24958  -33.526  -45.549  -40.200 0.6000000238
24962  -32.710  -45.518  -40.793 0.6000000238
24977  -28.823  -45.189  -41.697 0.6999999881
24979  -34.602  -44.927  -40.972 0.6000000238
24981  -36.041  -45.948  -41.650 0.5000000000
25020  -32.961  -45.755  -44.017 0.6999999881
25928  -35.348  -44.292  -42.114 0.5000000000
27700  -31.091  -42.935  -42.713 0.8000000119
27741  -36.641  -42.647  -45.741 0.5000000000
29424  -40.017  -41.051  -53.475 0.5000000000
29426  -39.331  -40.602  -53.123 0.5000000000
31985  -41.695  -37.563  -43.368 0.4000000060
32034  -34.902  -36.260  -50.562 0.6000000238
32989  -37.831  -36.571  -44.259 0.4000000060
33037  -36.089  -35.977  -50.592 0.6000000238
33869  -37.726  -35.686  -45.341 0.4000000060
34655  -39.458  -34.392  -43.065 0.3000000119
35611  -34.412  -33.012  -42.903 0.4000000060
35693  -37.370  -32.852  -48.108 0.5000000000
36505  -39.742  -32.626  -43.778 0.3000000119
36568  -37.920  -31.820  -46.735 0.4000000060
37366  -36.204  -31.828  -43.652 0.3000000119
37415  -37.910  -30.809  -46.523 0.4000000060
37416  -38.227  -30.497  -46.753 0.4000000060
37419  -37.832  -30.844  -46.338 0.4000000060
38327  -35.606  -30.526  -42.688 0.3000000119
40054  -34.641  -28.810  -41.880 0.3000000119
40094  -41.114  -29.036  -44.920 0.3000000119
93429  -28.566  -56.859  -34.932 0.3000000119
94858  -29.523  -63.094  -39.129 0.4000000060
95292  -29.307  -52.232  -37.191 0.4000000060
100328  -28.461  -54.937  -37.898 0.4000000060
100943  -38.180  -32.043  -46.372 0.4000000060
101733  -38.018  -50.513  -43.768 0.4000000060
102737  -39.110  -52.672  -42.613 0.3000000119
103154  -32.036  -59.144  -33.631 0.3000000119
107337  -36.371  -32.928  -46.250 0.4000000060
107388  -36.427  -49.818  -41.997 0.4000000060
107891  -29.162  -51.870  -41.110 0.6999999881
108862  -34.516  -43.945  -49.877 0.5000000000
108899  -28.945  -59.901  -33.611 0.3000000119
108992  -28.657  -57.538  -34.453 0.3000000119
109121  -32.857  -46.533  -39.021 0.5000000000
109601  -28.397  -60.262  -36.355 0.4000000060
109907  -43.417  -25.456  -47.912 0.3000000119
