#!ascii label  , from subject sub-v2s9x29173_ses-1 vox2ras=TkReg
447
6251  -37.995  -72.537  -25.881 0.0000000000
5098  -35.221  -74.635  -31.646 0.0000000000
8490  -33.827  -67.311  -29.385 0.0000000000
95870  -34.222  -72.708  -27.832 0.0000000000
101837  -32.869  -68.128  -33.133 0.0000000000
9057  -42.240  -67.145  -30.477 0.0000000000
11101  -34.751  -63.660  -27.004 0.0000000000
13159  -33.145  -61.016  -24.116 0.0000000000
9747  -31.377  -65.321  -30.354 0.0000000000
7996  -32.097  -68.335  -30.501 0.0000000000
104581  -32.912  -64.678  -32.749 0.0000000000
9692  -37.949  -65.205  -27.997 0.0000000000
11089  -37.385  -63.620  -25.930 0.0000000000
94843  -31.245  -57.966  -25.188 0.0000000000
13910  -31.533  -59.132  -26.523 0.0000000000
5010  -34.694  -73.220  -24.040 0.0000000000
5075  -33.669  -73.723  -29.556 0.0000000000
92057  -31.046  -71.102  -28.280 0.0000000000
5701  -30.855  -72.556  -31.083 0.0000000000
7946  -36.750  -68.542  -27.500 0.0000000000
97186  -35.734  -72.003  -26.751 0.0000000000
6899  -33.267  -70.869  -30.562 0.0000000000
6359  -33.784  -71.811  -32.901 0.0000000000
9077  -37.740  -66.593  -29.566 0.0000000000
9711  -34.573  -65.146  -28.657 0.0000000000
11118  -31.539  -63.322  -28.969 0.0000000000
11726  -37.000  -62.231  -23.886 0.0000000000
11757  -34.401  -62.520  -25.482 0.0000000000
12489  -31.588  -61.123  -27.941 0.0000000000
13949  -32.699  -59.529  -30.253 0.0000000000
5641  -32.366  -71.788  -25.992 0.0000000000
6952  -38.767  -70.413  -35.646 0.0000000000
4521  -36.701  -74.406  -33.393 0.0000000000
3992  -33.970  -76.101  -35.542 0.0000000000
11148  -31.456  -63.832  -30.936 0.0000000000
9756  -31.348  -65.443  -31.142 0.0000000000
5612  -37.341  -73.159  -25.148 0.0000000000
5088  -34.738  -73.867  -31.107 0.0000000000
5073  -32.144  -73.479  -30.066 0.0000000000
4493  -33.210  -74.861  -30.749 0.0000000000
5097  -31.462  -73.863  -32.216 0.0000000000
3958  -33.924  -75.853  -32.019 0.0000000000
8471  -35.099  -67.860  -28.861 0.0000000000
7980  -34.160  -68.182  -29.085 0.0000000000
8014  -31.828  -68.457  -32.100 0.0000000000
7466  -32.546  -69.912  -30.655 0.0000000000
7485  -32.157  -69.276  -32.165 0.0000000000
6928  -32.902  -71.049  -32.127 0.0000000000
7490  -33.361  -70.005  -33.136 0.0000000000
8456  -39.134  -67.709  -28.392 0.0000000000
8495  -39.440  -66.862  -29.845 0.0000000000
95903  -35.992  -64.464  -27.612 0.0000000000
10419  -36.111  -65.048  -28.373 0.0000000000
10417  -34.435  -64.453  -28.130 0.0000000000
10416  -32.745  -64.128  -28.371 0.0000000000
11119  -32.176  -63.302  -28.208 0.0000000000
12430  -34.587  -61.565  -23.979 0.0000000000
11739  -35.998  -62.468  -24.669 0.0000000000
12437  -32.982  -61.396  -24.847 0.0000000000
97113  -31.599  -58.756  -28.017 0.0000000000
100741  -31.578  -60.296  -27.668 0.0000000000
13927  -31.784  -59.124  -28.717 0.0000000000
13224  -31.630  -60.688  -29.325 0.0000000000
5670  -34.624  -72.539  -27.310 0.0000000000
100250  -33.819  -72.045  -25.981 0.0000000000
6267  -33.409  -71.988  -26.422 0.0000000000
6284  -29.809  -71.247  -27.484 0.0000000000
6976  -38.545  -69.554  -37.653 0.0000000000
102178  -38.036  -72.182  -34.698 0.0000000000
4532  -35.590  -74.694  -35.292 0.0000000000
9072  -32.307  -66.538  -29.746 0.0000000000
8489  -32.444  -67.546  -29.938 0.0000000000
8509  -31.739  -66.784  -30.277 0.0000000000
8520  -31.470  -66.838  -31.799 0.0000000000
9104  -32.784  -66.334  -33.003 0.0000000000
9716  -39.511  -65.738  -29.325 0.0000000000
10404  -38.397  -64.794  -27.091 0.0000000000
11088  -36.121  -63.677  -26.416 0.0000000000
13885  -31.699  -59.204  -24.215 0.0000000000
13166  -31.863  -60.237  -25.439 0.0000000000
14640  -31.413  -58.163  -26.175 0.0000000000
16175  -31.563  -56.772  -27.697 0.0000000000
15437  -31.944  -57.291  -28.516 0.0000000000
5693  -34.042  -73.090  -29.087 0.0000000000
5668  -32.812  -72.001  -27.360 0.0000000000
5681  -32.279  -72.457  -28.712 0.0000000000
6312  -30.660  -71.404  -29.801 0.0000000000
96928  -29.485  -70.649  -30.148 0.0000000000
6334  -29.758  -71.633  -31.739 0.0000000000
5723  -30.274  -72.582  -32.734 0.0000000000
5126  -31.475  -73.818  -34.242 0.0000000000
7423  -37.851  -69.478  -26.470 0.0000000000
6268  -36.721  -72.385  -26.109 0.0000000000
6288  -35.583  -71.233  -27.416 0.0000000000
110487  -34.967  -71.681  -28.629 0.0000000000
7979  -33.457  -68.901  -29.357 0.0000000000
6886  -33.751  -70.673  -29.806 0.0000000000
103691  -34.690  -71.544  -29.203 0.0000000000
6325  -34.330  -72.354  -30.236 0.0000000000
5711  -34.351  -72.809  -31.615 0.0000000000
5725  -34.675  -73.235  -32.244 0.0000000000
7926  -38.662  -68.872  -26.797 0.0000000000
8473  -37.061  -67.510  -28.771 0.0000000000
108701  -36.330  -66.991  -29.394 0.0000000000
109883  -38.052  -65.794  -29.297 0.0000000000
9734  -36.480  -65.954  -29.262 0.0000000000
9732  -34.796  -65.827  -29.118 0.0000000000
98458  -32.986  -65.441  -29.050 0.0000000000
103009  -31.467  -64.093  -29.495 0.0000000000
11806  -31.481  -62.431  -30.258 0.0000000000
11759  -37.229  -62.842  -24.932 0.0000000000
11067  -36.072  -63.202  -25.714 0.0000000000
11772  -33.953  -62.733  -26.189 0.0000000000
13184  -31.828  -60.550  -26.132 0.0000000000
12477  -32.169  -61.640  -26.757 0.0000000000
11776  -32.561  -62.276  -26.969 0.0000000000
11786  -31.582  -61.932  -28.261 0.0000000000
12510  -31.520  -61.547  -29.699 0.0000000000
5623  -35.715  -72.711  -25.793 0.0000000000
5608  -33.284  -72.769  -24.730 0.0000000000
5667  -31.228  -71.538  -26.764 0.0000000000
5639  -30.689  -72.324  -26.302 0.0000000000
7491  -34.242  -69.608  -33.607 0.0000000000
93895  -35.014  -71.452  -33.656 0.0000000000
5737  -35.723  -73.308  -33.272 0.0000000000
5739  -37.627  -72.756  -33.840 0.0000000000
5099  -36.040  -74.872  -32.413 0.0000000000
3964  -34.254  -75.859  -32.863 0.0000000000
3977  -33.592  -75.567  -33.596 0.0000000000
11819  -32.455  -62.151  -31.633 0.0000000000
11149  -32.012  -63.627  -31.700 0.0000000000
100158  -37.605  -72.936  -25.676 0.0000000000
4489  -34.562  -74.737  -30.977 0.0000000000
4488  -33.909  -74.751  -30.604 0.0000000000
4494  -34.017  -75.376  -31.199 0.0000000000
94949  -32.935  -75.250  -31.575 0.0000000000
4495  -34.834  -75.306  -31.455 0.0000000000
8491  -34.688  -67.290  -29.238 0.0000000000
8531  -32.159  -67.793  -32.543 0.0000000000
8015  -32.460  -68.710  -32.655 0.0000000000
7486  -32.705  -69.620  -32.695 0.0000000000
8016  -33.340  -68.952  -33.297 0.0000000000
8477  -42.822  -68.163  -30.463 0.0000000000
8476  -41.638  -67.885  -30.210 0.0000000000
8496  -40.509  -67.165  -29.943 0.0000000000
9056  -41.037  -66.820  -30.173 0.0000000000
11102  -35.576  -63.905  -26.959 0.0000000000
10402  -35.059  -64.196  -27.566 0.0000000000
10401  -34.213  -63.900  -27.590 0.0000000000
10400  -33.257  -63.563  -27.696 0.0000000000
13151  -33.426  -60.515  -23.477 0.0000000000
105097  -34.134  -60.640  -23.210 0.0000000000
12429  -33.926  -61.103  -23.708 0.0000000000
100367  -35.193  -61.482  -23.600 0.0000000000
12438  -33.790  -61.556  -24.402 0.0000000000
14655  -31.902  -58.254  -28.619 0.0000000000
104944  -31.581  -59.277  -28.143 0.0000000000
13937  -32.210  -59.310  -29.529 0.0000000000
14666  -32.816  -58.061  -29.812 0.0000000000
100568  -34.899  -72.178  -28.069 0.0000000000
5642  -34.035  -72.367  -26.688 0.0000000000
5669  -33.570  -72.325  -27.051 0.0000000000
5766  -37.594  -72.340  -35.520 0.0000000000
5140  -36.127  -73.939  -35.961 0.0000000000
9729  -31.565  -65.487  -29.866 0.0000000000
9071  -31.750  -66.114  -29.916 0.0000000000
9088  -31.426  -66.049  -30.495 0.0000000000
10445  -31.950  -65.200  -32.113 0.0000000000
9757  -31.509  -65.988  -31.736 0.0000000000
9766  -31.983  -66.136  -32.368 0.0000000000
9767  -32.740  -65.515  -32.804 0.0000000000
10389  -36.919  -64.001  -26.587 0.0000000000
98061  -36.679  -63.553  -26.004 0.0000000000
14622  -31.433  -58.690  -24.634 0.0000000000
14630  -31.451  -58.903  -25.548 0.0000000000
107865  -33.406  -74.317  -24.028 0.0000000000
5694  -34.317  -73.071  -29.876 0.0000000000
105977  -33.060  -73.308  -28.885 0.0000000000
100616  -31.930  -72.734  -29.501 0.0000000000
5692  -31.301  -72.441  -30.179 0.0000000000
6323  -30.483  -71.737  -30.615 0.0000000000
6322  -29.735  -71.181  -30.946 0.0000000000
5724  -30.839  -73.105  -32.268 0.0000000000
5096  -30.857  -73.245  -32.966 0.0000000000
5735  -30.247  -72.655  -33.568 0.0000000000
5110  -31.487  -73.912  -33.246 0.0000000000
7422  -36.761  -69.339  -27.035 0.0000000000
6852  -37.155  -70.212  -26.447 0.0000000000
6302  -35.208  -71.391  -28.049 0.0000000000
6874  -34.905  -70.805  -28.659 0.0000000000
7978  -32.736  -68.569  -29.870 0.0000000000
7467  -33.187  -70.210  -30.009 0.0000000000
6887  -34.346  -70.773  -29.310 0.0000000000
6314  -34.168  -71.473  -29.906 0.0000000000
6315  -34.481  -72.283  -29.529 0.0000000000
111147  -33.417  -71.616  -32.410 0.0000000000
6335  -33.546  -71.918  -31.761 0.0000000000
6349  -33.899  -72.279  -32.386 0.0000000000
8474  -38.747  -67.221  -29.401 0.0000000000
8455  -38.005  -67.563  -28.568 0.0000000000
8493  -37.844  -67.140  -29.364 0.0000000000
8492  -37.005  -67.110  -29.357 0.0000000000
108757  -39.041  -65.878  -29.604 0.0000000000
9715  -38.525  -65.648  -29.083 0.0000000000
9712  -35.427  -65.372  -28.752 0.0000000000
9713  -36.114  -65.544  -28.885 0.0000000000
9733  -35.660  -65.935  -29.187 0.0000000000
9731  -33.861  -65.633  -29.060 0.0000000000
10415  -31.852  -64.113  -28.844 0.0000000000
11133  -31.393  -63.299  -29.711 0.0000000000
100932  -31.413  -63.299  -30.445 0.0000000000
11741  -37.486  -62.548  -24.370 0.0000000000
11738  -35.233  -62.479  -24.967 0.0000000000
108172  -35.819  -62.769  -25.216 0.0000000000
11066  -35.245  -62.900  -25.612 0.0000000000
11773  -34.644  -62.971  -26.021 0.0000000000
13898  -31.645  -59.752  -25.915 0.0000000000
13167  -32.273  -60.943  -25.361 0.0000000000
12471  -31.765  -60.945  -26.987 0.0000000000
11775  -31.862  -61.709  -27.429 0.0000000000
11787  -32.019  -62.445  -27.773 0.0000000000
13225  -32.037  -60.048  -29.829 0.0000000000
13235  -31.825  -60.819  -30.142 0.0000000000
100103  -32.245  -60.921  -30.768 0.0000000000
5645  -36.012  -72.582  -26.263 0.0000000000
5624  -36.596  -72.816  -25.767 0.0000000000
5621  -32.926  -72.196  -25.430 0.0000000000
102923  -33.785  -72.273  -25.242 0.0000000000
5020  -32.395  -73.034  -24.920 0.0000000000
5620  -31.951  -72.476  -25.512 0.0000000000
6301  -32.292  -71.801  -27.895 0.0000000000
6265  -32.130  -71.465  -27.117 0.0000000000
6286  -31.539  -71.320  -27.635 0.0000000000
5665  -29.379  -72.115  -27.038 0.0000000000
5666  -30.252  -71.703  -26.868 0.0000000000
8021  -34.375  -68.682  -33.842 0.0000000000
8022  -35.112  -68.405  -34.282 0.0000000000
92899  -35.880  -71.414  -33.911 0.0000000000
6361  -35.540  -72.357  -33.593 0.0000000000
6362  -37.110  -72.027  -33.899 0.0000000000
5113  -37.482  -73.185  -33.791 0.0000000000
5753  -37.819  -72.368  -34.132 0.0000000000
5111  -36.719  -74.057  -33.085 0.0000000000
4503  -36.496  -74.640  -32.900 0.0000000000
4502  -36.046  -75.192  -32.479 0.0000000000
4509  -36.244  -75.137  -32.915 0.0000000000
101694  -34.570  -75.682  -35.085 0.0000000000
3978  -34.320  -75.631  -34.073 0.0000000000
93366  -33.699  -75.552  -34.615 0.0000000000
10439  -31.343  -64.683  -30.610 0.0000000000
10440  -31.644  -64.498  -31.469 0.0000000000
96777  -32.351  -64.217  -32.194 0.0000000000
15404  -31.274  -57.039  -25.833 0.0000000000
16149  -31.305  -56.050  -26.152 0.0000000000
5011  -35.703  -73.134  -23.897 0.0000000000
5083  -34.279  -74.007  -30.319 0.0000000000
5074  -32.879  -73.857  -29.653 0.0000000000
5082  -33.391  -74.346  -30.134 0.0000000000
5081  -32.708  -74.271  -30.326 0.0000000000
5080  -32.139  -73.930  -30.715 0.0000000000
5710  -31.148  -73.241  -31.598 0.0000000000
5086  -31.790  -73.933  -31.335 0.0000000000
4492  -32.129  -74.534  -31.708 0.0000000000
3957  -33.035  -75.501  -32.356 0.0000000000
7963  -36.406  -68.070  -28.075 0.0000000000
7962  -35.593  -68.383  -28.305 0.0000000000
7961  -34.849  -68.763  -28.540 0.0000000000
100569  -34.202  -69.256  -28.868 0.0000000000
7995  -31.630  -68.224  -31.334 0.0000000000
93222  -32.430  -69.066  -30.352 0.0000000000
7478  -31.874  -68.944  -31.678 0.0000000000
7479  -32.197  -69.694  -31.545 0.0000000000
6914  -32.650  -70.540  -31.442 0.0000000000
6915  -33.129  -71.272  -31.375 0.0000000000
6927  -32.469  -70.155  -32.132 0.0000000000
100161  -32.882  -70.396  -32.594 0.0000000000
6933  -33.356  -70.984  -32.906 0.0000000000
8475  -39.837  -67.407  -29.364 0.0000000000
8494  -38.608  -66.744  -29.705 0.0000000000
101015  -36.701  -64.437  -27.233 0.0000000000
10420  -36.928  -64.960  -27.985 0.0000000000
10418  -35.298  -64.731  -28.207 0.0000000000
9710  -33.524  -64.827  -28.612 0.0000000000
103466  -33.672  -64.147  -28.071 0.0000000000
12431  -35.823  -61.654  -23.529 0.0000000000
12441  -36.256  -62.134  -24.038 0.0000000000
11740  -36.755  -62.501  -24.515 0.0000000000
12440  -35.386  -61.985  -24.212 0.0000000000
12439  -34.514  -62.056  -24.682 0.0000000000
12451  -33.657  -61.984  -25.127 0.0000000000
13921  -31.553  -59.403  -27.524 0.0000000000
95259  -31.626  -60.018  -26.804 0.0000000000
96959  -31.582  -59.754  -28.266 0.0000000000
13211  -31.564  -60.518  -28.495 0.0000000000
13936  -31.711  -59.888  -29.037 0.0000000000
110313  -35.150  -72.399  -26.967 0.0000000000
5644  -35.343  -72.526  -26.375 0.0000000000
5643  -34.663  -72.435  -26.528 0.0000000000
6250  -33.061  -71.797  -26.094 0.0000000000
6285  -30.656  -71.192  -27.497 0.0000000000
92492  -37.738  -71.197  -36.527 0.0000000000
6403  -38.398  -70.954  -35.868 0.0000000000
6381  -38.685  -71.015  -35.163 0.0000000000
6380  -38.154  -71.640  -35.490 0.0000000000
5142  -37.604  -72.886  -34.516 0.0000000000
5127  -37.197  -73.809  -34.044 0.0000000000
4520  -35.951  -74.898  -33.985 0.0000000000
3980  -35.189  -75.302  -34.623 0.0000000000
105808  -33.131  -66.908  -29.523 0.0000000000
108653  -33.136  -67.466  -29.553 0.0000000000
98032  -31.654  -67.543  -30.681 0.0000000000
8508  -31.362  -66.839  -30.938 0.0000000000
106161  -31.434  -67.428  -31.328 0.0000000000
8530  -31.564  -67.684  -31.930 0.0000000000
111194  -31.713  -67.326  -32.208 0.0000000000
8532  -32.971  -67.242  -33.212 0.0000000000
9717  -40.280  -66.113  -29.901 0.0000000000
9693  -38.961  -65.365  -28.049 0.0000000000
10403  -37.444  -64.621  -27.177 0.0000000000
10388  -36.257  -64.100  -26.937 0.0000000000
13886  -32.241  -59.320  -23.582 0.0000000000
13150  -32.552  -60.308  -23.926 0.0000000000
102849  -32.570  -60.828  -24.585 0.0000000000
13892  -31.655  -59.568  -24.942 0.0000000000
15418  -31.432  -57.307  -26.860 0.0000000000
14646  -31.523  -58.457  -27.158 0.0000000000
14654  -31.634  -57.831  -27.829 0.0000000000
16193  -32.370  -56.894  -29.205 0.0000000000
5066  -33.610  -72.956  -28.284 0.0000000000
104596  -33.407  -72.578  -27.650 0.0000000000
5682  -32.946  -72.672  -28.082 0.0000000000
6300  -31.747  -71.593  -28.348 0.0000000000
6313  -31.417  -71.689  -29.146 0.0000000000
6885  -30.033  -70.789  -29.554 0.0000000000
5709  -30.405  -72.472  -31.880 0.0000000000
6348  -29.723  -71.930  -32.457 0.0000000000
5722  -29.614  -72.071  -33.254 0.0000000000
5751  -29.569  -72.186  -34.102 0.0000000000
5752  -30.243  -72.778  -34.416 0.0000000000
6853  -38.246  -70.506  -26.104 0.0000000000
6269  -37.322  -71.405  -26.196 0.0000000000
110219  -36.453  -71.549  -26.558 0.0000000000
6851  -36.085  -71.034  -26.927 0.0000000000
6863  -35.887  -70.487  -27.327 0.0000000000
6287  -35.226  -72.027  -27.487 0.0000000000
103280  -33.259  -68.019  -29.513 0.0000000000
7454  -32.944  -69.472  -29.865 0.0000000000
7455  -33.714  -69.932  -29.366 0.0000000000
5683  -34.565  -72.416  -28.716 0.0000000000
6324  -33.791  -71.743  -30.798 0.0000000000
5703  -34.220  -72.401  -30.968 0.0000000000
5704  -34.504  -73.113  -30.620 0.0000000000
7436  -37.529  -68.649  -27.123 0.0000000000
7948  -39.507  -68.453  -27.512 0.0000000000
7947  -38.310  -68.091  -27.572 0.0000000000
7964  -37.270  -67.967  -27.810 0.0000000000
8472  -36.137  -67.521  -28.889 0.0000000000
100225  -35.568  -67.119  -29.282 0.0000000000
9737  -39.424  -66.073  -29.855 0.0000000000
9736  -38.574  -66.100  -29.627 0.0000000000
9735  -37.463  -65.935  -29.349 0.0000000000
9714  -36.779  -65.468  -28.819 0.0000000000
9076  -36.848  -66.509  -29.447 0.0000000000
9075  -36.005  -66.501  -29.344 0.0000000000
9074  -35.052  -66.551  -29.298 0.0000000000
9073  -34.054  -66.441  -29.319 0.0000000000
97543  -33.082  -66.117  -29.350 0.0000000000
9730  -32.156  -65.643  -29.443 0.0000000000
9709  -32.391  -64.857  -28.903 0.0000000000
10428  -31.693  -64.853  -29.391 0.0000000000
10434  -31.369  -64.783  -29.932 0.0000000000
11143  -31.312  -64.037  -30.138 0.0000000000
11818  -31.726  -62.870  -31.209 0.0000000000
11758  -36.478  -62.822  -25.090 0.0000000000
11068  -36.924  -63.224  -25.476 0.0000000000
11087  -35.251  -63.373  -26.312 0.0000000000
11086  -34.344  -63.196  -26.565 0.0000000000
12450  -32.853  -61.692  -25.603 0.0000000000
13185  -32.192  -61.313  -26.181 0.0000000000
12473  -33.481  -62.269  -25.842 0.0000000000
105742  -33.246  -62.456  -26.407 0.0000000000
11085  -33.469  -62.881  -26.833 0.0000000000
106706  -33.365  -63.181  -27.265 0.0000000000
11100  -32.767  -62.924  -27.431 0.0000000000
98960  -31.657  -62.667  -28.478 0.0000000000
101718  -31.448  -62.380  -29.162 0.0000000000
12501  -31.522  -61.371  -28.803 0.0000000000
12511  -31.777  -61.538  -30.523 0.0000000000
12517  -32.338  -61.454  -31.200 0.0000000000
5611  -36.285  -72.862  -25.056 0.0000000000
5610  -35.167  -72.640  -24.676 0.0000000000
5622  -34.635  -72.365  -25.515 0.0000000000
5609  -34.209  -72.632  -24.659 0.0000000000
5009  -33.771  -73.389  -24.246 0.0000000000
5008  -32.904  -73.645  -24.461 0.0000000000
6266  -32.726  -71.753  -26.621 0.0000000000
106983  -31.994  -71.587  -26.501 0.0000000000
5640  -31.521  -71.997  -26.063 0.0000000000
11155  -33.325  -63.045  -32.629 0.0000000000
9776  -33.496  -65.694  -33.336 0.0000000000
9114  -33.653  -66.459  -33.497 0.0000000000
8543  -33.798  -67.903  -33.614 0.0000000000
96663  -34.027  -70.424  -33.409 0.0000000000
7492  -35.149  -69.314  -34.101 0.0000000000
6935  -35.161  -70.468  -33.838 0.0000000000
6934  -34.220  -71.204  -33.381 0.0000000000
6360  -34.466  -72.062  -33.305 0.0000000000
5736  -34.836  -72.912  -33.099 0.0000000000
5726  -35.556  -73.917  -32.518 0.0000000000
6372  -38.228  -71.635  -34.614 0.0000000000
6363  -37.978  -72.029  -34.208 0.0000000000
5738  -36.829  -72.948  -33.539 0.0000000000
4501  -35.446  -75.457  -31.978 0.0000000000
3959  -34.884  -75.889  -32.257 0.0000000000
3963  -33.498  -75.702  -32.756 0.0000000000
4508  -32.837  -75.291  -33.168 0.0000000000
3952  -34.684  -75.689  -31.754 0.0000000000
3960  -35.574  -75.545  -32.554 0.0000000000
4422  -34.241  -74.102  -23.662 0.0000000000
4507  -32.152  -74.522  -33.698 0.0000000000
5087  -32.471  -74.527  -31.032 0.0000000000
5109  -30.892  -73.249  -33.875 0.0000000000
5112  -37.032  -73.914  -33.397 0.0000000000
5163  -37.085  -72.858  -35.619 0.0000000000
5702  -31.544  -73.317  -30.823 0.0000000000
6347  -29.037  -71.459  -32.862 0.0000000000
6350  -34.226  -72.433  -32.845 0.0000000000
6364  -38.265  -71.481  -34.604 0.0000000000
6884  -29.375  -70.596  -29.363 0.0000000000
6936  -36.572  -70.918  -34.194 0.0000000000
8007  -31.999  -69.061  -30.994 0.0000000000
9078  -39.199  -66.409  -29.939 0.0000000000
9079  -39.965  -66.496  -30.021 0.0000000000
9095  -31.338  -66.251  -31.206 0.0000000000
9103  -32.105  -66.945  -32.550 0.0000000000
12472  -32.728  -61.972  -26.276 0.0000000000
13152  -34.679  -61.078  -23.342 0.0000000000
13158  -32.101  -60.308  -24.744 0.0000000000
13893  -31.975  -59.793  -24.251 0.0000000000
95193  -33.926  -63.392  -27.161 0.0000000000
95714  -40.760  -67.837  -29.519 0.0000000000
103641  -38.209  -63.635  -25.801 0.0000000000
104159  -37.600  -65.503  -28.808 0.0000000000
108325  -38.557  -71.128  -34.830 0.0000000000
108940  -34.428  -66.886  -29.352 0.0000000000
109990  -36.625  -70.839  -26.614 0.0000000000
110974  -37.276  -73.458  -33.628 0.0000000000
