#!ascii label  , from subject sub-v2s9x29162_ses-1 vox2ras=TkReg
2045
57401  45.142  -12.632  31.108 0.0000000000
35068  37.525  -35.582  43.829 0.0000000000
30234  24.182  -40.146  46.917 0.0000000000
24628  19.899  -47.441  45.453 0.0000000000
31103  33.997  -40.694  51.494 0.0000000000
35106  26.446  -35.693  41.377 0.0000000000
52466  39.109  -17.361  30.627 0.0000000000
61836  51.629  -7.780  30.559 0.0000000000
50314  42.864  -19.772  42.222 0.0000000000
42818  36.907  -27.803  35.923 0.0000000000
40020  25.590  -30.869  34.152 0.0000000000
29198  27.323  -41.733  51.032 0.0000000000
27363  20.877  -43.422  46.937 0.0000000000
25481  25.815  -45.879  51.726 0.0000000000
33106  29.261  -37.717  50.154 0.0000000000
112258  47.557  -19.603  40.604 0.0000000000
35003  42.516  -35.880  50.057 0.0000000000
39888  40.975  -30.623  46.686 0.0000000000
42722  39.131  -27.158  44.070 0.0000000000
39950  37.998  -30.835  40.586 0.0000000000
42825  29.981  -27.752  36.201 0.0000000000
38150  31.656  -32.752  39.217 0.0000000000
32219  21.579  -38.458  39.062 0.0000000000
33325  21.592  -37.391  34.491 0.0000000000
59185  48.022  -9.912  30.990 0.0000000000
110939  47.103  -7.432  25.679 0.0000000000
30274  21.439  -40.273  41.414 0.0000000000
27405  21.170  -43.046  41.524 0.0000000000
32116  36.227  -39.392  47.345 0.0000000000
34179  31.441  -36.791  42.462 0.0000000000
32137  30.218  -39.731  45.710 0.0000000000
34132  25.206  -36.865  45.134 0.0000000000
54482  42.575  -15.403  30.369 0.0000000000
23654  22.389  -48.723  53.586 0.0000000000
25524  17.342  -44.990  48.519 0.0000000000
58277  51.648  -11.826  35.357 0.0000000000
127309  48.956  -16.192  33.940 0.0000000000
52421  45.108  -17.682  35.620 0.0000000000
50410  41.634  -19.807  36.390 0.0000000000
49458  37.430  -20.575  36.811 0.0000000000
47441  42.420  -23.007  46.300 0.0000000000
46551  39.019  -23.929  40.741 0.0000000000
46584  32.738  -23.580  34.507 0.0000000000
111500  30.482  -26.186  30.498 0.0000000000
36135  26.584  -35.445  36.692 0.0000000000
29181  28.505  -41.718  54.568 0.0000000000
27329  26.650  -43.871  51.133 0.0000000000
112629  27.489  -44.703  54.870 0.0000000000
119806  29.009  -39.735  53.971 0.0000000000
34126  40.513  -36.287  46.230 0.0000000000
37006  40.584  -33.269  44.408 0.0000000000
39024  40.445  -31.947  42.703 0.0000000000
38107  37.511  -32.477  42.355 0.0000000000
39089  34.448  -31.652  39.756 0.0000000000
36040  34.847  -34.066  41.544 0.0000000000
29318  21.963  -41.351  38.222 0.0000000000
108566  21.114  -41.020  36.235 0.0000000000
58329  46.857  -10.729  31.368 0.0000000000
60099  45.377  -9.207  28.454 0.0000000000
59216  44.209  -10.257  28.850 0.0000000000
31198  21.302  -39.593  44.312 0.0000000000
28335  22.087  -41.554  41.680 0.0000000000
30246  20.583  -41.041  44.922 0.0000000000
26456  20.646  -44.947  46.242 0.0000000000
27377  19.977  -44.284  44.256 0.0000000000
25555  19.308  -46.338  43.837 0.0000000000
111788  17.239  -45.819  43.073 0.0000000000
31112  38.936  -39.972  50.116 0.0000000000
29234  35.070  -41.984  49.803 0.0000000000
115522  32.380  -40.885  46.650 0.0000000000
30189  32.302  -41.317  48.382 0.0000000000
31128  27.112  -39.182  48.878 0.0000000000
33161  27.600  -37.047  47.523 0.0000000000
32141  24.648  -38.754  46.306 0.0000000000
33218  22.878  -37.946  44.012 0.0000000000
54469  41.013  -15.657  31.024 0.0000000000
54498  40.364  -15.165  27.637 0.0000000000
53537  38.864  -16.727  27.535 0.0000000000
26422  16.481  -44.759  50.769 0.0000000000
53441  47.853  -16.972  34.742 0.0000000000
52390  48.556  -18.622  37.387 0.0000000000
49393  44.752  -19.969  41.614 0.0000000000
50384  44.573  -20.329  38.508 0.0000000000
107634  42.255  -20.198  39.286 0.0000000000
49467  39.355  -20.361  36.622 0.0000000000
108774  39.996  -20.127  39.333 0.0000000000
42784  39.331  -27.702  38.942 0.0000000000
129232  39.871  -25.751  41.780 0.0000000000
44771  37.689  -25.611  38.476 0.0000000000
45682  35.677  -24.021  37.887 0.0000000000
44800  34.941  -25.631  34.825 0.0000000000
44835  32.898  -26.064  31.124 0.0000000000
107872  32.557  -26.570  33.357 0.0000000000
42870  27.193  -27.401  32.857 0.0000000000
33258  28.632  -37.803  41.669 0.0000000000
35121  29.406  -35.578  40.048 0.0000000000
35139  26.161  -36.455  39.023 0.0000000000
33350  21.957  -37.215  32.304 0.0000000000
62818  53.759  -6.750  27.901 0.0000000000
120908  51.567  -7.616  27.937 0.0000000000
29236  26.184  -41.184  48.980 0.0000000000
29255  22.742  -41.849  47.375 0.0000000000
28275  25.120  -42.913  49.341 0.0000000000
27347  23.517  -44.152  49.036 0.0000000000
25521  22.070  -46.531  48.679 0.0000000000
113867  33.656  -39.442  53.818 0.0000000000
33103  31.930  -38.554  50.959 0.0000000000
33067  30.856  -38.361  53.011 0.0000000000
31105  28.161  -39.203  50.695 0.0000000000
51383  50.264  -18.727  40.141 0.0000000000
118973  46.803  -21.166  45.020 0.0000000000
41696  39.453  -28.573  45.790 0.0000000000
127449  40.212  -29.848  40.486 0.0000000000
40841  36.989  -28.878  38.936 0.0000000000
42806  33.679  -27.399  36.820 0.0000000000
40844  33.814  -29.468  38.501 0.0000000000
39990  31.297  -30.099  37.831 0.0000000000
39116  28.143  -31.228  36.939 0.0000000000
35108  23.371  -35.127  41.224 0.0000000000
36100  23.040  -34.448  37.866 0.0000000000
34259  21.534  -36.831  37.156 0.0000000000
60065  50.512  -9.296  30.899 0.0000000000
61865  49.971  -8.244  28.179 0.0000000000
60970  48.162  -8.569  28.489 0.0000000000
28325  20.210  -42.469  44.596 0.0000000000
33157  40.385  -38.235  48.191 0.0000000000
126769  37.052  -37.416  44.850 0.0000000000
35072  34.051  -35.778  42.772 0.0000000000
33192  33.844  -37.977  45.156 0.0000000000
122827  30.229  -39.455  43.724 0.0000000000
34165  28.148  -37.366  43.194 0.0000000000
33146  30.768  -37.303  48.111 0.0000000000
111278  28.790  -36.351  45.635 0.0000000000
35076  25.730  -35.159  43.302 0.0000000000
34185  22.568  -36.652  42.217 0.0000000000
31227  21.729  -39.581  39.991 0.0000000000
55461  44.628  -14.523  30.754 0.0000000000
57425  42.936  -12.229  28.823 0.0000000000
56445  42.126  -13.804  28.379 0.0000000000
23661  24.161  -48.111  52.314 0.0000000000
23678  20.881  -48.296  49.131 0.0000000000
24587  19.950  -47.418  50.995 0.0000000000
24610  18.881  -46.823  47.384 0.0000000000
60041  50.679  -9.706  32.541 0.0000000000
58317  50.135  -11.116  32.468 0.0000000000
126655  47.877  -12.454  33.016 0.0000000000
118778  47.152  -14.159  32.670 0.0000000000
53476  46.344  -15.976  32.700 0.0000000000
107878  44.183  -16.035  32.803 0.0000000000
52442  42.530  -17.216  34.185 0.0000000000
51415  46.440  -19.100  37.627 0.0000000000
130045  43.194  -18.757  35.759 0.0000000000
51461  40.379  -18.454  33.591 0.0000000000
51463  38.400  -18.655  33.055 0.0000000000
50445  36.611  -19.619  33.616 0.0000000000
48370  43.029  -21.876  44.633 0.0000000000
45604  39.611  -24.276  45.507 0.0000000000
46524  41.766  -24.025  43.920 0.0000000000
48390  40.454  -21.606  42.509 0.0000000000
48406  37.641  -21.729  39.825 0.0000000000
127660  34.519  -21.628  36.075 0.0000000000
43852  29.854  -26.185  33.925 0.0000000000
36059  32.041  -34.494  40.636 0.0000000000
37093  28.532  -33.580  38.357 0.0000000000
38185  25.987  -32.649  35.479 0.0000000000
36156  24.455  -35.503  35.737 0.0000000000
36178  24.455  -35.188  33.435 0.0000000000
28210  28.025  -43.094  55.037 0.0000000000
28193  27.771  -42.355  56.107 0.0000000000
35054  38.908  -35.519  44.601 0.0000000000
35052  40.401  -35.013  45.190 0.0000000000
36002  39.061  -34.408  44.294 0.0000000000
128539  39.641  -33.166  43.672 0.0000000000
37028  37.517  -33.944  43.344 0.0000000000
37041  36.088  -33.684  42.131 0.0000000000
35085  36.178  -35.000  42.794 0.0000000000
58331  45.575  -11.819  31.237 0.0000000000
123454  45.617  -10.503  30.312 0.0000000000
58344  44.532  -11.348  30.038 0.0000000000
31173  22.915  -39.968  46.058 0.0000000000
30249  20.926  -40.305  44.632 0.0000000000
30244  22.077  -40.275  45.750 0.0000000000
25542  20.523  -46.499  45.585 0.0000000000
25547  20.171  -46.565  44.811 0.0000000000
126899  19.319  -46.832  44.288 0.0000000000
127200  17.982  -45.851  43.112 0.0000000000
24630  18.961  -47.045  44.649 0.0000000000
32075  34.127  -40.060  51.759 0.0000000000
31101  35.273  -39.951  50.402 0.0000000000
30158  36.482  -41.651  50.133 0.0000000000
29196  34.661  -41.835  50.263 0.0000000000
128855  33.534  -41.771  49.355 0.0000000000
30162  33.608  -41.336  50.380 0.0000000000
31146  25.507  -39.585  47.557 0.0000000000
32121  25.716  -38.820  47.269 0.0000000000
31171  24.412  -39.441  46.603 0.0000000000
32166  22.872  -38.901  45.059 0.0000000000
53505  40.135  -16.114  30.856 0.0000000000
54493  39.529  -15.974  29.527 0.0000000000
122774  39.121  -16.617  29.650 0.0000000000
52388  52.515  -17.860  38.165 0.0000000000
52406  50.440  -18.066  36.698 0.0000000000
51396  51.355  -18.619  39.023 0.0000000000
50313  43.837  -19.838  42.102 0.0000000000
49406  43.942  -20.064  40.276 0.0000000000
50331  42.784  -19.619  41.398 0.0000000000
50368  41.078  -20.006  39.410 0.0000000000
49394  41.061  -19.989  41.265 0.0000000000
42801  38.415  -27.967  37.504 0.0000000000
43789  38.951  -26.895  38.863 0.0000000000
127072  37.683  -26.855  37.146 0.0000000000
44789  36.581  -26.163  36.379 0.0000000000
43819  36.029  -27.391  34.574 0.0000000000
43848  34.430  -26.905  33.505 0.0000000000
43820  34.914  -27.296  34.224 0.0000000000
34199  27.589  -37.255  41.258 0.0000000000
34216  27.602  -37.042  40.427 0.0000000000
34218  26.308  -36.436  39.827 0.0000000000
61851  52.365  -7.292  29.153 0.0000000000
119065  51.647  -7.814  29.295 0.0000000000
124147  26.849  -41.678  50.295 0.0000000000
28289  25.405  -42.206  48.994 0.0000000000
28273  26.387  -42.362  49.960 0.0000000000
26410  26.101  -45.057  51.309 0.0000000000
26426  25.433  -44.193  50.169 0.0000000000
25505  24.354  -45.550  50.104 0.0000000000
25520  22.659  -45.710  49.017 0.0000000000
25492  23.967  -46.549  50.393 0.0000000000
32032  33.076  -38.572  54.328 0.0000000000
33066  31.820  -38.779  53.119 0.0000000000
126186  31.941  -38.800  54.179 0.0000000000
30145  28.531  -40.277  53.123 0.0000000000
31083  28.719  -39.457  52.603 0.0000000000
30151  28.253  -40.162  51.932 0.0000000000
126864  27.253  -40.305  50.000 0.0000000000
38985  41.719  -31.768  46.862 0.0000000000
40731  41.679  -29.944  48.321 0.0000000000
124323  41.098  -29.093  48.037 0.0000000000
41669  39.953  -27.887  47.337 0.0000000000
40750  40.385  -30.233  46.096 0.0000000000
39052  39.763  -31.799  41.186 0.0000000000
39916  40.320  -31.393  41.934 0.0000000000
39948  40.159  -31.052  39.887 0.0000000000
40824  39.130  -29.880  38.723 0.0000000000
40825  37.600  -29.613  39.398 0.0000000000
40842  35.751  -29.096  39.100 0.0000000000
39973  35.369  -30.480  39.702 0.0000000000
38149  33.348  -32.410  39.640 0.0000000000
39098  33.090  -31.263  38.911 0.0000000000
39100  31.749  -31.585  38.587 0.0000000000
113262  29.644  -30.551  37.480 0.0000000000
39102  30.103  -31.974  38.308 0.0000000000
34236  21.831  -36.550  39.681 0.0000000000
35141  22.184  -35.564  39.243 0.0000000000
121609  21.530  -37.962  38.269 0.0000000000
60067  48.802  -9.645  30.616 0.0000000000
60959  48.895  -8.822  29.193 0.0000000000
60082  48.342  -9.239  29.851 0.0000000000
60984  45.327  -8.698  27.571 0.0000000000
30279  22.475  -40.985  40.724 0.0000000000
29294  22.721  -41.487  41.315 0.0000000000
28302  21.884  -42.214  47.101 0.0000000000
29265  20.492  -42.032  45.843 0.0000000000
28304  20.509  -42.782  46.279 0.0000000000
26483  19.092  -44.715  41.286 0.0000000000
26482  19.851  -44.120  41.531 0.0000000000
31139  38.020  -39.769  48.241 0.0000000000
110174  39.568  -39.196  48.957 0.0000000000
32114  38.077  -39.004  47.353 0.0000000000
33171  38.216  -37.959  46.118 0.0000000000
32156  37.206  -38.190  46.149 0.0000000000
33190  35.712  -37.721  45.399 0.0000000000
32158  35.005  -38.355  46.019 0.0000000000
30233  31.144  -41.234  46.229 0.0000000000
32160  32.171  -39.704  45.240 0.0000000000
31185  30.270  -40.600  45.056 0.0000000000
32187  29.091  -39.396  43.580 0.0000000000
32162  29.639  -39.700  44.947 0.0000000000
33104  31.091  -37.923  50.806 0.0000000000
32091  31.992  -38.569  49.812 0.0000000000
127686  30.236  -37.248  49.235 0.0000000000
33173  27.207  -36.798  46.807 0.0000000000
34101  28.050  -36.426  46.917 0.0000000000
111479  27.312  -36.060  45.747 0.0000000000
35043  28.154  -35.971  44.961 0.0000000000
34147  26.536  -35.694  44.767 0.0000000000
35078  23.994  -35.747  42.878 0.0000000000
34149  24.759  -36.450  44.361 0.0000000000
32189  21.239  -38.714  42.989 0.0000000000
32199  21.253  -38.395  42.097 0.0000000000
31220  21.447  -39.479  40.997 0.0000000000
54480  44.286  -15.299  30.832 0.0000000000
56433  43.141  -14.223  29.389 0.0000000000
55471  42.667  -14.833  29.326 0.0000000000
54528  40.377  -15.854  25.429 0.0000000000
23662  23.489  -48.709  52.804 0.0000000000
23671  22.362  -48.305  50.996 0.0000000000
110364  21.840  -48.389  51.010 0.0000000000
25494  17.856  -45.279  50.559 0.0000000000
25493  18.625  -45.946  49.898 0.0000000000
24601  19.101  -46.632  48.958 0.0000000000
25523  18.119  -45.743  47.971 0.0000000000
25543  17.336  -45.911  45.752 0.0000000000
25538  17.040  -45.445  46.821 0.0000000000
60920  50.570  -8.627  32.619 0.0000000000
59151  51.044  -10.603  33.448 0.0000000000
58308  50.909  -11.517  33.100 0.0000000000
58309  49.401  -11.719  32.915 0.0000000000
57373  49.795  -12.268  33.343 0.0000000000
54428  49.696  -15.679  34.106 0.0000000000
56392  48.984  -13.896  33.633 0.0000000000
54430  47.845  -15.563  33.191 0.0000000000
54447  46.636  -15.571  32.513 0.0000000000
54431  47.175  -15.972  33.030 0.0000000000
127215  45.931  -17.286  35.294 0.0000000000
53463  45.586  -16.546  34.030 0.0000000000
53464  44.658  -16.638  34.220 0.0000000000
52441  43.157  -16.670  33.925 0.0000000000
113057  43.553  -17.552  34.896 0.0000000000
50363  48.465  -19.539  40.232 0.0000000000
50381  47.920  -19.542  39.302 0.0000000000
50364  47.113  -19.790  39.784 0.0000000000
50398  43.374  -20.102  37.501 0.0000000000
50407  44.083  -19.748  37.310 0.0000000000
51434  42.641  -19.329  36.123 0.0000000000
51450  42.340  -18.452  34.970 0.0000000000
50430  41.052  -19.124  34.957 0.0000000000
51462  39.718  -18.650  33.375 0.0000000000
50420  40.378  -19.575  35.480 0.0000000000
49457  38.341  -20.457  36.787 0.0000000000
113610  38.070  -20.159  35.321 0.0000000000
49478  37.160  -20.290  35.043 0.0000000000
49480  35.498  -20.498  34.654 0.0000000000
47455  43.254  -23.268  45.810 0.0000000000
43702  39.198  -26.230  46.224 0.0000000000
44682  39.246  -24.597  46.817 0.0000000000
44702  39.311  -25.598  45.034 0.0000000000
45655  39.659  -24.526  41.219 0.0000000000
45646  40.702  -24.978  42.759 0.0000000000
46534  40.021  -23.428  42.141 0.0000000000
47481  40.895  -22.582  42.921 0.0000000000
47487  39.490  -22.613  41.854 0.0000000000
48397  38.697  -21.770  40.898 0.0000000000
47493  37.733  -22.569  40.207 0.0000000000
46572  34.168  -23.667  36.346 0.0000000000
47509  34.851  -22.680  37.328 0.0000000000
47517  33.459  -22.477  35.691 0.0000000000
48466  32.198  -21.718  33.567 0.0000000000
47530  31.846  -22.583  33.409 0.0000000000
46625  31.330  -23.414  31.640 0.0000000000
43887  32.225  -26.764  30.252 0.0000000000
45757  32.112  -26.132  29.058 0.0000000000
42823  31.513  -27.386  36.484 0.0000000000
124880  31.675  -26.580  35.482 0.0000000000
43824  29.951  -26.738  35.240 0.0000000000
42885  27.069  -27.201  31.164 0.0000000000
34163  33.399  -36.405  43.337 0.0000000000
35088  33.550  -35.392  42.165 0.0000000000
35090  31.729  -35.906  41.928 0.0000000000
35152  27.980  -35.475  38.674 0.0000000000
126981  29.064  -34.682  39.245 0.0000000000
36096  27.926  -34.489  38.275 0.0000000000
38164  27.666  -32.680  37.282 0.0000000000
37118  26.703  -33.927  36.492 0.0000000000
35172  22.433  -34.911  36.626 0.0000000000
125259  24.001  -34.350  37.039 0.0000000000
35194  22.389  -35.475  35.280 0.0000000000
113405  23.428  -35.926  33.085 0.0000000000
115204  24.367  -34.625  32.731 0.0000000000
61895  48.510  -7.737  26.951 0.0000000000
61894  49.256  -7.540  26.421 0.0000000000
58368  42.252  -11.186  27.558 0.0000000000
29184  28.174  -41.970  53.213 0.0000000000
28234  27.369  -42.529  51.514 0.0000000000
119062  28.023  -42.981  53.711 0.0000000000
128095  27.468  -44.731  53.759 0.0000000000
119088  27.268  -45.869  53.967 0.0000000000
30142  28.763  -40.668  54.726 0.0000000000
34095  41.798  -36.101  47.705 0.0000000000
35935  43.127  -34.463  49.375 0.0000000000
35956  42.161  -34.287  47.162 0.0000000000
128291  41.467  -33.676  45.886 0.0000000000
38054  41.130  -32.438  45.470 0.0000000000
39003  40.541  -31.608  44.771 0.0000000000
37025  40.387  -32.658  43.751 0.0000000000
38105  39.828  -32.340  42.436 0.0000000000
39053  37.711  -31.823  41.757 0.0000000000
39072  35.607  -31.558  40.526 0.0000000000
38139  35.389  -32.212  40.754 0.0000000000
37068  34.918  -32.722  40.724 0.0000000000
109538  33.872  -33.581  40.714 0.0000000000
31233  21.653  -39.718  38.548 0.0000000000
31244  21.532  -39.420  37.679 0.0000000000
126379  21.626  -41.260  37.463 0.0000000000
113738  47.216  -10.084  30.849 0.0000000000
60069  46.818  -9.663  30.102 0.0000000000
59198  45.951  -9.931  29.976 0.0000000000
60086  44.868  -9.934  29.201 0.0000000000
31202  20.978  -39.407  43.508 0.0000000000
29291  21.386  -40.939  41.808 0.0000000000
30260  20.557  -40.585  43.352 0.0000000000
29288  20.507  -41.408  43.477 0.0000000000
28331  20.679  -42.032  42.814 0.0000000000
27354  20.739  -44.211  46.942 0.0000000000
27374  20.139  -43.440  45.711 0.0000000000
26458  20.372  -45.282  45.326 0.0000000000
115533  19.736  -45.422  43.678 0.0000000000
25581  16.994  -45.730  42.199 0.0000000000
30185  37.669  -41.229  49.940 0.0000000000
31141  35.738  -40.269  48.095 0.0000000000
31165  34.480  -39.361  46.772 0.0000000000
30209  33.706  -41.147  47.977 0.0000000000
30211  31.979  -41.312  47.618 0.0000000000
126360  30.929  -41.079  46.765 0.0000000000
32092  28.393  -38.158  49.746 0.0000000000
33133  28.894  -37.459  49.328 0.0000000000
32104  27.464  -38.304  48.619 0.0000000000
32139  26.035  -38.076  46.912 0.0000000000
33196  25.256  -37.469  45.729 0.0000000000
33216  24.367  -37.321  44.705 0.0000000000
32179  23.264  -38.297  44.695 0.0000000000
32180  22.477  -38.564  44.355 0.0000000000
54468  41.969  -15.559  31.058 0.0000000000
54490  42.254  -15.268  29.697 0.0000000000
54492  40.607  -15.486  29.582 0.0000000000
54508  39.753  -15.657  27.443 0.0000000000
25475  17.480  -45.105  52.054 0.0000000000
26429  16.783  -44.729  49.323 0.0000000000
26448  16.664  -45.071  47.795 0.0000000000
26438  15.842  -45.045  48.812 0.0000000000
119518  50.801  -16.765  35.141 0.0000000000
123171  48.711  -16.670  34.370 0.0000000000
52419  49.763  -17.589  35.755 0.0000000000
113697  48.708  -17.793  36.083 0.0000000000
51429  47.040  -18.179  36.534 0.0000000000
50347  46.176  -20.090  41.209 0.0000000000
50365  45.816  -20.085  39.464 0.0000000000
49405  44.711  -20.094  40.233 0.0000000000
49420  43.706  -20.561  39.017 0.0000000000
49443  41.696  -20.417  37.831 0.0000000000
50412  40.077  -20.058  36.165 0.0000000000
49444  40.615  -20.393  37.811 0.0000000000
126153  39.799  -20.272  38.462 0.0000000000
49434  38.454  -20.506  38.393 0.0000000000
42740  39.317  -28.004  42.086 0.0000000000
113240  39.690  -26.411  42.836 0.0000000000
43774  39.654  -26.612  41.034 0.0000000000
44752  39.239  -25.380  40.236 0.0000000000
45664  38.716  -24.952  39.908 0.0000000000
115676  37.127  -23.853  39.391 0.0000000000
45681  36.460  -24.575  38.153 0.0000000000
45692  35.307  -24.759  36.464 0.0000000000
45715  33.328  -24.703  33.943 0.0000000000
124398  32.422  -24.472  32.455 0.0000000000
112452  33.721  -25.764  32.949 0.0000000000
43850  33.082  -26.681  32.081 0.0000000000
44825  31.397  -26.458  31.849 0.0000000000
41836  28.804  -28.629  36.087 0.0000000000
42851  28.304  -27.194  34.637 0.0000000000
41852  27.038  -28.412  34.029 0.0000000000
41865  26.356  -28.558  32.026 0.0000000000
40935  25.634  -29.858  29.648 0.0000000000
34180  30.366  -37.436  42.180 0.0000000000
34213  30.189  -36.098  41.097 0.0000000000
34197  29.395  -37.049  41.316 0.0000000000
35138  27.497  -36.310  38.923 0.0000000000
35154  26.387  -36.320  38.130 0.0000000000
123858  21.781  -36.972  34.043 0.0000000000
32292  21.312  -38.559  32.468 0.0000000000
62789  53.196  -6.728  29.322 0.0000000000
61877  52.302  -7.290  27.487 0.0000000000
61893  51.443  -7.441  26.487 0.0000000000
30193  25.140  -41.051  48.156 0.0000000000
29262  23.069  -41.123  47.027 0.0000000000
29253  24.431  -41.322  47.847 0.0000000000
28297  23.303  -42.303  47.903 0.0000000000
28292  22.974  -43.014  48.223 0.0000000000
27339  25.628  -43.374  49.830 0.0000000000
27346  24.277  -43.335  49.037 0.0000000000
27348  22.806  -43.842  48.456 0.0000000000
26446  21.504  -45.242  47.815 0.0000000000
25535  21.317  -46.372  47.228 0.0000000000
24615  20.639  -47.760  46.906 0.0000000000
31090  33.878  -40.153  51.986 0.0000000000
32076  33.512  -40.393  51.860 0.0000000000
113270  32.915  -39.818  52.312 0.0000000000
33085  31.829  -38.659  52.015 0.0000000000
33105  30.132  -37.780  50.930 0.0000000000
32045  29.886  -38.513  53.082 0.0000000000
32061  29.076  -38.683  52.074 0.0000000000
32078  28.563  -38.459  50.480 0.0000000000
31115  27.349  -39.560  49.577 0.0000000000
30191  26.314  -40.411  48.747 0.0000000000
108419  38.812  -17.824  30.916 0.0000000000
53512  38.595  -17.127  29.403 0.0000000000
119159  37.678  -17.704  28.834 0.0000000000
52352  50.949  -17.902  40.012 0.0000000000
50329  47.839  -19.458  42.621 0.0000000000
125575  46.642  -20.205  42.576 0.0000000000
109719  45.861  -20.690  43.774 0.0000000000
115817  44.465  -20.496  43.785 0.0000000000
113312  39.549  -27.298  46.975 0.0000000000
41697  39.163  -28.098  45.031 0.0000000000
39900  39.921  -30.775  44.078 0.0000000000
112235  39.147  -29.142  43.857 0.0000000000
41734  39.212  -28.566  42.617 0.0000000000
124881  39.787  -29.018  40.603 0.0000000000
40839  38.942  -29.215  38.293 0.0000000000
41824  37.183  -28.278  37.099 0.0000000000
42820  34.813  -27.415  36.153 0.0000000000
41826  34.856  -28.030  37.901 0.0000000000
117988  33.784  -28.456  38.039 0.0000000000
41827  32.136  -28.452  37.457 0.0000000000
39974  34.495  -30.919  39.424 0.0000000000
40845  32.666  -29.974  38.314 0.0000000000
40871  30.145  -28.988  36.945 0.0000000000
40862  29.885  -29.765  37.241 0.0000000000
40001  28.388  -30.354  36.633 0.0000000000
40012  26.537  -30.716  35.304 0.0000000000
36046  24.540  -34.551  41.153 0.0000000000
36060  25.255  -34.903  40.354 0.0000000000
112856  24.037  -34.299  40.079 0.0000000000
113740  22.569  -34.871  38.470 0.0000000000
113834  21.643  -36.426  36.269 0.0000000000
107674  21.485  -38.981  37.025 0.0000000000
31275  21.290  -39.169  35.418 0.0000000000
111510  50.822  -8.848  30.556 0.0000000000
61853  51.061  -8.376  29.454 0.0000000000
122700  49.745  -8.910  29.523 0.0000000000
60969  49.112  -8.417  28.331 0.0000000000
61880  47.134  -8.023  27.212 0.0000000000
60972  46.171  -8.715  28.111 0.0000000000
60983  46.140  -8.211  27.185 0.0000000000
30237  21.589  -40.988  46.126 0.0000000000
29269  20.360  -41.815  45.163 0.0000000000
27384  20.411  -43.201  42.887 0.0000000000
27376  20.054  -43.327  44.902 0.0000000000
113248  20.377  -43.526  41.923 0.0000000000
34084  41.686  -36.991  48.712 0.0000000000
34111  40.296  -37.151  46.610 0.0000000000
112377  39.165  -37.025  45.528 0.0000000000
34141  37.801  -36.632  44.480 0.0000000000
35070  35.904  -35.680  43.114 0.0000000000
34142  35.946  -36.784  44.166 0.0000000000
34144  33.948  -36.796  44.089 0.0000000000
33227  32.978  -37.164  43.968 0.0000000000
32159  33.314  -38.945  45.643 0.0000000000
32174  32.864  -38.521  44.911 0.0000000000
33229  30.952  -38.548  43.319 0.0000000000
33241  29.383  -38.587  42.542 0.0000000000
33232  28.360  -38.397  42.710 0.0000000000
34166  27.719  -36.637  42.840 0.0000000000
127416  32.457  -39.484  49.807 0.0000000000
32117  31.734  -38.941  48.182 0.0000000000
32118  30.955  -38.842  46.765 0.0000000000
34089  29.437  -36.796  48.180 0.0000000000
34099  30.347  -37.099  47.275 0.0000000000
33193  29.951  -37.290  45.906 0.0000000000
34145  29.132  -37.110  44.738 0.0000000000
35074  27.400  -35.704  43.571 0.0000000000
35092  26.634  -35.443  42.350 0.0000000000
35094  24.466  -34.978  42.377 0.0000000000
35109  22.724  -35.810  41.232 0.0000000000
34203  22.044  -36.758  41.135 0.0000000000
33233  23.247  -37.301  43.669 0.0000000000
33246  21.532  -37.875  41.474 0.0000000000
123476  21.584  -38.872  39.641 0.0000000000
113021  21.843  -40.019  39.305 0.0000000000
56419  44.879  -13.569  30.908 0.0000000000
57412  44.200  -12.054  30.086 0.0000000000
117092  43.208  -13.248  29.287 0.0000000000
55479  40.918  -14.741  27.800 0.0000000000
55496  40.956  -14.080  26.540 0.0000000000
53550  38.698  -17.429  26.839 0.0000000000
122569  26.681  -42.968  55.824 0.0000000000
26381  27.159  -44.993  55.221 0.0000000000
25467  26.891  -46.829  54.150 0.0000000000
23650  25.586  -47.805  53.658 0.0000000000
24584  24.472  -47.079  51.324 0.0000000000
24598  23.113  -47.100  50.068 0.0000000000
23677  21.370  -48.061  49.099 0.0000000000
23683  20.239  -48.378  47.622 0.0000000000
116141  20.915  -48.116  52.290 0.0000000000
23674  20.695  -48.035  50.491 0.0000000000
128286  19.917  -48.371  48.083 0.0000000000
24616  19.718  -47.984  46.883 0.0000000000
24631  17.992  -46.513  44.851 0.0000000000
124612  51.167  -7.831  31.841 0.0000000000
115977  50.917  -8.540  31.753 0.0000000000
60052  50.752  -9.381  31.707 0.0000000000
59172  49.962  -10.287  31.636 0.0000000000
60029  50.059  -9.562  34.362 0.0000000000
116757  50.902  -10.383  32.719 0.0000000000
59164  49.429  -10.729  31.994 0.0000000000
59165  48.336  -10.816  31.986 0.0000000000
121471  47.518  -11.810  32.535 0.0000000000
57391  46.342  -12.564  32.062 0.0000000000
57374  48.672  -12.905  33.445 0.0000000000
56402  47.368  -13.258  32.849 0.0000000000
119575  46.021  -13.233  31.849 0.0000000000
56411  46.004  -14.165  31.809 0.0000000000
55449  45.001  -15.184  31.181 0.0000000000
54466  44.656  -15.630  31.451 0.0000000000
124464  46.703  -16.214  33.203 0.0000000000
53489  44.899  -16.065  32.379 0.0000000000
127199  43.803  -15.758  31.794 0.0000000000
53491  42.689  -15.975  32.591 0.0000000000
53492  41.565  -16.378  32.674 0.0000000000
52452  40.818  -17.121  32.887 0.0000000000
51397  49.977  -19.107  39.173 0.0000000000
51414  47.430  -18.679  37.308 0.0000000000
51430  46.326  -18.506  36.798 0.0000000000
50383  45.332  -20.049  38.577 0.0000000000
51417  44.815  -19.355  37.202 0.0000000000
51440  44.548  -18.426  36.109 0.0000000000
52432  42.794  -17.788  34.707 0.0000000000
51460  41.204  -18.062  33.918 0.0000000000
52454  39.677  -17.954  32.247 0.0000000000
51480  39.114  -18.074  31.991 0.0000000000
51482  37.612  -18.263  31.789 0.0000000000
50433  38.630  -19.609  34.631 0.0000000000
51465  37.102  -19.079  33.155 0.0000000000
48368  45.002  -21.609  45.547 0.0000000000
49355  43.331  -20.484  43.689 0.0000000000
47457  40.290  -23.004  45.788 0.0000000000
45635  40.330  -25.304  43.606 0.0000000000
46515  40.435  -24.468  44.675 0.0000000000
46499  42.028  -23.990  45.149 0.0000000000
121135  42.817  -23.510  45.140 0.0000000000
48380  42.410  -21.555  43.986 0.0000000000
123404  41.854  -20.516  42.940 0.0000000000
49395  40.153  -20.543  41.244 0.0000000000
49410  38.665  -20.700  39.720 0.0000000000
48427  37.072  -21.115  38.450 0.0000000000
47506  36.499  -22.517  39.056 0.0000000000
48429  35.888  -21.898  38.029 0.0000000000
49460  35.896  -20.841  36.175 0.0000000000
49482  33.815  -20.826  34.195 0.0000000000
45746  32.202  -25.628  29.751 0.0000000000
45770  31.448  -25.377  28.006 0.0000000000
43821  33.693  -26.899  34.758 0.0000000000
43851  31.122  -26.249  33.670 0.0000000000
119829  30.138  -26.004  32.359 0.0000000000
43838  28.234  -26.619  33.869 0.0000000000
43865  27.998  -26.045  32.036 0.0000000000
35087  34.487  -35.138  42.205 0.0000000000
36057  33.651  -34.170  41.094 0.0000000000
37071  32.316  -33.763  40.146 0.0000000000
35120  30.213  -35.288  40.426 0.0000000000
36075  30.732  -34.336  39.943 0.0000000000
38151  31.008  -33.029  39.170 0.0000000000
38163  28.864  -32.231  37.914 0.0000000000
39118  27.042  -31.871  36.281 0.0000000000
39137  25.402  -31.775  34.426 0.0000000000
36097  24.938  -35.082  38.826 0.0000000000
35183  25.089  -35.991  36.867 0.0000000000
35182  25.606  -36.162  36.378 0.0000000000
35202  22.642  -35.783  34.453 0.0000000000
110179  24.782  -35.803  34.902 0.0000000000
35192  25.397  -35.819  35.056 0.0000000000
130329  25.492  -34.268  34.720 0.0000000000
37150  24.910  -33.177  33.963 0.0000000000
110602  50.744  -7.983  28.065 0.0000000000
128312  50.664  -7.493  26.351 0.0000000000
114589  50.098  -7.414  24.854 0.0000000000
58354  43.420  -11.417  29.012 0.0000000000
35055  37.999  -35.945  44.254 0.0000000000
35067  38.147  -35.098  44.114 0.0000000000
36017  38.188  -34.269  43.785 0.0000000000
118215  37.478  -34.845  43.586 0.0000000000
36018  36.819  -34.530  43.115 0.0000000000
58343  44.899  -11.768  30.633 0.0000000000
30235  23.404  -40.407  46.660 0.0000000000
121726  20.364  -47.480  46.036 0.0000000000
24629  19.573  -47.093  44.745 0.0000000000
24641  18.893  -46.684  44.031 0.0000000000
111990  19.404  -47.324  45.211 0.0000000000
123674  34.596  -39.622  50.630 0.0000000000
31102  34.281  -40.689  51.127 0.0000000000
31089  34.394  -41.218  50.842 0.0000000000
30160  34.081  -41.080  51.082 0.0000000000
29197  33.840  -42.024  50.217 0.0000000000
30161  33.977  -41.339  50.783 0.0000000000
31147  24.847  -39.855  47.257 0.0000000000
31172  23.690  -39.688  46.335 0.0000000000
110189  39.569  -16.845  30.984 0.0000000000
53506  39.455  -16.506  30.275 0.0000000000
51395  52.115  -18.163  38.779 0.0000000000
51381  51.701  -18.109  39.312 0.0000000000
122417  43.263  -19.655  41.748 0.0000000000
50350  42.002  -19.633  40.795 0.0000000000
50332  42.013  -19.801  41.740 0.0000000000
42802  37.947  -28.072  36.914 0.0000000000
43802  38.047  -27.472  37.235 0.0000000000
42817  37.469  -27.616  36.523 0.0000000000
43809  36.883  -27.279  35.909 0.0000000000
42835  36.353  -27.591  35.243 0.0000000000
42849  35.564  -27.368  34.310 0.0000000000
42836  36.015  -27.677  34.727 0.0000000000
34183  27.089  -36.381  41.699 0.0000000000
34200  27.046  -36.759  40.759 0.0000000000
35123  26.523  -36.387  40.437 0.0000000000
127068  52.030  -7.510  29.959 0.0000000000
61852  51.516  -8.021  29.877 0.0000000000
28252  26.882  -42.446  50.748 0.0000000000
114827  25.295  -45.296  50.696 0.0000000000
25491  24.660  -46.165  50.749 0.0000000000
33053  32.687  -37.725  54.503 0.0000000000
128104  32.560  -38.637  54.252 0.0000000000
32033  31.504  -38.350  54.533 0.0000000000
30146  28.146  -41.016  52.453 0.0000000000
30152  27.733  -40.931  51.444 0.0000000000
30163  27.291  -40.954  50.582 0.0000000000
119292  41.772  -31.078  47.491 0.0000000000
39883  41.828  -30.543  48.058 0.0000000000
39884  41.444  -30.418  47.474 0.0000000000
40721  41.578  -29.225  48.535 0.0000000000
40732  41.262  -29.670  47.833 0.0000000000
41682  40.634  -29.239  47.338 0.0000000000
40740  40.792  -29.956  47.015 0.0000000000
39070  38.715  -31.411  41.094 0.0000000000
39069  39.892  -31.455  40.469 0.0000000000
39949  39.525  -31.032  39.968 0.0000000000
39971  38.783  -30.401  39.543 0.0000000000
39972  37.181  -30.292  40.222 0.0000000000
110751  36.342  -29.973  39.856 0.0000000000
123824  32.507  -32.467  39.362 0.0000000000
39099  32.473  -31.792  38.938 0.0000000000
122408  31.962  -32.196  38.943 0.0000000000
39101  30.826  -31.787  38.441 0.0000000000
38157  31.331  -32.290  38.783 0.0000000000
117393  21.631  -37.466  39.164 0.0000000000
60068  47.757  -9.610  30.371 0.0000000000
30273  22.080  -40.910  41.262 0.0000000000
28299  21.627  -43.057  47.362 0.0000000000
28303  21.195  -42.643  46.845 0.0000000000
32115  37.214  -39.251  47.385 0.0000000000
32134  37.936  -38.487  46.653 0.0000000000
32135  36.613  -38.712  46.736 0.0000000000
32157  36.132  -38.236  46.056 0.0000000000
120237  35.616  -38.861  46.702 0.0000000000
31168  30.828  -41.149  46.184 0.0000000000
31184  30.769  -40.936  45.646 0.0000000000
32161  29.938  -40.449  45.099 0.0000000000
32177  29.775  -40.163  44.640 0.0000000000
113149  30.402  -37.486  49.884 0.0000000000
33132  29.690  -37.262  49.377 0.0000000000
33195  25.959  -36.856  45.832 0.0000000000
34116  26.835  -36.475  46.174 0.0000000000
34131  26.687  -36.092  45.488 0.0000000000
111427  26.001  -36.236  45.196 0.0000000000
34148  25.625  -35.986  44.600 0.0000000000
31215  21.064  -39.758  41.765 0.0000000000
120287  21.054  -39.135  41.793 0.0000000000
30280  21.893  -40.278  40.692 0.0000000000
54481  43.422  -15.287  30.474 0.0000000000
54489  43.305  -14.792  29.817 0.0000000000
127005  42.891  -15.196  29.893 0.0000000000
121596  23.637  -48.843  54.092 0.0000000000
23653  23.016  -48.892  53.292 0.0000000000
129410  22.314  -48.445  51.503 0.0000000000
23664  22.214  -48.590  52.149 0.0000000000
25509  17.649  -45.113  49.572 0.0000000000
25485  18.615  -45.919  50.956 0.0000000000
25508  18.282  -45.690  48.884 0.0000000000
121357  17.408  -45.326  47.638 0.0000000000
118258  50.643  -8.328  35.194 0.0000000000
60893  51.421  -8.030  37.133 0.0000000000
59136  51.378  -11.216  34.293 0.0000000000
58293  51.681  -11.667  33.991 0.0000000000
57372  51.253  -12.178  33.715 0.0000000000
54429  48.692  -15.625  33.601 0.0000000000
125073  48.090  -16.204  33.589 0.0000000000
52430  45.297  -17.012  34.815 0.0000000000
52431  44.398  -17.267  34.925 0.0000000000
50399  42.787  -19.950  37.002 0.0000000000
50409  42.346  -19.688  36.488 0.0000000000
50418  42.071  -19.373  35.912 0.0000000000
50419  41.302  -19.471  35.696 0.0000000000
50431  40.353  -19.149  34.727 0.0000000000
117665  37.961  -20.406  36.146 0.0000000000
49469  37.268  -20.473  35.924 0.0000000000
49479  36.329  -20.372  34.837 0.0000000000
49470  36.471  -20.558  35.673 0.0000000000
47440  43.547  -22.991  46.473 0.0000000000
42698  39.135  -26.761  45.532 0.0000000000
43714  39.195  -25.947  45.539 0.0000000000
123695  39.180  -26.370  44.712 0.0000000000
118580  39.994  -24.140  41.812 0.0000000000
46541  39.396  -23.491  41.431 0.0000000000
126708  38.768  -23.192  40.915 0.0000000000
47488  38.940  -22.600  41.259 0.0000000000
45703  33.337  -24.006  34.951 0.0000000000
46573  33.523  -23.446  35.732 0.0000000000
46576  32.887  -23.060  35.238 0.0000000000
47529  32.228  -22.430  33.997 0.0000000000
116808  32.281  -23.265  33.875 0.0000000000
47543  31.442  -22.719  32.558 0.0000000000
46593  31.911  -23.437  33.077 0.0000000000
44850  31.600  -26.666  30.203 0.0000000000
116417  30.966  -26.387  29.540 0.0000000000
42824  30.749  -27.548  36.352 0.0000000000
42839  30.364  -27.110  35.810 0.0000000000
42840  29.556  -27.360  35.652 0.0000000000
34178  32.449  -36.445  42.801 0.0000000000
35089  32.638  -35.707  42.178 0.0000000000
127498  32.075  -36.187  42.357 0.0000000000
120925  27.508  -35.322  38.189 0.0000000000
36115  27.388  -34.808  37.761 0.0000000000
37104  27.106  -34.384  37.163 0.0000000000
35185  21.988  -35.531  36.107 0.0000000000
35184  22.558  -35.049  35.900 0.0000000000
34264  21.835  -36.148  35.430 0.0000000000
61896  47.672  -7.640  26.498 0.0000000000
114382  47.456  -7.369  24.919 0.0000000000
28209  28.293  -42.459  54.390 0.0000000000
110553  27.732  -43.871  54.398 0.0000000000
122429  27.125  -45.016  52.797 0.0000000000
30139  28.901  -40.496  55.894 0.0000000000
29183  28.445  -41.115  53.533 0.0000000000
35029  41.167  -35.756  46.688 0.0000000000
35028  41.831  -35.159  47.073 0.0000000000
35040  41.263  -35.033  46.253 0.0000000000
36001  40.754  -34.094  44.936 0.0000000000
116030  41.196  -33.855  45.465 0.0000000000
36992  41.326  -33.151  45.573 0.0000000000
38036  41.559  -32.509  46.241 0.0000000000
38071  40.990  -32.841  44.920 0.0000000000
38055  40.765  -32.319  44.643 0.0000000000
38072  40.709  -32.817  44.324 0.0000000000
37027  37.876  -33.046  43.066 0.0000000000
38090  38.976  -32.890  43.292 0.0000000000
38106  38.683  -32.412  42.575 0.0000000000
39037  38.672  -31.899  41.914 0.0000000000
38123  36.828  -32.161  41.781 0.0000000000
38138  36.132  -31.937  41.189 0.0000000000
38124  36.136  -32.711  41.607 0.0000000000
37042  35.406  -33.948  41.787 0.0000000000
37055  35.016  -33.412  41.237 0.0000000000
37069  34.381  -33.212  40.708 0.0000000000
30308  21.679  -40.699  37.806 0.0000000000
29330  21.688  -41.901  37.473 0.0000000000
59186  46.296  -10.433  30.684 0.0000000000
59200  44.542  -10.686  29.565 0.0000000000
59199  45.259  -10.233  29.778 0.0000000000
60101  43.860  -9.858  28.121 0.0000000000
31203  20.640  -39.958  43.211 0.0000000000
30250  20.519  -40.812  44.118 0.0000000000
29278  20.386  -41.635  44.335 0.0000000000
121386  20.261  -44.226  45.811 0.0000000000
25554  19.747  -46.407  44.254 0.0000000000
25567  19.192  -45.683  43.111 0.0000000000
25579  18.736  -45.477  42.540 0.0000000000
25590  17.663  -45.466  41.606 0.0000000000
111879  18.533  -45.885  43.074 0.0000000000
120307  18.124  -46.195  43.653 0.0000000000
24660  16.266  -46.169  41.862 0.0000000000
24654  16.349  -46.065  42.693 0.0000000000
32071  37.817  -38.930  50.309 0.0000000000
30159  36.095  -41.870  50.021 0.0000000000
30170  36.852  -41.622  50.029 0.0000000000
30186  36.993  -41.489  49.736 0.0000000000
31125  36.827  -41.000  48.888 0.0000000000
30187  35.769  -41.448  49.173 0.0000000000
30208  34.645  -41.096  48.399 0.0000000000
120567  33.034  -41.651  48.962 0.0000000000
30190  31.526  -41.127  47.390 0.0000000000
32093  27.710  -38.649  49.329 0.0000000000
32105  26.780  -38.811  48.239 0.0000000000
32140  25.320  -38.453  46.607 0.0000000000
32120  26.425  -38.441  47.580 0.0000000000
33175  25.618  -37.709  46.286 0.0000000000
32163  24.947  -38.100  45.990 0.0000000000
33198  23.969  -38.016  45.033 0.0000000000
32164  24.315  -38.401  45.650 0.0000000000
31197  22.089  -39.222  44.699 0.0000000000
32181  21.669  -38.914  43.940 0.0000000000
54483  41.706  -15.469  30.290 0.0000000000
54484  40.789  -15.571  30.256 0.0000000000
53523  39.217  -16.006  28.102 0.0000000000
54499  39.676  -15.668  28.796 0.0000000000
53536  39.330  -16.171  27.307 0.0000000000
53560  39.679  -16.379  25.973 0.0000000000
53549  39.224  -16.612  26.740 0.0000000000
26413  17.258  -44.915  51.141 0.0000000000
120152  16.291  -44.725  49.928 0.0000000000
123098  16.123  -44.799  49.241 0.0000000000
53440  49.826  -17.120  35.068 0.0000000000
52389  49.407  -18.382  37.078 0.0000000000
52407  48.010  -18.246  36.671 0.0000000000
107563  47.413  -17.740  35.991 0.0000000000
109018  45.272  -20.078  41.007 0.0000000000
49404  45.521  -20.095  40.307 0.0000000000
49407  43.251  -20.202  39.644 0.0000000000
124264  42.998  -20.460  38.923 0.0000000000
49430  42.435  -20.435  38.430 0.0000000000
123124  41.719  -20.321  38.672 0.0000000000
49432  40.492  -20.213  38.722 0.0000000000
49433  39.129  -20.360  38.212 0.0000000000
49421  39.074  -20.348  39.036 0.0000000000
42750  39.550  -27.464  40.669 0.0000000000
111387  39.556  -27.254  41.559 0.0000000000
123132  39.503  -26.869  40.328 0.0000000000
44770  38.363  -26.179  38.728 0.0000000000
44763  38.968  -25.899  39.562 0.0000000000
44764  38.169  -25.242  39.220 0.0000000000
45680  37.277  -24.662  38.887 0.0000000000
44772  37.073  -25.272  38.182 0.0000000000
44790  35.935  -25.762  35.965 0.0000000000
44791  35.326  -25.389  35.665 0.0000000000
45693  34.690  -24.597  35.985 0.0000000000
45713  34.101  -25.303  34.251 0.0000000000
45714  34.015  -25.779  33.394 0.0000000000
44808  34.301  -26.387  33.472 0.0000000000
43849  33.852  -26.639  33.120 0.0000000000
43864  32.401  -26.751  31.344 0.0000000000
44817  32.072  -26.579  32.420 0.0000000000
41843  28.090  -28.537  35.443 0.0000000000
41844  27.491  -28.492  34.837 0.0000000000
40917  25.927  -29.201  31.742 0.0000000000
111962  25.843  -29.342  30.988 0.0000000000
40927  25.570  -29.854  30.526 0.0000000000
33257  29.364  -37.843  41.904 0.0000000000
34198  28.654  -37.247  41.054 0.0000000000
34234  26.682  -36.664  39.456 0.0000000000
34232  28.004  -36.841  39.874 0.0000000000
34245  26.831  -36.560  38.891 0.0000000000
126733  51.808  -7.610  28.680 0.0000000000
61862  52.311  -7.311  28.277 0.0000000000
117996  51.707  -7.443  27.137 0.0000000000
30192  25.765  -40.774  48.444 0.0000000000
29237  25.611  -41.502  48.713 0.0000000000
28290  24.653  -42.492  48.730 0.0000000000
28291  23.811  -42.740  48.463 0.0000000000
28235  27.001  -43.213  51.310 0.0000000000
28253  26.504  -43.123  50.566 0.0000000000
27330  26.068  -43.774  50.451 0.0000000000
26427  24.728  -44.606  49.887 0.0000000000
27341  24.267  -44.111  49.440 0.0000000000
26445  22.038  -44.456  48.188 0.0000000000
26435  22.738  -44.766  48.703 0.0000000000
26436  22.079  -45.486  48.414 0.0000000000
25522  21.630  -46.386  48.032 0.0000000000
24614  21.235  -47.314  47.581 0.0000000000
32043  33.809  -38.822  54.148 0.0000000000
33065  33.984  -38.401  53.890 0.0000000000
32042  34.001  -39.226  53.818 0.0000000000
32057  34.050  -39.590  52.994 0.0000000000
32058  33.625  -39.759  53.120 0.0000000000
32059  33.028  -39.671  53.370 0.0000000000
33086  30.929  -38.141  51.835 0.0000000000
33087  29.927  -38.110  51.960 0.0000000000
31079  29.642  -39.296  54.833 0.0000000000
118784  29.956  -38.859  54.199 0.0000000000
32046  29.303  -39.064  53.375 0.0000000000
31091  28.451  -39.352  51.510 0.0000000000
128917  28.678  -38.732  51.146 0.0000000000
32079  27.940  -38.950  50.020 0.0000000000
31106  27.677  -39.621  50.230 0.0000000000
30174  26.681  -40.663  49.408 0.0000000000
127876  27.008  -40.136  49.521 0.0000000000
52475  37.999  -17.632  29.462 0.0000000000
49391  46.829  -19.907  42.137 0.0000000000
49373  47.481  -20.173  43.010 0.0000000000
49354  46.867  -20.817  44.307 0.0000000000
49374  46.593  -20.461  43.205 0.0000000000
49337  45.846  -21.184  44.723 0.0000000000
36958  42.969  -33.519  48.543 0.0000000000
41683  39.982  -28.586  46.837 0.0000000000
115681  39.481  -27.851  46.472 0.0000000000
42710  39.203  -27.619  45.641 0.0000000000
41708  39.235  -28.883  44.789 0.0000000000
39899  40.446  -31.647  43.805 0.0000000000
127779  40.267  -31.207  44.431 0.0000000000
39908  40.244  -31.138  43.048 0.0000000000
112453  40.279  -30.546  41.230 0.0000000000
111750  39.904  -30.469  42.523 0.0000000000
129256  39.372  -29.435  42.742 0.0000000000
112264  39.495  -29.075  41.632 0.0000000000
40840  38.282  -29.136  38.354 0.0000000000
40838  39.694  -29.849  38.769 0.0000000000
115357  38.276  -28.667  37.778 0.0000000000
41810  37.632  -28.564  37.851 0.0000000000
41825  36.017  -27.974  37.593 0.0000000000
41811  36.437  -28.427  38.326 0.0000000000
40843  34.704  -29.350  38.808 0.0000000000
41813  34.455  -28.728  38.398 0.0000000000
117525  32.901  -28.483  37.723 0.0000000000
40858  33.099  -29.210  38.210 0.0000000000
39088  35.076  -31.280  39.936 0.0000000000
39983  31.982  -30.634  38.333 0.0000000000
39982  32.730  -30.744  38.553 0.0000000000
40846  31.960  -29.820  38.001 0.0000000000
40861  30.695  -29.513  37.417 0.0000000000
39992  28.879  -30.781  37.271 0.0000000000
40002  27.668  -30.663  36.291 0.0000000000
40003  27.053  -31.078  35.918 0.0000000000
36062  24.000  -34.437  40.814 0.0000000000
36063  23.382  -34.673  40.205 0.0000000000
34253  21.641  -36.487  37.925 0.0000000000
35157  21.956  -35.575  38.197 0.0000000000
35173  21.848  -35.739  37.122 0.0000000000
109063  21.471  -37.437  36.431 0.0000000000
123784  21.496  -40.139  37.311 0.0000000000
115774  21.428  -39.584  36.796 0.0000000000
30324  21.310  -40.280  36.495 0.0000000000
129443  21.155  -39.849  35.295 0.0000000000
31295  21.122  -39.562  34.594 0.0000000000
122848  50.756  -8.736  29.950 0.0000000000
60944  50.248  -9.094  30.115 0.0000000000
126198  47.878  -7.972  27.277 0.0000000000
60982  47.606  -8.346  27.854 0.0000000000
60084  46.294  -9.489  29.512 0.0000000000
60083  46.941  -9.187  29.346 0.0000000000
60098  46.235  -9.128  28.889 0.0000000000
29263  22.175  -41.446  46.748 0.0000000000
28329  20.403  -42.339  43.688 0.0000000000
27381  20.001  -44.238  43.313 0.0000000000
27385  19.982  -44.180  42.444 0.0000000000
129264  20.296  -43.628  41.427 0.0000000000
32087  39.308  -38.691  50.600 0.0000000000
32102  39.587  -39.271  50.124 0.0000000000
32112  39.592  -38.661  47.743 0.0000000000
120631  40.090  -38.694  48.784 0.0000000000
33169  40.722  -37.487  47.726 0.0000000000
33170  39.976  -37.905  47.096 0.0000000000
121382  38.153  -37.465  45.372 0.0000000000
33187  38.801  -37.501  45.739 0.0000000000
33207  37.672  -37.216  44.841 0.0000000000
111701  36.940  -36.871  44.341 0.0000000000
33191  34.775  -37.750  45.293 0.0000000000
33209  35.375  -37.249  44.729 0.0000000000
33210  34.411  -37.296  44.676 0.0000000000
33211  33.430  -37.571  44.552 0.0000000000
31166  33.381  -39.748  46.382 0.0000000000
32175  31.715  -39.346  44.546 0.0000000000
33213  31.338  -38.921  43.920 0.0000000000
33212  32.449  -38.127  44.283 0.0000000000
33230  29.598  -39.206  43.249 0.0000000000
33215  28.467  -38.515  43.220 0.0000000000
33231  28.712  -39.061  43.064 0.0000000000
34181  27.932  -37.756  42.330 0.0000000000
32077  32.658  -39.558  50.902 0.0000000000
31114  33.124  -40.630  50.468 0.0000000000
33145  31.505  -38.003  48.776 0.0000000000
32103  32.107  -39.079  48.948 0.0000000000
33158  31.352  -38.261  47.698 0.0000000000
33148  28.722  -37.127  48.585 0.0000000000
114720  29.352  -37.075  48.853 0.0000000000
33160  28.598  -36.667  47.692 0.0000000000
34114  28.827  -36.410  46.695 0.0000000000
34100  29.575  -36.675  47.265 0.0000000000
34113  29.521  -36.665  46.277 0.0000000000
34112  30.057  -36.981  46.616 0.0000000000
34129  29.483  -36.932  45.513 0.0000000000
35058  27.002  -35.466  44.212 0.0000000000
35057  27.714  -35.774  44.313 0.0000000000
35075  26.639  -35.312  43.309 0.0000000000
35093  25.414  -34.852  42.477 0.0000000000
34184  23.257  -36.223  42.558 0.0000000000
35095  23.659  -35.364  42.120 0.0000000000
34201  22.956  -35.913  41.841 0.0000000000
34202  22.411  -36.421  41.521 0.0000000000
33217  23.611  -37.647  44.380 0.0000000000
33234  22.490  -37.605  43.286 0.0000000000
32210  21.343  -38.637  41.198 0.0000000000
125609  21.661  -37.716  42.145 0.0000000000
118156  21.564  -38.058  40.640 0.0000000000
32214  21.527  -38.816  40.346 0.0000000000
56420  44.249  -13.740  30.357 0.0000000000
57403  43.871  -12.972  29.960 0.0000000000
56434  42.700  -14.019  28.912 0.0000000000
115553  40.741  -15.208  28.638 0.0000000000
55472  41.890  -15.056  28.995 0.0000000000
55497  40.585  -14.797  26.277 0.0000000000
128453  40.978  -14.670  24.999 0.0000000000
52499  38.328  -17.452  27.842 0.0000000000
51538  38.538  -18.212  26.540 0.0000000000
29179  26.714  -42.190  55.872 0.0000000000
26382  26.716  -45.168  55.423 0.0000000000
25441  27.130  -46.156  55.189 0.0000000000
25452  27.272  -46.647  54.932 0.0000000000
24559  26.910  -47.328  54.996 0.0000000000
23651  24.926  -48.229  53.675 0.0000000000
24574  25.082  -47.567  52.505 0.0000000000
24585  23.649  -47.534  50.947 0.0000000000
23672  21.652  -48.148  50.093 0.0000000000
128920  22.205  -48.057  50.361 0.0000000000
23682  20.721  -48.277  48.321 0.0000000000
23684  20.234  -48.377  48.269 0.0000000000
23656  20.006  -47.310  52.110 0.0000000000
23666  20.612  -47.921  51.400 0.0000000000
118563  20.012  -47.579  49.982 0.0000000000
24600  19.850  -47.873  48.865 0.0000000000
24609  19.471  -47.630  47.991 0.0000000000
24617  18.892  -47.112  46.386 0.0000000000
24623  18.704  -46.981  45.470 0.0000000000
25539  16.201  -45.408  47.243 0.0000000000
61812  51.531  -7.203  32.528 0.0000000000
61813  50.948  -7.787  32.694 0.0000000000
60908  50.146  -8.827  33.843 0.0000000000
60053  50.290  -9.753  31.361 0.0000000000
60042  50.721  -10.169  32.090 0.0000000000
60017  50.147  -9.517  36.032 0.0000000000
59162  51.011  -10.792  32.702 0.0000000000
59163  50.354  -10.600  32.166 0.0000000000
58318  48.912  -11.260  32.422 0.0000000000
128318  48.726  -12.185  33.179 0.0000000000
57382  48.344  -11.771  32.796 0.0000000000
58320  46.773  -11.843  32.154 0.0000000000
57383  47.021  -12.538  32.534 0.0000000000
56391  50.180  -13.058  33.795 0.0000000000
118878  49.874  -14.013  33.992 0.0000000000
56393  47.943  -13.822  33.246 0.0000000000
56403  46.600  -13.467  32.321 0.0000000000
118971  46.593  -14.381  32.266 0.0000000000
55448  45.668  -15.083  31.595 0.0000000000
54448  45.875  -15.695  32.060 0.0000000000
54465  45.275  -15.561  31.618 0.0000000000
54449  45.136  -15.918  31.912 0.0000000000
53461  47.842  -16.564  34.050 0.0000000000
53462  47.083  -16.711  34.376 0.0000000000
53478  44.987  -16.258  33.249 0.0000000000
53477  45.985  -16.276  33.190 0.0000000000
126012  43.209  -15.704  31.808 0.0000000000
53490  43.594  -15.864  32.345 0.0000000000
53480  42.316  -16.621  33.476 0.0000000000
52443  41.363  -17.205  33.400 0.0000000000
51382  50.964  -18.615  39.709 0.0000000000
130104  50.278  -19.008  39.839 0.0000000000
51398  47.530  -19.245  38.282 0.0000000000
50366  44.995  -20.396  39.030 0.0000000000
51432  44.108  -19.122  36.576 0.0000000000
111636  44.882  -18.827  36.666 0.0000000000
51441  43.722  -18.620  35.910 0.0000000000
52422  44.061  -17.926  35.513 0.0000000000
51449  43.182  -18.303  35.338 0.0000000000
51451  41.539  -18.580  34.612 0.0000000000
52433  42.029  -17.915  34.406 0.0000000000
52444  40.646  -17.816  33.220 0.0000000000
51471  40.058  -18.317  32.837 0.0000000000
114716  38.983  -18.740  33.416 0.0000000000
51481  38.457  -18.310  32.186 0.0000000000
51473  37.691  -18.610  32.691 0.0000000000
49456  40.309  -20.378  36.855 0.0000000000
50421  39.507  -19.952  35.711 0.0000000000
50434  37.755  -19.811  34.469 0.0000000000
50452  36.296  -19.198  32.925 0.0000000000
48356  44.561  -22.420  46.271 0.0000000000
48369  43.805  -21.815  45.278 0.0000000000
49338  44.092  -20.978  44.568 0.0000000000
49339  43.116  -21.101  44.283 0.0000000000
45594  39.426  -23.940  46.080 0.0000000000
120732  39.386  -23.652  46.771 0.0000000000
46486  39.714  -23.089  46.312 0.0000000000
47443  40.162  -22.522  46.407 0.0000000000
46501  39.838  -23.739  45.461 0.0000000000
43759  39.753  -26.341  41.901 0.0000000000
44713  39.906  -25.800  43.287 0.0000000000
44726  40.106  -25.601  42.359 0.0000000000
46525  41.239  -24.386  43.187 0.0000000000
45634  40.994  -24.946  43.377 0.0000000000
45618  41.449  -24.575  43.956 0.0000000000
46514  41.521  -24.299  44.677 0.0000000000
46513  41.949  -24.101  44.594 0.0000000000
46498  42.515  -23.706  45.188 0.0000000000
46512  42.272  -23.712  44.597 0.0000000000
123483  41.447  -22.616  43.396 0.0000000000
47475  41.173  -21.784  43.160 0.0000000000
48381  41.728  -21.233  43.388 0.0000000000
48389  41.094  -20.933  42.813 0.0000000000
49379  40.617  -20.646  42.036 0.0000000000
125533  40.006  -21.135  41.862 0.0000000000
48405  38.325  -21.318  40.182 0.0000000000
48404  38.995  -20.932  40.462 0.0000000000
48415  38.073  -21.062  39.606 0.0000000000
49422  38.256  -20.666  39.093 0.0000000000
48416  37.606  -21.135  39.148 0.0000000000
45676  36.581  -23.882  38.896 0.0000000000
46561  36.723  -23.213  39.352 0.0000000000
46565  35.635  -23.272  38.301 0.0000000000
47516  34.062  -22.276  36.249 0.0000000000
47508  35.410  -22.591  37.924 0.0000000000
48438  35.355  -21.872  37.363 0.0000000000
48446  35.695  -21.236  36.804 0.0000000000
48447  35.220  -21.272  36.202 0.0000000000
49472  34.806  -21.044  35.332 0.0000000000
48457  34.012  -21.191  34.911 0.0000000000
48476  31.920  -21.287  32.764 0.0000000000
45730  32.989  -25.561  31.803 0.0000000000
45731  32.263  -24.764  31.499 0.0000000000
120377  32.490  -25.740  30.471 0.0000000000
110278  31.226  -26.120  28.183 0.0000000000
110824  31.714  -26.015  28.491 0.0000000000
44875  31.270  -26.031  27.648 0.0000000000
42821  34.056  -27.146  35.638 0.0000000000
43811  32.898  -26.832  35.889 0.0000000000
43836  30.427  -26.347  34.574 0.0000000000
114394  31.360  -26.325  34.392 0.0000000000
44818  30.700  -26.182  32.938 0.0000000000
126997  29.711  -26.036  33.152 0.0000000000
43839  27.762  -27.132  34.032 0.0000000000
43854  27.649  -26.860  33.358 0.0000000000
43888  27.511  -26.467  30.609 0.0000000000
43879  27.514  -26.510  31.597 0.0000000000
35071  35.002  -35.712  42.911 0.0000000000
35103  33.005  -35.099  41.662 0.0000000000
121594  33.726  -34.817  41.655 0.0000000000
36042  33.153  -34.616  41.274 0.0000000000
36058  32.837  -34.267  40.759 0.0000000000
36074  31.558  -34.174  40.170 0.0000000000
126832  30.843  -35.398  41.001 0.0000000000
127674  29.002  -33.808  38.724 0.0000000000
36094  29.363  -34.045  39.063 0.0000000000
37080  30.295  -33.622  39.288 0.0000000000
37092  29.453  -33.270  38.684 0.0000000000
38158  29.553  -32.439  38.344 0.0000000000
127539  28.908  -32.836  38.278 0.0000000000
124379  26.583  -32.747  36.165 0.0000000000
38172  27.181  -32.575  36.681 0.0000000000
39127  26.379  -31.703  35.618 0.0000000000
38186  25.528  -32.571  34.875 0.0000000000
36078  24.386  -34.492  39.503 0.0000000000
36077  25.028  -34.883  39.697 0.0000000000
36098  24.307  -34.486  38.425 0.0000000000
36136  24.394  -35.078  36.630 0.0000000000
35170  25.771  -36.232  37.254 0.0000000000
123837  25.052  -36.042  36.237 0.0000000000
34314  21.993  -37.003  33.261 0.0000000000
34278  22.216  -36.389  34.042 0.0000000000
34295  22.618  -36.369  33.182 0.0000000000
35210  24.025  -35.603  33.480 0.0000000000
35201  23.497  -35.739  33.968 0.0000000000
35200  24.444  -35.565  34.143 0.0000000000
35199  25.057  -35.686  34.579 0.0000000000
36167  25.341  -35.255  34.607 0.0000000000
36168  24.899  -35.191  34.080 0.0000000000
36194  24.208  -34.229  31.955 0.0000000000
37151  24.697  -34.142  33.450 0.0000000000
38208  24.672  -32.909  33.222 0.0000000000
61864  50.547  -8.373  28.793 0.0000000000
108007  50.065  -7.630  26.866 0.0000000000
61911  49.631  -7.415  25.564 0.0000000000
61910  50.410  -7.433  25.606 0.0000000000
57413  43.578  -12.196  29.508 0.0000000000
29178  28.607  -41.467  55.727 0.0000000000
28198  28.346  -42.337  55.493 0.0000000000
28192  28.221  -42.037  56.082 0.0000000000
28199  27.908  -42.744  55.781 0.0000000000
35042  40.071  -35.904  45.528 0.0000000000
35041  40.747  -35.432  45.880 0.0000000000
35053  39.687  -35.548  45.048 0.0000000000
118531  39.789  -34.859  44.740 0.0000000000
37007  40.093  -33.985  44.499 0.0000000000
37026  40.203  -33.117  43.948 0.0000000000
36016  38.917  -33.628  43.800 0.0000000000
129055  38.242  -33.530  43.479 0.0000000000
36027  36.881  -33.555  42.713 0.0000000000
129034  36.540  -32.932  42.113 0.0000000000
126128  36.325  -34.292  42.590 0.0000000000
36028  35.732  -34.460  42.309 0.0000000000
112329  46.155  -11.192  31.278 0.0000000000
58342  45.583  -11.088  30.765 0.0000000000
59187  45.042  -10.901  30.238 0.0000000000
31188  22.485  -39.568  45.405 0.0000000000
31189  21.647  -39.892  45.061 0.0000000000
30245  21.215  -40.607  45.392 0.0000000000
25536  20.929  -46.378  46.436 0.0000000000
24642  18.381  -46.598  44.292 0.0000000000
31100  36.664  -39.868  50.183 0.0000000000
31087  35.825  -40.650  50.366 0.0000000000
29195  35.405  -41.810  50.210 0.0000000000
29212  35.327  -41.962  50.066 0.0000000000
29235  34.067  -41.913  49.585 0.0000000000
29214  33.813  -41.836  49.706 0.0000000000
30172  33.668  -41.698  49.912 0.0000000000
30173  33.064  -41.442  49.467 0.0000000000
31129  26.499  -39.626  48.501 0.0000000000
31145  26.154  -39.254  47.867 0.0000000000
31170  25.049  -39.143  46.946 0.0000000000
31186  23.998  -39.032  45.983 0.0000000000
31187  23.285  -39.298  45.683 0.0000000000
54485  40.035  -15.764  30.032 0.0000000000
121954  15.908  -44.841  50.400 0.0000000000
52405  52.078  -18.082  37.401 0.0000000000
51412  51.523  -18.523  37.998 0.0000000000
51413  49.855  -18.818  38.058 0.0000000000
129408  44.528  -19.940  40.801 0.0000000000
50330  43.739  -19.762  41.196 0.0000000000
50348  43.038  -19.747  40.539 0.0000000000
50349  42.472  -19.868  40.031 0.0000000000
50367  41.767  -19.832  40.013 0.0000000000
49408  41.209  -19.822  40.387 0.0000000000
113172  40.338  -20.104  40.324 0.0000000000
42792  38.910  -27.867  38.230 0.0000000000
43794  38.468  -27.139  38.083 0.0000000000
43795  37.924  -26.502  37.941 0.0000000000
44778  37.370  -26.023  37.698 0.0000000000
43803  37.190  -26.572  36.786 0.0000000000
43810  36.455  -26.902  35.284 0.0000000000
43832  35.511  -26.988  34.123 0.0000000000
44807  34.756  -26.580  33.820 0.0000000000
43833  35.008  -27.188  33.802 0.0000000000
43834  34.463  -27.014  33.652 0.0000000000
33259  28.057  -37.553  41.240 0.0000000000
34217  26.869  -36.842  40.015 0.0000000000
125190  52.717  -6.906  30.043 0.0000000000
29215  26.480  -41.490  49.627 0.0000000000
29216  25.989  -41.908  49.292 0.0000000000
28274  25.808  -42.635  49.554 0.0000000000
26417  26.300  -44.375  50.983 0.0000000000
26418  25.848  -44.517  50.680 0.0000000000
26428  23.922  -44.865  49.549 0.0000000000
26434  23.244  -45.047  49.205 0.0000000000
25506  23.427  -45.929  49.625 0.0000000000
25507  22.556  -46.708  49.358 0.0000000000
33052  33.342  -37.996  54.272 0.0000000000
115772  33.085  -39.189  54.128 0.0000000000
31092  27.794  -40.055  50.894 0.0000000000
129814  26.863  -41.016  49.984 0.0000000000
38984  42.155  -31.789  47.656 0.0000000000
39876  42.148  -31.111  48.225 0.0000000000
39877  42.145  -30.453  48.906 0.0000000000
116566  41.516  -27.887  49.062 0.0000000000
42684  40.636  -27.871  48.202 0.0000000000
41668  40.596  -28.573  47.722 0.0000000000
40741  40.112  -29.354  46.413 0.0000000000
39036  40.131  -32.001  41.622 0.0000000000
39035  40.267  -31.814  41.661 0.0000000000
39051  40.174  -31.539  40.831 0.0000000000
39930  40.342  -31.178  40.442 0.0000000000
40807  40.334  -30.627  39.827 0.0000000000
40823  40.183  -30.294  39.103 0.0000000000
39970  39.928  -30.557  39.135 0.0000000000
40826  36.453  -29.413  39.450 0.0000000000
40827  35.744  -29.775  39.519 0.0000000000
40828  34.987  -29.986  39.278 0.0000000000
38148  34.083  -32.244  39.904 0.0000000000
39090  33.749  -31.635  39.418 0.0000000000
39091  33.030  -31.913  39.274 0.0000000000
118625  32.432  -31.242  38.636 0.0000000000
39984  31.071  -30.939  38.207 0.0000000000
39991  30.471  -30.368  37.672 0.0000000000
39107  30.147  -31.217  37.992 0.0000000000
39109  28.812  -31.533  37.548 0.0000000000
35125  22.726  -35.458  40.622 0.0000000000
113781  22.631  -35.217  39.928 0.0000000000
34235  22.193  -35.911  40.161 0.0000000000
34246  21.747  -36.445  38.781 0.0000000000
127871  21.526  -37.259  37.836 0.0000000000
60066  49.867  -9.518  30.646 0.0000000000
60081  49.322  -9.207  29.980 0.0000000000
60960  47.807  -8.941  29.213 0.0000000000
28336  21.091  -41.678  42.140 0.0000000000
29264  21.148  -41.873  46.428 0.0000000000
28315  20.212  -42.603  45.433 0.0000000000
121054  19.671  -44.944  42.914 0.0000000000
117507  19.635  -44.265  40.772 0.0000000000
31123  38.858  -40.053  49.329 0.0000000000
32113  38.893  -39.290  48.089 0.0000000000
32132  39.151  -38.019  46.619 0.0000000000
32133  38.690  -38.594  47.054 0.0000000000
33189  36.657  -37.734  45.419 0.0000000000
33208  36.311  -37.324  44.756 0.0000000000
110964  34.223  -38.306  45.647 0.0000000000
31167  31.837  -40.960  46.225 0.0000000000
31182  32.439  -40.211  45.952 0.0000000000
31183  31.465  -40.750  45.699 0.0000000000
31196  30.961  -40.539  44.979 0.0000000000
32176  30.359  -40.020  44.394 0.0000000000
32186  29.624  -39.639  43.999 0.0000000000
32178  29.401  -39.509  44.179 0.0000000000
33214  28.810  -38.807  43.794 0.0000000000
33130  31.287  -37.807  49.841 0.0000000000
33131  30.720  -37.400  49.069 0.0000000000
34115  27.620  -36.274  46.282 0.0000000000
34130  27.951  -36.023  45.661 0.0000000000
35044  27.389  -35.761  45.032 0.0000000000
35059  26.157  -35.366  44.046 0.0000000000
35077  24.831  -35.279  43.155 0.0000000000
35060  25.224  -35.610  43.893 0.0000000000
34167  24.366  -36.126  43.613 0.0000000000
34168  23.588  -36.564  43.303 0.0000000000
32188  22.086  -38.263  43.584 0.0000000000
33235  21.772  -37.967  42.800 0.0000000000
119560  22.087  -40.412  40.007 0.0000000000
55462  43.950  -14.676  30.283 0.0000000000
56421  43.632  -13.966  29.823 0.0000000000
55477  42.214  -14.531  28.764 0.0000000000
54507  40.199  -15.303  26.865 0.0000000000
54519  40.137  -15.530  26.116 0.0000000000
23652  24.216  -48.651  53.844 0.0000000000
23670  23.175  -48.253  51.579 0.0000000000
23663  22.761  -48.577  52.015 0.0000000000
23673  21.184  -48.212  50.175 0.0000000000
123293  18.645  -45.932  51.741 0.0000000000
24575  19.251  -46.588  51.450 0.0000000000
24588  19.312  -46.672  50.514 0.0000000000
120183  19.403  -46.865  49.671 0.0000000000
118562  18.779  -46.419  48.264 0.0000000000
128511  17.989  -46.321  46.219 0.0000000000
25537  18.042  -46.067  47.018 0.0000000000
61800  50.821  -7.902  34.107 0.0000000000
59137  50.247  -10.341  34.901 0.0000000000
110856  51.337  -11.209  33.441 0.0000000000
55421  50.357  -14.649  34.223 0.0000000000
55429  49.292  -14.828  33.755 0.0000000000
55430  48.367  -14.810  33.361 0.0000000000
55431  47.572  -14.854  32.927 0.0000000000
55439  46.940  -14.964  32.480 0.0000000000
54446  47.229  -15.445  32.803 0.0000000000
52420  46.918  -17.222  35.234 0.0000000000
52429  46.198  -16.853  34.633 0.0000000000
53479  43.994  -16.387  33.651 0.0000000000
53465  43.798  -16.881  34.378 0.0000000000
130180  43.156  -17.200  34.435 0.0000000000
50344  49.360  -19.107  40.319 0.0000000000
50362  49.444  -19.371  39.862 0.0000000000
50382  46.494  -19.668  38.678 0.0000000000
50385  44.025  -20.298  37.964 0.0000000000
50408  43.423  -19.622  36.820 0.0000000000
51433  43.235  -19.138  36.172 0.0000000000
51442  42.638  -18.903  35.639 0.0000000000
51443  41.823  -18.982  35.283 0.0000000000
51452  40.759  -18.726  34.293 0.0000000000
51453  39.980  -18.884  34.154 0.0000000000
50442  39.180  -19.025  34.070 0.0000000000
49468  38.703  -20.250  35.955 0.0000000000
50435  36.914  -19.994  34.282 0.0000000000
50446  35.790  -19.713  33.421 0.0000000000
50436  36.100  -20.109  34.094 0.0000000000
49484  35.263  -20.199  33.907 0.0000000000
47454  44.031  -22.851  46.435 0.0000000000
47466  43.871  -22.976  45.975 0.0000000000
44688  39.265  -25.688  46.891 0.0000000000
44689  39.225  -25.392  46.148 0.0000000000
45605  39.351  -24.696  45.860 0.0000000000
44694  39.528  -24.891  45.082 0.0000000000
44740  39.902  -25.286  41.554 0.0000000000
44712  40.566  -25.372  43.012 0.0000000000
45647  40.185  -24.817  42.005 0.0000000000
113007  40.565  -24.285  42.417 0.0000000000
46533  41.423  -23.503  43.316 0.0000000000
120145  40.817  -23.534  42.685 0.0000000000
47482  40.178  -22.573  42.380 0.0000000000
48391  39.679  -21.823  42.004 0.0000000000
120690  39.185  -21.979  41.526 0.0000000000
120846  38.088  -21.961  40.433 0.0000000000
45686  34.759  -24.095  36.667 0.0000000000
46568  35.176  -23.368  37.671 0.0000000000
46569  34.675  -23.472  37.050 0.0000000000
47513  33.765  -22.970  36.270 0.0000000000
48458  33.259  -21.479  34.642 0.0000000000
48459  32.581  -21.930  34.370 0.0000000000
48467  31.615  -21.974  33.006 0.0000000000
48477  31.432  -21.771  32.282 0.0000000000
46640  31.023  -23.550  30.170 0.0000000000
44836  32.518  -26.482  30.551 0.0000000000
44849  32.316  -26.393  29.882 0.0000000000
43899  31.997  -26.580  29.637 0.0000000000
44863  31.582  -26.204  28.878 0.0000000000
42822  32.301  -27.279  36.573 0.0000000000
43812  31.975  -26.795  36.023 0.0000000000
42838  31.174  -26.914  35.955 0.0000000000
43823  30.947  -26.509  35.242 0.0000000000
125864  29.608  -26.507  34.697 0.0000000000
42880  26.695  -27.923  31.568 0.0000000000
42879  27.089  -27.245  32.020 0.0000000000
42886  26.727  -27.875  30.727 0.0000000000
34162  34.500  -36.237  43.452 0.0000000000
122939  33.232  -35.893  42.661 0.0000000000
35104  32.332  -35.316  41.620 0.0000000000
36044  31.668  -35.188  41.217 0.0000000000
114814  28.961  -35.359  39.578 0.0000000000
35136  28.592  -35.162  39.128 0.0000000000
36095  28.649  -34.435  38.770 0.0000000000
37102  28.294  -32.815  37.842 0.0000000000
37103  27.684  -33.663  37.706 0.0000000000
37117  27.194  -33.332  37.001 0.0000000000
37133  26.200  -33.765  35.746 0.0000000000
36117  23.802  -34.267  37.686 0.0000000000
36118  23.272  -34.421  37.035 0.0000000000
36138  23.260  -34.809  36.041 0.0000000000
36158  22.928  -35.071  35.431 0.0000000000
34313  22.389  -36.658  31.914 0.0000000000
120704  22.361  -36.697  32.624 0.0000000000
35223  24.060  -35.388  32.829 0.0000000000
60980  49.360  -7.918  27.465 0.0000000000
57434  42.148  -12.140  28.032 0.0000000000
58376  41.713  -11.738  26.915 0.0000000000
29190  27.741  -41.788  51.957 0.0000000000
28220  27.750  -42.698  52.465 0.0000000000
27314  27.454  -43.250  51.990 0.0000000000
27299  27.644  -43.615  53.002 0.0000000000
27315  27.251  -44.080  52.155 0.0000000000
26409  26.676  -44.665  51.744 0.0000000000
25480  26.565  -45.727  52.582 0.0000000000
31080  29.259  -39.856  55.479 0.0000000000
108665  42.418  -36.205  48.990 0.0000000000
35016  42.333  -35.613  48.067 0.0000000000
35955  42.763  -34.380  48.191 0.0000000000
36959  42.412  -33.455  47.531 0.0000000000
35986  40.986  -34.591  45.638 0.0000000000
35973  41.552  -34.285  46.219 0.0000000000
36974  41.792  -33.412  46.486 0.0000000000
38021  42.033  -32.566  47.099 0.0000000000
38993  41.268  -31.815  46.104 0.0000000000
38994  40.746  -31.181  45.888 0.0000000000
125921  40.903  -31.896  45.388 0.0000000000
129337  40.616  -32.006  44.181 0.0000000000
38088  40.308  -32.298  43.086 0.0000000000
38089  40.093  -32.586  43.172 0.0000000000
38104  40.223  -32.133  42.370 0.0000000000
123525  39.590  -32.083  41.919 0.0000000000
39071  37.261  -31.428  41.309 0.0000000000
39951  36.643  -31.059  40.760 0.0000000000
115453  35.527  -32.709  41.202 0.0000000000
38140  34.372  -32.639  40.359 0.0000000000
38141  33.728  -32.971  40.232 0.0000000000
113735  32.897  -33.087  39.867 0.0000000000
32226  21.543  -38.906  38.386 0.0000000000
109005  21.630  -40.102  38.032 0.0000000000
109530  21.443  -40.818  37.013 0.0000000000
29347  21.347  -41.549  36.822 0.0000000000
28392  21.308  -42.441  36.745 0.0000000000
60085  45.574  -9.604  29.266 0.0000000000
128680  45.115  -9.572  28.899 0.0000000000
60100  44.651  -9.646  28.570 0.0000000000
120629  20.804  -39.562  42.527 0.0000000000
30269  20.909  -40.317  42.118 0.0000000000
30270  20.650  -40.282  42.766 0.0000000000
29292  20.754  -41.035  42.609 0.0000000000
31199  20.704  -40.074  43.867 0.0000000000
111910  20.759  -42.647  42.183 0.0000000000
27353  21.339  -44.120  47.528 0.0000000000
113281  20.435  -43.778  46.365 0.0000000000
26459  20.100  -44.257  45.120 0.0000000000
25553  20.096  -45.447  44.491 0.0000000000
26470  19.285  -44.907  42.221 0.0000000000
25589  18.507  -45.220  41.849 0.0000000000
25580  17.949  -45.631  42.499 0.0000000000
25591  16.862  -45.804  41.339 0.0000000000
31099  37.724  -40.310  50.275 0.0000000000
31113  38.207  -40.642  50.087 0.0000000000
119778  38.320  -40.663  49.830 0.0000000000
31124  37.857  -40.856  49.305 0.0000000000
31140  36.972  -40.015  48.174 0.0000000000
31164  35.310  -39.530  47.291 0.0000000000
115746  34.544  -40.251  47.599 0.0000000000
31142  33.336  -40.627  47.240 0.0000000000
30188  33.571  -41.678  48.853 0.0000000000
30210  32.804  -41.474  48.034 0.0000000000
30231  32.254  -41.279  47.285 0.0000000000
30232  31.609  -41.291  46.768 0.0000000000
30212  31.205  -41.212  46.698 0.0000000000
31144  30.698  -40.584  46.342 0.0000000000
33134  28.191  -37.816  48.999 0.0000000000
33149  27.923  -37.387  48.279 0.0000000000
32119  27.158  -37.954  47.913 0.0000000000
33162  26.788  -37.589  47.232 0.0000000000
33174  26.384  -37.263  46.553 0.0000000000
33197  24.651  -37.706  45.384 0.0000000000
32165  23.615  -38.639  45.364 0.0000000000
54491  41.411  -15.315  29.542 0.0000000000
127999  40.064  -15.574  29.350 0.0000000000
117879  39.892  -15.474  28.110 0.0000000000
54520  39.675  -15.930  26.709 0.0000000000
25474  18.301  -45.628  52.469 0.0000000000
25486  18.005  -45.409  51.483 0.0000000000
26437  16.387  -44.869  48.596 0.0000000000
25525  16.008  -45.155  48.045 0.0000000000
108938  49.687  -16.481  34.442 0.0000000000
116660  48.764  -17.269  35.160 0.0000000000
127202  47.874  -17.395  35.431 0.0000000000
52408  46.275  -17.810  36.000 0.0000000000
109214  46.542  -19.951  40.432 0.0000000000
49418  44.906  -20.271  39.588 0.0000000000
49419  44.395  -20.534  39.053 0.0000000000
109401  44.166  -20.377  39.604 0.0000000000
49428  44.004  -20.513  38.561 0.0000000000
49429  43.310  -20.459  38.282 0.0000000000
49442  42.621  -20.316  37.665 0.0000000000
50400  42.062  -20.191  37.039 0.0000000000
50411  40.816  -19.929  36.257 0.0000000000
49455  41.210  -20.314  36.990 0.0000000000
49431  41.111  -20.301  38.481 0.0000000000
49445  39.669  -20.423  37.550 0.0000000000
49446  38.774  -20.449  37.551 0.0000000000
49447  37.782  -20.586  37.757 0.0000000000
48341  41.552  -21.884  46.818 0.0000000000
42730  39.177  -27.854  42.938 0.0000000000
117869  39.279  -27.122  43.292 0.0000000000
43747  39.465  -27.145  42.444 0.0000000000
122762  39.752  -25.868  41.255 0.0000000000
43788  39.317  -26.795  39.648 0.0000000000
44762  39.493  -26.077  40.413 0.0000000000
44751  39.581  -25.292  40.842 0.0000000000
45663  39.178  -24.722  40.510 0.0000000000
124389  38.607  -24.253  40.261 0.0000000000
46552  38.206  -23.434  40.393 0.0000000000
45665  37.924  -24.245  39.715 0.0000000000
44779  36.769  -25.545  37.412 0.0000000000
44780  35.999  -24.944  37.079 0.0000000000
45685  35.218  -24.107  37.189 0.0000000000
45702  34.040  -24.390  35.442 0.0000000000
128456  32.681  -24.054  33.877 0.0000000000
46592  32.525  -24.190  33.255 0.0000000000
127818  33.130  -24.792  33.297 0.0000000000
45723  33.287  -25.542  32.461 0.0000000000
44824  33.193  -26.350  31.810 0.0000000000
44815  34.006  -26.528  33.124 0.0000000000
44816  33.548  -26.434  32.560 0.0000000000
43863  32.641  -26.552  31.214 0.0000000000
43876  32.360  -26.771  30.753 0.0000000000
43877  31.961  -26.822  30.820 0.0000000000
44837  30.655  -26.234  31.266 0.0000000000
114960  29.657  -28.463  36.444 0.0000000000
41842  28.714  -27.763  35.449 0.0000000000
42852  27.622  -27.766  34.398 0.0000000000
42861  27.338  -27.602  33.664 0.0000000000
119163  26.543  -28.529  32.718 0.0000000000
42871  26.772  -27.969  32.393 0.0000000000
41872  26.282  -28.637  31.069 0.0000000000
34195  30.970  -36.513  41.972 0.0000000000
34196  30.235  -36.787  41.658 0.0000000000
34214  29.283  -36.405  40.603 0.0000000000
34215  28.313  -37.016  40.495 0.0000000000
35122  28.707  -36.235  39.984 0.0000000000
35137  28.188  -36.104  39.335 0.0000000000
35153  27.207  -36.136  38.387 0.0000000000
35169  26.407  -36.105  37.276 0.0000000000
34279  21.778  -36.644  34.702 0.0000000000
33340  21.627  -37.607  33.707 0.0000000000
33351  21.634  -37.774  32.842 0.0000000000
33362  21.529  -37.898  31.886 0.0000000000
62802  53.746  -6.627  28.751 0.0000000000
62803  53.011  -6.935  28.527 0.0000000000
62819  52.879  -7.071  27.856 0.0000000000
61892  52.320  -7.308  26.579 0.0000000000
113934  51.847  -7.376  25.938 0.0000000000
61923  46.768  -7.434  24.209 0.0000000000
30214  24.656  -40.587  47.550 0.0000000000
30215  23.895  -40.841  47.293 0.0000000000
29254  23.611  -41.578  47.603 0.0000000000
29238  24.915  -41.761  48.451 0.0000000000
29239  24.135  -42.025  48.173 0.0000000000
28298  22.456  -42.629  47.646 0.0000000000
114358  26.125  -43.075  49.997 0.0000000000
27340  24.923  -43.730  49.619 0.0000000000
127114  23.495  -43.403  48.624 0.0000000000
27352  22.191  -43.482  47.911 0.0000000000
26447  21.067  -45.128  47.071 0.0000000000
33102  33.930  -38.615  51.496 0.0000000000
31104  33.834  -40.911  51.269 0.0000000000
32044  30.815  -38.550  54.248 0.0000000000
32060  29.205  -38.176  51.108 0.0000000000
31116  26.794  -39.939  49.114 0.0000000000
31130  25.926  -40.025  48.170 0.0000000000
30213  25.335  -40.338  47.846 0.0000000000
123075  38.956  -17.117  30.037 0.0000000000
52467  38.483  -17.606  30.234 0.0000000000
52486  38.144  -17.455  28.731 0.0000000000
51529  38.046  -18.201  27.245 0.0000000000
51366  49.503  -18.527  40.651 0.0000000000
50345  48.462  -18.971  40.867 0.0000000000
50346  47.336  -19.498  41.424 0.0000000000
50328  48.016  -18.716  41.943 0.0000000000
49392  45.856  -20.166  42.068 0.0000000000
49353  47.573  -20.312  43.857 0.0000000000
49375  44.951  -20.214  42.806 0.0000000000
49376  43.613  -20.058  42.959 0.0000000000
43689  39.600  -26.103  47.677 0.0000000000
42697  39.272  -27.066  46.303 0.0000000000
42711  39.097  -27.340  44.843 0.0000000000
39893  40.043  -30.662  45.071 0.0000000000
40751  39.677  -29.587  45.438 0.0000000000
40769  39.527  -30.076  43.491 0.0000000000
41722  39.117  -28.472  43.365 0.0000000000
115877  39.128  -27.743  43.594 0.0000000000
41751  39.537  -28.196  41.132 0.0000000000
110315  39.723  -28.496  39.980 0.0000000000
41768  40.229  -29.725  39.589 0.0000000000
41793  39.990  -29.412  38.935 0.0000000000
41808  39.345  -28.832  38.490 0.0000000000
41809  38.610  -28.525  37.944 0.0000000000
41823  37.827  -28.331  37.148 0.0000000000
42804  36.797  -27.999  36.312 0.0000000000
120494  35.858  -27.755  35.248 0.0000000000
42805  35.609  -27.671  36.635 0.0000000000
121735  34.309  -27.669  37.330 0.0000000000
41812  35.312  -28.529  38.453 0.0000000000
124049  33.426  -27.926  37.491 0.0000000000
42807  32.716  -27.750  37.186 0.0000000000
42808  31.852  -27.835  37.043 0.0000000000
121422  31.500  -28.408  37.243 0.0000000000
39952  35.932  -30.715  40.264 0.0000000000
39980  34.169  -30.233  38.924 0.0000000000
39975  33.762  -30.917  39.068 0.0000000000
39981  33.370  -30.399  38.634 0.0000000000
127472  33.228  -29.782  38.417 0.0000000000
40859  32.376  -29.194  37.880 0.0000000000
40860  31.546  -29.171  37.560 0.0000000000
41828  30.892  -28.701  37.150 0.0000000000
40872  29.367  -29.241  36.676 0.0000000000
40873  28.597  -29.529  36.395 0.0000000000
40000  29.120  -30.030  36.963 0.0000000000
40874  27.871  -29.846  36.067 0.0000000000
40011  27.214  -30.239  35.650 0.0000000000
35107  25.670  -34.881  41.611 0.0000000000
35124  25.875  -35.470  40.638 0.0000000000
36061  24.582  -34.541  40.408 0.0000000000
36079  23.736  -34.349  39.360 0.0000000000
36080  22.928  -34.774  39.316 0.0000000000
36099  23.354  -34.424  38.541 0.0000000000
35156  22.409  -34.868  37.562 0.0000000000
33310  21.531  -37.137  35.408 0.0000000000
32231  21.499  -38.571  37.589 0.0000000000
32239  21.455  -38.333  36.735 0.0000000000
108137  21.290  -39.717  35.978 0.0000000000
31256  21.396  -38.999  36.269 0.0000000000
32249  21.421  -38.232  35.697 0.0000000000
124048  21.337  -38.664  34.786 0.0000000000
127322  21.462  -37.910  34.908 0.0000000000
60930  51.238  -8.334  31.050 0.0000000000
60943  51.201  -8.413  30.222 0.0000000000
60958  50.371  -8.700  29.463 0.0000000000
60968  49.789  -8.607  28.909 0.0000000000
60981  48.446  -8.186  27.737 0.0000000000
125980  47.516  -9.321  29.766 0.0000000000
60971  47.096  -8.723  28.558 0.0000000000
107743  46.837  -8.421  27.804 0.0000000000
28334  23.386  -42.054  41.857 0.0000000000
30236  22.533  -40.675  46.422 0.0000000000
29268  20.811  -41.356  45.676 0.0000000000
27380  20.146  -43.285  43.950 0.0000000000
27395  20.698  -43.202  41.598 0.0000000000
32101  40.248  -38.761  50.013 0.0000000000
34070  42.016  -36.512  50.255 0.0000000000
34110  40.993  -36.623  47.215 0.0000000000
33186  39.528  -37.403  46.190 0.0000000000
34127  39.804  -36.714  45.824 0.0000000000
34140  39.209  -36.320  45.159 0.0000000000
127209  38.465  -36.321  44.673 0.0000000000
34159  37.268  -36.200  43.935 0.0000000000
35069  36.784  -35.490  43.424 0.0000000000
34160  36.420  -36.263  43.690 0.0000000000
34161  35.492  -36.234  43.546 0.0000000000
34143  34.948  -36.703  44.148 0.0000000000
115192  32.537  -36.967  43.416 0.0000000000
32136  34.089  -38.834  46.120 0.0000000000
33228  32.064  -37.765  43.687 0.0000000000
34164  31.719  -37.379  43.085 0.0000000000
33240  30.602  -38.056  42.737 0.0000000000
33242  28.664  -38.449  42.383 0.0000000000
33243  28.221  -37.969  42.079 0.0000000000
33244  27.860  -37.673  41.746 0.0000000000
34182  27.527  -37.141  42.011 0.0000000000
31126  32.456  -40.514  49.174 0.0000000000
31127  31.850  -40.444  48.197 0.0000000000
31143  31.306  -40.064  47.291 0.0000000000
33147  30.065  -37.007  48.694 0.0000000000
34088  30.042  -36.847  47.945 0.0000000000
33159  30.894  -37.715  47.232 0.0000000000
33172  30.498  -37.786  46.412 0.0000000000
32138  30.016  -38.374  45.564 0.0000000000
33194  29.514  -38.171  44.902 0.0000000000
34146  28.628  -37.337  43.931 0.0000000000
35056  28.281  -36.317  44.162 0.0000000000
35073  27.922  -36.157  43.654 0.0000000000
35091  27.244  -35.910  42.662 0.0000000000
114709  26.098  -35.048  42.134 0.0000000000
36030  24.897  -34.596  41.758 0.0000000000
36031  24.142  -34.697  41.613 0.0000000000
34220  21.931  -36.685  40.502 0.0000000000
33270  21.694  -37.387  40.125 0.0000000000
34150  23.962  -36.921  44.034 0.0000000000
34169  22.884  -36.959  42.944 0.0000000000
33245  22.204  -37.333  42.538 0.0000000000
33260  21.964  -37.138  41.737 0.0000000000
33261  21.755  -37.328  40.943 0.0000000000
118278  21.608  -38.192  39.812 0.0000000000
117297  21.636  -39.266  39.140 0.0000000000
30294  21.930  -40.579  38.767 0.0000000000
127951  22.245  -41.156  38.928 0.0000000000
130096  22.064  -40.527  39.479 0.0000000000
29317  22.511  -41.648  38.960 0.0000000000
57402  44.506  -12.768  30.543 0.0000000000
57426  42.527  -13.086  28.595 0.0000000000
55478  41.538  -14.489  28.275 0.0000000000
55488  40.676  -14.683  27.070 0.0000000000
55487  41.154  -14.164  27.414 0.0000000000
55504  40.969  -14.190  25.586 0.0000000000
53524  38.664  -16.837  28.451 0.0000000000
52518  39.052  -17.840  26.064 0.0000000000
29177  27.180  -41.869  56.128 0.0000000000
27257  27.379  -42.968  55.789 0.0000000000
27271  26.961  -43.962  55.573 0.0000000000
26392  27.386  -45.659  54.805 0.0000000000
24573  25.943  -46.900  52.889 0.0000000000
122727  26.659  -47.299  55.112 0.0000000000
24560  26.280  -47.594  54.421 0.0000000000
25482  25.215  -46.498  51.571 0.0000000000
24586  22.754  -47.884  50.606 0.0000000000
24599  22.208  -47.695  49.787 0.0000000000
24606  21.895  -47.354  49.059 0.0000000000
24608  20.840  -47.986  47.712 0.0000000000
24621  19.983  -48.013  46.339 0.0000000000
110372  21.680  -48.476  52.545 0.0000000000
23665  21.338  -48.328  51.373 0.0000000000
23679  20.579  -48.186  49.351 0.0000000000
23688  19.979  -48.420  47.596 0.0000000000
23687  19.991  -48.367  47.028 0.0000000000
24622  19.550  -47.599  45.928 0.0000000000
25556  17.474  -46.130  44.344 0.0000000000
25544  16.385  -45.667  46.247 0.0000000000
61823  51.615  -7.444  31.473 0.0000000000
120619  50.852  -8.941  31.170 0.0000000000
60054  49.563  -9.899  31.124 0.0000000000
60894  50.320  -8.849  35.525 0.0000000000
60028  50.672  -9.965  33.152 0.0000000000
59173  48.819  -10.244  31.395 0.0000000000
59174  47.733  -10.450  31.448 0.0000000000
58319  47.372  -11.163  31.964 0.0000000000
129779  46.642  -11.355  31.692 0.0000000000
58330  46.166  -11.865  31.706 0.0000000000
57392  45.762  -12.571  31.586 0.0000000000
57360  51.992  -12.338  34.898 0.0000000000
128616  47.913  -13.075  33.212 0.0000000000
56412  45.498  -13.418  31.432 0.0000000000
55460  45.293  -14.364  31.252 0.0000000000
55440  46.313  -15.056  32.064 0.0000000000
53499  43.865  -15.644  31.271 0.0000000000
53475  47.277  -16.365  33.597 0.0000000000
114666  46.482  -16.494  33.842 0.0000000000
53488  45.569  -16.051  32.506 0.0000000000
54450  44.361  -15.868  31.921 0.0000000000
54467  42.923  -15.557  31.091 0.0000000000
53500  42.269  -15.714  31.860 0.0000000000
108028  43.295  -16.174  33.177 0.0000000000
53501  41.263  -15.878  31.795 0.0000000000
53502  40.551  -16.171  31.525 0.0000000000
110429  40.548  -16.684  32.225 0.0000000000
52459  39.982  -16.771  31.541 0.0000000000
50380  48.662  -19.341  38.944 0.0000000000
107585  48.593  -19.020  38.117 0.0000000000
51431  45.431  -18.358  36.377 0.0000000000
50396  45.543  -19.532  37.821 0.0000000000
50397  44.728  -19.926  37.875 0.0000000000
51416  45.553  -18.937  37.069 0.0000000000
117677  41.861  -17.382  33.921 0.0000000000
52453  40.260  -17.669  32.556 0.0000000000
52460  39.357  -17.590  31.462 0.0000000000
113316  38.743  -18.049  31.476 0.0000000000
51472  39.252  -18.400  32.694 0.0000000000
50432  39.557  -19.443  34.865 0.0000000000
50443  38.307  -19.199  33.824 0.0000000000
50422  38.902  -19.913  35.280 0.0000000000
51464  37.776  -18.991  33.325 0.0000000000
51474  36.851  -18.615  32.436 0.0000000000
49377  42.684  -20.195  42.971 0.0000000000
47442  40.887  -22.431  46.175 0.0000000000
43735  39.383  -26.381  43.760 0.0000000000
44701  39.565  -25.561  44.278 0.0000000000
45619  39.889  -24.876  44.414 0.0000000000
124218  40.867  -25.021  43.916 0.0000000000
46500  40.927  -23.947  45.225 0.0000000000
47456  41.681  -23.493  45.656 0.0000000000
124555  42.714  -23.460  45.697 0.0000000000
47467  43.268  -22.873  45.302 0.0000000000
46523  41.929  -23.219  43.895 0.0000000000
47473  42.557  -22.767  44.463 0.0000000000
49356  42.459  -20.766  43.558 0.0000000000
50315  42.147  -20.080  42.415 0.0000000000
49378  41.422  -20.269  42.217 0.0000000000
48396  39.434  -21.226  41.274 0.0000000000
128581  39.648  -20.575  40.655 0.0000000000
49409  39.439  -20.384  39.910 0.0000000000
49448  36.840  -20.867  37.565 0.0000000000
46560  37.399  -23.301  39.846 0.0000000000
47499  37.106  -22.513  39.630 0.0000000000
47507  35.945  -22.553  38.500 0.0000000000
48428  36.421  -21.849  38.584 0.0000000000
112678  36.442  -21.384  38.037 0.0000000000
49459  36.502  -20.778  36.647 0.0000000000
49471  35.703  -20.712  35.470 0.0000000000
49481  34.647  -20.638  34.445 0.0000000000
48465  32.981  -21.169  33.937 0.0000000000
46639  31.510  -24.310  30.611 0.0000000000
45747  31.538  -24.670  29.572 0.0000000000
113267  31.610  -25.164  28.676 0.0000000000
42837  35.463  -27.556  34.786 0.0000000000
43835  33.341  -26.738  33.957 0.0000000000
43822  32.527  -26.593  35.229 0.0000000000
112488  32.010  -26.399  34.715 0.0000000000
44838  29.564  -25.849  31.108 0.0000000000
42850  29.111  -26.905  35.100 0.0000000000
43837  28.939  -26.514  34.377 0.0000000000
107999  28.942  -26.195  33.563 0.0000000000
43866  27.559  -26.641  32.493 0.0000000000
43853  28.224  -26.227  32.953 0.0000000000
44819  29.131  -25.935  32.751 0.0000000000
44827  28.635  -25.902  32.282 0.0000000000
35086  35.418  -35.136  42.521 0.0000000000
36029  35.060  -34.578  41.973 0.0000000000
36041  34.369  -34.454  41.598 0.0000000000
37070  33.219  -33.645  40.456 0.0000000000
37078  32.176  -33.145  39.606 0.0000000000
35105  30.952  -35.929  41.507 0.0000000000
35119  31.185  -34.761  40.583 0.0000000000
36076  29.724  -34.663  39.660 0.0000000000
37079  31.408  -33.549  39.630 0.0000000000
127243  31.140  -32.664  38.965 0.0000000000
37091  30.488  -32.644  38.724 0.0000000000
39108  29.480  -31.757  37.984 0.0000000000
39110  28.215  -32.053  37.416 0.0000000000
115500  27.494  -31.343  36.452 0.0000000000
39136  25.903  -31.182  34.925 0.0000000000
35140  25.639  -35.697  39.781 0.0000000000
120015  25.499  -35.770  39.090 0.0000000000
36116  24.391  -34.752  37.387 0.0000000000
35171  25.127  -35.726  37.745 0.0000000000
35155  25.715  -36.167  38.288 0.0000000000
110173  26.082  -36.205  36.685 0.0000000000
35181  26.120  -35.979  36.225 0.0000000000
34263  22.119  -36.035  34.801 0.0000000000
35193  23.097  -35.383  34.774 0.0000000000
35211  22.836  -36.011  33.732 0.0000000000
108457  23.983  -35.591  34.480 0.0000000000
107923  25.290  -35.974  35.674 0.0000000000
35191  25.798  -35.896  35.707 0.0000000000
36154  26.302  -35.124  35.953 0.0000000000
37134  25.714  -33.519  35.119 0.0000000000
37143  25.304  -33.334  34.553 0.0000000000
130282  25.187  -32.568  34.342 0.0000000000
38198  24.947  -32.249  33.791 0.0000000000
39147  25.143  -31.397  33.592 0.0000000000
61863  51.228  -8.014  28.700 0.0000000000
61879  50.212  -7.880  27.557 0.0000000000
61878  50.919  -7.642  27.196 0.0000000000
109777  51.170  -7.429  25.771 0.0000000000
114590  50.944  -7.438  25.009 0.0000000000
58353  44.027  -11.417  29.572 0.0000000000
59201  43.903  -10.856  29.126 0.0000000000
58367  42.772  -11.343  28.337 0.0000000000
59218  42.760  -10.719  27.874 0.0000000000
24607  21.404  -47.608  48.307 0.0000000000
25568  18.898  -46.261  43.538 0.0000000000
26421  17.054  -44.779  50.215 0.0000000000
27270  27.454  -43.737  55.331 0.0000000000
29188  34.661  -41.617  50.469 0.0000000000
29189  34.237  -41.466  50.645 0.0000000000
29213  34.480  -42.002  50.038 0.0000000000
30148  36.765  -41.023  50.306 0.0000000000
30149  35.734  -41.342  50.386 0.0000000000
30150  35.168  -41.339  50.683 0.0000000000
30169  37.391  -41.257  50.119 0.0000000000
30171  36.128  -41.917  49.973 0.0000000000
31088  34.995  -40.984  50.749 0.0000000000
31169  30.487  -40.741  45.585 0.0000000000
32259  21.441  -38.153  34.204 0.0000000000
33188  37.505  -37.653  45.415 0.0000000000
33284  21.578  -37.145  38.409 0.0000000000
34128  38.462  -36.961  45.067 0.0000000000
34219  22.293  -36.175  40.880 0.0000000000
34233  27.317  -36.733  39.550 0.0000000000
35002  42.844  -35.281  49.885 0.0000000000
35168  26.982  -35.893  37.788 0.0000000000
36043  32.513  -34.799  41.194 0.0000000000
36045  25.144  -34.690  41.032 0.0000000000
36137  23.875  -34.633  36.522 0.0000000000
36155  25.858  -34.977  35.190 0.0000000000
36157  23.695  -35.355  35.144 0.0000000000
37005  40.937  -33.331  44.893 0.0000000000
37054  35.708  -33.290  41.623 0.0000000000
37056  34.347  -33.812  41.168 0.0000000000
37144  25.119  -34.245  34.209 0.0000000000
39014  40.516  -32.302  43.720 0.0000000000
39073  34.828  -32.052  40.260 0.0000000000
39117  27.601  -31.928  36.866 0.0000000000
39128  25.768  -31.915  35.125 0.0000000000
39887  41.387  -31.131  46.756 0.0000000000
39929  40.350  -31.431  41.091 0.0000000000
40759  39.473  -29.835  44.463 0.0000000000
40882  28.164  -29.170  35.852 0.0000000000
41654  41.274  -28.567  48.509 0.0000000000
41709  39.089  -28.113  44.215 0.0000000000
41834  31.147  -28.019  36.829 0.0000000000
41835  30.431  -28.252  36.642 0.0000000000
42766  39.485  -27.572  39.800 0.0000000000
42803  37.408  -28.069  36.543 0.0000000000
42819  36.356  -27.713  35.463 0.0000000000
42841  27.998  -27.919  35.000 0.0000000000
42862  26.903  -28.131  33.169 0.0000000000
43701  39.404  -26.582  46.984 0.0000000000
44695  39.307  -25.305  45.549 0.0000000000
44799  35.844  -26.459  34.910 0.0000000000
44826  29.418  -25.821  31.932 0.0000000000
46542  38.372  -22.593  40.714 0.0000000000
46564  36.172  -23.208  38.814 0.0000000000
46609  31.743  -23.678  32.344 0.0000000000
47474  41.831  -22.122  43.716 0.0000000000
47512  34.254  -22.854  36.769 0.0000000000
47521  32.904  -22.233  35.050 0.0000000000
47522  32.518  -22.727  34.577 0.0000000000
48417  36.970  -21.762  39.190 0.0000000000
48437  36.098  -21.311  37.437 0.0000000000
48448  34.710  -21.996  36.759 0.0000000000
48453  34.004  -21.686  35.632 0.0000000000
49435  37.811  -20.734  38.585 0.0000000000
50444  37.412  -19.481  33.779 0.0000000000
52487  37.801  -17.881  28.156 0.0000000000
53511  39.075  -16.285  28.987 0.0000000000
55505  40.625  -15.045  25.553 0.0000000000
61913  47.980  -7.416  25.627 0.0000000000
108031  39.936  -17.392  32.022 0.0000000000
108462  39.772  -24.389  45.044 0.0000000000
113561  28.272  -36.228  46.259 0.0000000000
114686  29.311  -27.964  36.010 0.0000000000
115212  36.050  -23.791  38.462 0.0000000000
115228  48.038  -11.328  32.400 0.0000000000
115283  33.090  -27.202  36.503 0.0000000000
116918  37.402  -38.685  46.836 0.0000000000
117885  26.124  -35.073  42.735 0.0000000000
118521  42.442  -34.995  47.829 0.0000000000
119740  39.618  -28.381  39.134 0.0000000000
119840  34.555  -41.724  49.208 0.0000000000
121425  21.478  -37.750  37.350 0.0000000000
122768  39.572  -33.647  44.116 0.0000000000
124786  21.098  -40.410  35.690 0.0000000000
126099  42.892  -19.549  36.501 0.0000000000
126141  46.682  -7.390  25.004 0.0000000000
126488  29.709  -25.901  30.383 0.0000000000
126564  38.171  -28.333  37.411 0.0000000000
127219  40.151  -30.667  39.371 0.0000000000
127269  38.290  -18.165  31.586 0.0000000000
127679  35.233  -21.589  36.808 0.0000000000
127894  26.942  -35.454  37.297 0.0000000000
128155  33.461  -21.778  35.241 0.0000000000
128415  29.400  -31.180  37.655 0.0000000000
128536  40.345  -34.513  44.843 0.0000000000
128644  50.000  -7.471  26.168 0.0000000000
128658  28.636  -36.475  44.735 0.0000000000
129121  26.915  -33.097  36.588 0.0000000000
130059  36.114  -33.171  41.842 0.0000000000
130159  20.979  -38.946  42.319 0.0000000000
