#!ascii label  , from subject sub-v2s9x29162_ses-1 vox2ras=TkReg
1021
38937  12.758  -31.763  54.426 0.0000000000
37064  7.321  -33.370  41.132 0.0000000000
34909  7.350  -35.912  57.294 0.0000000000
41564  6.696  -28.798  55.243 0.0000000000
46463  3.681  -23.812  49.649 0.0000000000
34891  11.694  -35.142  59.511 0.0000000000
38868  7.797  -32.246  61.006 0.0000000000
35887  16.091  -34.587  52.905 0.0000000000
33034  13.186  -36.542  55.011 0.0000000000
32019  9.185  -38.761  55.889 0.0000000000
44602  4.168  -24.972  57.677 0.0000000000
42633  3.841  -27.990  51.687 0.0000000000
47353  6.828  -23.125  55.075 0.0000000000
36898  4.013  -33.833  53.241 0.0000000000
37985  7.248  -31.909  51.356 0.0000000000
37953  9.504  -32.852  55.817 0.0000000000
39774  3.723  -30.448  60.485 0.0000000000
119469  9.410  -29.045  47.784 0.0000000000
41706  4.872  -28.669  45.427 0.0000000000
44723  3.882  -25.424  42.864 0.0000000000
47435  8.126  -22.401  47.560 0.0000000000
37933  12.265  -33.295  57.974 0.0000000000
39790  11.104  -31.414  58.752 0.0000000000
36891  14.311  -33.247  53.624 0.0000000000
34926  14.834  -35.899  54.684 0.0000000000
36869  13.212  -34.677  56.104 0.0000000000
116438  12.382  -36.434  57.217 0.0000000000
46380  5.021  -23.743  56.638 0.0000000000
35859  5.119  -34.765  55.648 0.0000000000
36882  7.331  -33.618  54.295 0.0000000000
126458  8.709  -34.757  56.175 0.0000000000
108451  7.025  -28.827  59.608 0.0000000000
39772  5.538  -31.254  60.708 0.0000000000
33030  6.802  -38.080  57.585 0.0000000000
32022  5.760  -38.508  55.665 0.0000000000
33990  5.559  -36.844  56.400 0.0000000000
34935  4.096  -35.157  54.016 0.0000000000
109071  9.312  -30.729  52.897 0.0000000000
38969  9.221  -31.113  50.060 0.0000000000
41622  8.636  -28.041  52.139 0.0000000000
44669  2.349  -25.378  50.290 0.0000000000
41681  4.457  -28.245  48.125 0.0000000000
43700  2.078  -26.312  47.064 0.0000000000
118810  3.359  -26.696  43.750 0.0000000000
123982  2.991  -23.550  45.568 0.0000000000
34897  9.806  -36.101  59.357 0.0000000000
35838  9.423  -34.483  58.741 0.0000000000
36841  10.477  -33.508  60.685 0.0000000000
39792  9.318  -30.454  59.331 0.0000000000
34033  17.176  -36.943  52.118 0.0000000000
34065  16.692  -36.756  51.668 0.0000000000
34016  15.879  -36.782  53.011 0.0000000000
34037  14.042  -36.577  53.340 0.0000000000
33036  11.117  -37.235  55.744 0.0000000000
33022  10.875  -37.595  57.448 0.0000000000
41567  3.672  -28.108  55.837 0.0000000000
42608  5.658  -27.537  53.485 0.0000000000
43635  3.805  -26.313  54.553 0.0000000000
45533  4.306  -24.498  53.368 0.0000000000
46425  5.350  -23.809  52.275 0.0000000000
108241  13.779  -30.816  52.507 0.0000000000
33090  21.458  -38.512  51.622 0.0000000000
34923  21.839  -37.529  54.685 0.0000000000
36901  18.716  -33.325  52.170 0.0000000000
37982  16.633  -32.284  51.674 0.0000000000
35914  2.789  -34.162  50.676 0.0000000000
38005  4.681  -32.866  50.087 0.0000000000
37978  4.938  -32.645  52.016 0.0000000000
36892  8.919  -32.556  53.708 0.0000000000
39833  8.608  -30.463  55.468 0.0000000000
37936  8.751  -32.642  58.484 0.0000000000
39803  6.843  -31.210  57.597 0.0000000000
40621  4.716  -29.779  57.189 0.0000000000
42546  3.509  -27.394  58.500 0.0000000000
38018  6.569  -32.291  48.326 0.0000000000
113334  8.184  -32.196  46.054 0.0000000000
39034  8.995  -30.992  44.146 0.0000000000
107892  7.051  -27.953  50.106 0.0000000000
121551  7.984  -28.660  46.059 0.0000000000
40789  7.264  -29.933  42.876 0.0000000000
40802  4.188  -29.595  41.480 0.0000000000
41787  3.022  -28.686  39.904 0.0000000000
48255  8.675  -21.774  54.137 0.0000000000
108590  7.199  -22.641  51.044 0.0000000000
48303  9.025  -21.108  49.708 0.0000000000
46472  5.797  -23.180  48.281 0.0000000000
45616  5.579  -23.835  45.129 0.0000000000
37942  12.512  -33.070  56.864 0.0000000000
38915  11.755  -31.666  57.273 0.0000000000
38925  12.090  -31.303  55.676 0.0000000000
36879  13.725  -33.077  54.165 0.0000000000
112116  14.151  -33.868  54.508 0.0000000000
125102  13.200  -33.887  55.709 0.0000000000
36875  12.817  -33.891  56.424 0.0000000000
37073  6.213  -33.602  40.233 0.0000000000
38152  6.183  -32.688  39.727 0.0000000000
34919  5.709  -35.405  56.302 0.0000000000
35857  7.381  -34.622  55.613 0.0000000000
34908  8.410  -35.594  57.208 0.0000000000
34995  18.017  -36.024  49.683 0.0000000000
33985  6.975  -36.862  57.847 0.0000000000
33031  6.216  -37.899  57.206 0.0000000000
33989  5.933  -36.447  56.796 0.0000000000
114471  5.203  -35.335  55.901 0.0000000000
40661  8.507  -29.174  54.337 0.0000000000
40690  9.309  -29.364  52.412 0.0000000000
41593  8.333  -28.337  53.727 0.0000000000
45578  2.361  -24.629  49.714 0.0000000000
43677  1.915  -26.548  49.153 0.0000000000
45587  2.160  -24.486  48.098 0.0000000000
44693  2.244  -25.007  46.703 0.0000000000
45592  2.525  -23.703  47.512 0.0000000000
34893  11.011  -35.509  59.958 0.0000000000
35825  10.570  -34.560  60.420 0.0000000000
35824  11.073  -34.165  60.546 0.0000000000
39779  9.992  -30.862  59.301 0.0000000000
110802  8.133  -28.524  58.430 0.0000000000
126873  17.329  -35.416  52.385 0.0000000000
34034  16.439  -36.869  52.522 0.0000000000
34934  16.290  -36.083  53.177 0.0000000000
33993  13.744  -36.501  54.943 0.0000000000
34018  14.639  -36.626  53.830 0.0000000000
33044  13.294  -36.687  54.440 0.0000000000
108908  11.817  -36.814  55.527 0.0000000000
34895  11.964  -35.630  58.644 0.0000000000
33982  11.725  -36.754  57.937 0.0000000000
33978  11.445  -36.479  58.692 0.0000000000
127733  10.211  -37.035  58.851 0.0000000000
43611  3.660  -26.467  56.759 0.0000000000
42574  3.717  -27.506  55.532 0.0000000000
43610  4.076  -25.702  56.224 0.0000000000
47345  5.742  -23.244  56.263 0.0000000000
46392  5.192  -24.302  55.068 0.0000000000
46401  5.731  -23.824  54.223 0.0000000000
46413  4.700  -24.012  52.856 0.0000000000
46411  6.298  -23.434  53.615 0.0000000000
35883  19.453  -35.017  52.568 0.0000000000
36910  3.329  -34.063  51.866 0.0000000000
36914  4.022  -33.049  51.663 0.0000000000
36908  4.307  -33.141  52.590 0.0000000000
35866  8.697  -33.971  54.849 0.0000000000
36894  7.774  -33.232  53.792 0.0000000000
37960  9.347  -32.477  54.375 0.0000000000
123453  9.387  -31.745  54.397 0.0000000000
38928  9.004  -31.316  55.705 0.0000000000
36849  9.363  -33.464  60.456 0.0000000000
117569  9.287  -33.511  58.471 0.0000000000
37922  8.316  -32.684  59.628 0.0000000000
39783  4.476  -31.077  60.567 0.0000000000
38890  6.344  -31.604  58.867 0.0000000000
112742  4.778  -30.729  58.765 0.0000000000
39805  5.341  -30.423  57.596 0.0000000000
39794  4.261  -30.419  58.895 0.0000000000
40623  3.815  -28.987  57.439 0.0000000000
41523  3.476  -28.731  59.742 0.0000000000
34960  15.311  -36.031  51.709 0.0000000000
35909  15.606  -35.150  50.615 0.0000000000
111941  9.034  -38.315  54.277 0.0000000000
32038  8.416  -38.413  53.400 0.0000000000
113941  8.054  -38.686  54.149 0.0000000000
33049  4.844  -37.756  54.434 0.0000000000
32041  5.538  -38.171  53.834 0.0000000000
35872  4.189  -34.485  54.056 0.0000000000
35881  3.643  -34.547  52.689 0.0000000000
112380  5.993  -32.353  50.681 0.0000000000
36955  5.106  -33.221  48.661 0.0000000000
38002  7.266  -32.152  49.706 0.0000000000
39875  9.546  -30.364  48.970 0.0000000000
38992  8.698  -31.413  48.049 0.0000000000
115860  9.243  -30.861  46.646 0.0000000000
39023  8.944  -31.603  45.071 0.0000000000
115147  9.317  -30.547  45.924 0.0000000000
42619  4.500  -27.661  52.453 0.0000000000
42631  6.001  -28.092  51.684 0.0000000000
42647  5.216  -28.336  51.202 0.0000000000
109826  4.532  -28.494  47.020 0.0000000000
120811  5.787  -28.553  47.022 0.0000000000
41705  6.104  -28.712  45.636 0.0000000000
40766  7.270  -29.245  44.143 0.0000000000
40767  6.089  -29.022  44.137 0.0000000000
39928  5.514  -29.871  41.873 0.0000000000
41730  4.643  -28.530  43.869 0.0000000000
43746  3.353  -26.042  43.074 0.0000000000
42748  3.502  -27.301  42.148 0.0000000000
43773  3.732  -26.940  41.528 0.0000000000
49257  9.848  -20.613  53.138 0.0000000000
47368  8.434  -22.098  52.618 0.0000000000
48280  9.082  -21.470  51.509 0.0000000000
49312  8.801  -20.652  47.897 0.0000000000
48317  8.380  -21.391  48.349 0.0000000000
48305  7.866  -22.048  48.789 0.0000000000
47436  7.394  -22.556  47.799 0.0000000000
123892  5.776  -23.166  46.886 0.0000000000
46493  7.523  -23.443  46.620 0.0000000000
36857  11.956  -33.957  58.942 0.0000000000
36847  11.763  -33.709  59.771 0.0000000000
37934  11.841  -32.358  58.115 0.0000000000
36904  15.477  -33.595  52.804 0.0000000000
35877  15.740  -35.338  53.552 0.0000000000
35878  14.788  -34.238  54.021 0.0000000000
35854  14.229  -35.513  55.271 0.0000000000
34916  13.708  -36.059  55.505 0.0000000000
33987  12.675  -36.432  56.402 0.0000000000
35850  12.990  -35.465  56.516 0.0000000000
124005  12.580  -34.842  57.599 0.0000000000
113091  4.694  -23.712  58.053 0.0000000000
108890  4.105  -23.894  56.740 0.0000000000
46373  5.063  -23.580  57.612 0.0000000000
47326  5.901  -22.282  57.482 0.0000000000
48250  7.012  -22.287  56.291 0.0000000000
36885  4.368  -34.072  54.631 0.0000000000
36884  4.909  -33.841  54.581 0.0000000000
35869  5.510  -34.174  55.186 0.0000000000
126293  8.344  -34.473  55.452 0.0000000000
36876  9.423  -33.710  55.767 0.0000000000
39782  6.999  -30.823  60.830 0.0000000000
38869  6.989  -32.136  61.037 0.0000000000
125876  6.141  -30.889  60.916 0.0000000000
40592  5.335  -30.488  60.940 0.0000000000
41515  3.972  -29.065  61.568 0.0000000000
129809  3.603  -27.818  61.514 0.0000000000
112129  8.208  -39.005  56.877 0.0000000000
32029  7.462  -38.986  54.974 0.0000000000
32015  6.651  -38.611  57.000 0.0000000000
125385  5.340  -38.147  56.057 0.0000000000
33050  4.577  -37.238  55.065 0.0000000000
33064  4.029  -36.405  53.653 0.0000000000
33996  4.425  -35.693  54.646 0.0000000000
34927  4.481  -34.887  54.716 0.0000000000
38963  8.573  -31.377  51.481 0.0000000000
121734  8.036  -31.879  50.114 0.0000000000
123104  9.170  -30.861  51.621 0.0000000000
40712  9.665  -29.559  50.568 0.0000000000
42644  9.234  -28.130  49.926 0.0000000000
43664  2.575  -26.808  51.046 0.0000000000
41639  3.382  -28.356  50.421 0.0000000000
42650  2.332  -27.458  49.623 0.0000000000
42696  3.025  -27.612  47.938 0.0000000000
42708  3.857  -28.066  46.547 0.0000000000
123210  4.007  -27.909  44.880 0.0000000000
43723  3.056  -26.587  45.508 0.0000000000
43734  2.823  -25.294  44.355 0.0000000000
44725  2.968  -24.889  44.075 0.0000000000
47452  9.251  -21.948  46.903 0.0000000000
46492  8.444  -23.409  46.660 0.0000000000
46506  9.514  -23.634  46.185 0.0000000000
125569  8.489  -36.442  58.320 0.0000000000
112952  8.933  -35.600  57.841 0.0000000000
120769  9.758  -35.347  59.606 0.0000000000
35826  9.964  -34.150  60.500 0.0000000000
128369  9.011  -32.909  60.953 0.0000000000
38876  11.058  -32.176  59.833 0.0000000000
111025  9.865  -31.485  60.032 0.0000000000
39769  8.277  -31.647  60.801 0.0000000000
40601  7.563  -29.851  59.906 0.0000000000
33075  18.048  -37.172  51.637 0.0000000000
34064  17.496  -36.906  51.266 0.0000000000
34048  17.208  -36.960  51.839 0.0000000000
34925  15.545  -36.175  53.692 0.0000000000
116262  14.940  -36.537  52.963 0.0000000000
34051  14.202  -36.258  52.646 0.0000000000
33048  9.950  -37.830  54.546 0.0000000000
32026  10.262  -37.966  55.484 0.0000000000
33028  11.771  -36.965  56.579 0.0000000000
32011  10.680  -37.723  56.361 0.0000000000
32018  9.982  -38.324  56.309 0.0000000000
32009  9.241  -38.363  57.807 0.0000000000
33983  8.999  -37.086  58.756 0.0000000000
126193  5.698  -28.630  55.351 0.0000000000
41595  6.689  -27.846  54.069 0.0000000000
41585  4.644  -28.026  54.946 0.0000000000
42609  4.896  -27.297  53.406 0.0000000000
43652  4.074  -26.866  52.965 0.0000000000
44624  4.282  -25.021  55.710 0.0000000000
44639  3.676  -25.419  53.537 0.0000000000
115174  3.389  -26.211  52.737 0.0000000000
45545  3.224  -24.819  52.064 0.0000000000
45554  3.653  -24.365  51.566 0.0000000000
46449  3.966  -23.853  50.357 0.0000000000
38936  13.151  -31.706  53.605 0.0000000000
122714  20.196  -38.653  50.896 0.0000000000
34911  23.211  -36.366  55.395 0.0000000000
114152  21.872  -36.375  56.482 0.0000000000
116181  22.456  -37.738  54.196 0.0000000000
33057  22.002  -38.576  52.754 0.0000000000
33072  21.006  -38.834  52.339 0.0000000000
33073  19.492  -38.227  51.466 0.0000000000
118755  18.666  -35.296  52.186 0.0000000000
36902  17.329  -34.430  52.106 0.0000000000
37981  17.934  -32.997  51.787 0.0000000000
37971  16.231  -33.185  52.096 0.0000000000
37972  15.403  -32.609  52.271 0.0000000000
37973  14.208  -32.327  52.886 0.0000000000
37988  4.774  -32.659  51.330 0.0000000000
37986  6.411  -32.139  51.381 0.0000000000
36895  6.756  -32.964  53.629 0.0000000000
37976  6.844  -32.439  52.763 0.0000000000
37975  7.728  -32.222  52.321 0.0000000000
37965  8.930  -31.973  53.053 0.0000000000
124841  9.214  -30.608  54.144 0.0000000000
40650  8.215  -29.640  55.233 0.0000000000
124006  9.357  -34.709  57.378 0.0000000000
36864  9.470  -33.826  57.405 0.0000000000
37944  9.390  -32.679  56.571 0.0000000000
109288  6.711  -32.197  59.924 0.0000000000
38902  8.107  -31.930  58.249 0.0000000000
38918  8.017  -31.303  57.288 0.0000000000
39821  7.359  -30.677  56.741 0.0000000000
40637  6.786  -29.988  56.389 0.0000000000
40652  6.075  -29.245  56.041 0.0000000000
40639  4.290  -29.070  56.684 0.0000000000
118199  3.538  -28.285  57.052 0.0000000000
43601  3.636  -26.596  58.256 0.0000000000
109580  3.377  -26.808  60.630 0.0000000000
44583  3.227  -25.369  60.066 0.0000000000
45485  4.269  -23.983  58.786 0.0000000000
32065  7.620  -38.713  51.664 0.0000000000
32040  6.414  -38.471  53.750 0.0000000000
38017  7.322  -32.095  48.797 0.0000000000
114132  7.452  -32.072  47.295 0.0000000000
37051  8.301  -32.793  42.364 0.0000000000
42616  7.481  -27.641  52.466 0.0000000000
128692  8.221  -27.672  50.999 0.0000000000
42679  8.515  -27.966  49.055 0.0000000000
41650  5.899  -28.458  49.131 0.0000000000
41664  7.234  -28.333  48.303 0.0000000000
41677  8.624  -28.489  47.258 0.0000000000
40757  9.018  -29.782  45.026 0.0000000000
39925  8.397  -30.809  42.888 0.0000000000
39066  7.796  -31.730  41.412 0.0000000000
39944  6.302  -30.586  41.384 0.0000000000
41731  4.228  -28.176  43.267 0.0000000000
40804  3.351  -29.031  41.270 0.0000000000
48248  8.295  -21.498  55.641 0.0000000000
49242  9.009  -20.839  55.254 0.0000000000
47352  7.595  -22.855  54.635 0.0000000000
47370  7.079  -23.118  53.136 0.0000000000
119060  6.537  -23.199  51.473 0.0000000000
47408  5.634  -23.217  50.142 0.0000000000
48292  8.458  -21.669  50.144 0.0000000000
47407  6.431  -22.877  49.677 0.0000000000
46473  4.975  -23.299  48.446 0.0000000000
46484  3.758  -23.082  47.106 0.0000000000
46509  4.484  -23.320  45.366 0.0000000000
45644  4.421  -24.706  43.548 0.0000000000
45630  6.221  -24.508  44.508 0.0000000000
113872  12.515  -31.902  55.337 0.0000000000
38914  12.242  -32.039  56.377 0.0000000000
37958  13.228  -32.465  54.247 0.0000000000
37951  13.396  -33.327  54.954 0.0000000000
37959  12.898  -32.485  54.938 0.0000000000
37952  12.762  -32.942  55.777 0.0000000000
36051  6.329  -34.175  41.167 0.0000000000
38144  7.004  -32.638  40.418 0.0000000000
34918  6.732  -35.317  56.491 0.0000000000
34063  18.855  -37.418  50.568 0.0000000000
34079  18.738  -36.526  49.912 0.0000000000
34080  18.152  -36.833  50.462 0.0000000000
33986  6.384  -36.793  57.339 0.0000000000
33988  6.274  -36.170  57.041 0.0000000000
40662  7.711  -28.938  54.969 0.0000000000
41581  7.968  -28.455  54.405 0.0000000000
46464  2.883  -24.143  49.525 0.0000000000
45579  2.147  -24.669  48.997 0.0000000000
45586  2.679  -24.102  48.526 0.0000000000
46475  3.424  -23.789  48.744 0.0000000000
34892  11.406  -35.344  59.766 0.0000000000
34890  11.123  -34.921  60.216 0.0000000000
35828  11.517  -34.631  60.062 0.0000000000
35886  16.778  -35.166  52.633 0.0000000000
34004  13.939  -36.649  54.374 0.0000000000
33045  12.512  -36.635  55.062 0.0000000000
129253  11.838  -36.788  54.999 0.0000000000
34896  11.612  -35.836  59.126 0.0000000000
33975  11.095  -36.074  59.518 0.0000000000
117922  3.741  -26.014  57.620 0.0000000000
44612  3.561  -25.178  56.910 0.0000000000
46390  6.087  -23.384  55.454 0.0000000000
119882  5.769  -23.765  55.049 0.0000000000
46400  6.311  -23.483  54.604 0.0000000000
36909  3.656  -34.194  52.575 0.0000000000
110234  3.737  -33.722  52.250 0.0000000000
107965  9.488  -33.096  55.024 0.0000000000
36880  8.993  -33.289  54.384 0.0000000000
38927  9.470  -32.105  55.144 0.0000000000
38916  9.300  -32.080  56.131 0.0000000000
37907  8.371  -32.553  60.847 0.0000000000
37915  8.386  -32.690  60.605 0.0000000000
37908  7.516  -32.404  60.897 0.0000000000
39784  3.908  -30.971  60.379 0.0000000000
109477  4.212  -30.964  59.769 0.0000000000
40613  3.906  -30.369  59.460 0.0000000000
40603  3.630  -29.589  59.570 0.0000000000
32027  9.588  -38.442  54.947 0.0000000000
32028  8.628  -38.873  54.964 0.0000000000
35880  3.953  -34.308  53.342 0.0000000000
35888  3.286  -34.483  52.129 0.0000000000
37996  6.726  -32.144  50.637 0.0000000000
38003  6.349  -32.426  49.860 0.0000000000
128264  6.936  -32.200  50.167 0.0000000000
40730  9.579  -29.577  48.478 0.0000000000
39882  9.457  -30.349  48.114 0.0000000000
39886  9.460  -30.238  47.295 0.0000000000
40739  9.441  -29.419  47.105 0.0000000000
42632  4.893  -28.213  51.867 0.0000000000
41623  4.154  -28.430  50.976 0.0000000000
41695  4.494  -28.329  46.013 0.0000000000
41694  5.182  -28.645  46.253 0.0000000000
41718  5.506  -28.821  44.835 0.0000000000
40779  5.291  -29.057  43.437 0.0000000000
41719  4.663  -28.594  44.693 0.0000000000
44739  3.565  -25.833  42.688 0.0000000000
43758  3.613  -26.424  42.214 0.0000000000
44738  3.920  -26.071  41.980 0.0000000000
49256  10.200  -20.052  53.518 0.0000000000
49262  10.360  -20.169  52.714 0.0000000000
129428  9.494  -21.217  52.022 0.0000000000
49263  9.936  -20.751  52.283 0.0000000000
48337  8.445  -21.315  47.862 0.0000000000
48318  7.947  -21.940  48.073 0.0000000000
107762  6.807  -23.112  47.267 0.0000000000
46481  7.892  -22.950  47.208 0.0000000000
124487  11.806  -33.074  58.999 0.0000000000
38926  11.725  -31.121  56.397 0.0000000000
36890  14.974  -33.700  53.403 0.0000000000
36889  15.401  -34.447  53.511 0.0000000000
35865  13.867  -34.502  55.354 0.0000000000
35855  13.572  -35.409  55.837 0.0000000000
34907  13.127  -36.074  56.127 0.0000000000
36863  12.594  -34.025  57.335 0.0000000000
111268  12.365  -34.368  58.168 0.0000000000
48230  6.154  -21.463  57.761 0.0000000000
47334  6.250  -22.631  56.717 0.0000000000
48241  6.646  -21.907  57.052 0.0000000000
35870  4.652  -34.323  55.054 0.0000000000
35856  9.019  -34.240  55.492 0.0000000000
40602  6.430  -29.797  60.564 0.0000000000
41513  5.391  -29.293  60.927 0.0000000000
40593  4.295  -30.064  61.294 0.0000000000
41514  4.563  -28.771  61.498 0.0000000000
42533  4.050  -28.133  61.917 0.0000000000
32014  7.399  -38.612  57.453 0.0000000000
120200  7.312  -38.968  56.693 0.0000000000
33027  6.082  -37.129  57.060 0.0000000000
33032  5.695  -37.639  56.530 0.0000000000
33038  5.041  -37.343  55.822 0.0000000000
33995  4.666  -36.488  55.221 0.0000000000
33991  5.066  -36.455  55.820 0.0000000000
35860  4.788  -34.723  55.270 0.0000000000
35871  4.521  -34.256  54.690 0.0000000000
38956  9.074  -31.263  52.402 0.0000000000
39860  9.357  -30.292  52.168 0.0000000000
40691  8.983  -28.642  52.522 0.0000000000
40700  9.492  -29.445  51.501 0.0000000000
41635  9.416  -28.557  50.826 0.0000000000
115833  9.609  -28.874  49.895 0.0000000000
43665  2.408  -26.336  50.546 0.0000000000
43670  2.429  -27.185  50.391 0.0000000000
120887  2.129  -26.463  49.941 0.0000000000
43688  1.977  -26.554  48.148 0.0000000000
43687  2.417  -27.299  48.238 0.0000000000
43699  2.417  -27.204  47.451 0.0000000000
42709  3.031  -27.772  46.984 0.0000000000
42721  3.452  -27.446  46.067 0.0000000000
43712  2.765  -26.948  46.493 0.0000000000
118417  2.634  -24.552  45.796 0.0000000000
44700  2.667  -24.907  44.928 0.0000000000
44711  2.838  -24.724  44.457 0.0000000000
45617  2.812  -24.071  45.074 0.0000000000
112779  9.249  -20.362  47.125 0.0000000000
115404  9.635  -22.896  46.416 0.0000000000
120688  9.899  -22.011  46.226 0.0000000000
34901  9.191  -36.372  58.828 0.0000000000
126000  10.342  -33.967  60.678 0.0000000000
35830  10.174  -34.949  60.098 0.0000000000
36842  9.649  -33.378  60.741 0.0000000000
37906  9.752  -32.789  60.784 0.0000000000
112458  11.467  -32.157  59.052 0.0000000000
37914  11.554  -33.041  60.021 0.0000000000
127757  11.111  -31.748  59.300 0.0000000000
128053  9.427  -31.050  59.844 0.0000000000
38878  9.132  -31.572  60.477 0.0000000000
39780  8.779  -30.939  60.126 0.0000000000
39781  7.933  -30.842  60.503 0.0000000000
40600  8.507  -30.191  59.590 0.0000000000
110028  16.593  -36.921  52.147 0.0000000000
34035  16.011  -36.878  52.521 0.0000000000
35863  15.241  -35.305  54.154 0.0000000000
34002  15.054  -36.436  54.095 0.0000000000
34019  14.105  -36.704  53.861 0.0000000000
109942  14.878  -36.562  53.338 0.0000000000
34038  12.899  -36.612  53.422 0.0000000000
34039  11.814  -36.772  53.314 0.0000000000
33046  11.332  -37.035  55.214 0.0000000000
126766  10.756  -37.430  55.025 0.0000000000
124656  12.321  -36.651  56.686 0.0000000000
33019  11.249  -37.078  58.181 0.0000000000
33021  11.625  -37.093  57.338 0.0000000000
32012  10.032  -38.124  57.149 0.0000000000
32013  9.202  -38.712  57.019 0.0000000000
33023  9.901  -37.954  58.124 0.0000000000
33980  9.882  -36.744  59.057 0.0000000000
33020  9.716  -37.346  58.708 0.0000000000
41566  4.161  -28.441  55.757 0.0000000000
41565  4.897  -28.452  55.337 0.0000000000
126943  3.789  -26.780  55.177 0.0000000000
42594  4.020  -27.066  54.798 0.0000000000
43634  4.108  -26.683  53.842 0.0000000000
116145  3.679  -25.995  53.930 0.0000000000
45508  3.771  -24.059  56.122 0.0000000000
46381  4.173  -23.860  55.904 0.0000000000
45525  4.636  -24.684  54.452 0.0000000000
45526  3.981  -24.931  53.916 0.0000000000
130147  3.543  -25.565  52.945 0.0000000000
45534  3.695  -24.939  52.903 0.0000000000
44647  3.113  -25.418  52.464 0.0000000000
46426  4.486  -24.090  51.929 0.0000000000
46437  4.189  -23.961  51.106 0.0000000000
46436  5.106  -23.745  51.434 0.0000000000
38945  13.189  -30.909  52.979 0.0000000000
39850  12.823  -30.152  53.118 0.0000000000
39859  13.501  -30.087  52.557 0.0000000000
34060  21.427  -37.340  51.090 0.0000000000
34061  20.770  -36.916  50.508 0.0000000000
33109  20.726  -38.312  50.931 0.0000000000
34924  21.250  -36.614  55.128 0.0000000000
34914  21.266  -36.192  56.077 0.0000000000
34913  21.789  -36.900  55.466 0.0000000000
33992  22.091  -37.491  54.733 0.0000000000
34001  22.071  -37.905  54.252 0.0000000000
34013  22.248  -38.182  53.499 0.0000000000
34030  20.393  -38.021  52.692 0.0000000000
108357  20.188  -38.668  51.796 0.0000000000
118217  19.350  -33.972  52.568 0.0000000000
35884  18.723  -34.335  52.100 0.0000000000
35885  18.013  -34.872  52.066 0.0000000000
35896  17.977  -33.847  51.845 0.0000000000
38959  17.401  -32.347  51.731 0.0000000000
36913  17.199  -33.292  51.754 0.0000000000
37983  15.887  -32.023  51.709 0.0000000000
38954  14.390  -31.361  52.284 0.0000000000
38955  13.666  -31.609  52.907 0.0000000000
111571  2.641  -34.443  50.060 0.0000000000
120312  3.137  -33.720  50.357 0.0000000000
37987  5.568  -32.380  51.387 0.0000000000
37977  5.983  -32.352  52.223 0.0000000000
36883  6.131  -33.617  54.403 0.0000000000
36896  5.390  -33.218  53.693 0.0000000000
36893  8.407  -33.014  53.724 0.0000000000
37967  7.733  -32.751  53.192 0.0000000000
37966  8.396  -32.441  53.042 0.0000000000
39832  9.235  -31.071  54.770 0.0000000000
38938  9.354  -31.211  53.969 0.0000000000
39843  8.828  -30.155  54.627 0.0000000000
39834  7.877  -30.054  56.043 0.0000000000
117208  9.328  -35.526  58.740 0.0000000000
37935  9.363  -33.010  57.374 0.0000000000
38870  6.312  -31.828  60.874 0.0000000000
38879  6.795  -32.224  60.741 0.0000000000
38903  7.246  -31.694  58.178 0.0000000000
39822  6.324  -30.612  57.087 0.0000000000
122866  5.780  -30.001  56.732 0.0000000000
40638  5.139  -29.500  56.576 0.0000000000
42553  3.602  -28.391  58.024 0.0000000000
112826  3.551  -27.330  57.470 0.0000000000
43592  3.523  -26.580  58.973 0.0000000000
42534  3.412  -27.518  60.781 0.0000000000
34976  17.510  -36.332  50.410 0.0000000000
34977  16.849  -36.213  50.814 0.0000000000
32050  7.980  -38.649  52.473 0.0000000000
32030  6.498  -38.716  54.900 0.0000000000
114272  2.571  -34.710  51.178 0.0000000000
126469  2.573  -34.537  50.642 0.0000000000
107705  6.012  -32.758  48.924 0.0000000000
38019  5.664  -32.803  47.964 0.0000000000
38035  5.423  -33.136  47.196 0.0000000000
38978  8.698  -31.556  49.702 0.0000000000
38001  8.069  -31.916  49.290 0.0000000000
38051  8.164  -31.951  46.772 0.0000000000
38032  8.123  -31.809  47.605 0.0000000000
38052  7.332  -32.450  46.517 0.0000000000
38068  7.790  -32.644  45.575 0.0000000000
111953  8.868  -31.631  44.249 0.0000000000
114253  8.653  -32.154  44.655 0.0000000000
38086  8.565  -32.442  43.929 0.0000000000
37038  8.333  -33.032  43.215 0.0000000000
38121  8.570  -32.159  43.073 0.0000000000
124429  6.257  -27.615  53.561 0.0000000000
42607  6.960  -27.616  53.225 0.0000000000
42646  6.199  -28.125  50.798 0.0000000000
42630  7.340  -27.775  51.009 0.0000000000
42645  8.008  -27.684  50.327 0.0000000000
42661  8.627  -27.823  49.785 0.0000000000
42662  7.811  -27.881  49.540 0.0000000000
41667  4.195  -28.402  49.124 0.0000000000
41651  5.088  -28.405  49.534 0.0000000000
41666  5.220  -28.491  48.709 0.0000000000
41693  6.901  -28.491  46.919 0.0000000000
41679  6.552  -28.484  47.677 0.0000000000
41678  7.651  -28.375  47.485 0.0000000000
40749  8.722  -28.816  46.376 0.0000000000
40758  8.925  -29.314  45.682 0.0000000000
41703  8.341  -28.933  45.569 0.0000000000
40777  7.643  -29.673  43.534 0.0000000000
39915  8.177  -30.151  43.212 0.0000000000
39926  7.857  -30.521  42.424 0.0000000000
39050  8.183  -31.188  42.126 0.0000000000
39943  7.455  -30.915  41.704 0.0000000000
39067  6.924  -31.344  40.986 0.0000000000
39927  6.818  -30.227  42.136 0.0000000000
110832  4.759  -29.242  42.426 0.0000000000
39946  3.419  -30.104  40.719 0.0000000000
121604  3.832  -27.581  44.140 0.0000000000
41720  4.285  -28.163  44.285 0.0000000000
41721  4.025  -27.847  43.546 0.0000000000
42762  3.524  -27.720  41.191 0.0000000000
41746  3.437  -28.226  41.730 0.0000000000
41763  3.271  -28.581  40.743 0.0000000000
40818  2.499  -29.551  39.564 0.0000000000
49249  9.476  -20.599  54.419 0.0000000000
48254  9.058  -21.144  54.468 0.0000000000
123521  8.677  -21.489  54.901 0.0000000000
47351  8.215  -22.564  54.221 0.0000000000
47360  7.807  -22.985  53.753 0.0000000000
47359  8.354  -22.368  53.475 0.0000000000
47383  7.867  -22.265  51.447 0.0000000000
110371  7.294  -22.865  52.076 0.0000000000
47384  5.765  -23.351  50.981 0.0000000000
47395  6.472  -22.951  50.565 0.0000000000
49291  9.499  -20.472  49.309 0.0000000000
49290  10.283  -20.127  49.841 0.0000000000
49284  9.755  -20.752  50.244 0.0000000000
48291  9.136  -21.312  50.641 0.0000000000
114819  6.495  -22.885  48.804 0.0000000000
47406  7.177  -22.483  49.230 0.0000000000
47421  5.513  -23.210  49.187 0.0000000000
46474  4.134  -23.516  48.068 0.0000000000
46483  5.022  -23.201  47.569 0.0000000000
110708  5.383  -23.246  45.992 0.0000000000
119593  4.248  -22.907  45.918 0.0000000000
125436  4.559  -23.770  44.753 0.0000000000
45631  5.084  -24.224  44.256 0.0000000000
45601  8.151  -23.907  46.131 0.0000000000
37943  12.154  -32.462  57.314 0.0000000000
39831  11.712  -30.461  55.510 0.0000000000
39092  5.586  -32.205  39.571 0.0000000000
35858  6.120  -34.680  55.804 0.0000000000
34917  7.954  -35.134  56.275 0.0000000000
33025  7.486  -37.774  57.991 0.0000000000
33026  6.609  -37.383  57.609 0.0000000000
34910  5.353  -36.040  56.211 0.0000000000
123893  5.687  -35.867  56.463 0.0000000000
40675  9.108  -29.936  53.858 0.0000000000
109137  9.336  -30.024  53.050 0.0000000000
40676  8.970  -29.070  53.296 0.0000000000
41608  8.534  -28.214  52.893 0.0000000000
44676  1.998  -25.516  49.496 0.0000000000
44681  1.869  -25.515  48.618 0.0000000000
44687  1.932  -25.347  47.643 0.0000000000
45593  2.190  -24.182  47.268 0.0000000000
46497  2.828  -23.487  46.229 0.0000000000
33976  10.422  -36.322  59.396 0.0000000000
34894  10.446  -35.700  59.775 0.0000000000
35829  10.679  -35.168  60.112 0.0000000000
36840  11.183  -33.526  60.488 0.0000000000
39791  10.592  -30.829  58.612 0.0000000000
40609  9.928  -30.160  58.444 0.0000000000
40610  9.088  -29.741  58.707 0.0000000000
40611  8.311  -29.389  58.965 0.0000000000
41527  8.813  -28.942  58.125 0.0000000000
34947  17.855  -36.161  52.261 0.0000000000
34948  16.949  -36.188  52.558 0.0000000000
34003  14.435  -36.541  54.503 0.0000000000
34900  12.351  -35.972  57.751 0.0000000000
33981  12.074  -36.752  57.331 0.0000000000
33977  11.973  -36.312  58.138 0.0000000000
123755  10.492  -37.358  58.446 0.0000000000
33979  10.722  -36.764  58.960 0.0000000000
42560  3.509  -27.737  56.350 0.0000000000
116012  3.728  -26.771  55.872 0.0000000000
43622  4.053  -25.936  55.324 0.0000000000
46391  5.230  -23.643  55.693 0.0000000000
46402  5.045  -24.186  53.825 0.0000000000
46412  5.509  -23.679  53.216 0.0000000000
34047  22.134  -37.580  51.639 0.0000000000
34945  19.896  -36.387  52.870 0.0000000000
129990  19.684  -34.463  52.892 0.0000000000
38960  15.640  -31.236  51.674 0.0000000000
36916  3.143  -33.864  51.182 0.0000000000
36915  3.504  -33.636  51.562 0.0000000000
36907  5.183  -32.815  52.820 0.0000000000
36881  8.250  -33.602  54.260 0.0000000000
107855  9.262  -31.922  53.753 0.0000000000
36858  9.369  -33.864  59.562 0.0000000000
37921  8.880  -33.198  59.619 0.0000000000
38871  5.612  -31.342  60.561 0.0000000000
38881  5.279  -31.230  59.680 0.0000000000
39793  5.537  -31.021  58.518 0.0000000000
39804  6.066  -30.994  57.874 0.0000000000
39806  4.518  -30.107  58.015 0.0000000000
125116  4.217  -29.494  57.512 0.0000000000
40622  4.091  -29.751  58.305 0.0000000000
125877  3.566  -28.864  58.859 0.0000000000
41530  3.476  -28.106  59.009 0.0000000000
34978  16.009  -36.024  51.214 0.0000000000
120822  15.269  -35.386  51.081 0.0000000000
32037  9.244  -37.873  53.693 0.0000000000
32039  7.442  -38.631  53.195 0.0000000000
32031  5.654  -38.326  54.716 0.0000000000
34023  3.182  -35.624  52.681 0.0000000000
34936  3.806  -34.895  53.166 0.0000000000
34965  2.797  -34.912  51.859 0.0000000000
35897  2.969  -34.321  51.508 0.0000000000
36938  4.375  -33.256  49.287 0.0000000000
38004  5.374  -32.853  49.483 0.0000000000
108976  6.720  -32.364  49.137 0.0000000000
38977  9.242  -31.106  49.302 0.0000000000
38983  8.720  -31.522  48.892 0.0000000000
38982  9.219  -31.016  48.509 0.0000000000
39002  8.756  -31.435  47.117 0.0000000000
38067  8.481  -32.170  45.331 0.0000000000
39013  8.820  -31.539  46.042 0.0000000000
39012  9.235  -31.059  45.484 0.0000000000
39022  9.185  -31.022  44.740 0.0000000000
42618  5.288  -27.736  52.686 0.0000000000
110023  5.707  -27.925  52.280 0.0000000000
41680  5.463  -28.481  47.834 0.0000000000
126888  6.203  -28.643  46.426 0.0000000000
121263  7.108  -28.663  46.226 0.0000000000
41716  7.919  -28.987  44.827 0.0000000000
41717  6.749  -28.871  44.822 0.0000000000
40778  6.608  -29.440  43.476 0.0000000000
40790  6.006  -29.630  42.731 0.0000000000
40780  4.393  -28.629  42.867 0.0000000000
42739  3.698  -27.333  43.179 0.0000000000
123654  3.518  -26.710  42.826 0.0000000000
42761  3.854  -27.387  40.838 0.0000000000
111937  9.762  -20.460  53.806 0.0000000000
48263  9.311  -21.048  53.700 0.0000000000
48264  8.869  -21.650  53.170 0.0000000000
48271  8.975  -21.589  52.315 0.0000000000
47382  8.467  -21.911  51.834 0.0000000000
48281  8.463  -21.777  51.025 0.0000000000
49292  8.805  -20.836  48.754 0.0000000000
48304  8.403  -21.539  49.222 0.0000000000
47420  7.240  -22.467  48.424 0.0000000000
47437  6.603  -22.816  48.012 0.0000000000
46482  6.008  -23.143  47.593 0.0000000000
112262  6.512  -23.437  46.417 0.0000000000
46508  6.314  -23.695  45.756 0.0000000000
35827  11.761  -34.407  59.765 0.0000000000
38901  11.477  -31.594  58.115 0.0000000000
39801  11.134  -30.932  57.908 0.0000000000
35864  14.613  -34.851  54.749 0.0000000000
34915  14.250  -36.176  55.052 0.0000000000
33994  13.118  -36.434  55.608 0.0000000000
34899  12.746  -35.914  56.925 0.0000000000
120221  12.778  -34.765  56.875 0.0000000000
35845  12.633  -35.519  57.319 0.0000000000
35846  12.358  -35.256  58.105 0.0000000000
35837  11.980  -34.828  58.894 0.0000000000
44601  4.480  -24.269  57.711 0.0000000000
45497  3.741  -24.356  56.725 0.0000000000
47327  5.273  -22.668  57.944 0.0000000000
46372  5.645  -23.159  57.191 0.0000000000
35879  4.119  -34.085  54.136 0.0000000000
36897  4.366  -33.748  54.059 0.0000000000
35868  6.758  -34.090  55.040 0.0000000000
35867  7.894  -34.151  54.818 0.0000000000
110855  9.218  -33.729  55.045 0.0000000000
39770  7.375  -31.663  61.047 0.0000000000
39771  6.532  -31.616  60.997 0.0000000000
117357  4.518  -30.934  60.947 0.0000000000
39773  3.931  -30.823  60.935 0.0000000000
40594  3.787  -29.981  61.167 0.0000000000
40595  3.550  -29.466  60.607 0.0000000000
41508  3.811  -28.368  61.664 0.0000000000
32020  7.935  -39.016  55.881 0.0000000000
32021  6.737  -38.888  55.956 0.0000000000
32016  6.015  -38.433  56.446 0.0000000000
33037  5.043  -38.025  55.416 0.0000000000
118192  4.318  -36.949  54.366 0.0000000000
34005  4.355  -36.412  54.501 0.0000000000
34920  4.832  -35.601  55.425 0.0000000000
37984  8.006  -31.831  51.683 0.0000000000
37994  7.917  -31.639  50.951 0.0000000000
38970  8.610  -31.432  50.513 0.0000000000
39864  9.474  -30.272  51.173 0.0000000000
39870  9.527  -30.429  50.329 0.0000000000
40719  9.689  -29.824  49.663 0.0000000000
108056  9.620  -29.149  49.144 0.0000000000
112501  9.374  -28.731  48.534 0.0000000000
42634  2.926  -27.448  51.544 0.0000000000
42648  3.195  -28.142  50.993 0.0000000000
127709  2.699  -27.590  50.861 0.0000000000
42664  3.168  -28.254  49.584 0.0000000000
42683  2.147  -27.213  48.845 0.0000000000
42682  2.703  -27.684  48.811 0.0000000000
42681  3.546  -28.016  48.512 0.0000000000
42695  3.704  -28.027  47.510 0.0000000000
41707  4.363  -28.294  45.174 0.0000000000
42720  3.995  -27.900  45.639 0.0000000000
116331  3.521  -27.257  44.953 0.0000000000
43713  2.668  -25.705  45.930 0.0000000000
43724  2.797  -25.707  44.976 0.0000000000
43733  3.048  -26.193  44.526 0.0000000000
44710  3.071  -25.681  43.842 0.0000000000
44724  3.236  -25.363  43.477 0.0000000000
45645  3.386  -24.830  43.775 0.0000000000
48336  8.880  -21.086  47.338 0.0000000000
47434  8.522  -21.868  47.501 0.0000000000
47453  8.777  -22.731  47.016 0.0000000000
127130  10.215  -22.666  45.826 0.0000000000
36036  7.186  -33.937  41.944 0.0000000000
34902  7.814  -36.496  57.932 0.0000000000
110801  9.685  -34.493  60.002 0.0000000000
36843  8.940  -32.949  60.895 0.0000000000
38867  8.787  -32.360  60.896 0.0000000000
36848  11.556  -33.931  60.207 0.0000000000
37905  10.810  -32.835  60.495 0.0000000000
38887  10.609  -31.479  59.456 0.0000000000
38877  10.324  -32.093  60.293 0.0000000000
127792  9.575  -32.055  60.625 0.0000000000
33093  18.892  -37.698  51.312 0.0000000000
109272  18.300  -37.348  50.916 0.0000000000
33112  18.134  -37.278  51.304 0.0000000000
129690  16.749  -36.934  52.165 0.0000000000
34049  15.942  -36.717  51.976 0.0000000000
34961  14.505  -35.803  51.968 0.0000000000
34017  15.280  -36.579  53.357 0.0000000000
34036  15.524  -36.706  52.915 0.0000000000
33047  10.573  -37.408  54.445 0.0000000000
33035  12.415  -36.627  55.877 0.0000000000
109212  11.723  -36.893  56.081 0.0000000000
33029  11.386  -37.248  56.564 0.0000000000
32010  8.323  -38.542  57.777 0.0000000000
33024  8.766  -37.839  58.385 0.0000000000
33984  8.017  -37.180  58.336 0.0000000000
41582  7.157  -28.378  54.577 0.0000000000
41583  6.231  -28.262  54.708 0.0000000000
42592  5.937  -27.732  54.152 0.0000000000
109397  5.253  -27.606  54.195 0.0000000000
42573  4.007  -27.843  55.221 0.0000000000
42593  4.585  -27.309  54.404 0.0000000000
42620  3.532  -27.158  52.327 0.0000000000
44611  3.836  -24.747  56.390 0.0000000000
128628  4.190  -25.360  55.061 0.0000000000
45517  4.448  -24.449  55.443 0.0000000000
44633  4.356  -24.979  54.864 0.0000000000
44634  3.866  -25.510  54.432 0.0000000000
43643  3.691  -26.109  53.290 0.0000000000
43653  2.633  -26.295  52.006 0.0000000000
113759  2.712  -25.322  51.821 0.0000000000
44660  2.583  -25.675  51.079 0.0000000000
45544  3.969  -24.453  52.429 0.0000000000
45555  3.000  -24.826  51.179 0.0000000000
129042  2.631  -25.017  50.733 0.0000000000
45568  2.767  -24.515  50.356 0.0000000000
46450  3.217  -24.049  50.169 0.0000000000
39830  12.299  -30.967  54.777 0.0000000000
38946  12.717  -30.965  53.782 0.0000000000
33110  19.650  -38.180  50.810 0.0000000000
34912  22.461  -36.635  55.674 0.0000000000
34029  22.526  -37.977  52.772 0.0000000000
33070  22.094  -38.441  52.223 0.0000000000
34014  21.729  -37.956  53.700 0.0000000000
33071  21.499  -38.765  52.266 0.0000000000
33091  20.662  -38.804  51.532 0.0000000000
33092  19.946  -38.740  51.165 0.0000000000
125613  19.492  -38.245  51.120 0.0000000000
34946  19.062  -36.256  52.308 0.0000000000
36903  16.712  -34.127  52.276 0.0000000000
36900  19.356  -33.217  52.875 0.0000000000
128764  18.442  -32.725  52.157 0.0000000000
36905  14.839  -32.967  52.887 0.0000000000
38953  15.196  -31.675  51.916 0.0000000000
125917  14.774  -32.196  52.408 0.0000000000
109825  13.676  -32.410  53.544 0.0000000000
36926  3.525  -33.398  50.972 0.0000000000
36925  4.235  -32.924  50.824 0.0000000000
114663  5.136  -32.567  50.739 0.0000000000
113053  4.573  -33.331  53.306 0.0000000000
36906  6.018  -32.637  53.060 0.0000000000
110540  6.835  -32.080  52.037 0.0000000000
37974  8.450  -31.897  52.334 0.0000000000
38947  9.258  -31.317  53.257 0.0000000000
39851  9.310  -30.648  53.532 0.0000000000
123877  9.004  -34.998  56.848 0.0000000000
35851  9.228  -34.423  56.294 0.0000000000
36870  9.471  -34.009  56.596 0.0000000000
115169  9.491  -33.349  56.535 0.0000000000
37923  7.411  -32.467  60.199 0.0000000000
38888  7.992  -32.330  59.163 0.0000000000
38889  7.179  -32.156  59.132 0.0000000000
114570  8.862  -32.096  57.220 0.0000000000
38917  8.705  -31.479  56.525 0.0000000000
39820  8.318  -30.790  56.333 0.0000000000
40651  7.247  -29.430  55.666 0.0000000000
41546  5.010  -28.869  55.974 0.0000000000
41547  3.717  -28.476  56.471 0.0000000000
41516  3.475  -28.425  60.864 0.0000000000
111275  3.439  -27.960  59.949 0.0000000000
42540  3.450  -27.196  59.627 0.0000000000
43586  3.365  -26.246  59.856 0.0000000000
44592  3.769  -25.608  58.747 0.0000000000
44591  4.308  -24.680  58.444 0.0000000000
34996  17.128  -35.516  49.816 0.0000000000
34997  16.279  -35.347  50.329 0.0000000000
116934  7.158  -38.704  54.184 0.0000000000
32052  6.707  -38.557  52.601 0.0000000000
36956  4.321  -33.607  48.552 0.0000000000
38016  8.083  -31.839  48.444 0.0000000000
38033  7.264  -31.945  47.975 0.0000000000
38034  6.537  -32.448  47.446 0.0000000000
38053  6.217  -32.934  46.605 0.0000000000
38087  8.173  -32.803  44.676 0.0000000000
37063  8.017  -32.601  41.592 0.0000000000
41594  7.557  -27.945  53.937 0.0000000000
42606  7.919  -27.745  53.155 0.0000000000
42615  8.140  -27.729  52.487 0.0000000000
124284  7.033  -27.762  51.770 0.0000000000
42629  8.018  -27.618  51.766 0.0000000000
41636  8.786  -27.953  51.367 0.0000000000
119970  8.789  -27.847  50.544 0.0000000000
129679  9.049  -27.987  49.333 0.0000000000
41663  9.048  -28.200  48.707 0.0000000000
41638  5.134  -28.314  50.383 0.0000000000
41637  6.046  -28.189  49.847 0.0000000000
41665  6.211  -28.499  48.482 0.0000000000
42663  6.853  -28.277  49.175 0.0000000000
42694  8.362  -28.232  48.201 0.0000000000
115837  9.076  -28.555  47.915 0.0000000000
41676  9.200  -28.838  47.105 0.0000000000
40748  9.225  -29.309  46.407 0.0000000000
110360  9.253  -29.834  45.752 0.0000000000
39907  9.022  -30.404  44.489 0.0000000000
40765  8.427  -29.690  44.200 0.0000000000
39914  8.682  -30.555  43.733 0.0000000000
119744  8.715  -31.356  43.500 0.0000000000
39049  8.482  -31.467  42.714 0.0000000000
38135  8.370  -31.950  42.111 0.0000000000
38143  7.593  -32.427  41.010 0.0000000000
39081  7.246  -31.950  40.744 0.0000000000
39082  6.385  -31.862  40.203 0.0000000000
39963  5.773  -31.042  40.573 0.0000000000
109716  3.794  -29.024  41.852 0.0000000000
41732  3.758  -27.918  42.690 0.0000000000
123904  3.760  -28.522  42.272 0.0000000000
40803  3.186  -29.588  40.917 0.0000000000
40817  2.664  -29.987  40.234 0.0000000000
48240  7.544  -21.502  56.508 0.0000000000
47343  7.316  -22.583  55.488 0.0000000000
48256  8.137  -22.190  55.009 0.0000000000
47361  6.992  -23.231  54.131 0.0000000000
46424  6.310  -23.426  52.492 0.0000000000
47369  7.866  -22.702  52.854 0.0000000000
46435  5.885  -23.600  51.720 0.0000000000
46448  4.887  -23.587  50.630 0.0000000000
46462  4.680  -23.510  49.832 0.0000000000
48282  7.841  -22.162  50.578 0.0000000000
48293  7.846  -22.108  49.679 0.0000000000
47394  7.176  -22.537  50.126 0.0000000000
108456  4.391  -23.503  49.014 0.0000000000
46485  3.085  -23.551  47.675 0.0000000000
46496  2.941  -23.181  46.772 0.0000000000
46511  3.108  -23.171  45.886 0.0000000000
46494  4.612  -22.973  46.597 0.0000000000
46495  3.587  -22.909  46.244 0.0000000000
46522  3.112  -23.553  45.294 0.0000000000
46521  3.648  -23.571  44.947 0.0000000000
45632  3.974  -24.205  44.279 0.0000000000
46507  7.193  -23.825  45.947 0.0000000000
45643  5.566  -24.761  43.643 0.0000000000
44737  4.595  -25.701  42.047 0.0000000000
33111  18.941  -37.756  50.977 0.0000000000
37995  7.339  -31.976  50.490 0.0000000000
37997  5.531  -32.576  50.162 0.0000000000
38880  6.172  -31.806  60.256 0.0000000000
38962  9.126  -30.958  50.856 0.0000000000
38991  9.188  -30.930  47.635 0.0000000000
39892  9.445  -29.998  46.499 0.0000000000
39898  9.240  -30.413  45.193 0.0000000000
40614  3.786  -29.354  58.528 0.0000000000
40768  5.110  -28.845  44.238 0.0000000000
41584  5.389  -28.153  54.777 0.0000000000
41621  9.205  -28.629  51.814 0.0000000000
41649  9.340  -28.410  49.250 0.0000000000
41652  4.080  -28.541  50.044 0.0000000000
41692  7.911  -28.490  46.695 0.0000000000
41704  7.425  -28.765  45.514 0.0000000000
42617  6.070  -27.591  52.904 0.0000000000
42649  2.715  -27.974  50.342 0.0000000000
42680  7.755  -28.116  48.844 0.0000000000
42780  3.489  -28.030  40.450 0.0000000000
45567  3.393  -24.233  50.776 0.0000000000
45602  2.570  -23.619  46.909 0.0000000000
45603  2.522  -24.051  46.473 0.0000000000
45633  3.075  -24.235  44.589 0.0000000000
46510  3.562  -23.098  45.603 0.0000000000
47344  6.529  -22.876  55.905 0.0000000000
48229  6.984  -21.124  57.380 0.0000000000
48249  7.665  -22.011  55.809 0.0000000000
48270  9.423  -21.150  52.773 0.0000000000
108598  6.529  -27.727  52.367 0.0000000000
109545  8.596  -29.318  45.053 0.0000000000
116363  7.982  -22.352  52.151 0.0000000000
118501  9.496  -30.599  49.665 0.0000000000
120639  2.776  -23.874  45.790 0.0000000000
123523  16.985  -36.943  51.829 0.0000000000
125084  9.528  -29.714  47.752 0.0000000000
126639  3.725  -29.104  61.297 0.0000000000
126808  2.911  -25.128  44.036 0.0000000000
127802  5.187  -29.984  56.965 0.0000000000
128299  2.528  -24.344  49.234 0.0000000000
128432  9.214  -31.037  46.017 0.0000000000
129185  21.371  -36.476  50.823 0.0000000000
129402  15.237  -36.011  54.233 0.0000000000
129639  9.646  -29.739  49.066 0.0000000000
129842  8.719  -31.911  43.697 0.0000000000
129906  6.644  -27.953  51.316 0.0000000000
130201  3.811  -26.486  41.718 0.0000000000
