#!ascii label  , from subject sub-v2s9x29162_ses-1 vox2ras=TkReg
318
17342  38.433  -56.935  -5.512 0.0000000000
13269  44.124  -62.470  -10.959 0.0000000000
18073  48.418  -54.502  -3.765 0.0000000000
14070  42.044  -60.016  -7.116 0.0000000000
125902  47.516  -62.089  -4.674 0.0000000000
15758  49.447  -58.200  -4.366 0.0000000000
11490  47.659  -63.947  -2.877 0.0000000000
13221  42.921  -61.262  -8.836 0.0000000000
17388  42.737  -56.110  -9.392 0.0000000000
18093  43.651  -54.849  -5.075 0.0000000000
120192  45.458  -57.550  -5.625 0.0000000000
124417  46.646  -60.721  -6.560 0.0000000000
11548  46.499  -64.294  -8.005 0.0000000000
11513  42.670  -63.087  -4.716 0.0000000000
18849  36.525  -54.301  -4.474 0.0000000000
18076  41.211  -54.356  -4.369 0.0000000000
19563  44.722  -52.574  -1.265 0.0000000000
108728  40.096  -55.111  -8.616 0.0000000000
13144  47.559  -61.461  -3.126 0.0000000000
12399  43.312  -62.069  -9.975 0.0000000000
15833  42.959  -59.069  -10.229 0.0000000000
18075  46.385  -54.280  -4.202 0.0000000000
17335  47.289  -55.615  -5.175 0.0000000000
13169  48.089  -60.956  -4.899 0.0000000000
115142  48.285  -59.414  -5.399 0.0000000000
13170  47.832  -61.446  -5.910 0.0000000000
13199  47.143  -62.674  -7.749 0.0000000000
12321  47.239  -62.342  -6.245 0.0000000000
12341  42.547  -62.324  -6.027 0.0000000000
18828  42.260  -52.917  -1.751 0.0000000000
18827  43.181  -52.755  -2.181 0.0000000000
18812  43.727  -52.834  -0.531 0.0000000000
115903  41.554  -59.466  -6.519 0.0000000000
15808  39.915  -58.332  -8.593 0.0000000000
18894  43.485  -53.887  -8.830 0.0000000000
19634  42.124  -53.810  -8.584 0.0000000000
122889  48.379  -56.476  -3.710 0.0000000000
17313  50.106  -56.422  -4.349 0.0000000000
109445  49.071  -58.781  -3.997 0.0000000000
121914  48.464  -60.534  -3.904 0.0000000000
126426  48.227  -63.079  -3.628 0.0000000000
14089  42.363  -60.652  -8.357 0.0000000000
15820  40.723  -58.643  -9.174 0.0000000000
14992  42.109  -59.293  -9.866 0.0000000000
17387  43.529  -56.589  -9.671 0.0000000000
12426  45.063  -63.439  -11.821 0.0000000000
17339  41.476  -56.093  -5.274 0.0000000000
120191  44.369  -57.375  -5.631 0.0000000000
14939  44.222  -59.407  -5.883 0.0000000000
16597  48.096  -57.516  -5.522 0.0000000000
14937  46.401  -59.438  -5.768 0.0000000000
14068  44.326  -60.288  -6.619 0.0000000000
14087  44.942  -61.076  -7.436 0.0000000000
13219  45.394  -62.891  -8.732 0.0000000000
12380  45.295  -64.121  -8.983 0.0000000000
12309  44.765  -62.352  -4.672 0.0000000000
12323  44.603  -62.048  -5.315 0.0000000000
11550  44.860  -64.786  -7.960 0.0000000000
10816  44.503  -65.010  -8.840 0.0000000000
19596  35.862  -53.717  -5.393 0.0000000000
17319  37.509  -55.805  -5.144 0.0000000000
18079  38.442  -55.391  -4.620 0.0000000000
17316  39.999  -55.767  -4.850 0.0000000000
18862  42.984  -54.282  -4.568 0.0000000000
18841  45.502  -53.678  -3.595 0.0000000000
18824  46.643  -53.360  -2.515 0.0000000000
17297  45.203  -55.197  -2.674 0.0000000000
17315  46.902  -56.191  -3.558 0.0000000000
18147  41.196  -56.100  -9.078 0.0000000000
18110  37.140  -56.222  -5.973 0.0000000000
18875  36.849  -55.541  -6.433 0.0000000000
16607  37.705  -56.829  -6.238 0.0000000000
117204  43.442  -61.967  -10.317 0.0000000000
13252  43.493  -61.416  -10.521 0.0000000000
18074  47.680  -53.843  -3.999 0.0000000000
18092  46.946  -54.877  -4.730 0.0000000000
18091  48.227  -54.765  -4.419 0.0000000000
13156  47.962  -61.490  -4.722 0.0000000000
13171  47.555  -61.593  -5.402 0.0000000000
12320  47.460  -62.217  -6.680 0.0000000000
13172  46.363  -61.865  -4.888 0.0000000000
12326  41.108  -62.517  -5.928 0.0000000000
14957  42.581  -59.664  -6.442 0.0000000000
14970  40.340  -59.364  -7.592 0.0000000000
14071  41.125  -59.755  -7.362 0.0000000000
19632  43.737  -53.228  -8.755 0.0000000000
15735  49.247  -57.734  -3.912 0.0000000000
107969  48.393  -59.004  -3.858 0.0000000000
12282  47.850  -63.057  -2.800 0.0000000000
13143  48.235  -61.630  -3.509 0.0000000000
12281  48.256  -62.857  -3.180 0.0000000000
12294  48.320  -62.596  -3.453 0.0000000000
10752  47.764  -64.087  -3.209 0.0000000000
13202  43.296  -60.967  -8.161 0.0000000000
14114  41.663  -60.304  -9.250 0.0000000000
117390  42.015  -60.076  -9.756 0.0000000000
123134  43.432  -58.183  -10.151 0.0000000000
16650  43.897  -57.375  -10.043 0.0000000000
110264  44.176  -55.189  -9.393 0.0000000000
17338  42.368  -55.846  -5.367 0.0000000000
17337  43.251  -55.752  -5.415 0.0000000000
15770  43.747  -58.416  -5.706 0.0000000000
15769  44.785  -58.452  -5.659 0.0000000000
15757  49.752  -57.466  -4.571 0.0000000000
16596  49.190  -56.711  -5.157 0.0000000000
117634  49.393  -57.643  -5.103 0.0000000000
14953  46.996  -60.285  -6.023 0.0000000000
14936  47.461  -59.694  -5.719 0.0000000000
14954  45.926  -60.087  -6.068 0.0000000000
14955  45.022  -59.999  -6.113 0.0000000000
14067  45.704  -60.705  -6.813 0.0000000000
14086  46.241  -61.568  -7.579 0.0000000000
12359  47.118  -63.302  -7.813 0.0000000000
13218  46.707  -63.300  -8.211 0.0000000000
12379  46.371  -64.098  -8.303 0.0000000000
9305  41.915  -66.476  -5.665 0.0000000000
10778  42.003  -63.353  -5.022 0.0000000000
10045  43.066  -65.246  -4.764 0.0000000000
11512  43.358  -63.470  -4.522 0.0000000000
114163  44.070  -62.927  -4.486 0.0000000000
13158  44.838  -61.898  -4.933 0.0000000000
117223  43.550  -62.128  -5.250 0.0000000000
111812  43.550  -64.147  -7.956 0.0000000000
12361  43.710  -63.107  -6.886 0.0000000000
11564  44.261  -65.067  -8.597 0.0000000000
110888  35.635  -52.950  -5.280 0.0000000000
18850  35.922  -53.986  -4.770 0.0000000000
18864  36.287  -54.613  -5.318 0.0000000000
18080  36.930  -55.064  -4.819 0.0000000000
18846  40.109  -54.319  -3.506 0.0000000000
18847  39.203  -54.472  -3.900 0.0000000000
18078  39.452  -55.042  -4.473 0.0000000000
18096  40.898  -55.143  -4.930 0.0000000000
18863  42.019  -54.275  -4.500 0.0000000000
19574  43.716  -51.936  -1.337 0.0000000000
18826  44.476  -52.705  -2.546 0.0000000000
18825  45.834  -52.809  -2.324 0.0000000000
19562  45.608  -52.767  -1.832 0.0000000000
16567  44.544  -56.655  -3.748 0.0000000000
16566  45.654  -56.355  -3.652 0.0000000000
17296  46.640  -54.998  -2.728 0.0000000000
109936  41.196  -57.785  -9.401 0.0000000000
114490  40.800  -57.030  -9.157 0.0000000000
18146  42.036  -55.661  -9.142 0.0000000000
13236  43.572  -61.945  -9.447 0.0000000000
14128  42.480  -60.548  -9.999 0.0000000000
120883  44.930  -54.804  -4.819 0.0000000000
126352  44.166  -55.711  -5.428 0.0000000000
110136  45.832  -55.152  -4.951 0.0000000000
16599  46.252  -56.654  -5.568 0.0000000000
14928  48.818  -59.241  -4.566 0.0000000000
15765  49.082  -58.597  -4.947 0.0000000000
14935  48.429  -59.786  -5.209 0.0000000000
14050  48.007  -60.832  -5.783 0.0000000000
14066  47.573  -61.232  -6.525 0.0000000000
113847  47.041  -61.515  -7.205 0.0000000000
13183  47.461  -62.034  -7.214 0.0000000000
12337  47.207  -62.980  -7.412 0.0000000000
12338  46.857  -63.225  -7.073 0.0000000000
12324  42.639  -62.423  -5.332 0.0000000000
129283  42.136  -62.409  -5.735 0.0000000000
12362  42.499  -62.768  -6.957 0.0000000000
18844  41.626  -53.956  -3.299 0.0000000000
18843  42.526  -53.784  -3.455 0.0000000000
19565  43.178  -51.829  -0.971 0.0000000000
18801  43.718  -52.061  -0.547 0.0000000000
14982  39.706  -58.888  -7.843 0.0000000000
122542  39.912  -57.196  -8.771 0.0000000000
18915  42.841  -55.144  -9.154 0.0000000000
18895  42.889  -54.279  -8.814 0.0000000000
20382  43.153  -52.586  -8.654 0.0000000000
17294  49.019  -55.399  -3.836 0.0000000000
18058  49.174  -55.179  -3.971 0.0000000000
16565  49.746  -56.444  -3.967 0.0000000000
16564  50.017  -57.007  -3.908 0.0000000000
15734  49.474  -58.138  -4.072 0.0000000000
14914  48.536  -59.692  -3.946 0.0000000000
14040  48.580  -59.894  -4.249 0.0000000000
115481  48.443  -60.845  -4.196 0.0000000000
13155  48.426  -61.807  -4.085 0.0000000000
118872  42.640  -60.442  -7.612 0.0000000000
14980  40.908  -59.813  -8.221 0.0000000000
14100  41.609  -60.321  -8.624 0.0000000000
15819  41.597  -58.586  -9.595 0.0000000000
16652  42.139  -57.655  -9.606 0.0000000000
16651  43.029  -57.503  -9.804 0.0000000000
116454  42.658  -56.919  -9.572 0.0000000000
18145  43.540  -55.597  -9.404 0.0000000000
18893  44.146  -53.836  -8.997 0.0000000000
12410  44.395  -63.777  -11.023 0.0000000000
17341  39.742  -56.701  -5.186 0.0000000000
126796  39.150  -57.277  -5.479 0.0000000000
16604  40.010  -57.477  -5.479 0.0000000000
14940  43.174  -59.189  -5.913 0.0000000000
14956  43.471  -59.832  -6.373 0.0000000000
120193  46.639  -57.608  -5.618 0.0000000000
15766  48.610  -58.476  -5.325 0.0000000000
15767  47.318  -58.699  -5.638 0.0000000000
15768  45.903  -58.525  -5.666 0.0000000000
14938  45.301  -59.329  -5.779 0.0000000000
129204  43.589  -60.222  -6.805 0.0000000000
14088  43.693  -60.609  -7.362 0.0000000000
13201  44.461  -61.479  -8.131 0.0000000000
13200  45.873  -62.137  -8.137 0.0000000000
13220  43.990  -61.766  -8.793 0.0000000000
12381  44.520  -62.753  -9.292 0.0000000000
12398  44.313  -63.267  -9.862 0.0000000000
12411  43.982  -62.836  -10.405 0.0000000000
11509  47.313  -63.553  -4.148 0.0000000000
10053  42.512  -65.889  -5.255 0.0000000000
11511  45.295  -63.480  -4.383 0.0000000000
12308  46.198  -62.206  -4.693 0.0000000000
13157  45.395  -61.932  -4.925 0.0000000000
12322  45.789  -61.962  -5.343 0.0000000000
12339  45.693  -62.952  -6.524 0.0000000000
118750  43.244  -62.313  -5.866 0.0000000000
11534  45.304  -63.949  -7.328 0.0000000000
11549  45.810  -64.770  -7.997 0.0000000000
11563  45.570  -64.686  -8.238 0.0000000000
11579  44.518  -64.729  -9.415 0.0000000000
11580  44.438  -64.097  -10.309 0.0000000000
11595  44.203  -64.730  -10.498 0.0000000000
127644  35.964  -52.422  -6.162 0.0000000000
19606  35.888  -52.932  -5.882 0.0000000000
19605  36.134  -53.502  -6.130 0.0000000000
118564  36.245  -54.276  -6.082 0.0000000000
18097  36.754  -55.460  -5.619 0.0000000000
17318  38.201  -56.273  -5.161 0.0000000000
118454  38.927  -54.151  -3.526 0.0000000000
124661  37.661  -55.099  -4.552 0.0000000000
17317  39.034  -56.282  -5.015 0.0000000000
18094  42.649  -54.864  -5.125 0.0000000000
18842  43.446  -53.719  -3.575 0.0000000000
18861  44.147  -54.108  -4.151 0.0000000000
18840  46.947  -53.429  -3.138 0.0000000000
18823  47.652  -53.863  -3.189 0.0000000000
18061  46.211  -53.941  -2.189 0.0000000000
108311  47.029  -54.099  -2.561 0.0000000000
17295  47.832  -55.003  -2.873 0.0000000000
129524  40.364  -58.877  -8.801 0.0000000000
18128  40.656  -55.613  -8.794 0.0000000000
18126  42.143  -54.751  -8.822 0.0000000000
18896  41.421  -54.437  -8.629 0.0000000000
10777  42.737  -64.012  -4.625 0.0000000000
10809  45.095  -64.911  -8.247 0.0000000000
11489  48.132  -63.504  -3.137 0.0000000000
11499  48.254  -63.083  -3.390 0.0000000000
11500  48.075  -63.540  -3.417 0.0000000000
11508  48.074  -63.246  -3.846 0.0000000000
11532  46.995  -63.723  -7.926 0.0000000000
11533  46.419  -64.121  -7.765 0.0000000000
12306  48.328  -62.644  -3.801 0.0000000000
12307  48.345  -62.491  -4.021 0.0000000000
12310  44.091  -62.205  -4.827 0.0000000000
12311  43.172  -62.595  -4.788 0.0000000000
12325  41.888  -62.608  -5.539 0.0000000000
12340  44.262  -62.540  -6.162 0.0000000000
12342  41.700  -62.324  -6.061 0.0000000000
12358  47.277  -62.620  -7.386 0.0000000000
12360  47.054  -63.735  -7.972 0.0000000000
13132  48.306  -62.333  -3.412 0.0000000000
13133  47.863  -62.227  -2.976 0.0000000000
13142  48.427  -61.856  -3.713 0.0000000000
13182  47.550  -61.780  -6.727 0.0000000000
13222  42.186  -60.831  -8.984 0.0000000000
13237  42.799  -61.304  -9.456 0.0000000000
14049  48.437  -60.177  -4.844 0.0000000000
14051  47.949  -60.374  -5.726 0.0000000000
14069  42.983  -60.142  -6.937 0.0000000000
14090  41.719  -60.222  -7.869 0.0000000000
14113  42.286  -60.726  -9.578 0.0000000000
14126  43.900  -60.585  -10.714 0.0000000000
14913  48.937  -59.133  -4.117 0.0000000000
14941  42.344  -59.150  -6.013 0.0000000000
14981  40.233  -59.190  -8.337 0.0000000000
14993  41.113  -59.971  -8.936 0.0000000000
14994  40.700  -59.369  -8.881 0.0000000000
15006  42.604  -59.922  -10.152 0.0000000000
15733  49.905  -57.281  -4.327 0.0000000000
15818  42.527  -58.373  -9.867 0.0000000000
16563  50.114  -56.690  -4.209 0.0000000000
16584  50.069  -56.927  -4.382 0.0000000000
16595  49.801  -56.998  -5.258 0.0000000000
16606  38.134  -57.151  -5.876 0.0000000000
16639  40.441  -57.849  -9.090 0.0000000000
17292  50.121  -56.281  -4.127 0.0000000000
17293  49.913  -55.938  -4.087 0.0000000000
17314  49.893  -55.831  -4.180 0.0000000000
17333  49.689  -56.031  -4.620 0.0000000000
17340  40.556  -56.444  -5.197 0.0000000000
17343  37.812  -56.602  -5.637 0.0000000000
17372  40.363  -56.408  -8.882 0.0000000000
17389  41.827  -56.745  -9.371 0.0000000000
18045  46.690  -53.603  -2.427 0.0000000000
18059  48.256  -54.428  -3.452 0.0000000000
18060  47.405  -53.867  -2.811 0.0000000000
18077  40.403  -54.564  -4.339 0.0000000000
18090  49.164  -55.234  -4.250 0.0000000000
18095  41.745  -54.916  -5.062 0.0000000000
18127  41.415  -55.232  -8.845 0.0000000000
18802  43.543  -52.078  -0.445 0.0000000000
18809  45.936  -53.136  -1.868 0.0000000000
18810  43.888  -52.641  -0.548 0.0000000000
18811  43.367  -52.578  -0.156 0.0000000000
18876  36.468  -54.994  -6.064 0.0000000000
19564  43.512  -51.829  -0.792 0.0000000000
19573  44.459  -52.246  -1.383 0.0000000000
19633  42.968  -53.477  -8.649 0.0000000000
114266  39.860  -55.950  -8.674 0.0000000000
116981  45.489  -62.476  -4.594 0.0000000000
117598  44.296  -55.911  -9.611 0.0000000000
118057  41.344  -59.509  -9.388 0.0000000000
118241  40.859  -54.913  -8.672 0.0000000000
125088  40.975  -62.381  -6.353 0.0000000000
126066  43.655  -54.618  -9.149 0.0000000000
128165  50.059  -56.314  -4.023 0.0000000000
128851  39.793  -56.537  -8.685 0.0000000000
129551  41.481  -66.950  -6.095 0.0000000000
