#!ascii label  , from subject sub-v2s9x29160_ses-1 vox2ras=TkReg
931
122736  -25.294  -24.524  32.850 0.0000000000
39139  -10.427  -23.077  30.504 0.0000000000
114382  -18.438  -27.431  34.624 0.0000000000
110981  -35.023  -3.779  13.469 0.0000000000
102278  -41.228  -1.851  9.353 0.0000000000
41441  -4.499  -20.325  34.957 0.0000000000
102457  -31.184  -4.429  16.780 0.0000000000
40703  -25.311  -21.414  30.751 0.0000000000
36400  -23.028  -26.764  34.896 0.0000000000
40691  -6.476  -21.607  31.085 0.0000000000
114109  -5.013  -24.995  35.218 0.0000000000
39065  -21.961  -23.496  34.386 0.0000000000
39925  -19.689  -22.515  30.361 0.0000000000
107852  -14.965  -25.365  32.434 0.0000000000
37299  -20.020  -25.507  35.593 0.0000000000
49107  -26.318  -12.342  16.771 0.0000000000
51515  -29.785  -9.327  16.069 0.0000000000
52324  -34.718  -8.251  14.046 0.0000000000
38083  1.064  -24.209  38.987 0.0000000000
37199  1.422  -25.468  42.910 0.0000000000
42580  -20.782  -19.592  26.641 0.0000000000
44534  -21.746  -16.989  23.179 0.0000000000
46310  -23.361  -15.430  19.371 0.0000000000
38137  -1.203  -24.661  35.832 0.0000000000
113921  -9.714  -24.084  33.591 0.0000000000
38208  -11.495  -24.576  33.533 0.0000000000
114871  -24.549  -24.686  34.253 0.0000000000
42519  -10.491  -19.960  29.470 0.0000000000
104127  -8.394  -21.961  30.069 0.0000000000
38223  -7.796  -23.991  32.743 0.0000000000
39842  -20.874  -22.884  35.773 0.0000000000
38171  -21.485  -24.478  35.513 0.0000000000
51493  -26.169  -9.245  17.290 0.0000000000
50714  -27.903  -10.573  16.354 0.0000000000
120327  -27.461  -7.167  16.670 0.0000000000
54112  -32.245  -6.401  13.773 0.0000000000
54135  -34.480  -6.030  12.779 0.0000000000
53192  -36.794  -7.703  13.583 0.0000000000
54982  -36.086  -5.151  12.043 0.0000000000
55006  -38.271  -5.061  10.859 0.0000000000
111771  -18.268  -20.402  30.253 0.0000000000
41566  -19.878  -21.079  27.962 0.0000000000
43531  -18.271  -18.645  27.698 0.0000000000
45386  -19.407  -16.079  23.879 0.0000000000
47225  -20.169  -14.928  22.281 0.0000000000
45411  -22.257  -16.487  21.350 0.0000000000
47246  -21.712  -14.187  20.633 0.0000000000
49066  -23.131  -12.662  19.369 0.0000000000
35538  -16.489  -26.808  33.927 0.0000000000
39824  -1.035  -22.259  36.224 0.0000000000
39852  -2.437  -22.580  34.332 0.0000000000
35342  2.672  -27.637  43.096 0.0000000000
34372  4.455  -28.822  45.525 0.0000000000
55813  -29.019  -4.802  17.697 0.0000000000
42523  -24.992  -19.801  29.736 0.0000000000
103187  -21.109  -27.415  35.026 0.0000000000
41476  -5.675  -20.746  32.545 0.0000000000
39074  -3.535  -23.321  33.303 0.0000000000
39092  -5.423  -23.352  32.173 0.0000000000
58496  -42.560  -1.621  8.346 0.0000000000
39084  -23.268  -23.938  33.500 0.0000000000
39145  -23.307  -23.747  30.709 0.0000000000
39906  -21.225  -22.998  31.992 0.0000000000
39933  -11.952  -21.823  29.389 0.0000000000
38226  -12.706  -24.690  32.382 0.0000000000
105254  -14.125  -23.192  30.477 0.0000000000
37352  -16.330  -24.710  31.650 0.0000000000
36439  -17.772  -25.722  32.863 0.0000000000
38190  -18.384  -24.962  34.456 0.0000000000
36429  -19.170  -26.028  34.213 0.0000000000
36412  -21.262  -26.488  34.771 0.0000000000
38192  -22.750  -24.488  34.205 0.0000000000
47281  -27.179  -14.780  18.424 0.0000000000
54104  -29.900  -6.240  15.045 0.0000000000
52298  -31.969  -8.699  14.990 0.0000000000
107739  -39.541  -4.793  10.293 0.0000000000
38066  1.395  -24.904  40.569 0.0000000000
119898  1.781  -27.524  41.718 0.0000000000
39939  -22.753  -22.609  29.446 0.0000000000
41568  -22.584  -20.708  28.365 0.0000000000
109176  -23.063  -19.153  27.315 0.0000000000
44490  -18.693  -17.097  25.894 0.0000000000
110983  -21.089  -18.035  25.260 0.0000000000
43580  -24.271  -18.052  26.031 0.0000000000
44537  -24.206  -17.537  23.593 0.0000000000
44570  -25.673  -17.157  21.902 0.0000000000
45449  -26.741  -16.229  20.090 0.0000000000
47278  -24.605  -14.432  18.216 0.0000000000
50691  -24.364  -10.896  18.129 0.0000000000
36407  -13.388  -25.590  34.554 0.0000000000
119736  -0.758  -21.638  38.004 0.0000000000
38118  0.110  -24.576  37.165 0.0000000000
38160  -3.370  -25.076  34.931 0.0000000000
34370  6.193  -27.814  46.321 0.0000000000
39096  -9.606  -23.681  32.209 0.0000000000
38207  -10.507  -24.344  33.760 0.0000000000
38224  -10.951  -24.235  32.783 0.0000000000
38214  -24.889  -24.486  33.633 0.0000000000
122972  -10.621  -22.009  29.558 0.0000000000
41544  -9.260  -20.926  29.517 0.0000000000
39138  -9.401  -22.984  30.618 0.0000000000
39115  -9.117  -23.386  31.452 0.0000000000
52265  -26.109  -7.780  18.196 0.0000000000
52285  -26.640  -8.571  17.077 0.0000000000
54089  -27.134  -6.296  17.653 0.0000000000
55873  -34.244  -4.065  14.415 0.0000000000
115906  -33.371  -4.826  14.018 0.0000000000
55885  -34.507  -4.790  13.000 0.0000000000
54981  -35.422  -5.308  12.411 0.0000000000
55893  -35.575  -4.639  12.356 0.0000000000
55894  -36.254  -4.301  11.904 0.0000000000
107024  -18.243  -19.927  28.677 0.0000000000
48129  -19.757  -13.855  23.138 0.0000000000
47236  -21.189  -14.449  21.282 0.0000000000
49042  -21.760  -13.016  21.796 0.0000000000
49053  -22.662  -12.908  20.771 0.0000000000
35515  -17.839  -27.172  34.184 0.0000000000
35489  -16.731  -27.516  35.280 0.0000000000
34560  -18.218  -27.879  35.528 0.0000000000
40633  -3.227  -21.153  35.338 0.0000000000
40647  -3.430  -21.412  34.434 0.0000000000
56784  -41.571  -3.475  9.378 0.0000000000
35323  3.106  -28.262  43.588 0.0000000000
40695  -25.737  -21.230  31.686 0.0000000000
41527  -25.183  -20.364  30.721 0.0000000000
35519  -21.717  -27.021  34.812 0.0000000000
109700  -22.559  -27.630  35.767 0.0000000000
42497  -7.541  -20.116  30.886 0.0000000000
118241  -7.014  -19.254  32.078 0.0000000000
42462  -6.387  -19.446  32.822 0.0000000000
40676  -6.005  -21.236  31.717 0.0000000000
40675  -5.157  -21.675  32.109 0.0000000000
39112  -5.922  -22.883  31.605 0.0000000000
117993  -8.592  -24.210  34.314 0.0000000000
38204  -7.463  -24.288  33.577 0.0000000000
39083  -22.635  -23.681  33.725 0.0000000000
39101  -22.137  -23.374  32.450 0.0000000000
110007  -21.572  -22.976  32.924 0.0000000000
41548  -13.122  -20.981  29.798 0.0000000000
39935  -13.119  -21.780  29.726 0.0000000000
40699  -13.840  -21.438  30.204 0.0000000000
39902  -16.001  -23.087  31.281 0.0000000000
39121  -16.602  -23.566  31.738 0.0000000000
37353  -16.886  -24.791  31.947 0.0000000000
38229  -17.529  -24.545  32.606 0.0000000000
38147  -19.141  -24.982  36.623 0.0000000000
37298  -18.990  -25.138  35.561 0.0000000000
37335  -18.435  -25.563  33.659 0.0000000000
37314  -20.076  -26.026  34.908 0.0000000000
36411  -20.105  -26.569  34.624 0.0000000000
37315  -21.052  -25.985  34.906 0.0000000000
120173  -21.593  -23.504  35.017 0.0000000000
38191  -21.948  -24.654  34.737 0.0000000000
39066  -22.497  -23.950  34.135 0.0000000000
39067  -23.106  -24.097  33.885 0.0000000000
47301  -26.564  -13.809  17.495 0.0000000000
47303  -28.165  -14.016  17.845 0.0000000000
48208  -27.479  -12.928  16.772 0.0000000000
51514  -28.962  -9.489  16.094 0.0000000000
103353  -29.746  -11.216  16.439 0.0000000000
55830  -29.705  -4.650  17.140 0.0000000000
54940  -29.039  -5.297  16.168 0.0000000000
55857  -30.167  -4.869  15.765 0.0000000000
53190  -32.824  -7.048  13.581 0.0000000000
120008  -31.511  -7.381  14.263 0.0000000000
52312  -33.483  -8.514  14.456 0.0000000000
52299  -32.933  -8.942  15.040 0.0000000000
55007  -39.159  -5.197  10.662 0.0000000000
55913  -38.693  -4.394  10.457 0.0000000000
56773  -39.477  -4.131  10.010 0.0000000000
39789  0.663  -22.698  39.514 0.0000000000
103887  0.918  -23.197  40.333 0.0000000000
38082  1.240  -24.682  39.782 0.0000000000
35361  1.344  -27.655  41.307 0.0000000000
33592  1.680  -28.912  42.722 0.0000000000
39143  -21.507  -23.175  30.372 0.0000000000
39151  -22.971  -23.309  29.964 0.0000000000
39938  -21.092  -22.660  29.552 0.0000000000
114817  -20.360  -20.627  27.528 0.0000000000
41567  -21.662  -21.059  28.163 0.0000000000
41585  -22.123  -20.324  27.715 0.0000000000
41586  -23.047  -19.899  27.948 0.0000000000
42581  -21.811  -19.324  26.706 0.0000000000
46239  -18.460  -15.450  26.418 0.0000000000
45387  -20.264  -16.614  23.591 0.0000000000
44514  -20.353  -17.166  24.379 0.0000000000
106717  -21.130  -17.573  24.711 0.0000000000
43578  -22.597  -18.185  25.746 0.0000000000
105160  -22.857  -17.474  24.154 0.0000000000
44516  -24.072  -17.722  24.789 0.0000000000
44536  -23.351  -17.391  23.477 0.0000000000
45430  -23.401  -16.458  20.460 0.0000000000
45413  -23.953  -16.900  21.152 0.0000000000
45431  -24.420  -16.559  20.416 0.0000000000
45415  -26.064  -16.851  21.254 0.0000000000
45447  -24.780  -16.137  19.747 0.0000000000
46313  -25.793  -15.536  19.080 0.0000000000
46328  -24.358  -15.076  18.714 0.0000000000
49876  -23.768  -11.210  19.365 0.0000000000
49888  -23.869  -11.396  18.574 0.0000000000
50676  -24.195  -10.579  18.946 0.0000000000
38227  -13.526  -24.888  32.329 0.0000000000
38210  -13.115  -25.074  33.119 0.0000000000
36408  -14.206  -25.843  34.304 0.0000000000
39051  -0.726  -23.092  35.829 0.0000000000
39040  -0.134  -23.359  36.608 0.0000000000
37279  -0.607  -24.855  36.611 0.0000000000
109647  -4.500  -24.460  33.684 0.0000000000
38201  -3.684  -24.122  33.644 0.0000000000
38161  -4.250  -25.135  35.042 0.0000000000
38186  -9.090  -24.216  34.687 0.0000000000
38187  -10.430  -24.482  34.705 0.0000000000
38167  -10.996  -24.780  35.098 0.0000000000
37286  -12.166  -25.592  36.064 0.0000000000
36415  -23.605  -25.985  34.757 0.0000000000
35495  -23.824  -26.906  35.656 0.0000000000
117090  -9.353  -18.656  30.372 0.0000000000
41522  -7.960  -20.690  30.279 0.0000000000
40697  -7.768  -21.543  30.311 0.0000000000
39113  -6.880  -23.241  31.395 0.0000000000
39114  -7.839  -23.119  30.931 0.0000000000
39077  -8.636  -23.906  33.141 0.0000000000
39858  -21.500  -23.180  34.920 0.0000000000
39871  -20.394  -22.514  33.584 0.0000000000
38169  -20.009  -25.170  36.515 0.0000000000
38170  -20.871  -24.990  36.180 0.0000000000
39056  -21.483  -23.512  35.556 0.0000000000
50712  -26.235  -10.723  16.775 0.0000000000
49919  -26.633  -11.571  16.596 0.0000000000
50713  -27.003  -10.209  16.620 0.0000000000
52286  -27.494  -8.816  16.531 0.0000000000
52295  -28.781  -8.016  15.792 0.0000000000
55858  -31.522  -4.715  15.284 0.0000000000
54960  -32.832  -4.980  14.256 0.0000000000
53207  -33.083  -6.350  13.420 0.0000000000
53208  -33.741  -7.214  13.461 0.0000000000
52326  -36.096  -7.833  13.637 0.0000000000
54123  -35.544  -6.818  12.841 0.0000000000
54137  -36.123  -6.409  12.511 0.0000000000
54145  -37.618  -6.116  11.885 0.0000000000
118934  -37.284  -5.508  11.574 0.0000000000
55903  -37.025  -4.301  11.338 0.0000000000
37252  0.541  -25.372  38.534 0.0000000000
37238  1.150  -25.422  39.548 0.0000000000
35409  0.261  -26.961  39.814 0.0000000000
40701  -18.658  -21.658  30.264 0.0000000000
39947  -20.229  -22.310  29.023 0.0000000000
40717  -18.819  -21.177  28.835 0.0000000000
41582  -18.595  -20.027  27.914 0.0000000000
42578  -18.912  -19.164  26.861 0.0000000000
109603  -18.721  -14.723  25.081 0.0000000000
47208  -19.089  -14.547  24.187 0.0000000000
47224  -19.684  -15.122  22.838 0.0000000000
45399  -20.574  -16.278  22.767 0.0000000000
44553  -22.233  -16.934  22.616 0.0000000000
46287  -21.155  -15.462  21.439 0.0000000000
46296  -21.574  -15.056  20.709 0.0000000000
46309  -22.644  -15.055  19.521 0.0000000000
47276  -23.060  -13.970  18.831 0.0000000000
48164  -22.682  -13.632  19.411 0.0000000000
37334  -15.418  -25.793  32.875 0.0000000000
112712  -14.819  -26.300  34.650 0.0000000000
35513  -16.173  -27.110  34.765 0.0000000000
39837  -1.369  -22.613  35.436 0.0000000000
38178  -1.556  -23.666  35.025 0.0000000000
36300  2.057  -26.653  42.764 0.0000000000
37185  1.458  -25.612  44.058 0.0000000000
112432  2.000  -26.317  44.162 0.0000000000
36267  3.216  -27.614  45.468 0.0000000000
36252  3.566  -27.326  46.811 0.0000000000
42542  -25.422  -19.392  28.929 0.0000000000
35492  -19.673  -27.597  34.912 0.0000000000
34561  -19.119  -28.008  35.596 0.0000000000
42447  -5.891  -19.533  33.592 0.0000000000
40649  -4.799  -20.769  33.633 0.0000000000
40659  -3.673  -21.743  33.574 0.0000000000
40674  -4.558  -21.738  32.648 0.0000000000
39091  -4.693  -23.089  32.433 0.0000000000
38202  -5.127  -24.230  33.163 0.0000000000
39093  -6.259  -23.681  32.071 0.0000000000
38203  -5.980  -24.416  33.377 0.0000000000
104339  -6.468  -24.634  35.313 0.0000000000
58495  -41.859  -1.878  8.871 0.0000000000
38231  -24.545  -24.394  32.884 0.0000000000
38248  -24.387  -24.325  32.051 0.0000000000
120131  -23.316  -23.920  32.182 0.0000000000
39123  -21.835  -23.403  31.292 0.0000000000
39905  -20.203  -22.715  31.174 0.0000000000
39887  -19.932  -22.444  32.654 0.0000000000
104603  -19.618  -22.420  31.821 0.0000000000
39903  -18.976  -22.142  30.727 0.0000000000
41525  -18.317  -21.045  30.575 0.0000000000
39918  -10.957  -22.562  29.845 0.0000000000
39118  -11.761  -23.810  30.911 0.0000000000
39141  -12.234  -23.300  30.215 0.0000000000
39120  -13.542  -23.761  30.652 0.0000000000
38244  -14.761  -24.368  31.215 0.0000000000
39923  -15.278  -22.611  30.861 0.0000000000
38259  -15.292  -23.863  30.993 0.0000000000
113708  -15.550  -24.545  31.410 0.0000000000
36437  -16.291  -25.898  32.625 0.0000000000
36438  -17.096  -25.883  32.599 0.0000000000
35540  -18.018  -26.629  33.610 0.0000000000
39080  -17.128  -23.698  33.994 0.0000000000
38211  -17.805  -24.623  33.148 0.0000000000
36428  -18.589  -26.176  33.676 0.0000000000
35517  -19.308  -27.120  34.466 0.0000000000
120670  -20.090  -27.188  34.667 0.0000000000
35518  -20.802  -27.049  34.732 0.0000000000
36413  -22.104  -26.282  34.682 0.0000000000
37301  -21.540  -25.258  35.080 0.0000000000
37317  -22.504  -25.418  34.518 0.0000000000
36414  -22.835  -26.127  34.601 0.0000000000
38193  -23.637  -24.545  34.005 0.0000000000
38213  -23.916  -24.293  33.664 0.0000000000
41546  -11.102  -20.630  29.249 0.0000000000
49110  -28.676  -12.381  16.559 0.0000000000
54938  -27.704  -5.707  17.100 0.0000000000
54102  -28.627  -6.350  15.916 0.0000000000
105050  -29.544  -8.054  15.490 0.0000000000
122305  -30.927  -6.295  14.470 0.0000000000
53188  -30.768  -7.388  14.620 0.0000000000
52297  -31.141  -8.631  15.299 0.0000000000
51532  -32.301  -9.249  15.818 0.0000000000
55914  -40.293  -4.705  9.981 0.0000000000
55924  -40.167  -3.809  9.711 0.0000000000
57654  -40.051  -1.913  10.115 0.0000000000
38983  0.906  -23.217  41.206 0.0000000000
110318  1.534  -25.464  41.911 0.0000000000
37225  1.360  -25.534  40.144 0.0000000000
36314  1.688  -26.296  41.434 0.0000000000
36301  1.779  -26.158  42.379 0.0000000000
108816  2.233  -27.778  42.326 0.0000000000
39146  -24.358  -23.625  30.644 0.0000000000
39927  -24.367  -22.759  29.918 0.0000000000
117980  -24.151  -22.015  29.609 0.0000000000
40720  -21.109  -21.926  28.664 0.0000000000
40712  -22.665  -21.939  29.044 0.0000000000
41550  -23.810  -20.680  29.308 0.0000000000
41570  -24.060  -20.105  29.305 0.0000000000
42541  -24.538  -19.675  29.002 0.0000000000
42561  -24.397  -19.222  28.114 0.0000000000
117081  -18.412  -17.673  26.930 0.0000000000
43552  -19.211  -18.695  26.406 0.0000000000
45363  -18.862  -16.735  25.298 0.0000000000
44491  -19.222  -17.504  25.493 0.0000000000
43554  -21.226  -18.932  26.166 0.0000000000
43555  -22.144  -18.734  26.323 0.0000000000
105976  -23.883  -18.390  26.719 0.0000000000
44555  -23.718  -17.292  22.688 0.0000000000
44556  -24.735  -17.446  22.989 0.0000000000
46314  -27.208  -15.879  19.689 0.0000000000
46330  -26.293  -15.106  18.612 0.0000000000
111023  -25.297  -13.126  17.340 0.0000000000
48174  -23.483  -13.495  18.365 0.0000000000
49088  -24.203  -12.290  17.685 0.0000000000
122166  -25.191  -11.988  17.047 0.0000000000
106101  -25.088  -9.731  17.981 0.0000000000
52264  -25.656  -8.523  18.456 0.0000000000
38225  -11.841  -24.473  32.570 0.0000000000
37312  -12.637  -25.378  34.814 0.0000000000
106768  -14.479  -26.390  35.404 0.0000000000
39801  0.622  -23.067  38.491 0.0000000000
39813  -0.753  -22.018  37.184 0.0000000000
39028  0.234  -23.210  37.275 0.0000000000
38117  0.541  -24.240  37.713 0.0000000000
37253  -0.046  -25.658  38.171 0.0000000000
39073  -2.940  -22.898  33.733 0.0000000000
39061  -2.503  -23.415  34.190 0.0000000000
38138  -2.065  -25.075  35.723 0.0000000000
33560  4.908  -29.509  45.838 0.0000000000
105834  5.391  -28.209  46.472 0.0000000000
35292  5.498  -27.493  46.676 0.0000000000
38232  -26.052  -24.429  32.404 0.0000000000
39116  -9.969  -23.482  31.329 0.0000000000
39097  -10.464  -23.861  32.050 0.0000000000
39117  -10.866  -23.635  31.141 0.0000000000
118154  -25.784  -24.589  33.356 0.0000000000
39931  -10.067  -22.470  29.950 0.0000000000
53152  -26.426  -7.238  18.560 0.0000000000
53161  -26.573  -7.053  17.896 0.0000000000
54081  -26.763  -6.639  18.232 0.0000000000
107435  -34.542  -4.178  13.571 0.0000000000
55892  -35.025  -4.875  12.612 0.0000000000
55886  -35.060  -4.249  12.847 0.0000000000
56750  -35.671  -4.006  12.464 0.0000000000
35490  -17.585  -27.572  34.965 0.0000000000
40634  -3.940  -20.725  35.114 0.0000000000
40648  -4.254  -20.937  34.197 0.0000000000
57664  -41.377  -2.585  9.312 0.0000000000
103835  -25.430  -20.702  31.186 0.0000000000
40702  -24.894  -20.614  30.427 0.0000000000
35494  -22.475  -27.247  35.144 0.0000000000
116826  -23.212  -27.274  35.561 0.0000000000
122276  -7.080  -20.495  31.121 0.0000000000
42480  -7.443  -19.480  31.400 0.0000000000
41501  -6.677  -20.781  31.364 0.0000000000
41477  -6.435  -20.257  32.184 0.0000000000
40690  -5.776  -22.052  31.474 0.0000000000
39082  -22.091  -23.242  33.488 0.0000000000
39869  -16.418  -22.802  32.966 0.0000000000
39884  -16.347  -22.852  31.978 0.0000000000
39099  -16.799  -23.447  32.477 0.0000000000
39100  -17.169  -24.002  32.204 0.0000000000
39081  -17.400  -23.992  32.999 0.0000000000
37313  -18.943  -25.556  34.522 0.0000000000
106795  -22.137  -24.050  34.504 0.0000000000
49090  -26.202  -13.145  17.145 0.0000000000
48192  -27.017  -13.431  17.138 0.0000000000
116974  -26.820  -12.862  16.804 0.0000000000
104904  -29.579  -10.192  16.318 0.0000000000
51516  -30.481  -9.801  16.356 0.0000000000
55847  -30.335  -4.578  16.520 0.0000000000
101817  -30.923  -4.536  15.859 0.0000000000
53191  -34.000  -8.080  13.935 0.0000000000
111257  -33.010  -7.818  13.961 0.0000000000
56761  -38.183  -2.906  10.730 0.0000000000
110754  0.872  -23.478  38.989 0.0000000000
38998  1.032  -23.692  39.696 0.0000000000
39926  -20.607  -22.846  30.343 0.0000000000
39937  -20.219  -22.600  29.698 0.0000000000
42557  -20.018  -20.082  27.033 0.0000000000
41584  -21.227  -20.588  27.589 0.0000000000
119545  -20.794  -20.203  27.138 0.0000000000
42558  -21.559  -19.966  27.127 0.0000000000
45388  -21.027  -16.749  23.139 0.0000000000
44533  -21.223  -17.144  23.881 0.0000000000
44515  -21.988  -17.489  24.468 0.0000000000
102972  -22.082  -17.272  23.801 0.0000000000
44535  -22.544  -17.219  23.339 0.0000000000
46297  -22.921  -15.834  19.909 0.0000000000
45446  -23.800  -16.111  19.769 0.0000000000
46311  -24.138  -15.613  19.240 0.0000000000
46327  -23.713  -15.082  18.933 0.0000000000
37342  -14.285  -25.128  32.398 0.0000000000
37341  -13.777  -25.227  32.975 0.0000000000
37333  -14.458  -25.563  33.231 0.0000000000
38159  -1.087  -23.838  35.439 0.0000000000
38158  -0.499  -24.009  36.022 0.0000000000
37280  -1.624  -25.302  36.471 0.0000000000
105502  -4.765  -24.860  34.452 0.0000000000
38181  -3.907  -24.759  34.280 0.0000000000
38951  0.743  -24.088  42.626 0.0000000000
38023  0.948  -24.858  43.266 0.0000000000
39907  -25.871  -22.457  30.924 0.0000000000
108341  -9.726  -24.245  34.298 0.0000000000
106753  -11.220  -24.704  34.437 0.0000000000
118186  -11.781  -25.170  35.246 0.0000000000
101685  -23.962  -25.125  34.400 0.0000000000
117632  -24.112  -26.298  35.307 0.0000000000
108539  -10.113  -18.706  30.263 0.0000000000
42499  -9.875  -19.316  29.841 0.0000000000
122453  -8.990  -21.602  29.729 0.0000000000
41543  -8.726  -20.354  29.823 0.0000000000
40698  -8.474  -21.180  29.880 0.0000000000
39915  -7.753  -22.351  30.485 0.0000000000
39916  -8.520  -22.671  30.487 0.0000000000
39078  -9.297  -23.842  33.036 0.0000000000
39095  -8.678  -23.688  32.266 0.0000000000
38206  -9.049  -24.043  33.849 0.0000000000
39843  -21.305  -23.169  35.505 0.0000000000
39857  -20.824  -22.713  34.742 0.0000000000
39055  -21.215  -23.482  36.186 0.0000000000
50693  -25.654  -9.989  17.371 0.0000000000
53170  -27.115  -7.837  16.849 0.0000000000
105458  -28.415  -8.772  16.134 0.0000000000
107784  -27.970  -7.807  16.288 0.0000000000
122570  -32.178  -4.491  15.355 0.0000000000
55871  -32.745  -4.418  14.994 0.0000000000
54970  -34.087  -5.415  13.105 0.0000000000
54969  -33.362  -5.422  13.572 0.0000000000
54122  -33.858  -6.242  13.128 0.0000000000
118563  -34.703  -6.836  13.046 0.0000000000
107977  -35.912  -5.745  12.303 0.0000000000
54983  -36.679  -5.833  11.999 0.0000000000
54992  -36.754  -5.020  11.591 0.0000000000
114000  -36.170  -3.372  12.410 0.0000000000
41549  -18.402  -20.984  29.684 0.0000000000
40711  -18.931  -21.761  29.489 0.0000000000
42539  -18.231  -19.248  28.162 0.0000000000
42556  -19.151  -19.763  27.204 0.0000000000
42555  -18.523  -19.228  27.446 0.0000000000
108637  -20.312  -14.274  22.189 0.0000000000
48136  -19.873  -14.364  22.678 0.0000000000
46277  -20.262  -15.616  22.485 0.0000000000
46286  -20.604  -15.378  21.980 0.0000000000
45409  -20.889  -15.996  22.075 0.0000000000
121316  -21.811  -14.789  20.242 0.0000000000
118788  -22.128  -15.360  20.156 0.0000000000
47247  -22.154  -14.443  19.819 0.0000000000
48154  -22.236  -13.576  20.227 0.0000000000
49054  -23.233  -12.331  20.374 0.0000000000
36425  -15.962  -26.347  33.380 0.0000000000
36409  -15.628  -26.612  34.270 0.0000000000
35470  -17.289  -27.834  35.807 0.0000000000
40646  -2.698  -21.822  34.708 0.0000000000
40632  -2.490  -21.536  35.593 0.0000000000
39838  -2.021  -22.230  35.052 0.0000000000
39052  -1.288  -23.242  35.273 0.0000000000
39060  -1.789  -23.074  34.742 0.0000000000
36285  2.333  -26.878  43.527 0.0000000000
35307  3.569  -28.344  44.699 0.0000000000
35324  3.003  -27.578  44.033 0.0000000000
42504  -25.323  -19.961  30.460 0.0000000000
42524  -26.043  -19.528  29.613 0.0000000000
35493  -20.425  -27.507  34.948 0.0000000000
34562  -19.970  -28.007  35.538 0.0000000000
34563  -20.803  -27.880  35.566 0.0000000000
41455  -5.987  -20.068  32.973 0.0000000000
110776  -6.301  -18.906  33.303 0.0000000000
42446  -5.426  -19.779  34.095 0.0000000000
41454  -5.419  -20.281  33.473 0.0000000000
40660  -4.359  -21.407  33.273 0.0000000000
40661  -4.969  -21.097  32.895 0.0000000000
39882  -5.198  -22.548  31.967 0.0000000000
39076  -5.033  -23.710  32.654 0.0000000000
39094  -7.066  -23.852  32.095 0.0000000000
38184  -7.235  -24.438  34.314 0.0000000000
107532  -6.747  -24.427  33.665 0.0000000000
38163  -7.039  -24.523  34.928 0.0000000000
38183  -6.357  -24.589  34.335 0.0000000000
38230  -23.734  -24.066  32.726 0.0000000000
39122  -21.004  -23.070  31.076 0.0000000000
120821  -20.722  -22.858  31.541 0.0000000000
39870  -19.543  -22.214  33.239 0.0000000000
39886  -19.010  -22.031  32.458 0.0000000000
39885  -18.915  -22.072  31.501 0.0000000000
39904  -19.441  -22.401  31.114 0.0000000000
40694  -18.551  -21.598  31.041 0.0000000000
39919  -11.893  -22.544  29.690 0.0000000000
39934  -12.457  -22.039  29.542 0.0000000000
39921  -13.824  -22.395  30.153 0.0000000000
107953  -13.442  -23.103  30.229 0.0000000000
38243  -14.054  -24.255  31.036 0.0000000000
38258  -14.469  -23.803  30.801 0.0000000000
38245  -16.107  -23.905  31.282 0.0000000000
117338  -15.530  -23.374  30.994 0.0000000000
37343  -15.750  -25.308  32.005 0.0000000000
37345  -17.351  -25.169  32.369 0.0000000000
36427  -17.538  -26.302  33.110 0.0000000000
118354  -18.067  -26.137  33.235 0.0000000000
38168  -18.031  -24.543  34.999 0.0000000000
38189  -17.767  -24.431  33.948 0.0000000000
39064  -17.413  -24.033  34.670 0.0000000000
38212  -18.203  -25.039  33.666 0.0000000000
36410  -19.157  -26.530  34.185 0.0000000000
37318  -23.266  -25.264  34.363 0.0000000000
41547  -11.871  -20.630  29.349 0.0000000000
40709  -11.609  -21.248  29.263 0.0000000000
39932  -11.324  -21.931  29.457 0.0000000000
108125  -27.853  -15.680  19.650 0.0000000000
48176  -28.983  -13.930  18.030 0.0000000000
47283  -29.330  -14.383  18.736 0.0000000000
49920  -27.494  -11.530  16.451 0.0000000000
49109  -27.899  -12.298  16.532 0.0000000000
49921  -28.346  -11.593  16.376 0.0000000000
54922  -28.363  -5.135  18.212 0.0000000000
54929  -27.621  -5.552  17.877 0.0000000000
54930  -28.272  -5.178  17.382 0.0000000000
54947  -29.260  -5.825  15.610 0.0000000000
54946  -28.661  -5.765  16.120 0.0000000000
54103  -29.225  -6.680  15.431 0.0000000000
53180  -29.194  -7.428  15.486 0.0000000000
54958  -31.411  -5.337  14.696 0.0000000000
118150  -31.420  -6.105  14.258 0.0000000000
52311  -32.105  -7.975  14.315 0.0000000000
52310  -31.295  -8.078  14.697 0.0000000000
52296  -30.432  -8.177  15.209 0.0000000000
51531  -31.474  -9.141  15.817 0.0000000000
51533  -33.202  -9.354  15.806 0.0000000000
54994  -38.812  -5.644  11.208 0.0000000000
55008  -40.095  -5.301  10.497 0.0000000000
57653  -39.412  -2.615  10.223 0.0000000000
119756  -39.576  -3.400  9.941 0.0000000000
57662  -40.104  -2.877  9.766 0.0000000000
38982  1.202  -24.032  40.668 0.0000000000
38964  1.075  -23.978  41.741 0.0000000000
38051  1.367  -24.748  41.381 0.0000000000
36328  0.912  -26.779  40.007 0.0000000000
36342  1.114  -26.091  39.742 0.0000000000
113581  1.629  -27.065  41.181 0.0000000000
35360  2.014  -27.004  41.967 0.0000000000
33579  1.582  -29.375  43.328 0.0000000000
39125  -23.766  -24.059  31.596 0.0000000000
39126  -24.617  -24.124  31.434 0.0000000000
116401  -23.730  -23.330  30.116 0.0000000000
39940  -23.599  -22.699  29.649 0.0000000000
40719  -20.136  -21.699  28.432 0.0000000000
40721  -22.160  -21.563  28.673 0.0000000000
40722  -23.027  -21.138  28.881 0.0000000000
41569  -23.416  -20.356  28.754 0.0000000000
42540  -23.825  -19.758  28.535 0.0000000000
42560  -23.684  -19.243  27.783 0.0000000000
44470  -18.467  -17.035  26.541 0.0000000000
44461  -18.348  -17.081  27.310 0.0000000000
43551  -18.512  -18.463  26.990 0.0000000000
44471  -18.783  -17.844  26.258 0.0000000000
46256  -18.876  -15.443  24.483 0.0000000000
45373  -18.642  -15.913  25.157 0.0000000000
45374  -19.099  -16.353  24.616 0.0000000000
44492  -20.212  -17.773  25.118 0.0000000000
44513  -19.533  -17.093  24.815 0.0000000000
43576  -20.657  -18.427  25.666 0.0000000000
43577  -21.609  -18.373  25.720 0.0000000000
118686  -23.227  -17.862  25.379 0.0000000000
43579  -23.486  -18.109  26.008 0.0000000000
44517  -24.673  -17.701  24.428 0.0000000000
45401  -22.035  -16.660  21.992 0.0000000000
44554  -22.790  -16.959  22.034 0.0000000000
44569  -24.569  -17.215  22.032 0.0000000000
44557  -25.384  -17.356  22.524 0.0000000000
45432  -26.464  -16.561  20.696 0.0000000000
114502  -26.897  -16.819  21.317 0.0000000000
45416  -27.243  -16.519  20.758 0.0000000000
45450  -27.603  -16.168  20.204 0.0000000000
46329  -25.264  -15.085  18.588 0.0000000000
47279  -25.569  -14.480  18.074 0.0000000000
47300  -25.837  -13.828  17.581 0.0000000000
47299  -24.913  -13.788  17.722 0.0000000000
48165  -23.146  -13.211  18.774 0.0000000000
107955  -23.445  -12.897  18.333 0.0000000000
49900  -24.090  -11.650  17.947 0.0000000000
49087  -23.658  -12.246  18.234 0.0000000000
102855  -24.887  -12.397  17.282 0.0000000000
49901  -24.793  -11.499  17.401 0.0000000000
50692  -24.922  -10.460  17.689 0.0000000000
51474  -25.137  -9.285  18.671 0.0000000000
38241  -12.243  -24.282  31.607 0.0000000000
37331  -12.851  -25.221  33.973 0.0000000000
37297  -13.192  -25.750  35.321 0.0000000000
36399  -15.319  -26.798  35.109 0.0000000000
36398  -15.076  -26.928  35.941 0.0000000000
34541  -18.528  -28.242  36.465 0.0000000000
39802  0.287  -22.318  38.625 0.0000000000
40602  -0.173  -22.144  37.921 0.0000000000
40618  -1.592  -21.626  36.814 0.0000000000
39812  -0.102  -22.659  37.204 0.0000000000
38135  0.297  -23.833  37.112 0.0000000000
39027  0.515  -23.478  37.766 0.0000000000
37266  0.338  -25.009  37.836 0.0000000000
39866  -3.476  -22.503  33.304 0.0000000000
38180  -2.988  -24.344  34.293 0.0000000000
101762  -2.499  -24.792  35.024 0.0000000000
37293  -2.942  -25.270  35.664 0.0000000000
109008  6.095  -28.697  46.049 0.0000000000
34371  5.510  -28.829  46.204 0.0000000000
39079  -10.082  -23.968  32.933 0.0000000000
41545  -10.206  -20.763  29.312 0.0000000000
42518  -9.581  -20.106  29.558 0.0000000000
40707  -9.877  -21.655  29.528 0.0000000000
39917  -9.183  -22.283  29.981 0.0000000000
39137  -8.624  -23.158  30.919 0.0000000000
52277  -25.998  -8.442  17.744 0.0000000000
53169  -26.507  -7.747  17.510 0.0000000000
53162  -27.006  -7.054  17.247 0.0000000000
55872  -33.498  -4.387  14.602 0.0000000000
55884  -33.897  -4.689  13.707 0.0000000000
54980  -34.756  -5.416  12.681 0.0000000000
42522  -18.189  -19.997  29.518 0.0000000000
110114  -18.169  -19.227  28.925 0.0000000000
43520  -18.210  -18.375  28.365 0.0000000000
48145  -20.736  -13.883  21.836 0.0000000000
47235  -20.647  -14.705  21.777 0.0000000000
48146  -21.390  -13.644  21.439 0.0000000000
48147  -22.084  -13.349  21.090 0.0000000000
35539  -17.290  -26.820  33.695 0.0000000000
35514  -17.022  -27.258  34.436 0.0000000000
34540  -17.745  -28.092  36.295 0.0000000000
55926  -41.837  -4.380  9.538 0.0000000000
34401  2.931  -28.750  43.368 0.0000000000
33577  3.272  -29.213  43.924 0.0000000000
34388  3.603  -28.889  44.282 0.0000000000
34387  4.362  -29.123  45.315 0.0000000000
41526  -24.826  -20.189  30.230 0.0000000000
35471  -21.758  -27.676  35.509 0.0000000000
35473  -23.025  -27.664  36.326 0.0000000000
42481  -8.003  -19.226  30.893 0.0000000000
43481  -7.711  -18.700  31.501 0.0000000000
43471  -7.371  -18.241  32.212 0.0000000000
114033  -7.973  -24.286  34.318 0.0000000000
104343  -7.729  -24.402  34.998 0.0000000000
39102  -22.945  -23.692  32.819 0.0000000000
120661  -22.488  -23.449  33.180 0.0000000000
40710  -12.396  -21.282  29.461 0.0000000000
39922  -14.556  -22.686  30.525 0.0000000000
39901  -15.697  -22.354  31.591 0.0000000000
38246  -16.786  -24.243  31.735 0.0000000000
38247  -17.169  -24.556  32.121 0.0000000000
111821  -21.738  -23.857  35.001 0.0000000000
116746  -27.831  -14.498  18.290 0.0000000000
47302  -27.280  -14.100  17.732 0.0000000000
48193  -27.793  -13.508  17.248 0.0000000000
48194  -28.606  -13.493  17.330 0.0000000000
112661  -28.703  -10.143  16.264 0.0000000000
50715  -28.905  -10.919  16.291 0.0000000000
55829  -28.942  -4.925  16.855 0.0000000000
55846  -29.593  -4.858  16.322 0.0000000000
117013  -29.591  -5.229  15.780 0.0000000000
54948  -30.039  -5.489  15.309 0.0000000000
122787  -31.668  -6.774  14.031 0.0000000000
53189  -32.204  -7.260  13.890 0.0000000000
114927  -32.707  -8.415  14.502 0.0000000000
52300  -33.790  -9.021  15.086 0.0000000000
55904  -37.758  -4.338  10.858 0.0000000000
56772  -38.833  -3.356  10.337 0.0000000000
34418  1.374  -28.584  42.245 0.0000000000
39144  -22.408  -23.509  30.565 0.0000000000
39150  -22.092  -23.091  29.761 0.0000000000
108110  -20.720  -21.199  28.028 0.0000000000
42559  -22.395  -19.614  27.265 0.0000000000
42582  -22.512  -19.062  26.864 0.0000000000
45362  -18.500  -16.262  25.968 0.0000000000
45375  -19.708  -16.691  24.247 0.0000000000
44493  -21.872  -17.847  25.177 0.0000000000
44494  -22.680  -17.706  24.976 0.0000000000
120272  -23.429  -17.678  24.801 0.0000000000
44496  -24.570  -17.861  25.265 0.0000000000
102983  -23.776  -17.616  24.189 0.0000000000
45429  -22.524  -16.198  20.583 0.0000000000
45412  -23.036  -16.732  21.193 0.0000000000
45414  -25.057  -16.878  21.199 0.0000000000
114836  -25.553  -16.511  20.461 0.0000000000
45448  -25.810  -16.059  19.720 0.0000000000
46312  -25.021  -15.600  19.166 0.0000000000
49863  -23.457  -11.879  19.660 0.0000000000
49875  -23.475  -11.966  18.934 0.0000000000
50677  -24.681  -10.089  18.447 0.0000000000
38242  -13.255  -24.406  31.425 0.0000000000
37332  -13.609  -25.439  33.713 0.0000000000
115813  -13.888  -25.931  35.072 0.0000000000
38136  -0.064  -24.142  36.612 0.0000000000
37267  -0.326  -25.285  37.461 0.0000000000
38165  -9.007  -24.225  35.481 0.0000000000
103276  -9.703  -24.333  35.126 0.0000000000
110502  -10.426  -24.611  35.500 0.0000000000
36401  -23.552  -26.697  35.211 0.0000000000
117221  -8.632  -19.084  30.471 0.0000000000
107872  -9.040  -19.509  29.956 0.0000000000
42498  -8.294  -19.818  30.360 0.0000000000
41502  -7.167  -21.054  30.721 0.0000000000
39899  -6.488  -22.379  31.124 0.0000000000
39900  -7.171  -22.639  30.857 0.0000000000
107458  -7.763  -23.645  31.735 0.0000000000
105380  -8.402  -23.442  31.409 0.0000000000
38205  -8.264  -24.115  33.671 0.0000000000
39872  -21.408  -22.879  33.888 0.0000000000
37300  -20.958  -25.485  35.414 0.0000000000
112421  -21.248  -24.087  36.367 0.0000000000
49918  -25.688  -11.633  16.871 0.0000000000
110198  -27.052  -10.917  16.490 0.0000000000
51512  -26.854  -9.411  16.777 0.0000000000
121959  -27.495  -9.717  16.512 0.0000000000
51513  -28.162  -9.589  16.300 0.0000000000
52287  -29.203  -8.748  15.850 0.0000000000
55870  -32.117  -4.848  14.770 0.0000000000
54959  -32.096  -5.538  14.196 0.0000000000
54968  -32.680  -5.707  13.747 0.0000000000
53209  -34.677  -7.700  13.590 0.0000000000
52325  -35.382  -8.090  13.847 0.0000000000
53210  -35.450  -7.449  13.323 0.0000000000
53219  -36.312  -7.220  13.045 0.0000000000
54136  -35.237  -6.088  12.563 0.0000000000
54993  -37.979  -5.595  11.369 0.0000000000
112762  -37.470  -4.968  11.197 0.0000000000
112665  -37.345  -3.633  11.112 0.0000000000
38099  0.757  -24.616  38.380 0.0000000000
37251  1.020  -25.024  39.014 0.0000000000
36362  0.803  -25.737  39.166 0.0000000000
36343  0.570  -26.371  39.455 0.0000000000
39924  -19.099  -22.149  30.063 0.0000000000
39936  -19.568  -22.293  29.524 0.0000000000
40718  -19.475  -21.870  28.868 0.0000000000
117484  -19.479  -21.350  28.418 0.0000000000
117997  -18.367  -20.535  29.033 0.0000000000
41564  -18.592  -20.505  28.518 0.0000000000
41565  -19.125  -20.784  28.182 0.0000000000
41583  -19.491  -20.438  27.587 0.0000000000
42579  -19.681  -19.408  26.658 0.0000000000
46265  -19.293  -15.270  23.586 0.0000000000
47215  -19.450  -14.492  23.346 0.0000000000
45398  -19.782  -15.864  23.102 0.0000000000
45400  -21.428  -16.571  22.461 0.0000000000
45410  -21.566  -16.247  21.657 0.0000000000
45428  -21.803  -15.881  20.896 0.0000000000
47259  -23.166  -14.716  19.068 0.0000000000
47258  -22.698  -14.372  19.298 0.0000000000
120877  -22.742  -13.033  19.999 0.0000000000
49864  -23.806  -11.364  20.307 0.0000000000
36424  -15.063  -26.085  33.804 0.0000000000
35488  -15.882  -27.308  35.600 0.0000000000
39825  -1.725  -21.872  35.865 0.0000000000
108053  -1.714  -24.384  35.225 0.0000000000
38140  -5.726  -24.811  35.874 0.0000000000
37184  1.817  -26.151  43.320 0.0000000000
36268  2.482  -26.935  44.711 0.0000000000
37167  1.920  -26.296  45.090 0.0000000000
36253  2.613  -26.957  45.991 0.0000000000
54923  -29.258  -4.908  18.598 0.0000000000
55814  -29.916  -4.614  18.061 0.0000000000
55831  -30.571  -4.507  17.443 0.0000000000
42543  -26.410  -19.281  28.647 0.0000000000
35491  -18.965  -27.649  34.944 0.0000000000
42433  -5.552  -19.235  34.319 0.0000000000
41442  -4.948  -20.180  34.349 0.0000000000
39867  -4.003  -22.099  32.879 0.0000000000
39881  -4.581  -22.353  32.449 0.0000000000
39090  -4.003  -22.825  32.787 0.0000000000
39075  -4.327  -23.724  33.028 0.0000000000
38182  -5.371  -24.635  33.925 0.0000000000
38222  -6.709  -24.207  32.823 0.0000000000
38221  -5.730  -24.006  32.665 0.0000000000
38162  -5.613  -24.798  34.842 0.0000000000
39124  -22.798  -23.766  31.627 0.0000000000
39888  -20.850  -22.711  32.830 0.0000000000
106236  -20.412  -22.707  31.996 0.0000000000
122360  -18.269  -21.002  31.241 0.0000000000
39140  -11.350  -23.195  30.327 0.0000000000
39119  -12.643  -23.885  30.768 0.0000000000
39920  -12.860  -22.679  29.850 0.0000000000
116665  -12.931  -23.377  30.272 0.0000000000
38228  -14.139  -24.684  31.659 0.0000000000
37351  -14.915  -24.943  31.787 0.0000000000
40692  -14.402  -21.128  30.996 0.0000000000
40700  -14.600  -21.929  30.566 0.0000000000
39142  -14.902  -23.284  30.719 0.0000000000
37344  -16.618  -25.334  32.136 0.0000000000
36426  -16.800  -26.421  33.139 0.0000000000
35516  -18.587  -26.874  34.056 0.0000000000
37346  -17.988  -25.147  32.986 0.0000000000
36440  -18.203  -25.759  33.239 0.0000000000
35520  -22.436  -26.734  34.784 0.0000000000
37316  -21.797  -25.687  34.756 0.0000000000
42500  -10.753  -19.221  30.002 0.0000000000
42520  -11.363  -19.988  29.532 0.0000000000
40708  -10.819  -21.362  29.309 0.0000000000
47282  -28.547  -14.477  18.521 0.0000000000
49108  -27.107  -12.274  16.598 0.0000000000
48209  -28.260  -12.980  16.800 0.0000000000
49091  -29.024  -12.996  16.832 0.0000000000
49922  -29.147  -11.797  16.424 0.0000000000
54082  -27.182  -6.096  18.407 0.0000000000
54096  -27.480  -6.448  16.860 0.0000000000
54939  -28.407  -5.439  16.646 0.0000000000
54097  -28.088  -6.026  16.443 0.0000000000
53171  -28.024  -6.814  16.306 0.0000000000
53179  -28.620  -7.175  15.831 0.0000000000
54949  -30.761  -5.082  15.212 0.0000000000
54957  -30.674  -5.842  14.723 0.0000000000
54111  -31.116  -6.740  14.334 0.0000000000
54110  -30.523  -6.593  14.643 0.0000000000
110717  -29.893  -7.221  15.033 0.0000000000
51529  -29.916  -8.687  15.712 0.0000000000
55009  -41.255  -5.047  9.926 0.0000000000
55925  -40.970  -4.172  9.626 0.0000000000
56783  -40.819  -3.215  9.537 0.0000000000
57663  -40.713  -2.312  9.600 0.0000000000
58477  -40.330  -1.061  10.311 0.0000000000
38965  0.741  -23.261  42.111 0.0000000000
38036  1.183  -24.738  42.328 0.0000000000
103667  1.412  -26.414  40.511 0.0000000000
37213  1.542  -25.560  40.957 0.0000000000
114096  2.303  -27.171  42.694 0.0000000000
34416  2.637  -28.263  42.921 0.0000000000
34417  2.123  -28.439  42.535 0.0000000000
118653  2.531  -28.576  42.928 0.0000000000
38249  -25.231  -24.402  31.944 0.0000000000
111712  -24.752  -21.750  29.995 0.0000000000
106097  -21.947  -22.382  29.165 0.0000000000
40713  -23.485  -21.730  29.285 0.0000000000
40714  -24.264  -20.975  29.739 0.0000000000
41551  -24.472  -20.333  29.808 0.0000000000
118099  -24.496  -20.049  29.725 0.0000000000
116839  -25.036  -19.186  28.357 0.0000000000
112235  -18.268  -17.920  27.570 0.0000000000
43575  -19.657  -18.245  25.799 0.0000000000
43553  -20.207  -18.916  26.178 0.0000000000
115771  -23.042  -18.613  26.632 0.0000000000
116004  -23.576  -18.788  27.215 0.0000000000
43532  -24.233  -18.737  27.385 0.0000000000
43533  -25.154  -18.766  27.534 0.0000000000
113326  -22.928  -17.182  22.832 0.0000000000
44568  -23.572  -17.053  21.805 0.0000000000
46331  -27.199  -15.405  19.114 0.0000000000
105878  -26.526  -15.721  19.388 0.0000000000
47280  -26.459  -14.395  17.947 0.0000000000
47277  -23.716  -14.376  18.521 0.0000000000
48175  -24.070  -13.668  17.991 0.0000000000
48190  -23.752  -12.943  17.914 0.0000000000
48191  -24.443  -13.047  17.586 0.0000000000
49089  -25.580  -12.441  17.033 0.0000000000
50711  -25.414  -10.850  17.152 0.0000000000
51492  -25.522  -9.146  17.910 0.0000000000
53133  -26.531  -7.342  19.338 0.0000000000
39098  -11.342  -24.097  31.826 0.0000000000
38188  -12.072  -24.936  34.242 0.0000000000
38209  -12.347  -24.821  33.314 0.0000000000
37296  -12.552  -25.560  35.515 0.0000000000
120153  -14.326  -26.101  34.880 0.0000000000
35467  -14.891  -27.086  36.764 0.0000000000
101678  -14.314  -26.590  36.278 0.0000000000
105761  -13.724  -26.157  35.807 0.0000000000
36389  -13.577  -26.368  36.614 0.0000000000
39790  0.217  -21.887  39.341 0.0000000000
39823  -0.497  -22.648  36.575 0.0000000000
39811  0.302  -22.780  37.849 0.0000000000
39011  0.801  -23.831  38.353 0.0000000000
39853  -3.002  -22.142  33.903 0.0000000000
39062  -3.110  -23.643  33.791 0.0000000000
38179  -2.089  -23.968  34.648 0.0000000000
38139  -4.735  -25.062  35.988 0.0000000000
37294  -3.815  -25.269  35.729 0.0000000000
37281  -2.592  -25.427  36.446 0.0000000000
57665  -42.056  -2.831  9.036 0.0000000000
32708  4.755  -30.146  45.868 0.0000000000
33544  5.697  -29.668  45.981 0.0000000000
112711  4.394  -28.049  46.370 0.0000000000
34369  6.424  -28.405  45.662 0.0000000000
34386  6.600  -27.620  45.666 0.0000000000
35281  4.731  -26.989  46.970 0.0000000000
33591  2.320  -28.917  42.984 0.0000000000
34438  1.708  -28.071  41.892 0.0000000000
39777  0.637  -22.488  40.629 0.0000000000
39914  -7.062  -21.944  30.669 0.0000000000
41478  -7.054  -20.077  31.566 0.0000000000
44495  -23.855  -17.826  25.377 0.0000000000
49076  -23.350  -12.599  18.677 0.0000000000
54069  -26.839  -6.691  18.879 0.0000000000
109398  -26.391  -9.918  16.931 0.0000000000
119735  -25.476  -8.663  19.101 0.0000000000
120614  -26.162  -16.356  20.249 0.0000000000
121898  -18.632  -15.333  25.075 0.0000000000
