#!ascii label  , from subject sub-v2s9x29160_ses-1 vox2ras=TkReg
1249
6496  2.805  -64.995  -36.145 0.5000000000
4704  3.759  -68.077  -33.417 0.5000000000
4697  2.696  -68.262  -32.227 0.5000000000
4684  3.158  -69.147  -31.833 0.5000000000
7121  2.337  -63.449  -37.148 0.5000000000
7105  2.309  -64.353  -36.348 0.5000000000
7106  1.419  -64.066  -36.127 0.5000000000
6497  1.813  -64.864  -35.222 0.5000000000
7089  0.771  -64.571  -35.079 0.6000000238
6478  2.458  -65.448  -35.050 0.5000000000
4165  3.457  -70.284  -31.329 0.5000000000
5254  3.152  -67.476  -33.409 0.5000000000
3249  2.434  -70.855  -30.724 0.5000000000
5239  2.580  -67.517  -32.782 0.6000000238
4166  2.681  -69.684  -31.037 0.6000000238
5864  1.844  -66.979  -32.658 0.6000000238
4685  2.376  -68.867  -31.395 0.6000000238
3683  1.719  -70.578  -30.648 0.6999999881
102779  1.970  -67.674  -32.107 0.6999999881
4167  1.935  -69.421  -30.731 0.6999999881
4687  0.871  -68.472  -30.704 0.6999999881
4670  1.167  -69.263  -30.559 0.6999999881
4149  1.487  -69.941  -30.522 0.6999999881
7677  1.176  -62.819  -36.962 0.5000000000
7107  0.359  -63.790  -35.975 0.6000000238
7678  -0.029  -62.922  -36.362 0.6000000238
7108  -0.729  -63.795  -35.730 0.6000000238
5888  1.741  -65.592  -34.301 0.5000000000
3250  1.892  -71.247  -30.884 0.5000000000
3273  1.646  -71.657  -32.057 0.5000000000
3726  0.725  -70.762  -32.995 0.6999999881
3267  1.378  -71.340  -31.426 0.6999999881
3274  0.907  -71.272  -32.079 0.6999999881
5876  2.526  -66.879  -33.430 0.6000000238
5877  1.649  -66.232  -33.391 0.6999999881
3252  0.668  -70.869  -31.374 0.6999999881
5865  1.034  -66.487  -32.466 0.6999999881
5240  1.212  -67.214  -31.870 0.6999999881
3700  -0.075  -70.382  -31.320 0.6999999881
5229  0.656  -67.598  -31.030 0.6999999881
4671  0.328  -69.116  -30.440 0.6999999881
3686  -0.986  -69.681  -30.706 0.6999999881
5214  0.106  -68.189  -30.494 0.6999999881
4673  -1.265  -68.597  -30.192 0.6999999881
4152  -1.147  -69.216  -30.331 0.6999999881
101843  -1.911  -69.116  -30.022 0.6999999881
8226  0.290  -61.968  -36.406 0.5000000000
8215  -0.715  -62.365  -35.535 0.6000000238
8216  -2.044  -62.588  -35.297 0.6000000238
102682  -0.988  -63.440  -35.779 0.6000000238
8227  -1.782  -62.993  -35.761 0.6000000238
7090  -0.219  -64.423  -35.040 0.6000000238
7109  -1.888  -64.007  -35.784 0.6000000238
6479  1.081  -65.138  -34.417 0.6000000238
111171  0.700  -70.267  -33.962 0.6999999881
6464  0.964  -65.556  -33.677 0.6999999881
3727  -0.132  -70.173  -33.232 0.6999999881
3741  0.094  -69.706  -34.279 0.6999999881
4192  -0.410  -69.397  -34.674 0.6999999881
6465  0.291  -65.459  -33.138 0.6999999881
101307  -1.113  -69.366  -35.241 0.6999999881
5878  0.848  -65.900  -32.969 0.6999999881
5866  0.312  -65.943  -32.391 0.6999999881
3713  0.196  -70.624  -32.187 0.6999999881
3714  -0.583  -70.236  -32.180 0.6999999881
4183  -0.671  -69.688  -33.846 0.6999999881
4193  -1.250  -69.556  -34.276 0.6999999881
5241  0.343  -66.674  -31.559 0.6999999881
5867  -0.441  -66.012  -31.887 0.6999999881
3701  -0.842  -70.105  -31.312 0.6999999881
4184  -1.280  -69.763  -33.587 0.6999999881
5230  -0.122  -67.285  -30.742 0.6999999881
3702  -1.470  -70.059  -31.154 0.6999999881
3715  -1.416  -70.140  -32.115 0.6999999881
5216  -1.465  -67.780  -30.256 0.6999999881
104159  -1.969  -69.715  -30.557 0.6999999881
3703  -2.074  -70.171  -31.507 0.6999999881
118873  -1.924  -68.467  -29.990 0.6999999881
121716  -2.639  -70.197  -30.977 0.6999999881
4656  -2.637  -68.895  -29.715 0.6999999881
8812  0.335  -61.524  -35.996 0.5000000000
8804  -1.323  -61.951  -34.562 0.6000000238
8792  -2.129  -61.216  -33.702 0.6000000238
8782  -1.327  -60.996  -32.908 0.5000000000
9376  -2.626  -60.791  -33.848 0.6000000238
8780  0.022  -61.108  -32.615 0.5000000000
8791  -0.611  -61.446  -33.611 0.5000000000
8805  -2.460  -61.966  -34.505 0.6000000238
9390  -3.647  -60.774  -34.950 0.6000000238
8217  -3.438  -62.969  -35.258 0.6000000238
113048  -3.482  -62.338  -34.817 0.6000000238
7091  -1.367  -64.465  -35.229 0.6000000238
6480  0.269  -64.976  -34.062 0.6999999881
7092  -2.363  -64.448  -35.292 0.6999999881
105172  -0.316  -65.205  -33.462 0.6999999881
6481  -0.768  -64.905  -34.261 0.6999999881
100201  -1.973  -69.412  -35.914 0.6999999881
6447  -0.423  -65.540  -32.738 0.6999999881
6466  -1.198  -65.332  -33.478 0.6999999881
4194  -2.242  -69.671  -34.845 0.6999999881
100211  -2.781  -69.249  -35.969 0.6999999881
122303  -2.061  -65.518  -32.551 0.6999999881
3742  -2.842  -69.871  -34.195 0.6999999881
101465  -2.748  -69.518  -35.392 0.6999999881
105887  -2.131  -69.012  -36.472 0.6999999881
119513  -1.242  -66.534  -30.882 0.6000000238
115718  -2.335  -70.123  -33.098 0.6999999881
4195  -3.146  -69.663  -34.773 0.6999999881
4201  -3.326  -69.279  -35.350 0.6999999881
100215  -2.771  -68.441  -36.644 0.6999999881
101512  -2.261  -67.796  -37.658 0.6999999881
5835  -0.916  -67.121  -30.588 0.6999999881
3717  -2.991  -70.246  -32.685 0.6999999881
3730  -3.755  -70.141  -33.097 0.6000000238
4185  -3.659  -69.812  -33.970 0.6999999881
4196  -3.858  -69.270  -34.623 0.6999999881
5217  -2.353  -67.736  -29.974 0.6000000238
4153  -2.598  -69.469  -30.018 0.6999999881
103892  -2.991  -69.961  -30.362 0.6999999881
3704  -2.851  -70.303  -31.800 0.6999999881
3718  -3.836  -70.289  -32.043 0.6000000238
4186  -4.279  -69.764  -33.431 0.6000000238
4657  -3.401  -68.901  -29.453 0.6000000238
4133  -3.441  -69.586  -29.760 0.6000000238
3688  -4.313  -70.280  -31.025 0.6000000238
118789  -5.022  -70.027  -30.982 0.5000000000
4176  -4.506  -69.920  -32.723 0.5000000000
4177  -5.167  -69.370  -32.428 0.5000000000
4658  -4.210  -69.170  -29.289 0.6000000238
4135  -5.025  -69.443  -29.578 0.5000000000
4155  -4.702  -69.986  -30.285 0.5000000000
9375  -1.817  -60.668  -33.134 0.6000000238
9363  -1.249  -60.380  -32.595 0.6000000238
10022  -3.413  -60.057  -35.575 0.5000000000
10724  -2.933  -58.355  -36.919 0.6999999881
9362  -0.650  -60.785  -32.448 0.5000000000
9993  -0.532  -60.134  -32.052 0.6000000238
10698  -1.024  -58.787  -33.129 0.6000000238
9992  0.254  -59.697  -31.845 0.6000000238
110898  -0.070  -60.531  -32.003 0.6000000238
10023  -4.015  -60.195  -36.157 0.4000000060
10678  -0.200  -59.152  -32.187 0.6000000238
9391  -4.148  -60.821  -35.097 0.5000000000
8218  -3.992  -62.446  -34.663 0.6000000238
117732  -3.721  -63.124  -35.059 0.6000000238
7078  -2.714  -64.711  -34.453 0.6999999881
7093  -3.125  -64.235  -35.269 0.6000000238
6467  -2.156  -65.253  -33.349 0.6999999881
6430  -1.958  -65.719  -31.899 0.6000000238
6449  -2.572  -65.323  -32.377 0.6000000238
5836  -1.747  -66.951  -30.485 0.6000000238
4714  -4.461  -68.565  -34.383 0.6000000238
4722  -4.000  -68.384  -35.150 0.6000000238
100208  -3.420  -68.632  -35.925 0.6999999881
100213  -3.496  -67.942  -36.388 0.6999999881
5293  -3.181  -67.573  -37.074 0.6999999881
4187  -4.812  -69.313  -33.244 0.6000000238
100217  -2.605  -66.920  -38.019 0.6999999881
5202  -3.720  -68.230  -29.206 0.6000000238
4169  -5.421  -69.482  -31.468 0.4000000060
104743  -5.372  -68.614  -33.022 0.4000000060
4705  -4.927  -68.607  -33.732 0.5000000000
4723  -4.667  -67.807  -34.762 0.6000000238
5294  -3.907  -67.360  -36.535 0.6000000238
5303  -3.604  -66.868  -37.423 0.6000000238
114879  -4.504  -68.536  -28.933 0.5000000000
4659  -5.478  -68.725  -29.184 0.5000000000
4674  -5.773  -68.982  -29.925 0.5000000000
4156  -5.401  -69.571  -30.492 0.5000000000
4715  -4.956  -68.000  -34.185 0.4000000060
10723  -1.731  -57.925  -35.552 0.6000000238
10714  -2.739  -58.913  -35.430 0.6000000238
10729  -3.798  -58.493  -37.813 0.6000000238
10697  -0.083  -57.841  -33.167 0.5000000000
11438  -0.123  -57.013  -34.153 0.6000000238
12216  1.029  -56.287  -32.518 0.6000000238
10034  -3.729  -59.518  -36.908 0.6000000238
10676  0.819  -58.855  -31.800 0.6999999881
11425  1.602  -56.757  -32.289 0.6000000238
9405  -4.246  -60.117  -36.014 0.5000000000
10036  -4.368  -59.495  -36.731 0.6000000238
10662  2.907  -57.973  -31.038 0.6000000238
11424  2.162  -55.977  -31.687 0.6999999881
8807  -4.315  -61.711  -34.517 0.5000000000
11408  3.412  -56.890  -30.622 0.6999999881
7665  -4.075  -62.806  -34.437 0.6000000238
11392  3.683  -56.870  -29.963 0.6000000238
7079  -3.390  -64.282  -34.380 0.6000000238
7664  -3.646  -63.666  -34.959 0.6000000238
109025  -3.548  -64.180  -33.444 0.6000000238
7066  -3.017  -64.798  -33.304 0.6000000238
6432  -3.018  -65.335  -31.633 0.6000000238
6416  -2.861  -65.853  -30.881 0.6000000238
6404  -4.215  -65.687  -28.797 0.6000000238
5218  -3.117  -67.288  -29.735 0.6000000238
5805  -4.810  -66.339  -28.205 0.6000000238
5203  -4.326  -67.787  -28.765 0.6000000238
5279  -4.551  -67.260  -35.996 0.6000000238
5905  -4.509  -66.818  -36.845 0.6000000238
4641  -5.154  -68.241  -28.656 0.5000000000
4660  -6.103  -68.324  -29.445 0.5000000000
6530  -4.386  -65.088  -38.765 0.6000000238
5267  -6.078  -67.152  -34.252 0.4000000060
5906  -5.281  -66.736  -36.217 0.6000000238
5914  -5.308  -66.256  -37.166 0.6000000238
11454  -0.943  -56.815  -35.856 0.6000000238
12238  -1.140  -56.196  -35.657 0.5000000000
12248  -1.829  -56.532  -36.689 0.6000000238
13054  -2.926  -55.912  -36.774 0.5000000000
10713  -0.677  -57.662  -34.528 0.6000000238
13043  -0.968  -55.785  -34.558 0.6000000238
11455  -1.768  -57.274  -36.641 0.5000000000
12249  -3.025  -56.766  -37.356 0.5000000000
109848  -3.862  -57.236  -37.574 0.5000000000
12229  0.081  -56.490  -33.474 0.5000000000
12230  -0.498  -56.513  -34.741 0.6000000238
13036  0.428  -55.912  -32.769 0.5000000000
10730  -4.165  -58.860  -37.717 0.6000000238
113497  3.017  -55.658  -30.174 0.6999999881
12999  2.206  -55.544  -30.571 0.6000000238
12184  1.843  -55.704  -30.372 0.6000000238
8219  -4.331  -62.098  -34.356 0.5000000000
10630  2.783  -57.729  -29.551 0.5000000000
11373  3.047  -56.782  -29.633 0.6999999881
7067  -3.480  -64.367  -32.555 0.5000000000
6450  -3.124  -64.955  -32.296 0.6000000238
7038  -4.148  -64.214  -29.962 0.6000000238
6417  -3.389  -65.558  -30.275 0.5000000000
7015  -4.532  -64.643  -28.975 0.6000000238
7025  -3.824  -65.090  -29.594 0.6000000238
5807  -6.258  -67.023  -28.154 0.5000000000
5896  -6.554  -66.594  -34.874 0.5000000000
5895  -5.920  -66.652  -35.551 0.5000000000
6531  -5.260  -65.582  -37.996 0.6000000238
118915  -1.684  -55.309  -34.246 0.6000000238
13053  -1.864  -55.870  -36.134 0.6000000238
13038  -1.300  -55.321  -33.462 0.6000000238
12258  -3.652  -56.395  -37.143 0.5000000000
13037  -0.375  -55.870  -33.504 0.6000000238
13025  0.065  -55.538  -32.330 0.6999999881
10715  -4.507  -58.134  -36.412 0.6000000238
13000  1.257  -55.410  -30.742 0.6000000238
110697  1.036  -55.311  -31.224 0.6000000238
10716  -4.587  -59.240  -36.237 0.6000000238
110630  0.663  -57.660  -29.606 0.6000000238
12164  0.922  -56.606  -29.953 0.6000000238
109205  -4.374  -60.905  -34.868 0.5000000000
7653  -4.264  -62.877  -33.463 0.5000000000
9953  1.020  -59.330  -28.928 0.5000000000
9966  1.220  -58.423  -29.368 0.6000000238
7052  -3.464  -64.666  -31.549 0.5000000000
7621  -4.581  -63.405  -30.455 0.6000000238
7037  -3.626  -64.765  -30.518 0.5000000000
7016  -5.218  -64.627  -28.274 0.5000000000
6396  -4.898  -65.407  -28.183 0.5000000000
111038  -6.600  -66.239  -35.633 0.6000000238
5907  -6.167  -66.113  -36.416 0.6000000238
13792  -2.235  -54.857  -33.710 0.6000000238
13803  -2.409  -55.084  -34.608 0.5000000000
13804  -3.206  -54.924  -35.182 0.5000000000
13783  -2.109  -54.762  -33.018 0.6999999881
13815  -3.714  -55.322  -36.141 0.5000000000
13015  -0.379  -55.430  -31.671 0.6999999881
13026  -1.172  -55.293  -32.502 0.6000000238
12240  -4.478  -55.669  -36.317 0.5000000000
13001  0.153  -55.457  -30.998 0.6000000238
12239  -4.249  -56.524  -36.709 0.5000000000
105315  -4.338  -58.435  -35.225 0.6000000238
12165  -0.494  -56.651  -30.027 0.6999999881
10701  -4.525  -59.295  -34.840 0.6000000238
11375  -0.298  -57.414  -29.669 0.6000000238
9377  -4.576  -60.762  -34.426 0.6000000238
10613  -0.649  -59.090  -29.161 0.6999999881
10631  -0.046  -58.443  -29.480 0.6999999881
8208  -4.496  -62.192  -33.885 0.5000000000
8794  -4.541  -61.518  -34.223 0.5000000000
9967  0.158  -59.111  -29.295 0.6000000238
8202  -4.526  -62.313  -32.850 0.5000000000
9954  -0.134  -59.756  -28.829 0.5000000000
8198  -4.611  -62.439  -31.805 0.6000000238
7641  -4.307  -63.018  -32.366 0.5000000000
9320  0.104  -60.227  -28.228 0.6000000238
7631  -4.399  -63.176  -31.362 0.5000000000
7611  -4.840  -63.706  -29.575 0.6000000238
7017  -5.685  -63.937  -28.409 0.5000000000
13784  -2.910  -54.083  -32.951 0.6999999881
110685  -2.780  -54.293  -33.344 0.5000000000
13793  -3.083  -54.401  -34.197 0.5000000000
13017  -1.983  -55.335  -31.603 0.8000000119
13773  -2.233  -54.856  -32.324 0.6999999881
13805  -4.136  -54.601  -35.369 0.5000000000
13816  -4.551  -55.244  -36.121 0.5000000000
12187  -1.892  -56.120  -30.383 0.6999999881
13002  -1.232  -55.610  -31.166 0.6999999881
13016  -1.388  -55.333  -31.875 0.8000000119
12186  -0.795  -56.083  -30.534 0.6999999881
116732  -5.069  -55.084  -35.832 0.5000000000
11377  -2.085  -57.058  -29.056 0.6999999881
102954  -1.528  -56.621  -29.783 0.6999999881
11439  -3.901  -57.426  -34.928 0.6000000238
12231  -4.459  -56.343  -35.883 0.5000000000
10615  -2.273  -58.343  -28.271 0.6000000238
11356  -1.796  -57.775  -28.791 0.6000000238
10010  -4.583  -59.982  -34.346 0.6000000238
9956  -2.028  -59.317  -28.217 0.6999999881
10632  -0.970  -58.143  -29.235 0.6999999881
8783  -4.610  -61.681  -33.218 0.6000000238
9364  -4.640  -61.050  -33.420 0.6000000238
9943  -1.691  -60.092  -27.952 0.6000000238
109183  -4.635  -61.817  -32.229 0.6000000238
8194  -4.866  -62.548  -30.807 0.6000000238
9296  -0.565  -60.944  -26.843 0.6000000238
7622  -5.259  -62.951  -30.047 0.6000000238
7612  -5.623  -63.274  -29.232 0.5000000000
13762  -2.795  -55.008  -31.572 0.6000000238
13774  -3.266  -54.025  -32.429 0.5000000000
13785  -3.245  -53.132  -32.896 0.5000000000
14481  -4.707  -54.121  -34.847 0.5000000000
12980  -2.841  -55.947  -30.101 0.8000000119
13807  -5.737  -54.523  -35.210 0.5000000000
12166  -2.428  -56.501  -29.542 0.6999999881
114475  -0.632  -58.870  -22.316 0.6000000238
11357  -2.529  -57.498  -28.396 0.8000000119
9908  -1.338  -59.329  -22.801 0.6000000238
113431  -2.599  -58.917  -27.777 0.6999999881
10603  -2.954  -58.071  -27.670 0.8000000119
10700  -3.656  -58.234  -33.941 0.6000000238
9270  -0.642  -60.610  -23.053 0.6000000238
9944  -2.417  -59.664  -27.539 0.6000000238
104202  -4.535  -61.234  -32.426 0.6000000238
122115  -4.552  -61.450  -31.676 0.6000000238
8717  -1.225  -61.130  -24.803 0.6000000238
9297  -1.497  -60.902  -26.672 0.6000000238
9309  -2.037  -60.397  -27.200 0.6000000238
112697  -4.802  -61.906  -31.335 0.6000000238
8771  -5.112  -61.877  -30.529 0.6000000238
9308  -1.201  -60.621  -27.488 0.5000000000
8187  -5.700  -62.507  -29.658 0.5000000000
8188  -6.105  -62.669  -29.103 0.5000000000
8765  -6.069  -62.008  -29.203 0.5000000000
13763  -3.622  -54.590  -31.374 0.5000000000
13775  -3.614  -53.302  -32.017 0.5000000000
13004  -3.277  -55.383  -30.704 0.6000000238
13005  -4.109  -55.056  -30.432 0.5000000000
12981  -3.670  -55.653  -29.802 0.6999999881
12150  -2.853  -56.819  -28.734 0.8000000119
112684  -4.064  -56.563  -34.355 0.6000000238
13039  -5.988  -55.064  -34.925 0.5000000000
11300  -0.136  -57.957  -22.904 0.6000000238
13027  -4.835  -55.998  -33.918 0.5000000000
10577  -0.984  -58.311  -23.108 0.6999999881
10598  -3.121  -59.119  -27.126 0.8000000119
10009  -4.036  -59.174  -33.461 0.6000000238
10679  -3.306  -58.250  -32.612 0.6000000238
11426  -3.539  -57.427  -33.406 0.6000000238
9351  -4.188  -60.799  -31.489 0.6000000238
9994  -4.357  -60.150  -33.182 0.6000000238
9283  -1.647  -60.587  -24.199 0.6000000238
9298  -2.240  -60.550  -26.317 0.6000000238
9936  -2.723  -59.926  -26.787 0.5000000000
8770  -4.597  -61.355  -30.855 0.6000000238
9290  -1.599  -61.058  -25.710 0.6000000238
110025  -5.508  -61.898  -29.829 0.6000000238
9339  -4.832  -61.176  -29.860 0.6000000238
8764  -5.560  -61.302  -29.142 0.5000000000
8180  -6.673  -62.434  -28.520 0.5000000000
8761  -7.145  -61.864  -27.904 0.5000000000
12167  -3.290  -56.275  -29.296 0.6999999881
12107  1.171  -56.049  -24.669 0.6000000238
11321  0.626  -56.681  -24.369 0.6000000238
11358  -3.224  -57.195  -28.003 0.8000000119
11322  0.081  -56.757  -24.505 0.6000000238
11342  -3.624  -57.597  -27.320 0.8000000119
13028  -5.680  -55.526  -33.429 0.5000000000
11311  -0.211  -57.390  -23.841 0.6999999881
10599  -3.737  -58.928  -26.314 0.8000000119
112632  -3.502  -57.404  -32.461 0.6000000238
12217  -3.897  -56.728  -32.995 0.6000000238
10578  -1.839  -58.587  -23.329 0.8000000119
9937  -3.228  -59.527  -26.382 0.6999999881
9986  -3.494  -59.231  -32.220 0.6000000238
11410  -3.422  -57.732  -31.711 0.6000000238
9919  -2.059  -59.313  -23.485 0.6999999881
9284  -2.326  -60.212  -24.528 0.6999999881
9933  -2.889  -60.042  -25.933 0.6000000238
9337  -3.620  -60.013  -30.799 0.6000000238
10648  -3.833  -58.582  -30.197 0.6000000238
111393  -1.869  -60.744  -24.932 0.6000000238
9977  -3.557  -59.322  -30.357 0.5000000000
9330  -4.966  -60.620  -29.121 0.5000000000
12957  -4.086  -56.025  -29.108 0.6000000238
12982  -4.447  -55.388  -29.556 0.5000000000
111720  1.038  -54.673  -24.994 0.6000000238
105579  -4.384  -56.216  -28.517 0.6999999881
13683  1.121  -55.005  -24.851 0.6000000238
12151  -3.706  -56.547  -28.452 0.6999999881
103387  -4.310  -56.499  -28.003 0.6000000238
12108  0.633  -56.148  -24.881 0.6000000238
12914  0.952  -55.377  -25.097 0.6000000238
12137  -3.903  -56.914  -27.640 0.6000000238
11343  -4.254  -57.303  -26.950 0.6999999881
12097  -0.718  -56.997  -24.140 0.8000000119
11333  -4.034  -58.090  -26.608 0.6999999881
11334  -4.594  -57.771  -26.068 0.6000000238
11312  -1.291  -57.736  -23.522 0.8000000119
10594  -4.021  -58.970  -25.345 0.8000000119
10589  -4.071  -58.678  -24.498 0.6999999881
10579  -2.685  -58.723  -23.650 0.6999999881
9920  -2.732  -59.426  -24.142 0.6999999881
9921  -3.459  -58.761  -24.034 0.6000000238
9930  -3.494  -59.248  -24.724 0.8000000119
13674  0.386  -54.258  -24.058 0.6000000238
13684  0.823  -54.663  -25.584 0.6000000238
12915  0.450  -55.582  -25.312 0.6999999881
122911  -4.825  -57.707  -25.447 0.6000000238
12109  -0.180  -56.321  -24.796 0.6999999881
10595  -4.513  -58.282  -25.174 0.6999999881
10590  -4.491  -58.124  -24.370 0.6000000238
12098  -1.698  -57.175  -23.604 0.6000000238
11313  -2.321  -57.977  -23.486 0.5000000000
10580  -4.127  -58.132  -23.778 0.6999999881
11315  -4.449  -57.308  -23.313 0.6000000238
109134  -3.290  -58.144  -23.557 0.6000000238
103924  -0.535  -53.751  -23.163 0.6000000238
14371  -0.082  -53.677  -24.468 0.6000000238
14379  0.870  -53.990  -26.305 0.6999999881
13685  0.790  -54.170  -25.275 0.6000000238
12926  0.715  -54.877  -25.614 0.6999999881
12927  0.122  -54.957  -25.887 0.6999999881
12916  -0.659  -55.585  -25.060 0.6000000238
11323  -4.833  -57.613  -23.953 0.6000000238
12110  -1.119  -56.417  -24.256 0.6000000238
12099  -2.858  -57.234  -23.350 0.6000000238
11316  -5.271  -57.079  -23.475 0.5000000000
12100  -4.788  -56.437  -22.923 0.5000000000
12898  -4.974  -55.554  -22.724 0.5000000000
111916  -3.736  -56.626  -23.020 0.6000000238
111423  -4.166  -55.669  -22.853 0.5000000000
15774  -0.567  -51.794  -23.280 0.6000000238
15101  -0.567  -52.923  -23.544 0.6000000238
14380  0.878  -53.559  -25.941 0.6999999881
15115  0.148  -52.852  -25.039 0.6999999881
14391  0.973  -53.317  -26.825 0.6999999881
13697  0.735  -54.264  -26.194 0.6999999881
13698  0.215  -54.150  -26.573 0.6000000238
12928  -0.699  -54.724  -25.761 0.5000000000
116423  -1.622  -54.416  -25.488 0.6000000238
13686  -1.598  -54.996  -24.853 0.6000000238
12918  -2.419  -55.125  -23.967 0.6000000238
13687  -2.292  -54.393  -24.798 0.6000000238
12906  -3.313  -55.465  -23.300 0.6000000238
13675  -3.762  -54.835  -23.274 0.5000000000
13676  -4.492  -54.661  -22.920 0.5000000000
17209  -0.753  -49.158  -22.338 0.6999999881
105355  -0.176  -48.766  -23.578 0.6999999881
18064  -0.586  -48.214  -22.768 0.6999999881
103141  0.155  -50.987  -24.468 0.6000000238
17222  0.341  -49.282  -24.367 0.6999999881
18916  -0.249  -47.451  -23.198 0.6999999881
18933  0.342  -46.973  -23.968 0.6999999881
19801  0.125  -46.101  -23.944 0.6000000238
108628  -0.136  -52.106  -24.377 0.6999999881
16468  0.741  -49.949  -25.062 0.6999999881
18077  0.600  -47.386  -24.763 0.6999999881
15787  0.607  -51.746  -25.641 0.6999999881
18084  0.757  -48.053  -24.956 0.6999999881
14399  0.994  -53.155  -27.012 0.6999999881
13711  -0.562  -53.496  -26.777 0.6000000238
13699  -1.163  -54.107  -26.230 0.6000000238
121442  -2.063  -52.846  -26.045 0.6000000238
15130  -2.197  -52.193  -25.828 0.6000000238
13700  -2.097  -53.880  -25.550 0.6000000238
14381  -2.562  -53.112  -25.312 0.6000000238
110490  -2.678  -53.831  -24.831 0.5000000000
15116  -3.271  -52.801  -24.397 0.6000000238
15102  -3.784  -52.420  -23.656 0.6000000238
13688  -3.093  -54.415  -24.024 0.5000000000
14382  -3.237  -53.572  -24.352 0.5000000000
14372  -3.811  -53.243  -23.722 0.5000000000
18056  -0.871  -48.285  -21.752 0.6999999881
111901  -0.248  -46.669  -23.040 0.6999999881
19785  -0.384  -45.764  -22.839 0.6000000238
20602  -0.329  -45.138  -23.577 0.6000000238
21510  -0.669  -44.805  -24.045 0.6000000238
20625  -1.225  -45.124  -24.717 0.4000000060
18958  0.526  -47.108  -24.950 0.6000000238
19800  0.398  -46.810  -24.592 0.5000000000
20624  -0.336  -45.555  -24.475 0.5000000000
21520  -2.210  -44.987  -24.831 0.4000000060
15129  0.931  -52.615  -26.462 0.6999999881
15786  0.741  -50.740  -25.886 0.8000000119
17228  0.702  -49.061  -25.163 0.6999999881
18959  0.435  -47.542  -25.194 0.5000000000
18960  -1.000  -46.618  -25.566 0.4000000060
19823  -1.700  -46.150  -25.379 0.4000000060
20627  -2.828  -45.508  -25.057 0.4000000060
15803  0.834  -51.643  -26.644 0.8000000119
16485  0.761  -50.869  -26.490 0.8000000119
17227  0.713  -50.091  -25.785 0.8000000119
17250  0.483  -49.486  -25.554 0.8000000119
122611  0.205  -48.041  -25.468 0.6000000238
110530  -0.344  -47.444  -25.555 0.5000000000
18961  -1.909  -46.718  -25.357 0.4000000060
19810  -2.412  -46.102  -25.227 0.4000000060
15128  0.999  -52.575  -27.013 0.6999999881
15142  0.831  -52.649  -27.125 0.8000000119
15143  0.055  -52.046  -27.106 0.6999999881
15804  -1.177  -51.620  -26.624 0.5000000000
104974  -1.375  -47.553  -25.517 0.5000000000
19811  -3.105  -45.936  -25.009 0.4000000060
14392  -1.232  -52.643  -26.673 0.6000000238
15805  -2.025  -51.168  -25.796 0.5000000000
15788  -2.659  -51.589  -24.948 0.6000000238
120649  -2.785  -52.341  -24.935 0.6000000238
107108  -3.257  -51.970  -24.230 0.6000000238
18917  -0.849  -47.518  -22.246 0.6000000238
19786  -0.997  -46.731  -21.966 0.5000000000
20603  -0.632  -44.867  -22.613 0.5000000000
122572  -0.866  -44.115  -22.627 0.4000000060
21498  -0.698  -44.355  -23.342 0.5000000000
21511  -1.407  -44.385  -24.046 0.5000000000
120295  -2.403  -44.449  -24.398 0.5000000000
21512  -3.171  -44.051  -24.214 0.5000000000
21521  -3.353  -44.717  -24.968 0.5000000000
22337  -4.203  -43.769  -25.118 0.5000000000
118966  -4.852  -43.574  -25.442 0.5000000000
16486  0.492  -50.330  -26.213 0.6999999881
17251  0.110  -49.718  -26.010 0.6000000238
17252  -0.593  -49.220  -25.800 0.5000000000
18109  -0.498  -48.254  -25.663 0.5000000000
106585  -3.716  -45.233  -25.116 0.5000000000
21522  -4.353  -44.391  -25.248 0.5000000000
15816  0.749  -51.673  -26.937 0.8000000119
16494  0.506  -50.891  -26.679 0.6999999881
16487  -1.056  -50.701  -26.433 0.6000000238
18110  -1.421  -48.558  -25.491 0.5000000000
106684  -2.082  -48.105  -25.004 0.4000000060
18940  -2.643  -46.800  -24.802 0.5000000000
20615  -4.585  -45.196  -24.809 0.5000000000
16488  -1.829  -50.262  -25.625 0.5000000000
17253  -1.618  -49.416  -25.501 0.6000000238
18086  -2.145  -48.906  -24.928 0.5000000000
18079  -2.609  -47.715  -24.393 0.5000000000
114353  -3.172  -47.283  -23.763 0.5000000000
16469  -2.544  -50.702  -24.869 0.5000000000
120633  -2.570  -49.127  -24.408 0.5000000000
17223  -2.602  -48.556  -24.320 0.5000000000
15789  -3.168  -51.131  -24.147 0.6000000238
16470  -3.074  -50.284  -24.013 0.6000000238
112393  -1.069  -45.875  -21.693 0.5000000000
20592  -1.125  -44.731  -21.571 0.5000000000
21499  -1.288  -43.862  -22.206 0.4000000060
22327  -1.135  -43.846  -23.053 0.4000000060
112818  -1.281  -45.861  -20.952 0.5000000000
22328  -1.969  -44.022  -23.537 0.5000000000
22314  -3.477  -43.739  -23.542 0.5000000000
107571  -4.075  -43.389  -24.634 0.5000000000
22338  -4.694  -43.020  -25.381 0.4000000060
23135  -5.645  -42.197  -24.651 0.4000000060
22297  -1.719  -43.695  -21.604 0.4000000060
22312  -1.647  -43.708  -22.546 0.4000000060
22313  -2.624  -43.816  -22.982 0.5000000000
22298  -2.290  -43.596  -21.899 0.4000000060
121129  -3.930  -43.622  -21.203 0.4000000060
22300  -4.628  -43.428  -21.727 0.5000000000
22315  -4.195  -43.373  -23.400 0.4000000060
22316  -5.093  -42.900  -23.138 0.4000000060
22329  -4.732  -42.751  -24.726 0.4000000060
22282  -2.471  -43.576  -20.685 0.4000000060
22277  -3.031  -43.038  -19.710 0.4000000060
22283  -3.503  -43.337  -20.612 0.4000000060
116569  -3.136  -43.598  -21.262 0.4000000060
22284  -4.385  -43.250  -20.798 0.4000000060
22301  -5.495  -43.034  -21.816 0.4000000060
23100  -5.596  -42.285  -20.680 0.4000000060
23114  -6.137  -42.467  -21.412 0.4000000060
23126  -5.965  -42.287  -23.072 0.4000000060
23092  -3.394  -42.282  -19.203 0.3000000119
23098  -3.825  -42.746  -20.132 0.3000000119
23858  -3.767  -41.542  -19.366 0.4000000060
23093  -4.008  -42.188  -19.809 0.3000000119
23099  -4.661  -42.480  -20.429 0.4000000060
24624  -4.147  -40.672  -20.719 0.5000000000
23866  -5.819  -41.532  -20.562 0.4000000060
23101  -6.284  -41.975  -20.820 0.4000000060
23116  -7.518  -41.135  -21.273 0.3000000119
24625  -4.690  -40.061  -21.130 0.5000000000
24626  -6.052  -40.675  -20.645 0.4000000060
23867  -6.659  -41.379  -20.815 0.3000000119
122033  -3.335  -41.767  -18.825 0.4000000060
24615  -3.266  -40.518  -19.121 0.4000000060
24616  -3.949  -40.664  -20.208 0.4000000060
121472  -3.719  -40.303  -20.962 0.5000000000
107874  -3.426  -39.851  -20.414 0.4000000060
25409  -3.712  -39.851  -21.180 0.5000000000
25424  -4.244  -39.249  -21.543 0.5000000000
25410  -5.750  -39.699  -21.057 0.4000000060
25411  -6.652  -40.108  -20.831 0.3000000119
26201  -4.200  -38.403  -21.482 0.3000000119
106656  -4.850  -38.722  -21.760 0.3000000119
111230  -3.316  -39.246  -20.795 0.3000000119
26190  -3.347  -38.056  -20.752 0.4000000060
25425  -5.549  -38.874  -21.669 0.3000000119
25395  -2.845  -38.682  -19.586 0.3000000119
106607  -2.621  -37.531  -19.614 0.3000000119
10007  -2.001  -59.803  -33.245 0.6000000238
10699  -1.877  -58.682  -34.181 0.5000000000
4696  3.501  -68.589  -32.666 0.5000000000
4686  1.646  -68.673  -30.982 0.6999999881
3251  1.188  -70.861  -30.832 0.6999999881
3684  0.524  -70.311  -30.709 0.6999999881
119955  0.229  -69.721  -30.538 0.6999999881
4672  -0.496  -68.773  -30.329 0.6999999881
7110  -2.685  -64.052  -35.687 0.5000000000
109577  -0.969  -69.934  -33.031 0.6999999881
5868  -1.230  -66.092  -31.509 0.6999999881
5850  -0.547  -66.569  -31.108 0.6999999881
3728  -1.675  -70.037  -33.030 0.6999999881
119015  -2.850  -60.197  -34.262 0.6000000238
5851  -2.034  -66.163  -31.075 0.6000000238
4134  -4.282  -69.784  -29.752 0.5000000000
10677  0.687  -58.033  -32.205 0.6999999881
5837  -2.567  -66.670  -30.394 0.6000000238
105151  -4.440  -67.647  -35.374 0.6000000238
113992  -3.697  -67.354  -29.203 0.5000000000
4642  -5.886  -68.093  -28.808 0.5000000000
5280  -5.133  -67.196  -35.308 0.5000000000
11437  0.622  -56.908  -33.105 0.6000000238
10663  1.651  -57.964  -31.644 0.6999999881
10024  -4.504  -60.093  -35.497 0.6000000238
117885  -3.289  -65.276  -31.007 0.5000000000
5838  -3.155  -66.336  -30.136 0.5000000000
5822  -4.072  -66.753  -28.807 0.6000000238
6403  -3.614  -65.998  -29.491 0.5000000000
5185  -4.931  -67.314  -28.331 0.5000000000
5913  -4.279  -66.158  -38.021 0.6000000238
12185  0.504  -55.849  -30.518 0.6000000238
12232  -5.165  -55.408  -35.544 0.5000000000
9907  -0.628  -59.742  -22.141 0.6000000238
8734  -0.736  -61.310  -25.476 0.6000000238
9271  -1.376  -60.344  -23.374 0.6000000238
116274  -3.532  -58.353  -27.045 0.8000000119
9272  -2.050  -59.977  -23.729 0.6000000238
9976  -3.363  -59.314  -31.196 0.6000000238
9291  -2.359  -60.464  -25.410 0.6000000238
9338  -4.201  -60.624  -30.392 0.6000000238
10600  -4.254  -58.495  -25.903 0.8000000119
12205  -3.870  -56.917  -31.999 0.6000000238
9929  -2.931  -59.870  -25.026 0.6999999881
105736  -1.725  -55.753  -24.099 0.6000000238
11314  -3.770  -57.569  -23.326 0.6999999881
12917  -2.688  -56.141  -23.409 0.6000000238
116610  -1.740  -53.381  -26.177 0.5000000000
109684  -3.826  -54.063  -23.601 0.5000000000
121715  -0.392  -49.471  -23.295 0.6999999881
16461  -0.148  -50.078  -23.820 0.6000000238
18085  0.587  -48.548  -24.631 0.6999999881
18107  0.588  -48.337  -25.155 0.6000000238
20636  -0.965  -45.811  -25.215 0.5000000000
19809  0.146  -46.358  -24.763 0.5000000000
19802  -3.262  -46.581  -24.194 0.5000000000
117892  -0.325  -49.832  -26.147 0.6000000238
112804  -0.906  -49.936  -26.121 0.6000000238
17224  -3.114  -49.286  -23.719 0.5000000000
22299  -3.469  -43.701  -22.232 0.6000000238
23113  -5.250  -43.011  -20.990 0.5000000000
23127  -6.883  -41.814  -22.896 0.4000000060
23859  -4.380  -41.652  -19.998 0.5000000000
23865  -4.986  -41.684  -20.313 0.4000000060
112074  -5.156  -40.932  -20.461 0.5000000000
23115  -6.939  -41.776  -21.372 0.4000000060
117330  -4.921  -39.288  -21.530 0.5000000000
25423  -3.590  -38.952  -21.166 0.4000000060
103856  -3.098  -38.371  -20.197 0.3000000119
5323  -2.375  -66.114  -41.034 0.5000000000
5324  -4.460  -66.956  -40.022 0.5000000000
4755  -6.390  -67.799  -40.454 0.5000000000
5933  -4.463  -66.029  -40.881 0.5000000000
5314  -7.269  -68.177  -40.478 0.5000000000
116776  -5.943  -67.029  -40.759 0.5000000000
5329  -0.516  -66.018  -41.081 0.5000000000
5940  -4.398  -65.382  -41.226 0.5000000000
5315  -7.452  -68.352  -40.288 0.6000000238
5941  -5.871  -66.007  -41.149 0.6000000238
5325  -6.904  -67.811  -41.114 0.6000000238
115521  1.250  -68.633  -38.865 0.4000000060
115365  0.970  -68.358  -39.150 0.4000000060
100993  1.341  -68.158  -40.045 0.5000000000
100214  0.925  -67.265  -40.310 0.5000000000
115456  0.729  -67.328  -40.522 0.5000000000
104853  0.503  -66.651  -40.357 0.5000000000
115103  0.466  -66.601  -39.910 0.5000000000
4756  -0.221  -67.429  -40.807 0.5000000000
115130  0.122  -66.009  -40.541 0.5000000000
5304  -7.463  -67.947  -38.261 0.6000000238
5295  -7.789  -68.350  -37.698 0.6000000238
115172  -0.215  -65.436  -40.835 0.5000000000
100212  -1.180  -64.984  -41.424 0.5000000000
101087  -1.154  -64.261  -40.700 0.5000000000
5924  -7.196  -67.059  -39.467 0.6000000238
6562  -2.081  -64.557  -41.532 0.5000000000
6564  -5.149  -64.856  -41.220 0.6000000238
5935  -6.546  -66.863  -40.997 0.6000000238
5916  -7.743  -67.290  -38.018 0.6000000238
6555  -6.760  -65.579  -40.899 0.6000000238
5937  -7.343  -65.778  -39.584 0.6000000238
5925  -7.778  -66.583  -38.596 0.6999999881
6547  -8.168  -65.391  -39.372 0.6999999881
115591  1.106  -69.170  -36.049 0.6000000238
101078  0.645  -68.981  -36.793 0.6000000238
115190  -0.673  -69.128  -36.305 0.6000000238
115169  0.062  -69.028  -37.569 0.5000000000
100200  -0.169  -68.932  -38.038 0.5000000000
101508  -1.197  -69.025  -37.026 0.6000000238
115520  0.693  -67.708  -39.455 0.5000000000
110099  -0.672  -68.653  -38.105 0.5000000000
101199  -1.059  -67.932  -38.463 0.5000000000
115537  -0.468  -66.052  -39.909 0.5000000000
115313  -1.386  -66.957  -38.850 0.5000000000
101042  -0.355  -64.981  -40.611 0.5000000000
117591  -8.153  -68.675  -37.158 0.6999999881
5296  -8.384  -68.026  -36.911 0.8000000119
101066  -1.428  -64.226  -41.248 0.5000000000
115173  -2.581  -63.892  -41.386 0.5000000000
7155  -3.393  -63.534  -41.259 0.6000000238
5305  -8.027  -67.624  -37.482 0.6999999881
6565  -6.339  -65.358  -41.133 0.6000000238
5926  -8.635  -66.258  -38.628 0.6999999881
7157  -6.092  -63.874  -41.075 0.6000000238
6566  -6.957  -64.158  -41.009 0.6000000238
119998  -7.671  -63.281  -40.700 0.6999999881
6548  -9.277  -65.102  -39.696 0.6000000238
3740  1.003  -69.755  -34.927 0.5000000000
101058  0.043  -69.040  -35.560 0.6000000238
100207  -1.790  -68.565  -37.287 0.6000000238
100216  -1.698  -66.075  -39.226 0.5000000000
111313  -2.909  -66.062  -38.408 0.6000000238
4202  -8.525  -69.412  -36.014 0.6999999881
115314  -1.662  -64.885  -39.709 0.5000000000
101109  -3.071  -65.051  -38.933 0.5000000000
4724  -8.535  -68.721  -35.789 0.5000000000
4716  -8.637  -68.895  -34.925 0.6000000238
119059  -2.103  -64.179  -39.971 0.6000000238
7711  -3.925  -63.008  -40.664 0.5000000000
5282  -8.700  -68.192  -36.137 0.6000000238
7712  -4.981  -63.298  -40.650 0.5000000000
5917  -8.328  -67.023  -37.886 0.6999999881
5306  -8.824  -67.444  -37.277 0.6000000238
5918  -9.184  -66.879  -37.957 0.6000000238
5927  -9.701  -66.035  -38.954 0.6000000238
7713  -6.575  -63.042  -40.697 0.5000000000
117169  -8.204  -63.067  -40.486 0.6000000238
7152  -9.831  -63.771  -40.358 0.5000000000
6549  -10.676  -64.877  -40.256 0.5000000000
115451  0.337  -69.311  -35.062 0.6000000238
118824  1.237  -70.274  -34.429 0.4000000060
4725  -8.909  -68.291  -35.300 0.6000000238
6554  -3.056  -63.824  -39.628 0.5000000000
5297  -9.195  -67.673  -36.565 0.5000000000
7149  -4.594  -63.086  -40.148 0.5000000000
5298  -10.266  -67.538  -36.520 0.5000000000
5283  -9.449  -67.804  -35.785 0.5000000000
7143  -6.629  -63.215  -39.793 0.5000000000
5919  -10.147  -66.836  -38.274 0.5000000000
7144  -7.683  -63.241  -39.467 0.6000000238
5928  -10.812  -65.985  -39.382 0.6000000238
7145  -8.486  -63.292  -39.109 0.6000000238
7709  -9.673  -63.428  -39.432 0.5000000000
3281  1.335  -71.299  -32.741 0.4000000060
7142  -5.509  -63.588  -39.510 0.5000000000
6546  -6.230  -64.239  -38.669 0.5000000000
109739  -10.837  -67.396  -37.739 0.5000000000
113472  -11.057  -67.659  -36.077 0.5000000000
104329  -11.839  -67.842  -36.123 0.5000000000
5286  -12.311  -67.910  -35.307 0.5000000000
5287  -13.208  -68.114  -35.230 0.5000000000
6533  -7.391  -64.613  -37.508 0.6000000238
7132  -7.908  -63.836  -38.235 0.6000000238
122718  -10.980  -66.825  -38.740 0.5000000000
7133  -8.643  -63.727  -37.882 0.6000000238
5929  -12.432  -66.822  -39.615 0.5000000000
7134  -9.439  -63.806  -37.515 0.5000000000
106077  -10.705  -63.829  -38.575 0.5000000000
5908  -7.103  -65.749  -36.084 0.5000000000
5299  -11.343  -67.704  -36.905 0.5000000000
4726  -12.709  -68.059  -36.096 0.5000000000
6516  -6.858  -65.367  -36.931 0.5000000000
6517  -7.802  -65.025  -36.610 0.6000000238
116744  -11.636  -67.205  -38.829 0.5000000000
5308  -11.835  -67.706  -37.945 0.5000000000
4734  -13.176  -68.193  -37.005 0.5000000000
4727  -13.623  -68.320  -36.010 0.5000000000
4719  -14.008  -68.334  -35.222 0.5000000000
5897  -7.250  -66.035  -35.266 0.5000000000
5310  -13.702  -67.889  -39.133 0.5000000000
4735  -14.159  -68.451  -36.889 0.5000000000
4736  -15.142  -68.664  -36.855 0.4000000060
4742  -13.820  -68.194  -38.011 0.4000000060
8802  0.978  -60.992  -35.659 0.4000000060
10567  0.131  -58.469  -22.065 0.5000000000
12913  1.362  -55.390  -24.476 0.5000000000
110174  1.105  -56.584  -24.136 0.5000000000
13673  1.152  -54.640  -24.216 0.5000000000
13672  1.474  -54.791  -23.862 0.5000000000
11299  0.742  -57.665  -22.752 0.5000000000
18907  -0.994  -47.433  -21.432 0.5000000000
5915  -6.032  -65.596  -37.365 0.5000000000
104936  -5.928  -65.088  -38.077 0.5000000000
5326  -7.062  -68.143  -41.077 0.6000000238
116145  -2.963  -64.644  -41.636 0.6000000238
5936  -6.742  -66.834  -40.717 0.6000000238
118371  -7.771  -64.260  -40.277 0.6999999881
115131  -2.285  -63.683  -40.692 0.5000000000
7158  -7.114  -63.353  -40.853 0.6000000238
6556  -8.986  -64.114  -40.292 0.6000000238
7151  -8.620  -63.319  -40.340 0.6000000238
7141  -4.431  -63.855  -39.448 0.5000000000
7150  -5.646  -63.110  -40.275 0.5000000000
7707  -8.213  -62.966  -40.271 0.6000000238
7159  -8.946  -63.295  -40.284 0.6000000238
114991  -9.412  -63.637  -40.355 0.5000000000
112546  -11.701  -66.269  -39.537 0.5000000000
5307  -9.729  -67.320  -37.293 0.5000000000
7131  -7.108  -64.024  -38.530 0.5000000000
7700  -9.935  -63.556  -38.499 0.5000000000
6532  -6.603  -64.860  -37.782 0.5000000000
7122  -8.078  -64.371  -37.363 0.5000000000
5300  -12.254  -67.933  -37.033 0.5000000000
5317  -12.318  -67.488  -38.904 0.5000000000
5309  -12.827  -67.931  -38.247 0.5000000000
5318  -13.141  -67.380  -39.603 0.4000000060
4178  -9.762  -69.380  -32.411 0.5000000000
4709  -9.135  -69.066  -32.898 0.6000000238
122469  -9.176  -68.607  -33.289 0.6000000238
4189  -9.223  -69.768  -32.941 0.4000000060
118444  -10.450  -67.786  -33.659 0.4000000060
5269  -10.640  -67.716  -34.551 0.4000000060
4718  -9.538  -68.130  -33.922 0.5000000000
4708  -8.762  -68.882  -33.815 0.6000000238
5268  -9.609  -67.929  -34.924 0.5000000000
4188  -8.819  -69.689  -33.537 0.5000000000
4717  -8.988  -68.383  -34.526 0.5000000000
3731  -8.784  -70.091  -34.155 0.6000000238
3753  -8.829  -70.064  -35.146 0.6000000238
108597  -8.780  -69.847  -36.644 0.6000000238
3762  -8.031  -69.073  -38.878 0.6000000238
4204  -7.701  -68.661  -38.312 0.5000000000
4741  -7.701  -68.970  -39.553 0.5000000000
4749  -7.796  -68.858  -40.180 0.4000000060
4748  -7.491  -68.487  -40.038 0.5000000000
113728  -14.676  -68.548  -35.868 0.3000000119
12219  -5.383  -55.852  -32.061 0.4000000060
12206  -4.693  -56.580  -31.560 0.4000000060
11411  -4.138  -57.339  -31.167 0.5000000000
15775  -3.780  -51.486  -23.403 0.5000000000
116951  -4.264  -52.101  -23.158 0.5000000000
116477  -4.050  -50.544  -22.856 0.4000000060
17210  -3.812  -49.558  -22.845 0.4000000060
103375  -5.877  -51.161  -22.131 0.4000000060
18065  -3.647  -48.660  -22.938 0.4000000060
18934  -3.132  -48.203  -23.624 0.4000000060
18918  -3.650  -47.746  -23.005 0.4000000060
101968  -5.291  -49.885  -22.158 0.4000000060
18935  -3.814  -46.810  -23.256 0.4000000060
18919  -4.275  -47.495  -22.491 0.4000000060
18057  -5.834  -48.694  -21.640 0.4000000060
109868  -4.519  -46.794  -22.536 0.4000000060
19803  -3.861  -45.895  -24.615 0.4000000060
19787  -4.583  -46.048  -23.354 0.4000000060
111504  -5.212  -43.010  -25.582 0.3000000119
21523  -5.471  -43.470  -25.479 0.4000000060
23136  -6.583  -41.714  -24.499 0.3000000119
22339  -5.896  -42.740  -25.524 0.3000000119
23143  -6.395  -42.002  -25.350 0.3000000119
16448  -5.084  -50.682  -22.434 0.4000000060
15761  -4.522  -51.458  -22.799 0.4000000060
17211  -4.608  -49.780  -22.453 0.4000000060
18066  -4.312  -48.924  -22.456 0.4000000060
16437  -6.515  -50.040  -21.643 0.4000000060
17212  -5.074  -49.049  -21.995 0.4000000060
103991  -5.217  -48.196  -21.757 0.4000000060
108066  -4.630  -48.200  -22.113 0.4000000060
4612  -12.633  -68.213  -26.521 0.3000000119
5171  -13.257  -67.505  -27.034 0.3000000119
4097  -12.196  -69.260  -26.211 0.4000000060
5163  -11.986  -67.613  -26.598 0.3000000119
5772  -12.093  -67.091  -26.925 0.4000000060
4610  -11.033  -68.545  -26.739 0.3000000119
120982  -11.557  -67.889  -26.699 0.3000000119
5169  -11.514  -67.177  -27.541 0.4000000060
3629  -9.996  -69.986  -26.755 0.3000000119
4629  -10.791  -68.471  -27.442 0.3000000119
5188  -11.093  -67.779  -27.905 0.3000000119
120002  -10.474  -69.017  -27.106 0.3000000119
4114  -10.399  -69.178  -27.705 0.3000000119
105729  -10.842  -68.592  -28.280 0.3000000119
110139  -9.865  -69.879  -27.882 0.3000000119
4123  -10.601  -69.396  -28.516 0.3000000119
4661  -11.160  -68.841  -29.285 0.3000000119
3664  -10.264  -70.140  -28.777 0.3000000119
4136  -11.165  -69.818  -29.430 0.3000000119
4157  -11.429  -69.567  -30.003 0.3000000119
3225  -9.117  -71.353  -28.768 0.3000000119
3673  -9.827  -70.846  -29.143 0.3000000119
3674  -10.963  -70.509  -29.557 0.3000000119
111025  -11.499  -70.289  -29.903 0.3000000119
3237  -9.438  -71.475  -29.437 0.4000000060
5811  -12.359  -66.558  -27.937 0.3000000119
4096  -11.569  -69.875  -26.155 0.4000000060
5810  -11.830  -66.698  -27.901 0.4000000060
3630  -10.699  -70.116  -26.318 0.3000000119
5189  -11.471  -67.137  -28.356 0.4000000060
3649  -9.569  -70.453  -27.306 0.3000000119
4662  -11.263  -68.000  -29.768 0.4000000060
4676  -11.240  -68.603  -30.053 0.4000000060
110300  -11.075  -68.785  -30.626 0.4000000060
2722  -8.792  -72.025  -28.407 0.3000000119
2705  -8.959  -72.304  -27.431 0.4000000060
4171  -11.069  -69.280  -30.972 0.4000000060
3705  -11.524  -70.334  -30.520 0.3000000119
2704  -8.662  -72.729  -28.090 0.3000000119
5789  -12.684  -66.849  -27.361 0.3000000119
5812  -13.255  -66.525  -28.007 0.3000000119
5813  -14.160  -66.615  -28.182 0.3000000119
5826  -12.854  -66.526  -28.816 0.3000000119
5841  -12.737  -66.740  -30.107 0.3000000119
3195  -12.328  -71.232  -26.247 0.4000000060
5207  -12.166  -66.781  -29.397 0.3000000119
5223  -11.903  -67.139  -30.171 0.3000000119
3192  -9.905  -70.735  -26.569 0.3000000119
3631  -11.512  -70.736  -26.079 0.4000000060
5206  -11.611  -67.293  -29.339 0.4000000060
5222  -11.488  -67.628  -30.218 0.4000000060
105116  -11.568  -67.438  -30.913 0.4000000060
2693  -10.009  -71.676  -26.380 0.3000000119
5221  -11.058  -68.079  -30.793 0.4000000060
5233  -11.150  -67.666  -31.610 0.4000000060
103714  -9.396  -71.398  -27.001 0.3000000119
122773  -10.072  -72.407  -26.165 0.3000000119
5232  -10.647  -68.209  -31.647 0.4000000060
5244  -10.560  -67.913  -32.257 0.5000000000
2692  -9.486  -72.335  -26.672 0.3000000119
4170  -10.364  -69.118  -31.767 0.4000000060
4700  -10.055  -68.704  -32.186 0.4000000060
4710  -9.808  -68.196  -32.938 0.5000000000
1933  -8.716  -74.022  -27.667 0.3000000119
5827  -13.742  -66.414  -29.550 0.3000000119
118857  -13.748  -66.449  -28.609 0.3000000119
2694  -11.745  -72.218  -25.793 0.4000000060
5234  -12.078  -67.216  -31.689 0.4000000060
5245  -11.451  -67.539  -32.373 0.4000000060
3187  -10.856  -72.079  -25.924 0.4000000060
5258  -11.886  -67.650  -33.206 0.5000000000
111617  -11.363  -67.698  -33.835 0.4000000060
2684  -10.454  -72.898  -25.749 0.3000000119
5257  -10.875  -67.686  -33.031 0.4000000060
5285  -11.381  -67.718  -35.352 0.4000000060
2683  -9.635  -73.124  -26.207 0.3000000119
2274  -9.034  -73.181  -26.790 0.3000000119
1924  -8.833  -74.099  -27.021 0.3000000119
108482  -12.202  -67.022  -30.852 0.3000000119
2685  -11.359  -72.764  -25.536 0.4000000060
5259  -12.636  -67.614  -33.356 0.5000000000
5270  -11.843  -67.783  -34.582 0.4000000060
2254  -10.748  -74.620  -24.173 0.3000000119
2267  -10.878  -73.557  -24.901 0.3000000119
2266  -9.929  -73.826  -25.460 0.3000000119
1925  -9.521  -74.894  -26.327 0.3000000119
103405  -9.774  -74.762  -25.565 0.3000000119
5235  -13.214  -67.057  -32.219 0.3000000119
5246  -12.412  -67.420  -32.660 0.4000000060
114309  -12.321  -67.742  -33.892 0.4000000060
1900  -10.342  -76.912  -23.276 0.3000000119
1915  -10.156  -74.989  -24.636 0.3000000119
1509  -9.813  -77.176  -23.031 0.3000000119
1522  -9.930  -77.297  -23.460 0.3000000119
1899  -10.291  -76.799  -24.150 0.3000000119
121816  -10.124  -75.432  -24.886 0.3000000119
5260  -13.899  -67.730  -33.653 0.3000000119
5272  -13.781  -68.050  -34.458 0.4000000060
1217  -9.674  -77.243  -23.219 0.3000000119
1228  -9.803  -77.184  -23.633 0.3000000119
5248  -14.690  -67.314  -33.019 0.3000000119
116211  -14.460  -67.606  -33.511 0.3000000119
5273  -14.652  -68.328  -34.894 0.3000000119
5261  -15.099  -67.600  -33.797 0.3000000119
111205  -14.546  -67.925  -34.141 0.3000000119
108420  -15.263  -68.143  -34.655 0.3000000119
16462  -3.519  -50.714  -23.486 0.5000000000
20628  -5.049  -44.278  -25.244 0.5000000000
20616  -5.367  -45.019  -24.341 0.4000000060
113325  -3.509  -50.086  -23.312 0.4000000060
5284  -10.394  -67.669  -35.527 0.4000000060
5271  -12.800  -67.884  -34.533 0.4000000060
15092  -4.796  -52.277  -22.753 0.5000000000
15762  -5.290  -51.669  -22.457 0.4000000060
16449  -5.835  -50.357  -21.973 0.4000000060
4611  -11.747  -68.374  -26.412 0.3000000119
3663  -9.510  -70.653  -28.272 0.3000000119
3206  -9.156  -71.344  -27.848 0.3000000119
4690  -10.687  -68.675  -31.360 0.4000000060
3194  -11.629  -71.598  -25.958 0.4000000060
3193  -10.711  -71.160  -26.110 0.3000000119
2275  -9.228  -74.027  -26.258 0.3000000119
114914  -13.149  -67.750  -33.823 0.4000000060
2255  -11.561  -74.347  -24.049 0.3000000119
113712  -13.252  -67.514  -33.121 0.3000000119
113769  -10.110  -77.097  -24.131 0.3000000119
4211  -7.675  -69.237  -40.582 0.5000000000
3768  -9.244  -70.559  -40.121 0.5000000000
110921  -9.186  -69.994  -38.311 0.5000000000
3754  -9.468  -70.357  -36.026 0.5000000000
3744  -9.230  -70.323  -34.493 0.4000000060
6498  -7.899  -65.479  -35.657 0.4000000060
118760  -9.936  -69.840  -32.475 0.3000000119
3255  -11.593  -71.145  -30.946 0.3000000119
4179  -10.808  -69.721  -31.663 0.4000000060
3238  -10.535  -71.199  -29.806 0.3000000119
3689  -11.405  -70.860  -30.120 0.3000000119
2268  -11.863  -73.522  -24.765 0.3000000119
3632  -12.227  -70.289  -26.206 0.3000000119
2256  -12.899  -74.950  -23.890 0.3000000119
2686  -12.257  -72.829  -25.606 0.3000000119
2695  -12.531  -72.122  -26.173 0.3000000119
121031  -13.012  -71.588  -26.511 0.3000000119
2269  -12.989  -73.990  -25.027 0.3000000119
2687  -13.220  -73.108  -25.919 0.3000000119
3633  -12.954  -70.826  -26.562 0.3000000119
103256  -12.832  -69.990  -26.494 0.3000000119
2257  -14.153  -75.423  -24.369 0.3000000119
3196  -13.629  -71.381  -26.866 0.3000000119
4747  -6.486  -68.448  -39.719 0.3000000119
3732  -9.081  -70.144  -33.533 0.5000000000
3745  -10.399  -70.752  -34.993 0.4000000060
117510  -10.331  -70.571  -37.565 0.5000000000
113157  -11.527  -70.598  -31.292 0.3000000119
17202  -6.536  -49.233  -21.489 0.3000000119
20604  -5.408  -45.587  -22.997 0.3000000119
4210  -7.575  -69.253  -40.119 0.4000000060
3772  -9.807  -70.942  -39.918 0.4000000060
2345  -12.631  -74.287  -34.370 0.4000000060
2365  -12.883  -73.254  -36.309 0.4000000060
3317  -12.658  -71.878  -36.021 0.4000000060
106815  -12.014  -71.282  -36.806 0.4000000060
3755  -11.026  -70.833  -36.506 0.4000000060
3332  -11.468  -71.634  -38.249 0.4000000060
3326  -11.417  -71.097  -37.970 0.4000000060
1971  -12.168  -75.420  -32.743 0.3000000119
3304  -13.040  -72.285  -34.961 0.4000000060
3769  -10.282  -70.808  -39.098 0.4000000060
2355  -13.022  -73.386  -35.536 0.4000000060
2822  -12.568  -72.624  -36.875 0.4000000060
103418  -12.418  -74.978  -33.645 0.3000000119
2346  -12.940  -73.403  -34.815 0.4000000060
2817  -13.048  -72.717  -35.816 0.4000000060
3327  -12.087  -71.713  -37.367 0.4000000060
3316  -11.784  -71.189  -35.487 0.4000000060
1961  -11.906  -75.450  -31.849 0.3000000119
104606  -12.718  -73.130  -34.292 0.3000000119
101639  -11.978  -73.515  -33.626 0.3000000119
3287  -12.397  -71.538  -33.345 0.3000000119
3733  -11.288  -70.723  -32.996 0.3000000119
3303  -12.612  -71.709  -34.572 0.3000000119
3719  -9.832  -70.196  -32.905 0.3000000119
3302  -11.573  -70.995  -34.113 0.3000000119
105863  -10.046  -70.543  -33.744 0.3000000119
2240  -4.751  -73.658  -23.756 0.3000000119
2241  -5.158  -72.741  -23.890 0.3000000119
1864  -10.826  -76.508  -21.277 0.3000000119
3177  -6.467  -71.672  -24.078 0.3000000119
3178  -7.090  -71.539  -24.132 0.3000000119
2656  -8.508  -72.058  -23.786 0.3000000119
107058  -8.484  -73.246  -23.538 0.3000000119
103377  -9.065  -73.364  -22.965 0.3000000119
2639  -9.932  -73.424  -22.455 0.3000000119
2230  -10.535  -75.031  -21.545 0.3000000119
3164  -7.820  -71.090  -23.612 0.3000000119
2657  -9.420  -72.106  -23.295 0.3000000119
3288  -12.874  -72.038  -34.135 0.3000000119
2670  -5.632  -72.509  -24.686 0.3000000119
2673  -7.929  -72.554  -24.215 0.3000000119
2671  -6.666  -72.057  -24.630 0.3000000119
2655  -5.768  -71.996  -24.000 0.3000000119
2672  -7.263  -72.125  -24.620 0.3000000119
3179  -7.652  -71.714  -24.146 0.3000000119
3165  -8.850  -71.121  -23.495 0.3000000119
1499  -10.911  -77.172  -21.469 0.3000000119
2283  -8.723  -73.318  -27.517 0.3000000119
2354  -12.768  -74.152  -35.114 0.4000000060
2798  -12.597  -72.189  -33.597 0.3000000119
2799  -12.918  -72.549  -34.505 0.4000000060
2810  -13.108  -72.835  -35.113 0.4000000060
3331  -10.752  -71.338  -38.980 0.4000000060
3685  -0.240  -69.953  -30.705 0.6999999881
3687  -3.409  -70.319  -31.025 0.6000000238
3699  2.784  -70.443  -30.800 0.5000000000
3716  -2.199  -70.205  -32.424 0.6999999881
3729  -2.045  -69.858  -33.770 0.6999999881
4095  -10.518  -69.375  -26.698 0.3000000119
4113  -10.025  -69.627  -27.199 0.3000000119
4148  2.181  -70.159  -30.634 0.6999999881
4150  0.818  -69.793  -30.493 0.6999999881
4151  -0.362  -69.413  -30.476 0.6999999881
4154  -3.868  -70.158  -30.253 0.5000000000
4168  -4.802  -70.037  -31.803 0.5000000000
4197  -8.667  -69.619  -34.522 0.6000000238
4205  -7.841  -68.852  -39.628 0.5000000000
4644  -11.203  -67.910  -28.828 0.4000000060
4733  -3.968  -67.825  -35.859 0.6000000238
5161  -11.239  -67.803  -27.135 0.3000000119
5162  -11.699  -67.335  -26.956 0.4000000060
5170  -12.491  -67.377  -26.832 0.3000000119
5186  -5.704  -67.540  -28.386 0.5000000000
5201  -3.043  -68.215  -29.582 0.6000000238
5215  -0.667  -67.932  -30.380 0.6999999881
5227  2.019  -68.262  -31.639 0.6999999881
5228  1.391  -67.967  -31.398 0.6999999881
5266  -5.358  -67.473  -34.509 0.4000000060
5281  -5.797  -66.996  -34.891 0.5000000000
5316  -7.302  -67.582  -38.821 0.6000000238
5788  -11.981  -66.814  -27.345 0.3000000119
5821  -3.489  -66.737  -29.517 0.6000000238
5825  -11.987  -66.666  -28.594 0.3000000119
5854  -12.896  -66.839  -31.191 0.3000000119
5934  -5.984  -66.576  -40.995 0.6000000238
6431  -2.517  -65.643  -31.557 0.6000000238
6448  -1.368  -65.638  -32.479 0.6999999881
6477  3.260  -65.702  -35.795 0.5000000000
6482  -1.828  -64.942  -34.423 0.6999999881
6545  -5.345  -64.656  -38.677 0.5000000000
6557  -10.205  -64.069  -40.500 0.5000000000
6563  -3.663  -64.281  -41.540 0.6000000238
7026  -5.160  -64.021  -28.886 0.5000000000
7148  -3.483  -63.189  -40.307 0.5000000000
7156  -4.412  -63.775  -41.133 0.6000000238
7620  -3.912  -63.938  -30.892 0.5000000000
7630  -3.853  -63.767  -31.891 0.5000000000
7640  -3.860  -63.612  -32.910 0.5000000000
7652  -3.848  -63.577  -33.986 0.6000000238
7679  -1.635  -63.401  -35.773 0.6000000238
7680  -2.387  -63.568  -35.769 0.6000000238
7681  -3.180  -63.599  -35.524 0.6000000238
7690  0.735  -62.120  -36.965 0.5000000000
7699  -9.192  -63.398  -38.666 0.5000000000
7706  -7.388  -62.932  -40.391 0.5000000000
7708  -8.974  -63.166  -39.819 0.6000000238
7710  -3.176  -63.167  -40.986 0.5000000000
7714  -7.565  -63.031  -40.641 0.6000000238
7715  -9.477  -63.427  -40.108 0.5000000000
7717  -3.841  -63.181  -40.963 0.5000000000
8228  -2.722  -63.111  -35.623 0.6000000238
8745  -0.969  -61.275  -26.205 0.6000000238
8781  -0.799  -61.181  -32.885 0.5000000000
8790  0.514  -61.203  -33.927 0.5000000000
8793  -3.390  -61.655  -34.577 0.6000000238
8803  -0.201  -61.650  -34.867 0.5000000000
8806  -4.137  -61.719  -34.656 0.5000000000
9259  -1.093  -60.090  -22.635 0.6000000238
9307  -0.107  -60.549  -27.574 0.6000000238
9321  -0.782  -60.268  -28.221 0.5000000000
9350  -3.753  -60.018  -31.831 0.6000000238
9934  -3.430  -59.486  -25.610 0.6999999881
9955  -1.206  -59.643  -28.593 0.6999999881
10006  -1.052  -59.681  -32.499 0.6000000238
10008  -2.597  -59.438  -34.339 0.6000000238
10035  -4.157  -59.638  -36.967 0.6000000238
10046  -4.043  -59.171  -37.521 0.6000000238
10047  -4.195  -59.177  -37.351 0.6000000238
10614  -1.534  -58.759  -28.756 0.6999999881
10647  -3.410  -58.767  -30.794 0.6000000238
10664  -3.291  -58.563  -31.516 0.6000000238
11310  0.626  -57.231  -23.699 0.6000000238
11328  -5.012  -57.613  -24.836 0.6000000238
11372  3.427  -56.943  -29.787 0.6000000238
11374  1.942  -57.221  -29.567 0.6999999881
11376  -1.283  -57.257  -29.409 0.6000000238
11393  -3.585  -58.122  -30.913 0.6000000238
11409  2.608  -56.805  -31.491 0.6999999881
11447  -0.477  -57.035  -35.125 0.6000000238
11448  -0.886  -57.212  -35.657 0.6000000238
11449  -4.309  -57.138  -36.347 0.6000000238
11456  -4.279  -57.542  -37.385 0.5000000000
11457  -4.412  -58.793  -37.356 0.6000000238
11463  -2.507  -57.144  -37.271 0.5000000000
11464  -3.486  -57.609  -37.729 0.5000000000
11465  -4.120  -58.203  -37.917 0.5000000000
12096  1.571  -55.886  -24.007 0.5000000000
12111  -1.999  -56.540  -23.607 0.6000000238
12162  3.315  -56.201  -29.912 0.6999999881
12163  2.493  -56.225  -29.882 0.6999999881
12183  2.823  -55.674  -30.187 0.6000000238
12203  3.340  -56.114  -30.252 0.6999999881
12204  2.710  -55.685  -30.724 0.6999999881
12207  -5.311  -56.342  -31.169 0.4000000060
12218  -4.664  -56.267  -32.578 0.4000000060
12250  -4.105  -56.489  -37.012 0.5000000000
13003  -2.351  -55.616  -30.940 0.8000000119
13023  1.941  -55.481  -31.196 0.6000000238
13024  1.178  -55.665  -31.915 0.6000000238
13044  -1.647  -55.570  -35.181 0.6000000238
13045  -2.589  -55.370  -35.693 0.5000000000
13046  -5.667  -54.836  -35.423 0.5000000000
13055  -4.003  -55.787  -36.688 0.5000000000
13710  0.903  -53.658  -26.774 0.6999999881
13806  -5.190  -54.863  -35.669 0.5000000000
14400  0.670  -53.354  -27.020 0.6999999881
15817  0.008  -51.144  -26.884 0.6999999881
16495  -0.064  -50.356  -26.496 0.6000000238
17201  -5.829  -49.548  -21.796 0.4000000060
17229  -2.447  -49.719  -24.724 0.5000000000
18078  0.345  -47.868  -24.089 0.6999999881
18108  0.175  -48.832  -25.612 0.6000000238
18939  -2.154  -47.374  -25.097 0.4000000060
19822  -0.023  -46.838  -25.298 0.5000000000
20626  -1.932  -45.608  -25.168 0.4000000060
20635  -0.340  -45.978  -24.935 0.5000000000
23134  -5.387  -42.541  -25.413 0.3000000119
100197  0.271  -66.345  -40.550 0.5000000000
101733  -2.791  -65.193  -41.558 0.5000000000
101802  -0.792  -62.868  -35.908 0.6000000238
104214  -2.948  -70.094  -33.488 0.6999999881
105419  -3.778  -59.927  -30.000 0.6000000238
105444  -4.390  -69.300  -33.930 0.6000000238
107553  0.033  -52.852  -27.127 0.6000000238
109470  -1.464  -61.372  -33.594 0.5000000000
110974  -11.283  -69.210  -26.348 0.3000000119
114389  -1.622  -59.807  -23.152 0.6000000238
114476  0.678  -47.639  -25.008 0.6000000238
114607  1.147  -70.305  -30.577 0.6999999881
114641  -4.921  -68.911  -29.043 0.5000000000
114780  2.978  -56.194  -31.011 0.6999999881
115597  -0.670  -64.666  -41.049 0.5000000000
116510  -6.158  -72.101  -24.537 0.3000000119
117645  3.162  -67.957  -32.892 0.6000000238
117660  -5.325  -62.341  -30.196 0.6000000238
117904  -4.092  -48.206  -22.545 0.4000000060
118089  -4.344  -60.664  -32.479 0.6000000238
118576  -2.912  -62.621  -35.186 0.6000000238
119184  -2.927  -57.659  -37.430 0.6000000238
119238  1.905  -58.641  -31.432 0.6000000238
120139  -4.994  -45.500  -23.854 0.4000000060
120143  -0.678  -55.486  -32.936 0.6000000238
120165  -0.420  -46.275  -25.220 0.5000000000
120203  -10.085  -63.749  -37.834 0.5000000000
121201  -12.091  -75.594  -32.381 0.3000000119
122533  -6.245  -67.520  -28.577 0.5000000000
122630  -15.727  -68.748  -36.967 0.4000000060
122702  -10.390  -74.082  -24.844 0.3000000119
123043  -3.753  -59.004  -37.502 0.6000000238
