#!ascii label  , from subject sub-v2s9x29160_ses-1 vox2ras=TkReg
218
61321  27.234  5.329  -39.026 0.0000000000
51655  25.841  -4.018  -36.511 0.0000000000
64645  25.594  10.834  -38.516 0.0000000000
71840  22.468  19.751  -40.019 0.0000000000
112855  23.980  -4.467  -35.252 0.0000000000
67169  27.087  13.506  -41.536 0.0000000000
68795  25.719  15.257  -41.870 0.0000000000
115597  26.054  3.617  -38.581 0.0000000000
56277  26.729  0.733  -38.246 0.0000000000
115605  28.360  2.229  -38.985 0.0000000000
105639  29.156  7.962  -40.268 0.0000000000
60476  29.476  5.220  -39.268 0.0000000000
63009  27.003  8.740  -39.085 0.0000000000
64675  27.750  10.862  -40.522 0.0000000000
116719  23.712  17.930  -39.955 0.0000000000
105886  24.734  17.755  -43.287 0.0000000000
54532  27.101  -2.038  -37.131 0.0000000000
67981  25.279  14.532  -39.957 0.0000000000
68796  25.022  15.916  -41.178 0.0000000000
101184  26.383  4.542  -38.674 0.0000000000
115564  27.086  3.289  -38.777 0.0000000000
115446  27.685  3.812  -38.969 0.0000000000
52591  25.049  -4.052  -36.267 0.0000000000
63860  26.509  9.514  -38.793 0.0000000000
63859  27.236  9.548  -39.418 0.0000000000
64656  27.127  10.764  -39.927 0.0000000000
68022  27.784  14.913  -42.684 0.0000000000
67168  28.125  13.528  -41.837 0.0000000000
71831  21.679  19.277  -39.438 0.0000000000
70289  21.795  17.219  -38.847 0.0000000000
71061  22.592  18.835  -39.647 0.0000000000
73320  23.329  21.105  -45.814 0.0000000000
71863  23.917  19.744  -45.136 0.0000000000
71087  23.920  19.211  -43.950 0.0000000000
71872  24.624  19.379  -45.033 0.0000000000
71097  25.313  18.384  -44.585 0.0000000000
108307  28.235  -0.044  -38.678 0.0000000000
55443  27.177  -1.016  -37.715 0.0000000000
50628  23.891  -5.465  -34.491 0.0000000000
66285  26.285  12.203  -39.648 0.0000000000
122159  25.953  13.406  -39.926 0.0000000000
68009  26.595  14.595  -42.069 0.0000000000
69569  26.881  15.989  -43.402 0.0000000000
57125  24.840  1.122  -37.689 0.0000000000
101167  25.699  2.241  -38.318 0.0000000000
115828  27.852  1.531  -38.848 0.0000000000
56275  28.574  0.662  -38.982 0.0000000000
108881  28.313  6.813  -39.599 0.0000000000
60477  28.901  5.216  -39.474 0.0000000000
61333  29.495  6.500  -39.799 0.0000000000
61322  26.484  6.048  -38.704 0.0000000000
62171  25.616  7.218  -38.438 0.0000000000
107003  26.617  6.986  -38.779 0.0000000000
114060  27.766  8.385  -39.580 0.0000000000
118326  28.673  9.439  -40.461 0.0000000000
102067  29.333  10.785  -40.810 0.0000000000
66301  27.443  12.218  -41.045 0.0000000000
66312  29.133  12.642  -41.454 0.0000000000
69535  24.014  16.716  -39.697 0.0000000000
72584  23.246  20.281  -42.118 0.0000000000
107973  23.877  18.829  -41.166 0.0000000000
71071  24.070  18.076  -40.773 0.0000000000
69548  24.526  16.660  -40.671 0.0000000000
69561  24.933  16.575  -41.807 0.0000000000
69581  26.140  16.950  -43.899 0.0000000000
53550  24.896  -2.330  -36.674 0.0000000000
108312  25.633  0.153  -37.520 0.0000000000
101339  28.952  3.579  -39.022 0.0000000000
57135  29.318  1.886  -38.768 0.0000000000
68769  24.506  15.203  -39.365 0.0000000000
114598  24.550  15.983  -40.042 0.0000000000
115604  27.289  4.411  -38.937 0.0000000000
60466  28.146  4.584  -39.214 0.0000000000
50615  23.436  -5.906  -33.869 0.0000000000
64658  26.074  10.192  -38.639 0.0000000000
64657  26.905  10.167  -39.318 0.0000000000
108864  26.488  10.838  -39.146 0.0000000000
104689  27.683  15.721  -43.214 0.0000000000
68021  28.441  15.031  -42.496 0.0000000000
112836  21.332  18.533  -39.081 0.0000000000
71873  24.196  20.137  -45.448 0.0000000000
71871  25.049  19.219  -45.034 0.0000000000
55442  28.273  -0.342  -38.346 0.0000000000
116862  27.766  -0.585  -38.222 0.0000000000
117983  24.319  -3.132  -36.207 0.0000000000
102968  25.588  13.022  -39.151 0.0000000000
67995  25.758  14.516  -41.100 0.0000000000
68807  26.761  15.284  -42.815 0.0000000000
68808  25.970  15.792  -42.872 0.0000000000
72565  21.536  20.257  -39.837 0.0000000000
115669  26.372  2.793  -38.588 0.0000000000
115827  28.002  3.069  -38.936 0.0000000000
101349  27.422  2.514  -38.782 0.0000000000
115438  28.716  1.434  -39.079 0.0000000000
51640  23.536  -4.749  -34.705 0.0000000000
62182  29.017  7.071  -39.957 0.0000000000
116490  29.880  7.421  -40.160 0.0000000000
60468  25.491  5.081  -38.478 0.0000000000
63010  25.904  8.742  -38.478 0.0000000000
62170  26.294  7.934  -38.617 0.0000000000
110513  27.227  7.795  -39.203 0.0000000000
63858  27.748  10.068  -40.065 0.0000000000
64674  28.549  10.388  -40.677 0.0000000000
65452  28.635  11.266  -40.992 0.0000000000
66302  26.716  12.521  -40.609 0.0000000000
65454  26.952  11.832  -40.434 0.0000000000
66314  27.271  12.933  -41.276 0.0000000000
66313  28.203  12.733  -41.502 0.0000000000
66300  29.571  12.273  -41.122 0.0000000000
70288  22.679  17.362  -39.103 0.0000000000
69538  21.522  16.332  -38.892 0.0000000000
69537  22.399  16.733  -38.817 0.0000000000
69536  23.206  16.702  -39.079 0.0000000000
70287  23.473  17.352  -39.546 0.0000000000
72603  23.409  20.537  -45.147 0.0000000000
73321  22.838  21.263  -45.215 0.0000000000
110247  23.657  19.623  -42.688 0.0000000000
71086  24.386  18.462  -43.740 0.0000000000
71078  24.405  18.143  -42.114 0.0000000000
70305  24.498  17.358  -41.334 0.0000000000
70314  24.805  17.203  -42.558 0.0000000000
71096  25.824  18.527  -44.536 0.0000000000
70323  25.901  17.794  -44.321 0.0000000000
117949  26.497  17.949  -44.250 0.0000000000
70322  26.825  17.375  -44.069 0.0000000000
56278  25.689  0.867  -37.856 0.0000000000
56263  25.012  0.635  -37.548 0.0000000000
56262  26.502  0.102  -37.890 0.0000000000
54543  27.061  -1.590  -37.450 0.0000000000
54544  26.497  -1.442  -37.368 0.0000000000
54533  26.548  -2.167  -37.172 0.0000000000
115437  28.935  4.389  -39.225 0.0000000000
101403  29.453  4.121  -38.789 0.0000000000
105151  25.396  13.842  -39.473 0.0000000000
67982  24.707  14.386  -39.073 0.0000000000
68782  25.093  15.185  -40.626 0.0000000000
115829  26.914  3.917  -38.767 0.0000000000
51651  24.733  -4.588  -35.670 0.0000000000
50640  25.154  -5.180  -35.382 0.0000000000
50639  25.776  -5.055  -35.327 0.0000000000
63857  29.694  9.250  -40.547 0.0000000000
63006  29.890  8.412  -40.456 0.0000000000
122338  27.209  11.276  -40.320 0.0000000000
101753  27.455  14.104  -42.062 0.0000000000
68008  28.376  14.382  -42.204 0.0000000000
71060  23.043  18.036  -39.511 0.0000000000
72602  23.792  20.695  -45.706 0.0000000000
71862  24.260  19.055  -44.655 0.0000000000
71098  24.747  18.655  -44.632 0.0000000000
70324  24.980  17.970  -44.185 0.0000000000
71110  25.177  18.890  -44.911 0.0000000000
56261  27.412  -0.032  -38.347 0.0000000000
122038  27.126  -0.500  -37.982 0.0000000000
55433  27.625  -1.043  -37.713 0.0000000000
50629  23.088  -5.127  -34.085 0.0000000000
52592  24.109  -3.917  -35.689 0.0000000000
52599  25.415  -3.362  -36.658 0.0000000000
65429  25.086  11.433  -38.410 0.0000000000
65428  26.030  11.515  -38.951 0.0000000000
106248  26.260  12.881  -40.072 0.0000000000
67156  26.458  13.277  -40.790 0.0000000000
67157  25.899  13.925  -40.449 0.0000000000
67994  26.458  13.957  -41.353 0.0000000000
114011  27.578  16.381  -43.552 0.0000000000
117368  20.927  19.755  -39.387 0.0000000000
72575  22.378  20.545  -40.453 0.0000000000
57126  25.176  1.643  -37.959 0.0000000000
102822  26.133  1.495  -38.249 0.0000000000
101540  26.730  2.016  -38.556 0.0000000000
120867  27.016  1.304  -38.499 0.0000000000
56276  27.708  0.615  -38.680 0.0000000000
56260  28.811  0.249  -38.774 0.0000000000
61335  27.874  6.173  -39.370 0.0000000000
60478  28.224  5.481  -39.364 0.0000000000
61334  28.783  6.137  -39.635 0.0000000000
117658  29.304  5.790  -39.578 0.0000000000
60475  29.717  5.991  -39.539 0.0000000000
115628  30.202  6.639  -39.630 0.0000000000
115567  30.143  5.864  -39.183 0.0000000000
60467  26.263  5.350  -38.648 0.0000000000
120913  25.875  6.548  -38.501 0.0000000000
118474  27.158  6.306  -39.037 0.0000000000
61336  27.548  6.970  -39.324 0.0000000000
62183  28.243  7.664  -39.693 0.0000000000
63008  28.525  8.565  -40.072 0.0000000000
101739  27.864  9.155  -39.793 0.0000000000
63007  29.200  8.710  -40.472 0.0000000000
64673  29.439  10.067  -40.647 0.0000000000
65437  26.708  11.406  -39.771 0.0000000000
65453  27.662  11.557  -40.789 0.0000000000
65461  28.361  12.033  -41.234 0.0000000000
119996  29.136  11.925  -41.260 0.0000000000
68770  23.816  16.017  -39.144 0.0000000000
108231  22.811  20.695  -41.184 0.0000000000
72574  23.021  20.069  -40.855 0.0000000000
71839  23.229  19.313  -40.449 0.0000000000
71072  23.486  18.558  -40.145 0.0000000000
71079  24.056  19.023  -42.463 0.0000000000
70298  24.105  17.382  -40.277 0.0000000000
69560  25.437  15.976  -42.157 0.0000000000
70313  25.311  17.305  -43.643 0.0000000000
69570  25.448  16.484  -43.017 0.0000000000
119453  26.229  16.330  -43.458 0.0000000000
69580  27.007  16.693  -43.844 0.0000000000
121944  25.470  -0.343  -37.233 0.0000000000
55444  26.338  -0.618  -37.560 0.0000000000
54545  25.669  -1.005  -37.090 0.0000000000
54534  25.789  -1.879  -37.032 0.0000000000
53549  25.952  -2.805  -37.025 0.0000000000
115563  28.490  3.701  -39.050 0.0000000000
101289  28.724  2.881  -38.988 0.0000000000
115539  29.225  2.856  -38.758 0.0000000000
115538  28.992  1.978  -39.061 0.0000000000
57124  29.149  1.077  -38.972 0.0000000000
51639  24.346  -5.032  -35.071 0.0000000000
71109  25.451  18.997  -44.849 0.0000000000
72611  24.720  19.636  -45.134 0.0000000000
104091  28.808  13.251  -41.678 0.0000000000
