#!ascii label  , from subject sub-v2s9x29158_ses-1 vox2ras=TkReg
384
69122  -28.186  -8.441  -49.587 0.0000000000
65983  -24.668  -11.867  -45.835 0.0000000000
126181  -31.297  -11.057  -46.364 0.0000000000
63232  -27.921  -14.593  -45.161 0.0000000000
125762  -28.164  2.030  -53.522 0.0000000000
76750  -30.658  -0.315  -50.667 0.0000000000
72022  -24.108  -4.955  -49.640 0.0000000000
58849  -27.374  -18.562  -43.866 0.0000000000
126596  -26.794  -13.438  -45.727 0.0000000000
63211  -24.728  -14.670  -44.542 0.0000000000
77665  -28.941  0.986  -52.400 0.0000000000
137053  -26.939  -0.965  -51.704 0.0000000000
69090  -23.706  -8.649  -47.479 0.0000000000
71008  -21.999  -6.408  -47.206 0.0000000000
131837  -26.078  -7.201  -49.992 0.0000000000
73019  -29.936  -4.374  -50.399 0.0000000000
72011  -31.515  -5.667  -48.793 0.0000000000
71014  -32.701  -7.034  -47.699 0.0000000000
68040  -22.812  -9.788  -45.721 0.0000000000
136763  -25.707  -10.485  -47.801 0.0000000000
121264  -29.741  -9.342  -47.496 0.0000000000
65994  -27.845  -11.787  -46.818 0.0000000000
65000  -29.742  -12.911  -45.726 0.0000000000
115576  -31.329  -15.007  -45.901 0.0000000000
73920  -23.691  -2.623  -50.280 0.0000000000
73934  -28.360  -3.374  -51.390 0.0000000000
123869  -32.803  -1.798  -49.266 0.0000000000
61135  -25.292  -16.756  -43.430 0.0000000000
61153  -27.865  -16.353  -44.667 0.0000000000
63210  -23.960  -14.540  -44.381 0.0000000000
62217  -23.693  -15.142  -43.611 0.0000000000
76777  -26.645  -0.333  -51.772 0.0000000000
75761  -24.372  -1.278  -51.145 0.0000000000
69107  -25.850  -8.659  -49.125 0.0000000000
69106  -25.020  -8.076  -48.945 0.0000000000
70081  -27.319  -7.859  -50.093 0.0000000000
135108  -29.061  -6.463  -50.228 0.0000000000
70084  -29.939  -7.062  -48.988 0.0000000000
71029  -32.308  -6.455  -48.140 0.0000000000
70066  -30.576  -7.449  -48.419 0.0000000000
67007  -23.215  -10.580  -45.373 0.0000000000
68048  -24.133  -9.894  -46.875 0.0000000000
65991  -25.362  -11.200  -46.859 0.0000000000
66010  -26.753  -11.172  -47.570 0.0000000000
65992  -26.150  -11.674  -46.917 0.0000000000
63231  -27.089  -14.071  -45.353 0.0000000000
64998  -27.926  -12.847  -45.906 0.0000000000
64093  -29.205  -13.615  -45.539 0.0000000000
64095  -31.135  -14.152  -45.892 0.0000000000
63234  -29.605  -14.669  -45.492 0.0000000000
79371  -26.408  2.146  -52.701 0.0000000000
122860  -26.151  3.018  -52.178 0.0000000000
79390  -26.793  2.841  -53.110 0.0000000000
80338  -27.867  3.452  -54.538 0.0000000000
79408  -29.047  2.977  -53.391 0.0000000000
77666  -29.369  0.498  -51.674 0.0000000000
72007  -22.719  -5.305  -48.355 0.0000000000
72984  -22.677  -4.470  -48.703 0.0000000000
136715  -23.804  -4.156  -49.746 0.0000000000
73931  -25.750  -3.575  -51.307 0.0000000000
73014  -25.816  -4.359  -51.057 0.0000000000
73910  -32.423  -3.532  -49.182 0.0000000000
73925  -31.067  -3.277  -50.088 0.0000000000
74820  -33.675  -2.228  -48.909 0.0000000000
67019  -30.741  -10.410  -46.528 0.0000000000
68066  -32.457  -9.192  -47.032 0.0000000000
58848  -26.412  -18.336  -43.494 0.0000000000
61136  -26.376  -16.859  -43.861 0.0000000000
123809  -26.880  -16.161  -44.289 0.0000000000
61137  -27.339  -17.092  -44.318 0.0000000000
64994  -24.502  -12.675  -45.501 0.0000000000
64995  -25.286  -12.514  -46.036 0.0000000000
64075  -24.422  -13.517  -45.133 0.0000000000
64076  -25.226  -14.126  -45.115 0.0000000000
63213  -27.150  -14.887  -44.922 0.0000000000
78529  -26.804  1.396  -53.076 0.0000000000
78547  -28.608  1.485  -53.056 0.0000000000
77683  -27.404  0.706  -52.919 0.0000000000
135226  -27.943  -0.069  -52.051 0.0000000000
120531  -28.421  -0.648  -51.757 0.0000000000
70038  -22.225  -7.837  -46.629 0.0000000000
70050  -22.359  -7.222  -47.083 0.0000000000
71026  -24.175  -6.585  -48.934 0.0000000000
71048  -26.353  -6.125  -50.507 0.0000000000
135434  -27.239  -5.146  -50.955 0.0000000000
72034  -28.147  -5.766  -50.776 0.0000000000
73002  -30.515  -4.852  -49.814 0.0000000000
73005  -33.049  -4.030  -48.655 0.0000000000
72014  -34.197  -5.272  -47.982 0.0000000000
58826  -29.087  -18.599  -43.254 0.0000000000
58850  -29.189  -17.959  -44.094 0.0000000000
68047  -22.859  -9.157  -46.311 0.0000000000
68060  -25.044  -9.471  -48.208 0.0000000000
68081  -26.539  -9.698  -48.681 0.0000000000
68083  -29.051  -9.172  -48.141 0.0000000000
67045  -27.829  -10.031  -48.294 0.0000000000
67034  -28.909  -10.329  -47.224 0.0000000000
65996  -29.456  -11.389  -46.362 0.0000000000
65009  -26.609  -12.351  -46.491 0.0000000000
65011  -28.303  -12.266  -46.267 0.0000000000
65013  -30.316  -12.136  -46.012 0.0000000000
64107  -31.775  -13.640  -46.230 0.0000000000
63252  -32.650  -14.350  -46.289 0.0000000000
79393  -29.639  2.605  -52.724 0.0000000000
73930  -25.275  -2.721  -51.345 0.0000000000
74848  -27.375  -2.023  -51.642 0.0000000000
75764  -29.747  -1.704  -51.088 0.0000000000
73025  -28.838  -3.929  -51.074 0.0000000000
74831  -30.575  -2.588  -50.484 0.0000000000
128212  -31.443  -1.060  -49.991 0.0000000000
69094  -30.940  -8.510  -47.560 0.0000000000
69096  -33.095  -8.522  -47.282 0.0000000000
113816  -23.891  -15.812  -43.205 0.0000000000
62219  -24.985  -16.014  -43.671 0.0000000000
62245  -26.328  -15.300  -44.535 0.0000000000
62246  -27.968  -15.409  -44.903 0.0000000000
60038  -28.934  -17.441  -44.775 0.0000000000
61155  -29.443  -16.749  -45.125 0.0000000000
62273  -29.579  -15.775  -45.387 0.0000000000
75749  -23.839  -1.126  -50.780 0.0000000000
69121  -27.534  -8.500  -49.655 0.0000000000
69120  -26.710  -8.446  -49.579 0.0000000000
117769  -28.504  -7.850  -49.883 0.0000000000
69123  -28.874  -8.189  -49.204 0.0000000000
70065  -29.735  -7.907  -48.642 0.0000000000
65976  -23.848  -11.931  -45.149 0.0000000000
65982  -23.425  -11.209  -45.085 0.0000000000
67008  -24.095  -11.099  -45.750 0.0000000000
67016  -24.640  -10.662  -46.680 0.0000000000
135482  -24.814  -11.341  -46.326 0.0000000000
65984  -25.357  -11.818  -46.412 0.0000000000
122185  -27.899  -13.933  -45.385 0.0000000000
63233  -28.621  -14.220  -45.369 0.0000000000
62272  -28.744  -15.132  -45.255 0.0000000000
79391  -27.181  2.121  -53.303 0.0000000000
130957  -27.550  2.619  -53.655 0.0000000000
135077  -27.907  2.965  -54.147 0.0000000000
80323  -28.371  2.662  -53.688 0.0000000000
120532  -29.983  -0.035  -51.153 0.0000000000
77667  -30.203  0.854  -51.219 0.0000000000
130981  -30.609  0.383  -50.807 0.0000000000
127585  -31.267  0.380  -50.382 0.0000000000
132806  -23.647  -5.250  -49.131 0.0000000000
72008  -23.189  -5.094  -48.819 0.0000000000
72985  -23.333  -4.438  -49.257 0.0000000000
73001  -24.378  -4.278  -50.133 0.0000000000
73013  -25.057  -4.279  -50.657 0.0000000000
72031  -25.490  -4.938  -50.656 0.0000000000
73911  -33.413  -3.148  -48.722 0.0000000000
74819  -32.659  -2.684  -49.215 0.0000000000
130444  -32.395  -10.285  -46.617 0.0000000000
120799  -32.857  -10.924  -46.574 0.0000000000
60021  -25.902  -17.568  -43.486 0.0000000000
60022  -26.865  -17.720  -43.892 0.0000000000
60023  -27.789  -17.992  -44.385 0.0000000000
64980  -23.809  -12.874  -44.868 0.0000000000
125354  -24.405  -14.125  -44.766 0.0000000000
63212  -26.238  -14.504  -45.091 0.0000000000
118702  -25.544  -14.782  -44.693 0.0000000000
77664  -26.564  0.862  -52.584 0.0000000000
77682  -26.229  0.343  -51.892 0.0000000000
76778  -27.355  -0.392  -51.837 0.0000000000
76779  -27.884  -0.746  -51.825 0.0000000000
69083  -22.919  -8.555  -46.849 0.0000000000
70051  -23.081  -7.822  -47.418 0.0000000000
69119  -25.773  -7.800  -49.563 0.0000000000
70078  -24.884  -7.244  -49.227 0.0000000000
70079  -25.472  -7.052  -49.704 0.0000000000
71040  -24.916  -6.377  -49.630 0.0000000000
71041  -25.824  -6.570  -50.114 0.0000000000
71050  -27.623  -6.546  -50.629 0.0000000000
71044  -30.167  -6.338  -49.345 0.0000000000
71052  -29.657  -6.041  -49.988 0.0000000000
72024  -31.054  -5.284  -49.273 0.0000000000
72990  -31.813  -5.070  -48.916 0.0000000000
72991  -32.698  -4.876  -48.590 0.0000000000
72992  -33.621  -4.640  -48.342 0.0000000000
72012  -32.313  -5.744  -48.457 0.0000000000
70068  -31.972  -6.896  -48.049 0.0000000000
71030  -32.994  -6.217  -47.867 0.0000000000
70056  -34.414  -7.530  -47.495 0.0000000000
133710  -28.395  -19.355  -43.333 0.0000000000
58827  -29.760  -18.384  -42.318 0.0000000000
68039  -21.912  -9.447  -45.156 0.0000000000
68046  -22.206  -9.099  -45.723 0.0000000000
132298  -23.446  -9.680  -46.410 0.0000000000
67029  -24.957  -10.143  -47.606 0.0000000000
68059  -24.316  -9.372  -47.531 0.0000000000
68061  -25.773  -10.015  -48.327 0.0000000000
67044  -27.167  -9.924  -48.537 0.0000000000
67031  -26.493  -10.444  -48.155 0.0000000000
66011  -27.533  -11.264  -47.419 0.0000000000
67033  -28.169  -10.643  -47.616 0.0000000000
66012  -28.179  -11.285  -47.092 0.0000000000
67017  -28.807  -10.924  -46.847 0.0000000000
64996  -26.122  -12.982  -46.055 0.0000000000
65008  -25.894  -12.283  -46.401 0.0000000000
64997  -27.075  -12.935  -46.080 0.0000000000
64999  -28.782  -12.819  -45.772 0.0000000000
65012  -29.189  -12.150  -46.063 0.0000000000
65014  -31.460  -12.695  -46.174 0.0000000000
64106  -30.800  -13.205  -45.867 0.0000000000
63235  -30.530  -14.638  -45.696 0.0000000000
63251  -31.993  -14.452  -46.239 0.0000000000
121561  -32.028  -14.864  -46.146 0.0000000000
117345  -32.933  -14.520  -46.153 0.0000000000
78548  -29.341  1.798  -52.536 0.0000000000
71007  -21.157  -6.238  -46.360 0.0000000000
73905  -22.444  -2.394  -49.340 0.0000000000
117395  -22.988  -2.227  -49.758 0.0000000000
74839  -24.433  -1.862  -51.082 0.0000000000
116158  -24.483  -2.641  -50.870 0.0000000000
73933  -27.013  -3.433  -51.481 0.0000000000
73932  -26.175  -3.131  -51.485 0.0000000000
74841  -27.696  -2.777  -51.576 0.0000000000
75762  -28.502  -1.535  -51.628 0.0000000000
74843  -29.275  -2.204  -51.311 0.0000000000
73017  -28.620  -4.846  -50.827 0.0000000000
73016  -27.812  -5.025  -50.971 0.0000000000
133835  -29.249  -4.346  -50.751 0.0000000000
74833  -31.924  -2.223  -49.601 0.0000000000
74832  -31.295  -2.596  -50.023 0.0000000000
75751  -31.209  -1.822  -50.169 0.0000000000
75752  -32.007  -1.386  -49.600 0.0000000000
75741  -32.789  -0.906  -49.405 0.0000000000
69093  -29.954  -8.642  -47.905 0.0000000000
68064  -30.606  -9.168  -47.279 0.0000000000
61122  -24.612  -16.914  -42.968 0.0000000000
123278  -24.266  -16.360  -42.911 0.0000000000
61134  -24.397  -16.307  -43.270 0.0000000000
62218  -24.127  -15.740  -43.721 0.0000000000
131779  -27.266  -15.590  -44.624 0.0000000000
62247  -28.718  -16.079  -45.124 0.0000000000
64074  -23.762  -13.760  -44.448 0.0000000000
63209  -23.608  -14.468  -43.902 0.0000000000
136249  -23.755  -14.868  -44.052 0.0000000000
62243  -24.056  -15.157  -44.165 0.0000000000
76776  -25.641  -0.319  -51.621 0.0000000000
75768  -24.919  -0.930  -51.431 0.0000000000
117380  -26.042  -1.205  -51.620 0.0000000000
69092  -25.116  -8.790  -48.590 0.0000000000
132459  -24.526  -8.247  -48.421 0.0000000000
70080  -26.640  -7.595  -50.051 0.0000000000
70089  -27.175  -7.168  -50.404 0.0000000000
135895  -28.256  -7.586  -50.220 0.0000000000
129541  -29.466  -6.776  -49.751 0.0000000000
71028  -31.585  -6.364  -48.496 0.0000000000
71027  -30.736  -6.691  -48.711 0.0000000000
70067  -31.343  -7.137  -48.234 0.0000000000
70054  -31.942  -7.506  -47.746 0.0000000000
67015  -23.731  -10.295  -46.148 0.0000000000
67030  -25.325  -10.698  -47.280 0.0000000000
66009  -25.984  -10.972  -47.473 0.0000000000
65993  -27.041  -11.817  -47.002 0.0000000000
64091  -27.526  -13.432  -45.653 0.0000000000
64092  -28.329  -13.444  -45.568 0.0000000000
64094  -30.165  -13.834  -45.627 0.0000000000
79370  -25.380  2.375  -51.672 0.0000000000
80322  -27.257  3.376  -53.668 0.0000000000
80340  -29.180  3.804  -53.572 0.0000000000
78530  -29.722  1.366  -51.774 0.0000000000
78531  -30.601  1.727  -51.268 0.0000000000
119669  -21.336  -3.585  -47.877 0.0000000000
72983  -21.995  -3.600  -48.554 0.0000000000
73892  -22.623  -3.517  -49.087 0.0000000000
73907  -23.949  -3.573  -50.077 0.0000000000
73921  -24.479  -3.490  -50.537 0.0000000000
73022  -26.410  -3.974  -51.311 0.0000000000
132819  -27.705  -3.639  -51.399 0.0000000000
73908  -30.779  -4.062  -49.991 0.0000000000
73926  -31.800  -3.026  -49.608 0.0000000000
68049  -30.220  -9.789  -46.906 0.0000000000
68050  -31.156  -9.733  -46.772 0.0000000000
68051  -32.036  -9.768  -46.750 0.0000000000
60000  -25.124  -17.498  -43.112 0.0000000000
60037  -28.191  -17.340  -44.653 0.0000000000
64089  -25.241  -13.309  -45.660 0.0000000000
64090  -26.115  -13.746  -45.524 0.0000000000
78527  -24.865  1.581  -51.518 0.0000000000
78528  -26.050  1.501  -52.243 0.0000000000
78546  -27.777  1.368  -53.311 0.0000000000
113947  -28.176  0.769  -52.896 0.0000000000
114707  -27.053  0.313  -52.292 0.0000000000
77684  -27.878  0.363  -52.560 0.0000000000
76763  -28.440  0.225  -52.078 0.0000000000
76764  -29.193  -0.408  -51.525 0.0000000000
71009  -22.929  -6.944  -47.665 0.0000000000
70063  -23.549  -7.396  -47.975 0.0000000000
71024  -22.793  -6.142  -48.009 0.0000000000
116764  -23.458  -5.861  -48.693 0.0000000000
72009  -24.143  -5.787  -49.299 0.0000000000
131034  -24.673  -5.582  -49.809 0.0000000000
72032  -26.144  -5.293  -50.772 0.0000000000
72033  -26.947  -5.755  -50.782 0.0000000000
131787  -27.564  -5.687  -50.823 0.0000000000
73018  -29.325  -4.908  -50.549 0.0000000000
71051  -28.416  -6.513  -50.503 0.0000000000
72035  -29.003  -5.704  -50.483 0.0000000000
73003  -31.295  -4.573  -49.446 0.0000000000
73899  -34.019  -3.782  -48.488 0.0000000000
73900  -34.848  -3.679  -48.579 0.0000000000
72993  -34.713  -4.487  -48.313 0.0000000000
72013  -33.263  -5.458  -48.155 0.0000000000
65998  -32.288  -11.564  -46.438 0.0000000000
115913  -28.338  -18.649  -44.050 0.0000000000
69091  -24.424  -8.792  -48.059 0.0000000000
68080  -25.841  -9.349  -48.727 0.0000000000
133711  -26.480  -9.105  -49.053 0.0000000000
69109  -27.858  -9.048  -49.188 0.0000000000
69110  -28.535  -8.821  -48.901 0.0000000000
125650  -27.623  -9.521  -48.745 0.0000000000
68082  -28.234  -9.447  -48.583 0.0000000000
68062  -28.656  -9.860  -47.851 0.0000000000
67032  -27.319  -10.608  -48.030 0.0000000000
68063  -29.386  -9.867  -47.269 0.0000000000
67018  -29.661  -10.506  -46.681 0.0000000000
132150  -30.415  -11.183  -46.313 0.0000000000
65010  -27.466  -12.358  -46.437 0.0000000000
65995  -28.608  -11.618  -46.557 0.0000000000
65997  -31.298  -11.798  -46.248 0.0000000000
126224  -32.099  -12.326  -46.369 0.0000000000
65015  -32.446  -13.085  -46.424 0.0000000000
79392  -28.895  2.231  -53.211 0.0000000000
79372  -30.112  2.219  -51.942 0.0000000000
74830  -23.768  -1.751  -50.604 0.0000000000
130272  -25.137  -1.751  -51.437 0.0000000000
74840  -26.029  -2.225  -51.571 0.0000000000
74847  -26.809  -1.723  -51.624 0.0000000000
75763  -29.190  -1.283  -51.440 0.0000000000
76765  -29.968  -0.960  -50.977 0.0000000000
73015  -26.632  -4.825  -51.033 0.0000000000
73024  -28.117  -4.207  -51.202 0.0000000000
73924  -30.290  -3.491  -50.472 0.0000000000
73936  -29.776  -2.897  -50.874 0.0000000000
73935  -29.081  -3.113  -51.233 0.0000000000
74844  -29.936  -2.236  -50.879 0.0000000000
118743  -30.854  -1.073  -50.503 0.0000000000
76751  -31.356  -0.407  -50.169 0.0000000000
116958  -32.036  0.303  -49.775 0.0000000000
130159  -29.211  -8.541  -48.549 0.0000000000
69111  -30.477  -8.051  -48.057 0.0000000000
133282  -32.602  -7.806  -47.516 0.0000000000
68065  -31.518  -9.106  -47.139 0.0000000000
69095  -31.930  -8.344  -47.409 0.0000000000
70055  -33.414  -7.650  -47.471 0.0000000000
62244  -25.121  -15.371  -44.169 0.0000000000
62220  -25.875  -16.029  -43.954 0.0000000000
128223  -28.490  -17.922  -44.453 0.0000000000
61154  -28.652  -16.889  -44.978 0.0000000000
60039  -29.607  -17.360  -44.562 0.0000000000
62274  -30.443  -15.389  -45.599 0.0000000000
67020  -31.806  -10.486  -46.529 0.0000000000
68058  -23.580  -9.226  -46.922 0.0000000000
69108  -27.159  -9.188  -49.074 0.0000000000
70052  -23.918  -8.062  -47.984 0.0000000000
70053  -31.190  -7.821  -47.858 0.0000000000
70064  -24.220  -7.476  -48.527 0.0000000000
70082  -27.913  -7.903  -50.158 0.0000000000
70083  -29.205  -7.511  -49.484 0.0000000000
70090  -28.066  -7.256  -50.446 0.0000000000
71025  -23.529  -6.735  -48.297 0.0000000000
71042  -26.550  -6.879  -50.312 0.0000000000
71043  -28.712  -7.181  -50.153 0.0000000000
71049  -26.965  -6.521  -50.576 0.0000000000
71999  -33.927  -6.026  -47.720 0.0000000000
72010  -30.874  -5.956  -48.990 0.0000000000
72023  -25.470  -5.712  -50.296 0.0000000000
72036  -29.798  -5.255  -50.175 0.0000000000
73004  -32.133  -4.333  -49.092 0.0000000000
73023  -27.267  -4.342  -51.225 0.0000000000
73906  -23.265  -3.299  -49.654 0.0000000000
73909  -31.557  -3.810  -49.556 0.0000000000
73922  -25.178  -3.519  -51.044 0.0000000000
73923  -29.525  -3.694  -50.816 0.0000000000
74842  -28.507  -2.480  -51.517 0.0000000000
74849  -27.922  -1.791  -51.689 0.0000000000
75750  -30.373  -1.735  -50.672 0.0000000000
75769  -27.440  -1.236  -51.692 0.0000000000
122509  -26.850  -2.577  -51.571 0.0000000000
123268  -30.340  -5.616  -49.616 0.0000000000
124172  -24.833  -4.995  -50.227 0.0000000000
124999  -27.633  0.158  -52.217 0.0000000000
132990  -27.634  -7.378  -50.376 0.0000000000
137036  -29.193  -9.547  -47.682 0.0000000000
