#!ascii label  , from subject sub-v2s9x29158_ses-1 vox2ras=TkReg
393
113076  27.851  -52.440  -12.843 0.0000000000
126659  27.341  -60.581  -27.303 0.0000000000
14908  29.688  -59.174  -16.768 0.0000000000
16990  28.227  -56.621  -21.391 0.0000000000
10490  33.497  -63.482  -25.540 0.0000000000
12073  33.668  -62.082  -20.135 0.0000000000
10475  33.020  -64.282  -23.476 0.0000000000
13978  28.669  -59.346  -23.314 0.0000000000
20103  25.504  -53.326  -22.398 0.0000000000
18932  25.350  -53.734  -15.020 0.0000000000
117370  29.335  -59.011  -18.708 0.0000000000
13007  32.698  -60.165  -22.089 0.0000000000
11325  29.547  -61.897  -26.762 0.0000000000
115913  27.699  -65.599  -27.171 0.0000000000
18886  32.568  -54.440  -9.604 0.0000000000
20980  26.357  -52.315  -10.280 0.0000000000
17908  23.062  -55.294  -14.700 0.0000000000
121391  24.520  -51.343  -19.021 0.0000000000
11244  32.556  -63.089  -21.081 0.0000000000
13030  27.785  -60.455  -25.840 0.0000000000
14963  27.680  -57.886  -23.957 0.0000000000
16939  27.154  -56.784  -16.656 0.0000000000
118288  29.405  -58.753  -17.309 0.0000000000
11255  35.164  -62.346  -22.842 0.0000000000
12991  33.599  -60.657  -21.462 0.0000000000
12099  33.032  -62.094  -23.607 0.0000000000
12108  31.061  -62.225  -24.535 0.0000000000
11304  31.690  -62.843  -26.057 0.0000000000
9697  25.683  -64.691  -26.770 0.0000000000
19954  25.004  -52.903  -10.040 0.0000000000
20991  23.771  -52.891  -11.860 0.0000000000
123380  22.933  -54.030  -12.151 0.0000000000
16992  25.613  -56.189  -19.915 0.0000000000
19028  24.877  -54.116  -20.251 0.0000000000
22222  25.005  -51.069  -23.253 0.0000000000
24398  24.669  -49.856  -21.292 0.0000000000
12043  31.159  -61.827  -16.884 0.0000000000
12957  32.217  -61.481  -18.036 0.0000000000
12074  32.919  -62.587  -19.784 0.0000000000
10447  33.809  -63.422  -21.455 0.0000000000
9628  33.611  -64.242  -24.501 0.0000000000
14956  29.684  -58.071  -22.258 0.0000000000
18012  26.768  -55.132  -21.609 0.0000000000
18019  27.206  -55.486  -22.473 0.0000000000
20112  26.060  -53.568  -23.737 0.0000000000
13062  24.301  -60.042  -27.552 0.0000000000
21020  25.931  -52.514  -14.035 0.0000000000
15967  26.594  -57.528  -19.013 0.0000000000
14942  28.189  -57.933  -20.357 0.0000000000
13940  31.190  -60.306  -19.555 0.0000000000
14938  31.533  -59.009  -21.271 0.0000000000
118451  30.279  -58.047  -21.427 0.0000000000
13009  30.440  -59.798  -22.649 0.0000000000
13022  29.247  -61.049  -24.232 0.0000000000
13059  28.136  -60.980  -27.266 0.0000000000
116108  30.725  -64.826  -27.240 0.0000000000
10552  28.934  -63.431  -27.407 0.0000000000
10554  26.986  -63.141  -27.179 0.0000000000
135952  26.144  -61.869  -27.242 0.0000000000
18905  32.178  -54.770  -11.258 0.0000000000
113709  30.136  -53.474  -10.895 0.0000000000
20967  29.389  -52.724  -9.539 0.0000000000
133114  27.327  -52.333  -11.614 0.0000000000
21007  24.555  -52.759  -13.102 0.0000000000
18955  24.191  -54.660  -15.098 0.0000000000
15922  26.996  -57.247  -16.395 0.0000000000
15924  24.690  -57.427  -16.333 0.0000000000
121360  28.511  -59.676  -16.519 0.0000000000
21129  24.564  -52.289  -21.307 0.0000000000
122249  29.403  -53.438  -12.194 0.0000000000
19969  29.368  -53.315  -12.925 0.0000000000
21003  28.653  -52.646  -13.376 0.0000000000
13046  27.705  -60.436  -27.033 0.0000000000
13986  27.423  -59.567  -25.540 0.0000000000
15920  28.380  -57.999  -16.825 0.0000000000
14909  28.574  -58.110  -17.139 0.0000000000
118931  30.220  -59.355  -17.085 0.0000000000
11269  34.626  -62.792  -24.072 0.0000000000
12098  34.531  -62.255  -23.561 0.0000000000
11270  34.104  -62.653  -24.622 0.0000000000
11271  32.698  -62.499  -24.640 0.0000000000
130100  32.883  -63.115  -25.805 0.0000000000
8894  23.955  -65.804  -27.322 0.0000000000
19955  24.304  -53.268  -10.439 0.0000000000
119720  27.432  -56.961  -20.776 0.0000000000
19015  24.911  -54.771  -19.887 0.0000000000
18001  26.432  -55.728  -20.907 0.0000000000
24411  25.046  -49.438  -22.516 0.0000000000
12066  31.897  -62.294  -17.760 0.0000000000
12075  32.110  -62.422  -19.204 0.0000000000
10462  32.693  -63.687  -22.216 0.0000000000
10461  34.252  -63.700  -22.874 0.0000000000
9629  32.575  -64.645  -24.461 0.0000000000
13974  29.232  -58.944  -22.699 0.0000000000
17012  28.480  -56.471  -22.082 0.0000000000
14957  28.612  -58.436  -22.822 0.0000000000
17016  27.211  -56.467  -23.879 0.0000000000
19059  26.424  -54.159  -24.271 0.0000000000
21147  25.847  -52.809  -23.970 0.0000000000
19992  25.602  -53.086  -14.606 0.0000000000
20015  25.958  -53.331  -15.478 0.0000000000
18971  26.068  -54.686  -16.175 0.0000000000
15981  27.283  -57.668  -20.034 0.0000000000
14935  28.608  -58.613  -19.664 0.0000000000
12974  32.749  -61.646  -19.978 0.0000000000
13928  31.578  -60.518  -18.234 0.0000000000
13970  32.760  -60.046  -21.650 0.0000000000
13938  32.814  -60.048  -21.327 0.0000000000
13957  32.114  -59.474  -21.476 0.0000000000
14949  30.884  -58.520  -21.443 0.0000000000
14948  31.344  -58.916  -21.655 0.0000000000
13972  31.113  -58.990  -22.136 0.0000000000
13008  31.526  -59.907  -22.385 0.0000000000
11286  30.771  -62.318  -25.459 0.0000000000
12109  29.871  -61.797  -24.777 0.0000000000
12118  29.723  -61.805  -25.872 0.0000000000
12119  28.749  -61.256  -26.284 0.0000000000
12134  28.776  -61.347  -27.039 0.0000000000
6573  25.040  -69.488  -27.554 0.0000000000
8059  26.478  -66.968  -27.115 0.0000000000
120952  26.119  -67.868  -27.299 0.0000000000
8891  27.139  -66.303  -27.073 0.0000000000
10551  29.766  -64.296  -27.352 0.0000000000
9696  28.291  -64.891  -27.275 0.0000000000
9676  25.019  -64.007  -26.710 0.0000000000
120373  26.087  -63.839  -26.838 0.0000000000
129838  26.080  -62.693  -27.015 0.0000000000
11337  26.890  -62.146  -27.363 0.0000000000
11338  25.305  -62.056  -26.997 0.0000000000
18895  33.016  -54.918  -10.130 0.0000000000
18896  32.328  -54.554  -10.396 0.0000000000
19952  30.801  -53.931  -11.093 0.0000000000
19951  31.049  -53.666  -10.054 0.0000000000
20969  27.674  -52.424  -9.389 0.0000000000
20968  28.557  -52.502  -9.386 0.0000000000
20979  27.273  -52.192  -10.156 0.0000000000
20986  27.916  -52.353  -11.054 0.0000000000
20987  26.916  -52.183  -10.958 0.0000000000
133134  25.936  -52.265  -11.823 0.0000000000
20989  25.205  -52.381  -11.480 0.0000000000
18920  23.117  -54.290  -13.663 0.0000000000
19994  23.828  -53.788  -14.042 0.0000000000
18934  23.494  -54.595  -14.533 0.0000000000
17927  24.814  -55.119  -15.478 0.0000000000
16923  24.907  -55.965  -15.744 0.0000000000
13895  24.845  -58.774  -16.719 0.0000000000
13893  26.377  -58.976  -16.580 0.0000000000
14891  26.313  -58.071  -16.399 0.0000000000
19046  25.639  -53.909  -21.722 0.0000000000
20095  25.056  -53.200  -21.563 0.0000000000
23296  24.711  -49.994  -20.479 0.0000000000
13980  28.185  -59.672  -24.208 0.0000000000
14962  27.996  -58.725  -23.793 0.0000000000
17947  26.294  -55.462  -16.113 0.0000000000
16952  27.022  -56.441  -16.779 0.0000000000
15937  27.391  -56.889  -16.925 0.0000000000
11233  35.438  -62.138  -21.351 0.0000000000
12972  34.231  -61.353  -20.866 0.0000000000
13005  35.042  -61.466  -22.012 0.0000000000
12091  33.466  -61.436  -22.621 0.0000000000
13016  32.003  -61.153  -22.781 0.0000000000
11285  32.117  -62.729  -25.339 0.0000000000
11305  30.545  -62.380  -26.321 0.0000000000
115912  26.599  -65.064  -26.905 0.0000000000
8893  24.918  -65.935  -27.034 0.0000000000
124390  24.294  -65.183  -26.981 0.0000000000
20981  25.496  -52.493  -10.536 0.0000000000
20990  24.377  -52.632  -11.487 0.0000000000
20982  24.658  -52.681  -10.800 0.0000000000
19972  23.321  -53.481  -12.375 0.0000000000
18914  22.919  -54.098  -12.820 0.0000000000
119648  24.609  -53.963  -19.412 0.0000000000
20079  24.446  -52.990  -19.394 0.0000000000
22212  24.982  -51.785  -22.979 0.0000000000
21138  24.693  -51.966  -22.226 0.0000000000
23334  24.822  -50.302  -22.749 0.0000000000
24397  25.021  -49.223  -21.645 0.0000000000
13890  30.166  -60.143  -16.621 0.0000000000
13908  30.697  -59.914  -16.862 0.0000000000
133241  32.174  -61.901  -16.991 0.0000000000
12065  32.081  -62.144  -18.541 0.0000000000
122645  33.651  -63.052  -20.311 0.0000000000
11234  34.860  -62.496  -20.735 0.0000000000
10445  35.344  -62.604  -22.325 0.0000000000
10460  34.967  -63.104  -23.364 0.0000000000
15992  28.885  -56.904  -21.579 0.0000000000
18000  27.239  -55.654  -21.551 0.0000000000
17005  28.487  -56.467  -21.855 0.0000000000
18011  27.424  -55.472  -21.953 0.0000000000
19045  26.061  -54.116  -22.416 0.0000000000
16004  27.551  -57.193  -23.407 0.0000000000
18025  26.681  -55.053  -23.108 0.0000000000
20102  25.942  -53.674  -23.013 0.0000000000
21148  25.424  -52.317  -23.445 0.0000000000
22231  25.507  -51.089  -24.009 0.0000000000
13061  25.718  -60.305  -27.382 0.0000000000
21004  26.940  -52.221  -13.175 0.0000000000
112872  27.064  -52.115  -13.900 0.0000000000
21005  26.550  -52.270  -13.762 0.0000000000
15982  26.494  -56.865  -20.246 0.0000000000
125035  27.969  -57.291  -20.790 0.0000000000
13929  30.330  -59.650  -19.032 0.0000000000
13939  32.408  -60.002  -20.815 0.0000000000
118643  31.319  -59.613  -20.519 0.0000000000
13941  30.339  -59.253  -20.240 0.0000000000
14940  30.130  -58.074  -20.943 0.0000000000
15991  29.521  -57.446  -21.419 0.0000000000
15996  29.737  -57.633  -21.763 0.0000000000
13973  30.164  -58.858  -22.410 0.0000000000
13977  29.458  -59.687  -22.940 0.0000000000
13017  30.795  -60.855  -22.992 0.0000000000
13018  29.783  -60.525  -23.346 0.0000000000
13023  28.323  -60.577  -24.743 0.0000000000
13045  28.283  -60.860  -26.903 0.0000000000
9659  31.962  -65.021  -26.305 0.0000000000
7256  25.621  -68.660  -27.433 0.0000000000
9675  31.335  -65.076  -27.020 0.0000000000
10528  31.904  -64.434  -26.752 0.0000000000
11333  31.389  -63.683  -26.827 0.0000000000
11334  30.364  -62.693  -27.004 0.0000000000
121380  29.590  -62.990  -27.330 0.0000000000
121018  27.244  -64.337  -27.099 0.0000000000
10553  28.042  -63.520  -27.359 0.0000000000
11335  28.583  -62.481  -27.424 0.0000000000
135703  28.122  -61.952  -27.484 0.0000000000
12139  27.690  -61.517  -27.443 0.0000000000
129228  26.452  -60.596  -27.393 0.0000000000
12140  25.681  -61.147  -27.277 0.0000000000
129247  32.373  -55.256  -11.878 0.0000000000
17855  33.375  -55.380  -10.699 0.0000000000
128794  30.773  -54.294  -11.884 0.0000000000
19960  30.154  -53.841  -11.836 0.0000000000
19970  28.743  -52.932  -11.699 0.0000000000
19931  30.430  -53.308  -8.298 0.0000000000
19941  31.477  -53.648  -9.234 0.0000000000
19953  29.531  -53.008  -10.467 0.0000000000
19962  28.847  -52.729  -10.823 0.0000000000
20994  27.958  -52.555  -12.006 0.0000000000
20996  26.370  -52.279  -12.437 0.0000000000
21006  25.260  -52.528  -13.141 0.0000000000
19979  25.002  -52.841  -13.809 0.0000000000
20998  24.595  -52.556  -12.299 0.0000000000
19980  24.209  -53.194  -13.528 0.0000000000
18954  25.136  -54.393  -15.296 0.0000000000
17926  25.851  -55.451  -15.798 0.0000000000
116766  26.739  -56.568  -16.307 0.0000000000
113336  28.118  -58.252  -16.586 0.0000000000
16941  25.257  -56.628  -16.028 0.0000000000
14890  27.347  -58.278  -16.455 0.0000000000
13891  29.280  -59.639  -16.558 0.0000000000
18013  26.035  -54.927  -21.110 0.0000000000
128973  24.717  -53.023  -20.842 0.0000000000
22182  24.392  -51.637  -19.733 0.0000000000
22203  24.469  -51.312  -21.589 0.0000000000
136411  24.514  -50.624  -20.288 0.0000000000
8887  30.646  -65.515  -27.047 0.0000000000
9640  33.349  -64.191  -25.273 0.0000000000
9658  32.820  -64.325  -26.020 0.0000000000
9693  31.676  -64.799  -26.898 0.0000000000
9694  30.223  -65.418  -27.244 0.0000000000
9698  24.962  -64.956  -26.789 0.0000000000
10446  35.033  -63.166  -22.015 0.0000000000
10474  34.348  -63.744  -24.109 0.0000000000
10488  34.484  -63.296  -24.420 0.0000000000
10550  31.344  -64.448  -27.037 0.0000000000
10555  25.151  -63.026  -26.782 0.0000000000
11235  33.792  -62.787  -20.235 0.0000000000
11242  35.316  -62.633  -21.451 0.0000000000
11243  34.559  -63.053  -20.745 0.0000000000
11254  35.556  -62.138  -22.017 0.0000000000
11283  34.208  -63.095  -24.940 0.0000000000
11284  33.547  -62.917  -25.329 0.0000000000
11303  32.367  -63.715  -26.308 0.0000000000
11324  31.284  -63.036  -26.536 0.0000000000
11336  27.711  -62.424  -27.437 0.0000000000
12033  31.392  -61.442  -16.806 0.0000000000
12042  31.885  -61.874  -16.903 0.0000000000
12054  32.268  -62.017  -17.289 0.0000000000
12055  31.853  -62.149  -17.076 0.0000000000
12072  35.109  -61.755  -21.003 0.0000000000
12080  35.367  -61.732  -21.755 0.0000000000
12089  35.383  -61.847  -22.214 0.0000000000
12090  34.847  -61.705  -22.498 0.0000000000
12100  31.468  -61.843  -23.603 0.0000000000
12101  30.261  -61.464  -23.853 0.0000000000
12110  28.902  -61.367  -25.143 0.0000000000
12137  29.255  -62.035  -27.206 0.0000000000
12138  28.460  -61.609  -27.328 0.0000000000
12930  31.851  -61.415  -16.939 0.0000000000
12944  32.032  -61.333  -17.213 0.0000000000
12973  33.295  -60.813  -20.788 0.0000000000
12975  32.002  -61.008  -19.635 0.0000000000
12990  34.665  -61.298  -21.604 0.0000000000
13006  33.950  -60.897  -21.912 0.0000000000
13019  28.878  -60.200  -23.753 0.0000000000
13024  27.636  -59.972  -24.919 0.0000000000
13060  26.441  -59.717  -27.324 0.0000000000
13889  31.137  -60.736  -16.777 0.0000000000
13892  27.986  -58.975  -16.423 0.0000000000
13894  25.551  -58.802  -16.634 0.0000000000
13907  31.478  -60.651  -16.942 0.0000000000
13971  31.934  -59.434  -21.833 0.0000000000
14889  28.734  -58.799  -16.617 0.0000000000
14892  25.253  -58.094  -16.464 0.0000000000
14922  30.101  -59.284  -17.732 0.0000000000
14934  29.434  -58.933  -20.031 0.0000000000
14939  30.875  -58.468  -21.068 0.0000000000
14941  29.118  -58.017  -20.708 0.0000000000
14955  30.551  -58.306  -21.852 0.0000000000
15921  27.684  -57.502  -16.766 0.0000000000
15923  26.042  -57.093  -16.181 0.0000000000
15936  27.909  -57.450  -16.990 0.0000000000
15980  28.782  -57.205  -21.125 0.0000000000
15997  28.961  -57.272  -22.260 0.0000000000
15998  27.941  -57.078  -22.711 0.0000000000
16003  27.926  -57.858  -23.055 0.0000000000
16940  26.229  -56.091  -15.961 0.0000000000
16942  24.145  -56.834  -16.191 0.0000000000
16965  25.620  -56.329  -18.017 0.0000000000
16991  27.336  -56.231  -21.182 0.0000000000
17004  29.055  -56.978  -21.785 0.0000000000
17006  27.888  -55.992  -21.760 0.0000000000
17013  27.505  -56.348  -22.810 0.0000000000
17856  32.753  -54.994  -10.751 0.0000000000
17928  23.629  -55.171  -15.169 0.0000000000
17946  26.655  -56.127  -16.444 0.0000000000
17986  25.024  -55.591  -19.429 0.0000000000
18002  25.519  -55.310  -20.380 0.0000000000
18010  27.991  -55.926  -22.032 0.0000000000
18020  26.702  -54.858  -22.327 0.0000000000
18024  26.930  -55.668  -23.451 0.0000000000
18028  26.577  -54.985  -23.964 0.0000000000
18887  31.845  -54.098  -9.843 0.0000000000
18897  31.570  -54.264  -10.708 0.0000000000
18906  31.358  -54.480  -11.567 0.0000000000
18933  24.459  -54.086  -14.705 0.0000000000
19027  25.369  -54.555  -20.666 0.0000000000
19037  26.220  -54.534  -21.749 0.0000000000
19038  25.696  -54.368  -21.256 0.0000000000
19053  26.317  -54.331  -23.280 0.0000000000
19961  29.486  -53.274  -11.370 0.0000000000
19963  23.917  -52.986  -11.095 0.0000000000
19964  23.352  -53.641  -11.508 0.0000000000
19971  23.871  -52.961  -12.707 0.0000000000
19981  23.460  -53.577  -13.206 0.0000000000
19993  24.724  -53.416  -14.286 0.0000000000
20085  25.142  -53.808  -20.943 0.0000000000
20086  24.641  -53.392  -20.188 0.0000000000
20113  25.659  -53.049  -23.225 0.0000000000
20957  29.940  -52.857  -8.922 0.0000000000
20971  25.839  -52.666  -9.725 0.0000000000
20977  28.936  -52.621  -10.060 0.0000000000
20978  28.203  -52.355  -10.113 0.0000000000
20988  26.069  -52.262  -11.102 0.0000000000
20995  27.183  -52.331  -12.307 0.0000000000
20997  25.555  -52.349  -12.392 0.0000000000
21111  24.382  -52.146  -19.217 0.0000000000
21119  24.449  -52.404  -20.178 0.0000000000
21128  24.933  -52.682  -22.074 0.0000000000
21137  25.188  -52.534  -22.738 0.0000000000
21152  25.664  -52.006  -24.092 0.0000000000
22192  24.390  -51.391  -20.544 0.0000000000
22213  24.664  -51.154  -22.473 0.0000000000
23280  24.779  -50.311  -19.760 0.0000000000
23297  24.471  -50.589  -21.009 0.0000000000
23317  24.553  -50.492  -21.872 0.0000000000
23346  25.204  -50.471  -23.500 0.0000000000
24412  24.726  -49.831  -22.030 0.0000000000
25424  25.399  -48.714  -22.145 0.0000000000
113113  25.877  -54.841  -15.803 0.0000000000
113596  32.755  -54.337  -8.887 0.0000000000
114084  26.069  -52.312  -13.163 0.0000000000
114161  25.299  -51.651  -23.574 0.0000000000
114634  26.625  -52.263  -11.704 0.0000000000
117672  25.470  -48.953  -23.015 0.0000000000
117751  27.685  -52.179  -13.656 0.0000000000
119431  32.899  -55.339  -11.339 0.0000000000
120240  28.834  -64.256  -27.360 0.0000000000
121297  24.849  -60.518  -27.336 0.0000000000
121322  27.325  -59.814  -26.558 0.0000000000
122891  26.758  -61.284  -27.410 0.0000000000
123505  25.832  -54.065  -15.740 0.0000000000
124028  30.206  -53.217  -9.929 0.0000000000
126510  30.565  -63.767  -27.173 0.0000000000
127143  34.406  -62.164  -20.432 0.0000000000
127319  23.873  -55.659  -15.570 0.0000000000
128963  28.684  -52.935  -12.499 0.0000000000
131312  23.737  -53.620  -10.784 0.0000000000
131598  27.782  -59.698  -16.586 0.0000000000
132844  28.936  -58.482  -16.918 0.0000000000
133839  30.555  -53.569  -10.513 0.0000000000
134459  28.374  -60.934  -25.478 0.0000000000
134914  27.500  -57.106  -16.878 0.0000000000
