#!ascii label  , from subject sub-v2s9x29166_ses-1 vox2ras=TkReg
636
33546  0.035  -43.517  59.523 0.0000000000
40086  -21.385  -36.058  54.282 0.0000000000
45187  -24.919  -29.767  50.620 0.0000000000
45247  -33.459  -30.164  45.540 0.0000000000
35313  -20.603  -40.518  53.803 0.0000000000
44275  -29.420  -31.582  48.272 0.0000000000
48445  -32.851  -25.967  38.286 0.0000000000
51471  -33.226  -21.198  40.352 0.0000000000
39255  -24.934  -37.593  53.076 0.0000000000
100467  -24.848  -32.839  50.767 0.0000000000
43358  -22.027  -30.980  53.239 0.0000000000
37188  1.163  -39.774  60.522 0.0000000000
40019  -2.262  -36.869  60.975 0.0000000000
39177  -7.332  -37.607  60.516 0.0000000000
36217  -11.458  -40.740  58.775 0.0000000000
33567  -15.346  -43.553  57.986 0.0000000000
32824  -19.315  -44.620  56.786 0.0000000000
35295  -23.907  -41.732  54.624 0.0000000000
41755  -30.069  -34.599  49.897 0.0000000000
52921  -34.133  -18.828  38.932 0.0000000000
40076  -23.343  -35.888  55.461 0.0000000000
41693  -23.835  -33.267  54.608 0.0000000000
42515  -21.620  -33.025  53.275 0.0000000000
86067  0.811  -39.849  58.188 0.0000000000
38162  -0.101  -38.678  60.246 0.0000000000
91830  -16.111  -43.661  55.470 0.0000000000
33588  -17.388  -44.275  57.360 0.0000000000
33632  -18.413  -43.506  55.457 0.0000000000
37297  -20.835  -38.439  53.398 0.0000000000
36289  -21.509  -40.200  55.357 0.0000000000
38230  -21.873  -38.095  54.903 0.0000000000
90739  -25.091  -39.224  53.849 0.0000000000
98641  -26.211  -30.559  52.571 0.0000000000
42529  -26.883  -33.121  50.661 0.0000000000
44219  -28.543  -31.002  52.243 0.0000000000
45225  -31.079  -31.019  46.619 0.0000000000
44243  -32.671  -31.967  49.309 0.0000000000
45215  -34.545  -30.812  47.409 0.0000000000
46201  -35.699  -29.572  45.758 0.0000000000
48423  -35.127  -26.104  39.715 0.0000000000
47765  -35.126  -27.550  39.956 0.0000000000
34457  -19.271  -42.430  52.884 0.0000000000
45265  -29.996  -30.734  44.071 0.0000000000
99816  -32.858  -23.876  39.194 0.0000000000
49917  -35.820  -23.022  40.867 0.0000000000
51500  -35.029  -21.885  37.640 0.0000000000
39286  -24.293  -38.008  49.903 0.0000000000
91180  -24.439  -34.750  52.111 0.0000000000
43359  -23.941  -31.232  53.333 0.0000000000
34321  0.949  -41.809  60.978 0.0000000000
38176  -3.570  -37.324  60.936 0.0000000000
40027  -4.324  -36.118  60.618 0.0000000000
38178  -5.797  -37.778  60.758 0.0000000000
37205  -7.646  -39.655  61.048 0.0000000000
35215  -9.278  -40.903  60.692 0.0000000000
34358  -11.486  -43.113  59.300 0.0000000000
35250  -13.257  -42.022  57.738 0.0000000000
31993  -15.357  -45.569  57.117 0.0000000000
34409  -19.796  -42.060  56.081 0.0000000000
33611  -21.985  -43.686  55.611 0.0000000000
32872  -22.729  -44.675  53.382 0.0000000000
34459  -24.650  -41.901  52.980 0.0000000000
94212  -25.076  -40.243  51.695 0.0000000000
43387  -30.835  -32.086  50.574 0.0000000000
47031  -33.360  -29.014  40.946 0.0000000000
46228  -34.787  -29.181  44.254 0.0000000000
34353  1.306  -42.449  59.330 0.0000000000
40074  -21.857  -35.642  55.066 0.0000000000
40891  -22.523  -34.021  55.431 0.0000000000
40901  -21.484  -35.105  53.615 0.0000000000
88307  -16.405  -43.570  53.885 0.0000000000
33607  -16.983  -43.879  56.136 0.0000000000
86389  -18.032  -43.459  54.238 0.0000000000
39242  -21.129  -37.533  54.055 0.0000000000
38242  -21.220  -38.028  54.297 0.0000000000
89350  -21.600  -37.309  54.771 0.0000000000
91757  -23.184  -37.379  55.192 0.0000000000
94468  -26.839  -30.692  52.439 0.0000000000
45177  -27.058  -30.162  51.728 0.0000000000
45245  -32.025  -30.605  45.929 0.0000000000
93047  -33.356  -30.487  47.188 0.0000000000
86816  -33.610  -30.225  46.343 0.0000000000
45229  -35.425  -30.619  46.565 0.0000000000
46200  -34.926  -29.588  45.775 0.0000000000
48424  -35.768  -24.781  40.348 0.0000000000
48417  -36.093  -24.803  40.607 0.0000000000
49121  -37.468  -23.346  41.356 0.0000000000
98465  -32.247  -22.648  38.157 0.0000000000
51480  -32.586  -22.111  39.425 0.0000000000
50721  -34.025  -23.211  40.427 0.0000000000
50705  -35.329  -22.438  40.960 0.0000000000
90717  -35.885  -22.199  40.646 0.0000000000
98338  -34.237  -20.885  40.549 0.0000000000
52182  -35.037  -19.814  38.527 0.0000000000
39266  -24.860  -37.865  52.118 0.0000000000
40112  -24.489  -36.953  51.277 0.0000000000
40913  -24.566  -35.748  52.779 0.0000000000
43350  -22.520  -31.472  54.176 0.0000000000
42517  -23.328  -31.638  54.003 0.0000000000
102435  -22.944  -31.013  54.017 0.0000000000
45163  -23.378  -29.869  53.003 0.0000000000
45175  -22.282  -29.871  51.675 0.0000000000
35207  0.294  -41.805  60.968 0.0000000000
37183  0.506  -39.720  60.557 0.0000000000
39171  -0.973  -37.663  60.880 0.0000000000
40038  -6.048  -36.654  59.096 0.0000000000
40029  -5.807  -36.672  60.473 0.0000000000
39175  -5.596  -36.979  60.757 0.0000000000
38167  -6.581  -37.705  60.645 0.0000000000
38179  -6.614  -38.275  60.670 0.0000000000
101876  -7.831  -38.319  60.978 0.0000000000
36201  -10.504  -40.650  60.260 0.0000000000
98912  -10.558  -42.355  59.764 0.0000000000
35225  -11.371  -41.766  59.789 0.0000000000
102196  -14.466  -42.724  56.473 0.0000000000
35261  -13.366  -42.050  57.060 0.0000000000
34361  -14.105  -42.964  58.204 0.0000000000
33552  -13.642  -43.615  58.496 0.0000000000
33553  -14.485  -43.744  58.305 0.0000000000
31979  -14.233  -45.263  57.486 0.0000000000
32806  -16.048  -44.600  58.007 0.0000000000
32823  -18.378  -44.532  57.044 0.0000000000
31996  -17.896  -45.224  57.067 0.0000000000
90126  -18.941  -45.764  56.099 0.0000000000
93645  -20.361  -45.580  55.622 0.0000000000
35292  -19.853  -41.581  54.717 0.0000000000
35293  -20.261  -41.076  54.945 0.0000000000
36269  -23.308  -41.053  55.222 0.0000000000
35277  -21.915  -41.662  55.670 0.0000000000
34413  -23.620  -42.674  54.738 0.0000000000
33634  -23.238  -44.136  54.258 0.0000000000
33613  -23.861  -43.353  54.068 0.0000000000
34427  -24.591  -41.960  53.506 0.0000000000
92994  -24.898  -38.036  53.692 0.0000000000
101896  -25.489  -39.672  53.064 0.0000000000
38255  -25.279  -38.644  52.834 0.0000000000
88165  -25.170  -39.614  51.648 0.0000000000
37212  2.167  -39.988  59.006 0.0000000000
37187  2.471  -40.104  60.594 0.0000000000
36178  2.791  -40.738  60.966 0.0000000000
40939  -24.458  -35.067  49.572 0.0000000000
42559  -25.296  -33.897  49.044 0.0000000000
42546  -28.763  -34.061  50.559 0.0000000000
103022  -28.956  -31.438  48.853 0.0000000000
44256  -29.134  -31.044  49.820 0.0000000000
101030  -29.672  -31.252  49.256 0.0000000000
43397  -33.927  -32.559  48.683 0.0000000000
43390  -33.111  -32.777  49.279 0.0000000000
47033  -35.392  -27.874  40.894 0.0000000000
102171  -34.618  -28.228  40.419 0.0000000000
47023  -34.437  -28.644  41.440 0.0000000000
100473  -34.192  -29.050  42.348 0.0000000000
47014  -35.843  -27.966  43.263 0.0000000000
46996  -36.329  -28.493  44.640 0.0000000000
52170  -32.798  -20.140  39.002 0.0000000000
52171  -33.827  -19.570  39.490 0.0000000000
52931  -33.604  -18.846  37.805 0.0000000000
53704  -34.533  -18.599  38.148 0.0000000000
40087  -24.413  -36.459  54.468 0.0000000000
40902  -24.442  -35.588  54.020 0.0000000000
40892  -23.638  -34.516  55.357 0.0000000000
94227  -22.586  -32.509  54.888 0.0000000000
42516  -21.747  -32.021  53.349 0.0000000000
98123  1.021  -39.655  59.897 0.0000000000
37189  0.376  -39.288  60.214 0.0000000000
39184  -1.779  -37.324  59.363 0.0000000000
33586  -15.973  -43.516  57.265 0.0000000000
33568  -16.197  -43.952  57.879 0.0000000000
33587  -16.851  -43.979  57.392 0.0000000000
33589  -18.101  -44.035  57.084 0.0000000000
33590  -19.031  -43.842  56.742 0.0000000000
36325  -20.793  -39.224  53.638 0.0000000000
36308  -20.701  -39.821  54.172 0.0000000000
93472  -20.890  -39.225  54.366 0.0000000000
87833  -21.461  -39.393  55.134 0.0000000000
94720  -24.139  -40.066  54.593 0.0000000000
36292  -24.946  -40.638  53.930 0.0000000000
96174  -24.249  -38.713  54.517 0.0000000000
38232  -23.900  -37.748  54.826 0.0000000000
37213  1.605  -40.093  58.172 0.0000000000
43375  -25.256  -32.179  51.502 0.0000000000
42528  -25.531  -32.870  50.556 0.0000000000
43376  -26.456  -32.248  51.684 0.0000000000
43377  -27.677  -32.544  51.984 0.0000000000
43379  -29.476  -32.524  51.774 0.0000000000
45211  -30.802  -31.243  47.243 0.0000000000
86438  -31.156  -31.282  48.146 0.0000000000
44276  -32.244  -31.037  48.057 0.0000000000
45200  -33.699  -31.111  48.184 0.0000000000
48433  -34.513  -25.931  39.433 0.0000000000
47782  -34.264  -26.881  39.032 0.0000000000
47775  -35.466  -26.339  39.936 0.0000000000
47766  -35.967  -26.796  40.430 0.0000000000
40103  -21.185  -36.222  51.778 0.0000000000
103686  -20.775  -37.608  52.071 0.0000000000
44238  -26.346  -30.747  49.317 0.0000000000
44293  -29.180  -31.366  46.412 0.0000000000
44308  -29.723  -31.028  45.704 0.0000000000
45243  -30.309  -30.799  44.977 0.0000000000
45267  -31.850  -30.454  44.443 0.0000000000
49158  -32.820  -24.921  38.684 0.0000000000
49929  -33.891  -24.329  39.848 0.0000000000
49143  -34.833  -24.479  40.302 0.0000000000
49145  -35.998  -23.807  39.971 0.0000000000
51491  -34.831  -20.591  39.422 0.0000000000
103477  -35.138  -22.994  37.639 0.0000000000
87051  -24.318  -37.013  50.171 0.0000000000
89308  -24.375  -35.996  50.413 0.0000000000
41736  -24.538  -34.073  50.229 0.0000000000
103921  -24.338  -33.669  53.077 0.0000000000
41722  -24.364  -33.579  51.760 0.0000000000
43374  -24.634  -32.283  51.858 0.0000000000
44216  -24.447  -30.490  53.209 0.0000000000
45153  -24.285  -29.718  52.910 0.0000000000
41734  -21.654  -34.198  51.081 0.0000000000
42525  -21.555  -33.269  51.954 0.0000000000
44225  -21.821  -30.669  50.963 0.0000000000
103656  0.885  -42.462  60.092 0.0000000000
33528  -0.234  -42.995  60.852 0.0000000000
38189  -4.130  -38.564  59.141 0.0000000000
39195  -2.554  -37.048  58.081 0.0000000000
40034  -3.112  -36.289  59.691 0.0000000000
40026  -3.498  -36.164  60.665 0.0000000000
38177  -4.871  -37.826  60.526 0.0000000000
36199  -7.890  -40.346  60.426 0.0000000000
35235  -9.054  -41.512  59.970 0.0000000000
36234  -11.605  -40.713  57.753 0.0000000000
36235  -12.299  -41.239  57.287 0.0000000000
36218  -12.061  -41.236  58.245 0.0000000000
34359  -12.381  -42.967  59.022 0.0000000000
33566  -12.166  -44.396  58.557 0.0000000000
31982  -16.899  -45.091  57.554 0.0000000000
33650  -18.870  -43.089  54.678 0.0000000000
33610  -19.325  -42.925  56.233 0.0000000000
34394  -19.704  -43.079  56.498 0.0000000000
35294  -20.732  -40.725  55.173 0.0000000000
34396  -20.566  -42.376  56.329 0.0000000000
99027  -20.538  -44.042  56.586 0.0000000000
32018  -21.279  -45.370  55.145 0.0000000000
32055  -22.176  -45.242  53.707 0.0000000000
34499  -23.568  -42.139  51.447 0.0000000000
94711  -25.328  -40.767  53.285 0.0000000000
35353  -24.881  -41.124  52.152 0.0000000000
35366  -24.581  -41.041  51.381 0.0000000000
95036  -24.436  -40.323  49.899 0.0000000000
35205  2.431  -41.317  60.853 0.0000000000
44226  -28.019  -30.403  51.344 0.0000000000
44228  -29.368  -31.301  51.867 0.0000000000
42533  -30.484  -33.677  50.751 0.0000000000
44242  -31.783  -31.873  49.582 0.0000000000
42548  -31.709  -33.499  49.903 0.0000000000
41756  -31.026  -34.304  50.097 0.0000000000
45283  -31.537  -30.414  43.475 0.0000000000
45284  -32.449  -30.206  43.785 0.0000000000
101750  -33.580  -28.312  39.280 0.0000000000
47038  -33.293  -28.742  39.973 0.0000000000
46253  -32.683  -29.514  41.420 0.0000000000
46226  -33.029  -29.819  43.211 0.0000000000
94236  -34.063  -29.608  44.421 0.0000000000
46213  -35.310  -29.166  45.159 0.0000000000
34354  0.827  -42.873  58.774 0.0000000000
40890  -21.873  -34.987  54.789 0.0000000000
33646  -15.739  -43.312  53.404 0.0000000000
33648  -17.158  -43.636  53.986 0.0000000000
92360  -21.117  -36.955  53.610 0.0000000000
93787  -21.310  -36.901  54.390 0.0000000000
39229  -21.733  -36.401  54.976 0.0000000000
88940  -25.943  -29.892  51.295 0.0000000000
86176  -26.104  -29.872  52.262 0.0000000000
45246  -32.799  -30.412  45.742 0.0000000000
46190  -34.510  -30.008  46.358 0.0000000000
46199  -34.165  -29.843  45.724 0.0000000000
48425  -35.938  -23.803  40.140 0.0000000000
49131  -37.122  -22.926  41.078 0.0000000000
52163  -32.744  -21.004  39.699 0.0000000000
51481  -33.771  -21.980  40.608 0.0000000000
51472  -33.850  -21.072  40.670 0.0000000000
51473  -34.712  -21.637  40.637 0.0000000000
87939  -24.677  -36.821  52.367 0.0000000000
45162  -22.543  -30.158  52.778 0.0000000000
101166  -21.982  -30.559  52.136 0.0000000000
37182  1.379  -40.068  60.923 0.0000000000
39172  -1.615  -37.260  60.610 0.0000000000
39162  -1.592  -37.391  61.032 0.0000000000
39186  -6.721  -36.990  60.179 0.0000000000
39176  -6.568  -37.285  60.487 0.0000000000
39166  -7.299  -37.842  60.605 0.0000000000
36216  -10.800  -40.210  59.418 0.0000000000
36202  -11.288  -40.985  59.812 0.0000000000
34377  -14.727  -42.904  57.688 0.0000000000
32792  -15.363  -44.248  58.158 0.0000000000
31997  -18.694  -45.241  56.717 0.0000000000
31998  -19.485  -45.410  56.299 0.0000000000
31999  -20.020  -45.063  56.442 0.0000000000
35312  -20.226  -41.050  54.210 0.0000000000
35278  -23.008  -41.784  55.325 0.0000000000
34426  -24.280  -42.375  54.050 0.0000000000
97023  -24.261  -42.677  53.598 0.0000000000
35296  -24.614  -41.502  53.977 0.0000000000
39243  -24.668  -37.267  53.873 0.0000000000
38267  -25.119  -38.805  51.822 0.0000000000
89418  1.821  -39.870  60.049 0.0000000000
37199  2.736  -40.085  59.880 0.0000000000
103529  1.827  -39.966  60.776 0.0000000000
37181  2.181  -40.299  60.950 0.0000000000
41751  -24.713  -34.279  49.310 0.0000000000
42542  -24.902  -33.501  49.946 0.0000000000
42547  -29.538  -34.190  50.575 0.0000000000
41754  -29.246  -34.449  49.870 0.0000000000
41772  -29.488  -34.631  49.350 0.0000000000
44274  -28.485  -31.803  48.055 0.0000000000
47791  -32.935  -26.938  38.036 0.0000000000
47024  -35.622  -28.020  42.151 0.0000000000
85796  -34.981  -28.596  42.660 0.0000000000
40077  -24.021  -36.172  55.126 0.0000000000
40893  -24.139  -35.415  55.034 0.0000000000
40880  -23.690  -35.326  55.350 0.0000000000
41692  -21.840  -33.970  54.521 0.0000000000
42496  -22.470  -33.144  55.110 0.0000000000
42495  -21.919  -32.957  54.369 0.0000000000
42505  -22.216  -32.162  54.312 0.0000000000
92110  0.489  -39.451  59.148 0.0000000000
38188  -1.274  -37.893  58.668 0.0000000000
94930  -15.297  -43.327  55.233 0.0000000000
33585  -15.589  -43.373  56.236 0.0000000000
96009  -16.340  -43.662  56.491 0.0000000000
33631  -17.543  -43.774  55.127 0.0000000000
33608  -17.991  -43.848  56.496 0.0000000000
33609  -18.796  -43.605  56.491 0.0000000000
37287  -20.964  -38.594  54.050 0.0000000000
37275  -21.291  -38.681  54.633 0.0000000000
37276  -22.332  -38.894  55.230 0.0000000000
36290  -22.923  -40.024  55.359 0.0000000000
37277  -23.628  -39.235  54.889 0.0000000000
38231  -23.106  -38.203  55.120 0.0000000000
39231  -23.657  -36.823  55.171 0.0000000000
39232  -24.333  -37.295  54.558 0.0000000000
37200  1.301  -39.835  59.060 0.0000000000
43361  -26.171  -31.240  52.410 0.0000000000
44218  -27.738  -30.881  52.368 0.0000000000
43362  -27.300  -31.508  52.390 0.0000000000
43363  -28.180  -31.701  52.366 0.0000000000
43378  -28.594  -32.693  51.984 0.0000000000
43364  -28.862  -31.783  52.176 0.0000000000
45212  -31.615  -31.043  47.339 0.0000000000
45214  -33.883  -30.694  47.677 0.0000000000
45213  -33.135  -30.814  47.868 0.0000000000
44277  -34.252  -31.312  47.970 0.0000000000
43398  -34.415  -32.007  48.168 0.0000000000
44279  -35.135  -31.024  47.032 0.0000000000
47760  -36.382  -27.237  41.546 0.0000000000
39265  -20.997  -36.983  52.449 0.0000000000
45244  -31.297  -30.632  45.258 0.0000000000
45266  -30.925  -30.613  44.235 0.0000000000
50720  -32.427  -23.254  38.546 0.0000000000
49946  -32.311  -24.280  38.031 0.0000000000
49916  -35.511  -23.254  41.220 0.0000000000
99270  -37.018  -23.329  39.512 0.0000000000
50722  -36.239  -22.247  40.729 0.0000000000
52165  -34.286  -20.278  40.026 0.0000000000
52172  -34.439  -19.380  39.269 0.0000000000
39297  -24.196  -37.996  48.748 0.0000000000
40924  -24.452  -35.881  51.558 0.0000000000
92380  -24.452  -34.898  50.801 0.0000000000
41694  -24.131  -34.455  54.830 0.0000000000
41708  -24.404  -34.583  53.540 0.0000000000
41707  -23.923  -32.574  53.665 0.0000000000
42518  -24.291  -32.322  52.642 0.0000000000
44206  -24.023  -29.965  53.283 0.0000000000
100774  0.895  -42.190  60.576 0.0000000000
34330  0.332  -42.810  60.629 0.0000000000
34322  0.329  -42.456  60.969 0.0000000000
91353  0.293  -40.994  60.919 0.0000000000
38154  -0.132  -38.866  60.680 0.0000000000
38175  -2.627  -38.130  60.664 0.0000000000
87034  -3.413  -38.266  59.835 0.0000000000
40053  -3.047  -36.775  57.690 0.0000000000
39165  -3.771  -36.424  61.013 0.0000000000
102195  -5.248  -37.158  60.975 0.0000000000
38190  -5.415  -38.473  60.203 0.0000000000
37204  -7.027  -39.043  60.765 0.0000000000
36214  -7.146  -39.920  59.890 0.0000000000
36189  -9.717  -40.417  60.730 0.0000000000
36188  -9.206  -40.306  61.042 0.0000000000
36200  -8.573  -40.655  60.669 0.0000000000
35224  -9.912  -41.857  60.063 0.0000000000
34357  -10.824  -42.954  59.371 0.0000000000
33564  -11.180  -43.519  58.776 0.0000000000
35260  -12.786  -41.639  56.734 0.0000000000
96748  -12.896  -41.731  57.299 0.0000000000
35249  -12.701  -41.621  57.935 0.0000000000
35238  -12.355  -41.934  58.759 0.0000000000
35239  -12.892  -42.186  58.427 0.0000000000
32791  -13.503  -44.464  58.353 0.0000000000
33551  -12.769  -44.010  58.739 0.0000000000
32803  -12.746  -44.730  58.179 0.0000000000
32802  -12.148  -44.542  58.083 0.0000000000
89133  -14.445  -45.557  56.724 0.0000000000
33569  -16.896  -44.320  57.541 0.0000000000
32807  -16.666  -44.603  57.758 0.0000000000
32808  -17.188  -44.618  57.542 0.0000000000
33649  -18.530  -42.984  53.380 0.0000000000
35274  -19.934  -41.526  55.467 0.0000000000
95174  -19.507  -42.258  55.412 0.0000000000
34395  -20.037  -42.419  56.372 0.0000000000
95548  -20.872  -39.908  54.730 0.0000000000
36267  -21.375  -40.920  55.523 0.0000000000
34411  -21.509  -42.483  56.036 0.0000000000
33592  -21.043  -43.336  56.359 0.0000000000
32826  -21.234  -44.211  56.127 0.0000000000
32839  -21.686  -44.703  55.445 0.0000000000
32856  -22.814  -44.743  54.031 0.0000000000
34458  -24.154  -42.608  52.820 0.0000000000
34478  -23.941  -42.373  52.247 0.0000000000
37278  -24.717  -39.658  54.208 0.0000000000
37288  -25.311  -40.084  53.544 0.0000000000
37306  -25.402  -40.051  52.361 0.0000000000
36327  -25.449  -40.353  52.803 0.0000000000
36341  -25.219  -40.633  52.403 0.0000000000
36359  -24.917  -40.704  51.786 0.0000000000
36377  -24.675  -40.495  51.021 0.0000000000
38276  -24.827  -38.945  50.780 0.0000000000
37318  -24.769  -39.813  50.590 0.0000000000
38285  -24.501  -38.970  49.567 0.0000000000
99796  2.248  -40.888  60.952 0.0000000000
103779  2.673  -41.046  60.979 0.0000000000
34329  1.637  -41.700  60.666 0.0000000000
42543  -25.889  -33.501  49.711 0.0000000000
42544  -26.931  -33.735  49.740 0.0000000000
45189  -27.163  -30.558  50.307 0.0000000000
103653  -29.824  -31.078  50.260 0.0000000000
44241  -29.435  -30.855  51.082 0.0000000000
44229  -30.101  -31.495  51.082 0.0000000000
103059  -29.881  -31.895  51.611 0.0000000000
43380  -30.318  -32.631  51.200 0.0000000000
44258  -32.010  -31.326  48.888 0.0000000000
44257  -31.124  -31.432  49.225 0.0000000000
42549  -32.604  -33.574  49.344 0.0000000000
41757  -31.876  -34.110  49.529 0.0000000000
41775  -31.566  -34.445  49.298 0.0000000000
45304  -32.159  -30.060  42.829 0.0000000000
47774  -34.738  -27.214  39.408 0.0000000000
47773  -33.952  -27.706  39.033 0.0000000000
47032  -33.966  -28.607  40.462 0.0000000000
47037  -32.424  -28.998  39.719 0.0000000000
46267  -32.567  -29.278  40.561 0.0000000000
86953  -33.500  -29.273  41.834 0.0000000000
46242  -34.511  -29.142  43.210 0.0000000000
46241  -33.656  -29.470  42.725 0.0000000000
46227  -33.906  -29.543  43.659 0.0000000000
46212  -34.518  -29.499  45.076 0.0000000000
40075  -22.511  -35.726  55.446 0.0000000000
40879  -23.073  -34.815  55.667 0.0000000000
40878  -22.374  -35.011  55.425 0.0000000000
41706  -21.556  -34.097  53.266 0.0000000000
33629  -15.862  -43.546  54.448 0.0000000000
33630  -16.662  -43.731  54.772 0.0000000000
38254  -20.999  -38.059  53.880 0.0000000000
92855  -22.432  -37.529  55.122 0.0000000000
39230  -22.627  -36.721  55.310 0.0000000000
44208  -25.998  -30.122  52.584 0.0000000000
45165  -26.986  -30.395  52.237 0.0000000000
45166  -27.942  -30.549  52.053 0.0000000000
45226  -31.895  -30.781  46.663 0.0000000000
45227  -32.716  -30.526  46.577 0.0000000000
94034  -34.145  -30.325  47.034 0.0000000000
45228  -34.862  -30.378  46.841 0.0000000000
46191  -35.271  -29.994  46.312 0.0000000000
48418  -36.749  -24.027  41.187 0.0000000000
100650  -32.967  -22.937  39.666 0.0000000000
50706  -35.995  -22.353  40.601 0.0000000000
51482  -35.043  -21.449  40.438 0.0000000000
52932  -34.644  -18.825  38.615 0.0000000000
51509  -35.130  -22.575  36.159 0.0000000000
39276  -24.603  -37.954  51.020 0.0000000000
42506  -23.067  -32.146  54.732 0.0000000000
44215  -23.210  -30.350  53.610 0.0000000000
46140  -22.896  -29.635  52.115 0.0000000000
36179  1.528  -40.643  60.973 0.0000000000
90403  0.875  -41.199  61.028 0.0000000000
36180  0.846  -40.425  60.998 0.0000000000
36181  0.261  -40.220  60.687 0.0000000000
39164  -3.573  -36.713  61.151 0.0000000000
40028  -5.085  -36.447  60.713 0.0000000000
38168  -7.349  -38.403  60.816 0.0000000000
37191  -7.822  -39.095  61.414 0.0000000000
35216  -10.046  -41.120  60.511 0.0000000000
34342  -10.719  -41.614  60.107 0.0000000000
34343  -11.094  -42.420  59.725 0.0000000000
34344  -11.756  -42.313  59.396 0.0000000000
34392  -14.047  -42.438  56.774 0.0000000000
35273  -13.244  -42.026  56.365 0.0000000000
34376  -13.873  -42.425  57.602 0.0000000000
34360  -13.372  -42.811  58.482 0.0000000000
31980  -15.274  -45.029  57.832 0.0000000000
31981  -16.182  -45.160  57.657 0.0000000000
32822  -17.684  -44.554  57.345 0.0000000000
31983  -17.391  -44.979  57.463 0.0000000000
32017  -18.274  -45.804  56.248 0.0000000000
31239  -19.557  -45.961  55.490 0.0000000000
34441  -19.870  -41.794  53.607 0.0000000000
34440  -19.325  -42.374  54.123 0.0000000000
36268  -22.340  -40.901  55.518 0.0000000000
34412  -22.561  -42.665  55.422 0.0000000000
32840  -22.528  -44.415  54.782 0.0000000000
33612  -23.074  -43.582  54.840 0.0000000000
32857  -23.390  -44.076  53.682 0.0000000000
33651  -23.919  -43.291  53.427 0.0000000000
34442  -24.366  -42.446  53.205 0.0000000000
38243  -25.195  -38.824  53.541 0.0000000000
101433  -25.372  -39.424  52.372 0.0000000000
37198  3.259  -40.304  60.502 0.0000000000
42530  -28.215  -33.392  51.241 0.0000000000
42545  -27.836  -33.831  50.200 0.0000000000
41753  -28.413  -34.334  49.657 0.0000000000
94969  -28.254  -31.232  49.185 0.0000000000
87125  -30.485  -31.346  49.913 0.0000000000
44244  -33.528  -32.186  49.037 0.0000000000
47039  -34.230  -28.123  39.672 0.0000000000
47013  -35.334  -28.560  43.691 0.0000000000
47005  -35.689  -28.624  44.571 0.0000000000
52164  -33.528  -20.441  40.249 0.0000000000
52920  -33.428  -19.263  38.720 0.0000000000
40095  -24.646  -36.643  53.437 0.0000000000
98600  -23.587  -33.701  55.285 0.0000000000
41679  -23.160  -33.751  55.581 0.0000000000
42487  -22.874  -33.354  55.480 0.0000000000
42497  -23.111  -32.964  55.319 0.0000000000
38174  -0.551  -38.119  60.079 0.0000000000
39183  -1.029  -37.677  59.957 0.0000000000
39173  -2.353  -36.803  60.068 0.0000000000
36233  -10.936  -40.159  58.297 0.0000000000
34393  -15.033  -42.968  56.995 0.0000000000
34378  -15.477  -43.379  57.622 0.0000000000
101169  -17.558  -43.988  57.179 0.0000000000
101133  -20.838  -40.013  53.441 0.0000000000
36291  -24.068  -40.845  54.595 0.0000000000
38233  -24.633  -38.327  54.142 0.0000000000
42531  -29.062  -33.594  51.348 0.0000000000
42532  -29.848  -33.602  51.126 0.0000000000
85906  -30.069  -31.450  47.581 0.0000000000
86648  -30.309  -31.364  48.724 0.0000000000
87625  -32.511  -30.740  47.316 0.0000000000
44259  -33.069  -31.376  48.616 0.0000000000
44260  -33.955  -31.757  48.545 0.0000000000
48432  -33.628  -26.488  38.700 0.0000000000
40094  -21.217  -36.122  52.946 0.0000000000
36324  -20.897  -40.718  52.833 0.0000000000
37305  -20.785  -38.985  52.764 0.0000000000
39254  -20.875  -37.725  53.167 0.0000000000
88818  -24.738  -30.035  49.459 0.0000000000
45188  -25.624  -30.284  49.941 0.0000000000
98405  -25.944  -30.984  48.502 0.0000000000
44254  -26.636  -31.297  48.460 0.0000000000
44292  -28.495  -31.787  46.948 0.0000000000
98132  -29.175  -31.605  47.325 0.0000000000
102934  -29.597  -31.420  46.935 0.0000000000
44294  -30.134  -31.222  46.594 0.0000000000
98147  -30.626  -30.883  45.861 0.0000000000
102573  -31.368  -30.774  46.058 0.0000000000
99138  -32.139  -30.464  45.245 0.0000000000
45268  -32.835  -30.269  44.828 0.0000000000
49175  -32.221  -25.355  37.590 0.0000000000
49159  -33.823  -25.443  39.286 0.0000000000
102450  -34.742  -25.237  39.872 0.0000000000
49144  -35.494  -24.746  40.444 0.0000000000
49930  -36.668  -22.875  40.081 0.0000000000
91759  -35.269  -22.114  39.024 0.0000000000
40124  -24.340  -36.132  49.351 0.0000000000
42527  -24.600  -33.094  50.990 0.0000000000
43360  -24.978  -31.290  52.477 0.0000000000
44217  -25.514  -30.514  52.766 0.0000000000
44207  -24.939  -29.920  53.036 0.0000000000
40912  -21.378  -35.240  52.212 0.0000000000
41721  -21.515  -34.182  52.054 0.0000000000
41735  -21.765  -33.672  50.536 0.0000000000
42526  -21.594  -32.397  51.736 0.0000000000
43373  -21.703  -31.583  51.375 0.0000000000
34340  0.508  -42.936  59.899 0.0000000000
33537  -0.209  -43.334  60.439 0.0000000000
39194  -1.978  -37.460  58.236 0.0000000000
39185  -2.438  -36.857  58.940 0.0000000000
40025  -2.903  -36.479  60.661 0.0000000000
39174  -4.521  -36.724  61.055 0.0000000000
89127  -4.120  -37.789  60.533 0.0000000000
38191  -6.102  -38.692  60.396 0.0000000000
102161  -8.173  -38.830  61.362 0.0000000000
36186  -8.134  -39.863  61.274 0.0000000000
34356  -10.292  -42.560  59.346 0.0000000000
34374  -10.151  -42.625  58.546 0.0000000000
104100  -11.760  -40.772  56.988 0.0000000000
35237  -11.771  -41.483  59.173 0.0000000000
33550  -11.851  -43.944  59.043 0.0000000000
33565  -11.729  -44.142  58.369 0.0000000000
31994  -16.398  -45.580  57.087 0.0000000000
31995  -17.150  -45.445  57.058 0.0000000000
91022  -17.627  -43.349  53.225 0.0000000000
33633  -19.082  -43.070  55.752 0.0000000000
90153  -19.778  -43.901  56.755 0.0000000000
36288  -20.539  -40.472  54.501 0.0000000000
35275  -20.233  -41.409  55.633 0.0000000000
35276  -20.790  -41.480  55.902 0.0000000000
34410  -20.153  -41.808  56.141 0.0000000000
33591  -20.231  -43.185  56.590 0.0000000000
32825  -20.052  -44.532  56.636 0.0000000000
91176  -20.775  -44.876  56.128 0.0000000000
99853  -20.905  -45.769  54.674 0.0000000000
32855  -22.071  -45.110  54.539 0.0000000000
35314  -24.993  -41.293  53.424 0.0000000000
35331  -25.111  -41.316  53.007 0.0000000000
36309  -25.465  -40.375  53.106 0.0000000000
36326  -25.368  -40.777  52.903 0.0000000000
34479  -24.648  -41.684  52.583 0.0000000000
34328  2.369  -41.742  60.266 0.0000000000
34339  1.576  -42.106  60.024 0.0000000000
86325  -26.429  -30.329  50.462 0.0000000000
44227  -28.747  -30.654  51.753 0.0000000000
44240  -28.644  -30.667  50.593 0.0000000000
41737  -30.184  -34.198  50.486 0.0000000000
95614  -31.153  -31.778  49.936 0.0000000000
43388  -31.473  -32.519  50.089 0.0000000000
42534  -31.052  -33.156  50.562 0.0000000000
45282  -30.618  -30.562  43.296 0.0000000000
47781  -33.502  -27.352  38.541 0.0000000000
47046  -33.271  -28.114  38.758 0.0000000000
98155  -33.006  -28.587  39.274 0.0000000000
86952  -31.911  -29.700  41.086 0.0000000000
46239  -32.002  -29.888  41.927 0.0000000000
46240  -32.822  -29.699  42.292 0.0000000000
45285  -33.338  -29.912  44.136 0.0000000000
45269  -33.748  -29.904  44.954 0.0000000000
46214  -36.026  -28.960  45.241 0.0000000000
46202  -36.460  -29.838  45.518 0.0000000000
34443  -24.768  -41.712  53.185 0.0000000000
35206  1.622  -41.277  60.928 0.0000000000
89368  -25.121  -41.092  52.671 0.0000000000
