#!ascii label  , from subject sub-v2s9x29166_ses-1 vox2ras=TkReg
586
13573  -27.425  -70.103  -12.174 0.5000000000
12299  -26.920  -71.053  -12.888 0.8000000119
98805  -24.120  -70.104  -11.761 0.8000000119
12926  -24.995  -70.521  -12.121 0.8000000119
12927  -25.710  -70.217  -12.665 0.8000000119
13555  -27.075  -69.876  -10.558 0.5000000000
12921  -27.402  -70.592  -12.816 0.5000000000
98046  -26.604  -70.172  -12.830 0.6000000238
13584  -23.270  -69.095  -11.985 0.6999999881
13585  -24.009  -69.514  -12.140 0.6999999881
103243  -25.391  -69.574  -12.618 0.8000000119
14315  -25.956  -68.624  -12.254 0.6999999881
13538  -26.923  -69.553  -9.201 0.6000000238
13572  -26.375  -69.410  -11.291 0.6000000238
99337  -21.720  -68.670  -11.056 0.6999999881
87049  -26.841  -69.686  -12.538 0.6000000238
14303  -25.876  -68.511  -11.783 0.6000000238
14313  -22.489  -68.555  -11.583 0.6999999881
13570  -22.627  -69.181  -11.106 0.6999999881
99348  -26.270  -69.015  -12.227 0.6000000238
14293  -25.211  -68.081  -11.030 0.6000000238
13590  -24.904  -69.163  -12.527 0.8000000119
14317  -25.745  -69.023  -12.535 0.8000000119
13514  -26.134  -69.294  -8.430 0.4000000060
13554  -26.101  -69.413  -9.673 0.6000000238
14312  -21.357  -68.245  -11.384 0.6999999881
14283  -24.672  -68.356  -9.548 0.6000000238
15038  -21.924  -67.958  -11.658 0.6999999881
87723  -24.396  -68.635  -12.338 0.6999999881
15040  -25.143  -67.798  -12.085 0.6000000238
14302  -25.582  -68.042  -12.030 0.6999999881
15818  -26.038  -65.628  -11.089 0.5000000000
93158  -23.775  -68.078  -12.059 0.6000000238
101673  -24.580  -67.499  -12.001 0.6000000238
15817  -25.646  -66.189  -11.252 0.6000000238
15824  -25.105  -66.982  -11.671 0.6000000238
15826  -25.988  -65.531  -11.167 0.5000000000
14268  -25.424  -68.865  -7.771 0.4000000060
13537  -25.238  -68.992  -8.939 0.5000000000
14311  -20.199  -68.095  -11.452 0.6999999881
98788  -22.892  -67.823  -11.754 0.6999999881
15017  -24.598  -67.599  -10.164 0.6000000238
102097  -24.466  -67.107  -9.927 0.5000000000
15809  -25.625  -65.914  -10.578 0.6000000238
15039  -23.874  -67.300  -11.756 0.6999999881
16641  -26.126  -65.108  -10.690 0.5000000000
15825  -25.338  -66.037  -11.435 0.5000000000
103925  -18.142  -68.036  -12.420 0.6000000238
15819  -18.819  -66.451  -12.056 0.6000000238
15001  -23.960  -67.888  -7.846 0.5000000000
15820  -19.448  -67.138  -11.950 0.6999999881
15036  -19.834  -67.732  -11.786 0.6999999881
14267  -24.543  -68.442  -8.320 0.5000000000
15009  -24.056  -67.810  -8.891 0.5000000000
15008  -23.629  -67.256  -8.296 0.4000000060
15037  -20.857  -67.792  -11.583 0.6999999881
15822  -21.539  -67.078  -11.488 0.6999999881
92203  -22.111  -66.335  -11.206 0.6999999881
15803  -23.575  -66.606  -8.608 0.5000000000
15823  -22.754  -67.026  -11.443 0.6999999881
93993  -24.139  -66.507  -11.531 0.6000000238
15807  -24.431  -66.524  -9.653 0.5000000000
16640  -25.025  -65.577  -9.736 0.5000000000
16662  -24.447  -65.707  -11.341 0.5000000000
16663  -25.515  -65.458  -11.320 0.5000000000
16654  -26.091  -64.978  -11.168 0.5000000000
16655  -26.259  -64.933  -11.044 0.5000000000
18441  -26.563  -63.510  -10.013 0.3000000119
14982  -23.628  -67.064  -6.704 0.3000000119
15042  -16.657  -67.517  -12.509 0.6000000238
89323  -17.978  -67.270  -12.459 0.6000000238
97208  -24.124  -67.639  -6.907 0.4000000060
15000  -23.673  -67.324  -7.458 0.4000000060
87770  -19.701  -66.390  -11.724 0.6000000238
88193  -23.230  -66.059  -8.171 0.5000000000
15821  -20.419  -66.922  -11.643 0.6999999881
16632  -23.797  -65.884  -8.871 0.5000000000
16661  -23.104  -66.033  -11.206 0.5000000000
16633  -24.464  -64.965  -9.074 0.5000000000
17528  -25.426  -63.923  -9.258 0.4000000060
17539  -26.030  -64.548  -9.928 0.3000000119
18428  -26.190  -62.939  -9.486 0.4000000060
18454  -26.400  -64.119  -10.669 0.5000000000
17540  -26.405  -64.218  -10.664 0.4000000060
16665  -17.053  -65.578  -12.397 0.6000000238
15829  -17.822  -66.217  -12.360 0.6000000238
16657  -18.175  -65.377  -12.100 0.6000000238
16658  -19.367  -65.610  -11.660 0.6000000238
17561  -20.006  -64.956  -11.280 0.6000000238
16620  -23.304  -65.361  -8.223 0.4000000060
16659  -20.298  -65.857  -11.415 0.6000000238
16660  -21.227  -66.139  -11.238 0.6000000238
92940  -23.119  -63.992  -7.796 0.3000000119
17518  -23.714  -64.406  -8.403 0.3000000119
16651  -22.084  -65.432  -10.860 0.6000000238
18419  -24.474  -63.262  -8.481 0.3000000119
17553  -22.689  -64.565  -10.587 0.5000000000
16652  -23.447  -65.211  -10.935 0.5000000000
19288  -24.965  -61.586  -8.370 0.3000000119
96655  -23.815  -64.546  -10.728 0.5000000000
17554  -24.840  -64.083  -10.763 0.5000000000
102900  -25.767  -62.094  -8.820 0.3000000119
87817  -23.498  -63.869  -10.465 0.5000000000
19312  -26.548  -63.229  -10.173 0.4000000060
103464  -26.634  -62.983  -9.879 0.3000000119
17563  -16.553  -64.979  -12.141 0.5000000000
17559  -17.816  -64.410  -11.983 0.6000000238
17551  -20.583  -64.359  -10.746 0.5000000000
20113  -23.863  -61.553  -7.628 0.3000000119
16650  -20.927  -65.227  -10.900 0.6000000238
19287  -24.160  -62.320  -8.085 0.3000000119
17552  -21.561  -64.523  -10.550 0.6000000238
19304  -24.659  -62.360  -10.113 0.5000000000
19306  -26.316  -62.394  -10.007 0.4000000060
19305  -25.807  -61.966  -9.962 0.4000000060
18457  -17.423  -63.614  -11.834 0.5000000000
18458  -18.583  -63.821  -11.589 0.5000000000
18449  -19.304  -63.290  -11.131 0.5000000000
17560  -18.977  -64.706  -11.619 0.5000000000
17550  -19.648  -64.115  -11.148 0.5000000000
90119  -22.506  -60.844  -6.453 0.3000000119
20898  -23.322  -60.279  -6.956 0.3000000119
18452  -22.258  -63.807  -10.241 0.5000000000
20117  -25.901  -61.376  -9.169 0.4000000060
20124  -25.693  -61.356  -9.422 0.4000000060
19316  -18.184  -62.874  -11.555 0.5000000000
99068  -19.098  -62.618  -11.064 0.5000000000
20897  -22.433  -60.094  -6.303 0.4000000060
21662  -22.278  -59.213  -6.089 0.4000000060
18450  -20.233  -63.548  -10.646 0.5000000000
19310  -20.765  -62.934  -10.178 0.5000000000
21666  -23.343  -59.291  -6.862 0.3000000119
20900  -24.210  -60.629  -7.619 0.3000000119
18451  -21.174  -63.709  -10.319 0.5000000000
18438  -21.844  -62.982  -9.848 0.4000000060
104156  -22.515  -62.632  -9.691 0.4000000060
19308  -18.500  -62.048  -11.209 0.5000000000
100602  -19.471  -62.095  -10.641 0.5000000000
22405  -22.007  -58.418  -5.802 0.4000000060
87394  -19.884  -62.795  -10.608 0.5000000000
23190  -22.306  -57.709  -6.180 0.4000000060
22410  -22.748  -58.479  -6.465 0.4000000060
19309  -20.342  -62.198  -10.160 0.4000000060
19302  -21.216  -62.274  -9.710 0.4000000060
22411  -23.583  -58.463  -7.137 0.4000000060
19303  -22.148  -62.221  -9.514 0.4000000060
93153  -23.193  -62.234  -9.614 0.4000000060
20911  -25.166  -60.585  -9.361 0.4000000060
20912  -25.713  -60.747  -9.087 0.4000000060
21683  -25.416  -59.974  -9.016 0.4000000060
20127  -18.929  -61.354  -10.772 0.4000000060
23189  -21.688  -57.675  -5.514 0.4000000060
20916  -19.494  -60.690  -10.321 0.5000000000
20128  -19.917  -61.471  -10.192 0.4000000060
23198  -23.151  -57.766  -6.908 0.4000000060
20121  -21.648  -61.576  -9.384 0.4000000060
21676  -25.379  -59.866  -8.966 0.3000000119
20123  -24.470  -61.463  -9.623 0.4000000060
93079  -19.168  -59.878  -10.447 0.4000000060
20907  -20.073  -60.078  -9.820 0.4000000060
23991  -21.836  -56.939  -5.871 0.4000000060
20917  -20.409  -60.851  -9.710 0.4000000060
20908  -21.132  -60.203  -9.286 0.4000000060
91254  -21.163  -61.017  -9.336 0.4000000060
20909  -22.057  -60.803  -9.129 0.4000000060
20122  -22.788  -61.495  -9.339 0.4000000060
20910  -23.628  -60.503  -9.297 0.4000000060
96347  -24.725  -59.894  -9.289 0.4000000060
101517  -19.795  -59.414  -9.982 0.4000000060
21680  -20.594  -59.375  -9.582 0.4000000060
22427  -21.038  -58.596  -9.507 0.4000000060
21681  -22.391  -59.916  -9.025 0.4000000060
90959  -25.213  -59.212  -8.962 0.4000000060
93829  -23.736  -59.540  -9.279 0.4000000060
87858  -22.762  -59.052  -9.143 0.4000000060
21682  -24.947  -59.086  -9.167 0.4000000060
21679  -20.023  -58.638  -9.855 0.4000000060
103069  -20.631  -57.987  -9.705 0.4000000060
23216  -21.464  -57.811  -9.584 0.4000000060
92067  -21.611  -59.272  -9.238 0.4000000060
22428  -22.063  -58.435  -9.318 0.4000000060
22429  -23.335  -58.256  -9.332 0.4000000060
22431  -25.076  -58.182  -9.039 0.3000000119
22430  -24.659  -58.188  -9.254 0.4000000060
22436  -19.814  -57.670  -10.058 0.4000000060
23226  -20.855  -57.258  -9.894 0.4000000060
24035  -21.216  -56.391  -10.197 0.4000000060
24023  -21.875  -57.010  -9.851 0.4000000060
23217  -22.582  -57.615  -9.526 0.4000000060
23204  -24.941  -57.718  -8.797 0.4000000060
23218  -24.121  -57.409  -9.557 0.4000000060
89150  -24.890  -57.537  -9.196 0.5000000000
23208  -24.910  -57.363  -9.163 0.4000000060
91603  -20.526  -55.844  -10.391 0.4000000060
24840  -21.612  -55.404  -10.546 0.4000000060
25713  -22.500  -54.694  -10.934 0.4000000060
92615  -22.334  -56.187  -10.250 0.4000000060
25712  -21.440  -54.480  -10.677 0.4000000060
23219  -24.690  -56.915  -9.419 0.5000000000
26587  -21.283  -53.740  -10.490 0.4000000060
26588  -22.287  -53.809  -10.968 0.4000000060
24026  -24.657  -56.222  -9.848 0.5000000000
89702  -22.289  -51.021  -10.409 0.4000000060
27411  -21.765  -52.421  -10.360 0.4000000060
95337  -21.812  -53.153  -10.576 0.4000000060
27412  -22.510  -52.720  -11.012 0.4000000060
28224  -22.906  -51.811  -11.244 0.5000000000
18440  -24.760  -63.222  -10.470 0.5000000000
96086  -26.092  -61.951  -9.638 0.4000000060
100536  -27.952  -70.838  -12.697 0.5000000000
12920  -24.493  -70.680  -11.122 0.8000000119
99412  -23.633  -70.120  -10.913 0.8000000119
13553  -23.104  -69.633  -10.713 0.6999999881
13556  -27.964  -69.957  -10.199 0.5000000000
96087  -22.618  -69.483  -9.948 0.6999999881
13539  -27.601  -69.490  -8.880 0.5000000000
14301  -20.623  -68.414  -11.085 0.6999999881
15035  -18.848  -67.836  -12.213 0.6999999881
14269  -26.458  -68.943  -7.466 0.4000000060
14983  -24.715  -67.737  -6.398 0.4000000060
15043  -17.376  -68.202  -12.491 0.6000000238
14960  -24.219  -67.335  -6.100 0.4000000060
16664  -16.276  -65.852  -12.201 0.6000000238
17562  -16.230  -65.284  -11.960 0.5000000000
17558  -16.883  -64.243  -12.084 0.5000000000
19315  -17.404  -62.109  -11.479 0.4000000060
20915  -18.208  -60.498  -10.902 0.4000000060
21687  -19.129  -59.084  -10.455 0.4000000060
22435  -19.217  -58.387  -10.367 0.4000000060
94372  -20.218  -56.687  -10.179 0.4000000060
24839  -20.570  -55.022  -10.572 0.4000000060
25711  -20.512  -54.256  -10.401 0.4000000060
28216  -21.728  -51.635  -10.037 0.4000000060
12298  -25.931  -70.889  -12.519 0.8000000119
13586  -24.748  -69.916  -12.368 0.8000000119
13571  -23.418  -69.616  -11.484 0.6999999881
14294  -25.405  -68.891  -10.324 0.6000000238
14314  -25.463  -68.446  -12.308 0.6999999881
15016  -23.942  -67.207  -9.200 0.6000000238
15808  -25.519  -66.548  -10.879 0.6000000238
15029  -25.227  -67.216  -11.569 0.6000000238
14253  -24.771  -68.263  -7.127 0.5000000000
15794  -23.319  -66.654  -7.607 0.3000000119
17555  -26.058  -64.388  -11.029 0.5000000000
18439  -23.189  -63.046  -9.982 0.5000000000
19311  -25.981  -62.676  -10.315 0.5000000000
20904  -25.652  -60.487  -8.984 0.4000000060
101895  -23.989  -58.830  -9.349 0.4000000060
91978  -24.140  -77.405  -8.252 0.4000000060
91977  -25.044  -77.323  -8.226 0.4000000060
7950  -25.474  -77.106  -7.540 0.4000000060
7939  -26.007  -76.873  -6.854 0.4000000060
7938  -25.138  -76.939  -6.741 0.4000000060
8673  -25.721  -76.753  -5.994 0.4000000060
8674  -26.611  -76.663  -6.148 0.4000000060
8654  -26.228  -76.299  -5.318 0.4000000060
87836  -27.845  -74.480  -5.201 0.5000000000
8672  -24.799  -76.754  -5.794 0.4000000060
8653  -25.417  -76.493  -5.358 0.4000000060
9364  -26.028  -75.549  -4.764 0.5000000000
10177  -26.490  -74.765  -4.760 0.5000000000
10917  -26.996  -73.940  -5.005 0.6000000238
92596  -24.219  -76.602  -5.220 0.4000000060
8652  -24.821  -76.394  -4.976 0.4000000060
9363  -25.239  -75.453  -4.624 0.4000000060
13515  -27.033  -69.340  -8.133 0.3000000119
14984  -25.513  -67.848  -6.304 0.3000000119
89892  -27.755  -73.676  -5.295 0.5000000000
12912  -29.785  -70.682  -11.410 0.5000000000
13540  -28.467  -69.552  -9.200 0.4000000060
10163  -23.288  -74.558  -4.395 0.4000000060
10166  -25.671  -74.724  -4.620 0.5000000000
11589  -26.364  -73.120  -5.258 0.5000000000
9361  -23.605  -75.411  -4.507 0.4000000060
9362  -24.458  -75.422  -4.565 0.4000000060
11590  -27.185  -73.031  -5.472 0.6000000238
11602  -27.335  -72.442  -6.308 0.6000000238
11616  -27.863  -72.061  -7.215 0.6999999881
12911  -28.945  -70.712  -11.642 0.5000000000
12270  -29.309  -71.626  -9.464 0.6999999881
12291  -29.020  -71.199  -11.727 0.6999999881
12249  -28.485  -71.810  -8.206 0.6999999881
12269  -28.378  -71.951  -9.702 0.6999999881
10907  -25.287  -74.104  -4.610 0.5000000000
10916  -25.974  -73.854  -4.774 0.6000000238
100825  -26.522  -72.585  -5.874 0.6000000238
11601  -26.394  -72.251  -6.683 0.6000000238
10164  -24.112  -74.632  -4.516 0.4000000060
10906  -24.626  -73.940  -4.576 0.5000000000
11588  -25.768  -72.608  -5.670 0.6000000238
94169  -27.055  -72.150  -7.216 0.6000000238
11628  -27.420  -72.044  -8.309 0.6000000238
103985  -23.792  -72.641  -4.927 0.6000000238
11587  -24.346  -72.456  -5.372 0.6000000238
11598  -24.194  -71.946  -6.096 0.6999999881
11599  -24.995  -72.281  -5.954 0.6000000238
11600  -25.647  -72.237  -6.442 0.6000000238
12248  -26.558  -72.085  -8.729 0.6000000238
10905  -23.825  -73.823  -4.522 0.5000000000
92433  -25.069  -72.804  -5.206 0.6000000238
12268  -27.461  -72.241  -9.841 0.6000000238
12290  -28.161  -71.564  -12.220 0.6999999881
12280  -28.353  -71.869  -11.201 0.6999999881
13574  -27.999  -70.489  -11.591 0.6000000238
12922  -28.355  -71.160  -12.330 0.6999999881
11586  -23.598  -72.152  -5.413 0.6000000238
12236  -23.916  -71.514  -6.822 0.6999999881
98861  -24.347  -71.424  -7.485 0.6999999881
99736  -24.944  -71.860  -6.995 0.6999999881
12247  -25.736  -71.899  -7.939 0.6000000238
12300  -27.852  -71.180  -12.794 0.5000000000
98775  -26.664  -72.218  -9.780 0.6999999881
88970  -27.328  -72.175  -11.077 0.6999999881
12265  -24.194  -71.055  -8.201 0.6999999881
103063  -24.609  -71.025  -10.212 0.6999999881
12266  -24.897  -71.402  -8.866 0.6000000238
86332  -25.285  -71.535  -9.935 0.5000000000
12246  -24.957  -71.604  -8.076 0.6999999881
12279  -26.304  -72.060  -10.349 0.6999999881
12289  -27.182  -71.790  -12.236 0.5000000000
12267  -25.757  -71.811  -9.045 0.6000000238
103958  -26.746  -72.101  -11.231 0.6999999881
12909  -23.838  -70.464  -9.921 0.6999999881
103856  -23.264  -69.892  -10.119 0.6999999881
89450  -26.135  -71.846  -11.185 0.6000000238
12278  -25.276  -71.336  -11.064 0.6999999881
13557  -29.253  -70.057  -10.704 0.5000000000
7949  -24.540  -77.209  -7.472 0.4000000060
9380  -26.874  -75.605  -5.032 0.4000000060
8628  -24.076  -76.169  -4.717 0.4000000060
8630  -25.442  -76.120  -4.854 0.4000000060
10165  -24.903  -74.699  -4.555 0.4000000060
12281  -29.254  -71.512  -11.022 0.6999999881
102313  -26.070  -72.407  -6.148 0.6000000238
11614  -25.818  -72.057  -7.159 0.6000000238
10914  -24.361  -73.124  -4.768 0.6999999881
12910  -24.408  -70.956  -9.259 0.6000000238
12245  -23.748  -71.137  -7.420 0.5000000000
11575  -23.078  -72.463  -4.769 0.4000000060
12218  -23.316  -71.622  -6.065 0.5000000000
12886  -23.290  -70.697  -7.806 0.6000000238
103307  -22.862  -73.063  -4.396 0.4000000060
93002  -22.370  -72.655  -4.345 0.5000000000
11585  -22.840  -71.818  -5.271 0.5000000000
12235  -23.028  -71.036  -6.843 0.5000000000
12885  -22.360  -70.372  -7.381 0.5000000000
12901  -23.596  -70.535  -8.771 0.6000000238
89054  -22.770  -70.182  -8.348 0.5000000000
12908  -23.078  -69.975  -9.294 0.6999999881
13536  -22.211  -69.587  -8.916 0.6000000238
102133  -22.036  -69.275  -9.545 0.6000000238
11558  -21.637  -72.800  -3.879 0.5000000000
12196  -22.105  -71.557  -4.945 0.5000000000
12234  -22.213  -70.691  -6.551 0.5000000000
12900  -22.078  -69.853  -8.032 0.6000000238
13569  -21.909  -69.011  -10.206 0.6000000238
12195  -21.339  -71.477  -4.557 0.5000000000
12216  -21.558  -71.024  -5.241 0.5000000000
101795  -21.025  -70.264  -6.187 0.5000000000
12867  -21.603  -70.250  -6.705 0.5000000000
12884  -21.485  -69.801  -7.407 0.5000000000
13535  -21.372  -69.435  -8.238 0.5000000000
13552  -21.315  -69.031  -9.232 0.6000000238
11574  -21.076  -72.074  -3.966 0.5000000000
12215  -20.919  -70.986  -4.804 0.5000000000
93772  -20.799  -70.580  -5.464 0.5000000000
99495  -20.090  -70.163  -6.094 0.5000000000
13498  -19.244  -69.747  -7.395 0.6000000238
12866  -20.787  -69.819  -6.747 0.4000000060
13512  -18.302  -70.088  -8.333 0.4000000060
89087  -19.587  -69.369  -8.043 0.5000000000
13513  -20.454  -69.449  -7.535 0.5000000000
13532  -16.985  -71.069  -9.325 0.4000000060
89853  -18.101  -70.038  -9.279 0.5000000000
13533  -19.270  -69.261  -8.799 0.5000000000
13566  -16.306  -70.518  -10.702 0.4000000060
13551  -20.133  -68.782  -9.375 0.6000000238
14292  -20.924  -68.641  -10.204 0.6000000238
13567  -17.396  -69.587  -11.097 0.5000000000
13550  -18.905  -69.223  -9.708 0.5000000000
13581  -15.972  -69.813  -10.911 0.4000000060
13582  -16.626  -69.483  -11.444 0.5000000000
13568  -18.605  -69.088  -10.656 0.6000000238
14300  -19.482  -68.464  -11.234 0.6000000238
13583  -17.463  -69.063  -11.812 0.5000000000
16656  -15.997  -66.173  -12.064 0.3000000119
15815  -15.849  -67.185  -12.065 0.4000000060
97099  -15.932  -68.319  -12.052 0.4000000060
14316  -16.366  -68.335  -12.289 0.5000000000
14299  -18.374  -68.784  -11.553 0.5000000000
14310  -19.133  -68.233  -11.798 0.6000000238
20126  -17.750  -61.336  -11.268 0.3000000119
87820  -16.983  -62.863  -11.656 0.4000000060
17557  -16.521  -64.303  -11.732 0.4000000060
21686  -17.924  -59.552  -10.811 0.3000000119
22434  -18.203  -58.695  -10.668 0.3000000119
23225  -19.092  -56.935  -10.459 0.3000000119
24034  -19.737  -56.185  -10.382 0.3000000119
24838  -19.760  -55.510  -10.456 0.3000000119
27410  -21.136  -52.997  -10.132 0.3000000119
15041  -15.934  -67.737  -12.220 0.5000000000
12217  -22.386  -71.196  -5.848 0.5000000000
13534  -20.400  -69.079  -8.477 0.5000000000
14291  -19.813  -68.631  -10.323 0.6000000238
12292  -29.997  -71.042  -11.462 0.6000000238
14986  -27.765  -67.518  -6.192 0.3000000119
93671  -28.173  -68.132  -6.707 0.3000000119
14271  -28.543  -68.705  -7.392 0.3000000119
14270  -27.487  -68.857  -7.346 0.3000000119
14272  -29.430  -68.685  -7.524 0.3000000119
13516  -27.940  -69.285  -8.089 0.3000000119
12282  -30.137  -71.301  -10.813 0.6000000238
12913  -30.545  -70.533  -11.175 0.5000000000
14964  -28.598  -66.753  -5.646 0.3000000119
14255  -27.030  -68.348  -6.734 0.3000000119
13517  -28.910  -69.201  -8.235 0.3000000119
13541  -29.504  -69.549  -9.451 0.3000000119
13558  -30.236  -69.939  -10.863 0.4000000060
11576  -23.507  -73.094  -4.599 0.4000000060
15773  -28.418  -66.201  -5.185 0.3000000119
14963  -27.374  -67.002  -5.686 0.3000000119
14985  -26.597  -67.753  -6.223 0.3000000119
8675  -28.414  -76.026  -6.679 0.5000000000
100488  -25.774  -77.238  -8.168 0.4000000060
7951  -26.369  -77.018  -7.697 0.4000000060
94353  -27.505  -76.502  -6.556 0.4000000060
92683  -28.122  -76.395  -7.487 0.5000000000
10919  -29.462  -73.918  -5.750 0.5000000000
9383  -29.206  -75.017  -5.952 0.5000000000
8656  -27.947  -76.081  -5.933 0.5000000000
9382  -28.545  -75.550  -5.947 0.5000000000
8693  -26.764  -76.798  -6.935 0.4000000060
11618  -29.792  -72.093  -7.059 0.6000000238
11604  -29.212  -72.542  -6.472 0.6000000238
10924  -28.937  -73.155  -5.851 0.5000000000
97037  -29.104  -74.451  -5.689 0.5000000000
8655  -27.214  -76.217  -5.641 0.3000000119
9381  -27.774  -75.449  -5.409 0.4000000060
10179  -28.539  -74.858  -5.538 0.5000000000
12251  -30.511  -71.581  -7.989 0.6000000238
11617  -28.798  -71.996  -7.182 0.6000000238
11603  -28.350  -72.471  -6.395 0.6000000238
10918  -28.573  -73.932  -5.443 0.5000000000
98694  -30.837  -71.114  -10.554 0.6000000238
13518  -29.922  -69.149  -8.310 0.3000000119
13559  -31.077  -69.910  -10.762 0.4000000060
12250  -29.456  -71.658  -8.054 0.6000000238
11591  -28.061  -73.052  -5.657 0.4000000060
14256  -29.423  -67.978  -6.683 0.3000000119
13542  -30.533  -69.509  -9.648 0.3000000119
12293  -30.732  -70.878  -11.154 0.5000000000
12271  -30.257  -71.387  -9.302 0.6000000238
96829  -31.413  -69.660  -9.915 0.3000000119
12252  -31.746  -71.516  -8.028 0.5000000000
12272  -31.382  -71.152  -9.466 0.5000000000
12273  -32.512  -70.985  -9.323 0.4000000060
12284  -31.988  -70.696  -9.979 0.5000000000
11619  -30.919  -72.173  -7.147 0.5000000000
12253  -33.154  -71.377  -8.332 0.4000000060
12903  -32.917  -70.579  -9.121 0.4000000060
12902  -32.348  -70.183  -9.712 0.4000000060
12283  -31.359  -70.740  -10.568 0.5000000000
99483  -29.761  -72.613  -6.510 0.5000000000
11605  -30.433  -72.802  -6.513 0.5000000000
13560  -31.743  -69.978  -10.340 0.4000000060
6677  -26.997  -79.376  -14.317 0.3000000119
5940  -27.077  -79.934  -14.283 0.3000000119
6661  -27.428  -79.304  -13.793 0.3000000119
7332  -28.492  -78.619  -12.805 0.3000000119
7312  -29.200  -78.136  -12.204 0.4000000060
7331  -27.885  -78.539  -13.322 0.3000000119
8017  -28.555  -77.981  -12.741 0.3000000119
7313  -29.862  -78.149  -11.460 0.4000000060
8000  -29.812  -77.544  -11.649 0.4000000060
8016  -27.875  -77.899  -13.013 0.3000000119
7975  -31.293  -77.110  -10.243 0.4000000060
8740  -30.877  -76.904  -10.868 0.4000000060
8751  -29.794  -77.117  -11.600 0.4000000060
7999  -29.174  -77.554  -12.069 0.4000000060
7986  -27.749  -77.247  -11.212 0.4000000060
7987  -28.916  -77.082  -11.630 0.4000000060
8677  -32.545  -75.731  -8.407 0.3000000119
8726  -31.747  -76.510  -9.628 0.4000000060
8711  -32.214  -76.057  -9.201 0.4000000060
8725  -31.234  -76.501  -10.205 0.4000000060
9438  -30.565  -75.984  -9.861 0.4000000060
8739  -29.448  -76.666  -10.886 0.4000000060
8738  -28.232  -76.854  -10.527 0.4000000060
9412  -33.633  -74.392  -7.373 0.3000000119
9410  -32.346  -75.478  -8.760 0.4000000060
9426  -31.863  -75.655  -9.175 0.4000000060
9425  -30.620  -75.569  -8.875 0.4000000060
87704  -29.450  -76.264  -9.893 0.4000000060
8710  -29.421  -75.984  -8.968 0.4000000060
8724  -28.614  -76.556  -9.921 0.4000000060
10200  -33.225  -74.374  -7.665 0.4000000060
10199  -32.269  -74.650  -8.173 0.4000000060
9408  -30.175  -75.253  -7.587 0.4000000060
8695  -29.146  -75.801  -7.801 0.4000000060
7964  -27.694  -76.841  -9.321 0.4000000060
8709  -28.550  -76.416  -9.094 0.4000000060
7974  -27.188  -77.215  -10.058 0.4000000060
10193  -32.300  -73.814  -7.326 0.4000000060
9398  -30.908  -74.696  -7.308 0.4000000060
9397  -29.911  -74.921  -6.596 0.4000000060
9396  -29.221  -75.464  -6.701 0.4000000060
87227  -27.845  -76.623  -8.327 0.4000000060
10192  -31.209  -74.119  -6.854 0.4000000060
10191  -30.357  -74.430  -6.510 0.4000000060
10180  -29.710  -74.467  -6.039 0.4000000060
11620  -32.131  -72.285  -7.273 0.4000000060
10926  -31.151  -73.467  -6.612 0.4000000060
12254  -33.481  -71.024  -8.378 0.3000000119
13544  -32.714  -69.982  -8.890 0.3000000119
11606  -31.369  -72.795  -6.716 0.4000000060
13543  -32.027  -69.679  -9.386 0.3000000119
102641  -30.411  -73.423  -6.296 0.4000000060
98472  -30.302  -77.600  -11.278 0.4000000060
7988  -30.372  -77.184  -11.290 0.4000000060
96886  -30.413  -76.468  -10.594 0.4000000060
9411  -33.138  -75.096  -7.801 0.3000000119
10201  -34.056  -73.526  -7.280 0.3000000119
93977  -32.806  -75.134  -8.337 0.4000000060
9409  -31.491  -75.170  -8.503 0.4000000060
102287  -33.011  -73.665  -7.542 0.4000000060
100330  -28.573  -76.255  -8.310 0.4000000060
10931  -32.395  -73.049  -7.025 0.4000000060
7953  -31.579  -77.213  -8.741 0.3000000119
7287  -30.033  -78.476  -9.807 0.3000000119
6609  -29.546  -78.773  -10.581 0.3000000119
7281  -30.880  -77.831  -9.623 0.3000000119
6631  -29.134  -78.891  -11.428 0.3000000119
7288  -30.798  -77.785  -10.332 0.3000000119
7954  -32.157  -76.527  -8.634 0.3000000119
7965  -31.579  -77.200  -9.427 0.3000000119
98387  -32.005  -76.663  -9.180 0.3000000119
10932  -33.591  -73.350  -7.437 0.3000000119
10927  -33.420  -72.408  -7.565 0.3000000119
5954  -26.465  -80.333  -14.632 0.3000000119
6676  -26.688  -79.769  -14.747 0.3000000119
7298  -30.354  -78.057  -10.810 0.3000000119
7960  -23.657  -77.472  -8.962 0.4000000060
7989  -30.778  -77.369  -10.903 0.4000000060
7998  -28.381  -77.515  -12.298 0.3000000119
8629  -24.830  -76.021  -4.682 0.4000000060
9439  -31.612  -75.987  -9.668 0.4000000060
10178  -27.235  -74.884  -4.959 0.5000000000
10181  -30.303  -73.960  -6.206 0.4000000060
10915  -25.182  -73.473  -4.781 0.6000000238
10925  -29.790  -73.205  -6.139 0.5000000000
11615  -26.464  -72.072  -7.668 0.6000000238
12274  -32.464  -70.581  -9.625 0.4000000060
12287  -25.341  -71.038  -11.851 0.8000000119
12288  -26.154  -71.461  -12.138 0.8000000119
12304  -26.378  -70.637  -12.791 0.8000000119
12914  -31.215  -70.393  -10.813 0.5000000000
12915  -31.854  -70.389  -10.231 0.4000000060
13549  -17.334  -70.545  -10.242 0.5000000000
13587  -26.286  -69.306  -12.509 0.6999999881
13591  -25.998  -69.599  -12.746 0.6999999881
14298  -15.939  -68.742  -11.430 0.4000000060
14307  -16.246  -68.885  -11.751 0.5000000000
14308  -16.970  -68.859  -12.163 0.6000000238
14309  -18.069  -68.494  -12.180 0.5000000000
14961  -25.074  -67.370  -5.791 0.3000000119
15034  -15.792  -67.963  -12.052 0.4000000060
15827  -16.061  -66.832  -12.219 0.5000000000
15828  -16.849  -66.514  -12.484 0.6000000238
16612  -23.214  -66.332  -6.586 0.3000000119
16653  -24.975  -64.911  -11.204 0.5000000000
17556  -26.356  -64.546  -10.936 0.5000000000
17564  -17.196  -64.865  -12.247 0.6000000238
18429  -26.301  -62.422  -9.677 0.3000000119
18453  -26.021  -63.594  -10.637 0.5000000000
18456  -16.712  -63.586  -11.673 0.4000000060
20108  -23.097  -61.141  -6.980 0.3000000119
20120  -20.758  -61.580  -9.678 0.4000000060
95331  -24.423  -59.739  -7.653 0.3000000119
97203  -21.848  -72.091  -4.385 0.5000000000
99514  -30.320  -76.860  -11.202 0.4000000060
99564  -21.622  -70.650  -5.998 0.5000000000
100802  -33.027  -70.841  -9.109 0.4000000060
101856  -19.977  -69.698  -6.810 0.5000000000
102320  -22.465  -72.078  -4.719 0.5000000000
102856  -18.847  -67.207  -12.207 0.6000000238
103213  -25.687  -73.129  -5.069 0.5000000000
