#!ascii label  , from subject sub-v2s9x29166_ses-1 vox2ras=TkReg
752
41154  27.287  -31.785  49.594 0.0000000000
35093  20.580  -39.011  44.529 0.0000000000
35844  24.305  -37.795  57.587 0.0000000000
38718  20.435  -34.019  50.983 0.0000000000
44388  21.354  -27.648  45.813 0.0000000000
38705  27.046  -34.028  55.089 0.0000000000
40331  23.542  -32.736  54.522 0.0000000000
40381  30.730  -32.916  46.918 0.0000000000
37724  28.674  -34.887  52.298 0.0000000000
106635  27.611  -39.080  54.970 0.0000000000
92895  20.174  -27.935  53.281 0.0000000000
41172  20.627  -31.297  48.158 0.0000000000
45994  20.812  -25.760  50.908 0.0000000000
32610  22.846  -41.355  54.864 0.0000000000
35012  24.249  -38.879  51.968 0.0000000000
36777  22.782  -35.763  54.580 0.0000000000
98706  20.153  -30.936  55.718 0.0000000000
36837  25.081  -36.324  48.024 0.0000000000
40408  24.576  -32.754  43.911 0.0000000000
41927  20.775  -30.507  41.570 0.0000000000
94870  18.829  -25.014  43.512 0.0000000000
40357  27.171  -32.570  52.288 0.0000000000
41139  25.802  -31.643  51.457 0.0000000000
40383  28.787  -31.914  47.812 0.0000000000
39581  29.082  -33.673  50.231 0.0000000000
40355  28.239  -33.139  51.760 0.0000000000
39555  28.289  -34.065  53.385 0.0000000000
44348  20.313  -27.352  52.112 0.0000000000
96681  22.845  -40.308  56.589 0.0000000000
34990  23.918  -38.542  54.972 0.0000000000
36769  23.111  -36.739  56.092 0.0000000000
42633  22.765  -29.966  52.388 0.0000000000
41119  21.394  -31.532  54.918 0.0000000000
34126  27.136  -38.960  57.543 0.0000000000
32596  26.734  -41.607  55.901 0.0000000000
90341  24.377  -41.202  57.676 0.0000000000
96887  22.897  -42.592  56.224 0.0000000000
36801  22.917  -35.610  51.789 0.0000000000
35900  24.862  -37.041  49.847 0.0000000000
38731  23.357  -34.733  49.733 0.0000000000
42696  21.098  -29.962  47.500 0.0000000000
41179  23.240  -31.877  46.286 0.0000000000
41901  23.071  -30.135  44.622 0.0000000000
41202  23.436  -31.463  42.163 0.0000000000
43592  21.806  -28.688  42.856 0.0000000000
37703  25.784  -35.697  56.985 0.0000000000
38695  23.763  -34.827  55.977 0.0000000000
40329  25.231  -33.049  54.537 0.0000000000
41133  23.974  -31.845  52.403 0.0000000000
39604  32.131  -33.269  46.788 0.0000000000
97049  32.176  -35.985  47.541 0.0000000000
38736  30.504  -34.980  48.350 0.0000000000
36808  28.892  -35.711  51.073 0.0000000000
35859  28.321  -36.775  54.158 0.0000000000
36768  27.470  -36.881  55.742 0.0000000000
92778  20.081  -31.449  51.897 0.0000000000
39584  20.336  -33.208  49.736 0.0000000000
42647  20.201  -29.818  50.456 0.0000000000
43525  20.355  -28.928  49.341 0.0000000000
97808  20.667  -27.192  47.951 0.0000000000
42711  28.180  -29.886  46.049 0.0000000000
38727  35.618  -34.734  49.388 0.0000000000
41144  34.423  -31.839  50.574 0.0000000000
41174  32.734  -31.663  46.508 0.0000000000
41185  30.465  -30.999  45.536 0.0000000000
101255  22.561  -43.310  52.243 0.0000000000
95422  22.822  -41.685  51.266 0.0000000000
33312  23.537  -40.511  53.622 0.0000000000
35878  24.173  -37.880  53.292 0.0000000000
37726  21.970  -35.316  52.693 0.0000000000
38703  22.346  -33.711  54.981 0.0000000000
39559  21.109  -33.765  53.986 0.0000000000
40343  20.251  -32.478  53.233 0.0000000000
42609  19.688  -29.737  54.549 0.0000000000
34176  23.004  -40.104  49.414 0.0000000000
35063  23.612  -38.677  47.672 0.0000000000
35941  23.405  -37.922  45.352 0.0000000000
39599  23.350  -33.186  47.716 0.0000000000
37789  25.394  -34.711  45.919 0.0000000000
36876  23.139  -36.840  44.004 0.0000000000
101102  22.152  -34.706  42.333 0.0000000000
39642  20.411  -33.855  41.052 0.0000000000
47593  20.675  -23.221  49.342 0.0000000000
97255  20.332  -24.987  47.395 0.0000000000
47618  18.663  -23.049  46.120 0.0000000000
45231  20.226  -26.214  45.056 0.0000000000
44414  19.629  -27.351  42.210 0.0000000000
41145  27.236  -32.064  50.613 0.0000000000
41146  26.548  -31.697  50.859 0.0000000000
41163  26.773  -31.220  48.937 0.0000000000
41161  28.104  -31.669  48.258 0.0000000000
40368  28.414  -32.698  49.622 0.0000000000
40369  27.770  -32.424  50.193 0.0000000000
40356  27.700  -32.838  52.089 0.0000000000
101075  20.359  -38.951  43.821 0.0000000000
35959  20.558  -38.416  43.698 0.0000000000
34127  23.538  -39.262  57.227 0.0000000000
34977  23.138  -38.707  56.038 0.0000000000
35848  23.490  -37.843  56.939 0.0000000000
36833  33.527  -36.653  47.123 0.0000000000
35843  25.564  -38.029  57.987 0.0000000000
33274  25.824  -40.281  57.966 0.0000000000
34122  24.293  -39.536  57.730 0.0000000000
97595  23.539  -40.170  57.398 0.0000000000
37745  22.016  -35.137  51.236 0.0000000000
37744  23.177  -35.374  50.931 0.0000000000
93334  21.266  -34.847  50.725 0.0000000000
43551  21.645  -28.577  46.386 0.0000000000
41899  22.107  -30.086  46.380 0.0000000000
42733  22.077  -29.115  45.913 0.0000000000
42746  22.670  -29.348  44.184 0.0000000000
43580  21.801  -27.974  44.251 0.0000000000
38698  26.392  -34.535  55.898 0.0000000000
38699  25.255  -34.269  55.890 0.0000000000
39558  26.048  -33.104  54.215 0.0000000000
41140  24.531  -31.447  51.546 0.0000000000
42646  23.422  -29.592  50.664 0.0000000000
98847  31.497  -32.692  46.557 0.0000000000
98138  31.170  -34.457  47.675 0.0000000000
39596  30.566  -33.579  47.605 0.0000000000
39575  28.924  -33.947  51.151 0.0000000000
38729  29.362  -34.504  50.269 0.0000000000
37732  28.793  -35.349  51.622 0.0000000000
36789  28.590  -36.106  53.231 0.0000000000
38709  28.159  -34.195  53.999 0.0000000000
37712  28.152  -35.629  54.865 0.0000000000
38697  27.531  -34.888  55.309 0.0000000000
37702  26.663  -35.881  56.571 0.0000000000
42634  19.680  -29.728  52.223 0.0000000000
96263  20.189  -31.094  51.175 0.0000000000
89986  19.965  -29.104  51.416 0.0000000000
45164  20.555  -26.505  51.470 0.0000000000
44365  20.253  -28.095  50.096 0.0000000000
96794  20.516  -27.245  49.789 0.0000000000
103138  20.617  -27.787  48.507 0.0000000000
45181  20.622  -26.420  49.360 0.0000000000
41167  33.285  -31.835  47.067 0.0000000000
32618  22.637  -42.556  53.384 0.0000000000
101020  22.889  -41.923  53.142 0.0000000000
32627  23.225  -41.293  53.899 0.0000000000
35869  23.654  -37.582  54.823 0.0000000000
89188  24.148  -38.166  54.181 0.0000000000
36782  23.661  -37.134  53.763 0.0000000000
36790  23.460  -36.537  52.961 0.0000000000
37718  22.190  -35.243  53.656 0.0000000000
39546  23.560  -33.830  55.138 0.0000000000
38696  23.332  -34.811  55.624 0.0000000000
39547  22.946  -33.391  55.039 0.0000000000
41120  20.595  -31.257  55.449 0.0000000000
39553  21.640  -33.080  54.652 0.0000000000
40333  20.940  -32.037  54.759 0.0000000000
39560  20.498  -33.130  53.625 0.0000000000
41121  20.060  -31.485  55.191 0.0000000000
41848  19.480  -30.712  54.443 0.0000000000
41842  19.769  -30.398  55.378 0.0000000000
36824  30.221  -36.185  48.032 0.0000000000
36836  30.622  -36.628  47.385 0.0000000000
34138  27.482  -39.053  54.191 0.0000000000
100150  26.882  -40.362  53.504 0.0000000000
33303  27.110  -40.619  54.299 0.0000000000
32597  26.226  -42.347  56.739 0.0000000000
32609  26.511  -42.423  55.500 0.0000000000
31887  22.373  -42.166  55.267 0.0000000000
31899  22.478  -43.034  54.141 0.0000000000
33326  23.446  -40.250  51.456 0.0000000000
32645  22.724  -41.515  50.399 0.0000000000
34163  23.575  -39.745  50.775 0.0000000000
35907  24.873  -37.061  48.710 0.0000000000
35051  23.770  -38.721  48.618 0.0000000000
35917  24.710  -37.180  47.676 0.0000000000
35077  23.385  -38.676  46.719 0.0000000000
35928  24.514  -37.319  46.723 0.0000000000
40377  20.376  -32.615  49.126 0.0000000000
39589  21.739  -33.509  48.772 0.0000000000
40385  21.385  -32.284  47.849 0.0000000000
40397  24.023  -32.085  45.461 0.0000000000
106453  24.803  -33.065  45.928 0.0000000000
93183  25.058  -33.530  44.851 0.0000000000
37813  24.854  -35.482  44.557 0.0000000000
37826  24.325  -35.074  43.619 0.0000000000
37827  23.328  -35.531  43.237 0.0000000000
38783  23.785  -33.905  42.648 0.0000000000
41926  21.606  -30.994  41.605 0.0000000000
40424  21.438  -32.533  41.446 0.0000000000
97626  19.944  -31.840  41.075 0.0000000000
48400  20.346  -22.449  48.604 0.0000000000
46756  20.702  -24.028  47.876 0.0000000000
47608  19.987  -23.235  47.614 0.0000000000
48450  17.954  -23.035  44.415 0.0000000000
47630  17.862  -23.151  44.761 0.0000000000
46029  19.299  -24.898  45.668 0.0000000000
46061  18.927  -25.373  44.008 0.0000000000
44406  19.957  -26.811  43.264 0.0000000000
45246  19.562  -26.198  43.124 0.0000000000
40337  27.369  -33.083  53.177 0.0000000000
40338  26.520  -32.850  53.491 0.0000000000
41138  26.689  -32.133  51.730 0.0000000000
40382  29.517  -32.189  47.349 0.0000000000
39587  29.807  -33.395  48.406 0.0000000000
104849  28.826  -32.687  48.967 0.0000000000
39582  28.657  -33.209  50.191 0.0000000000
39568  28.678  -34.148  51.976 0.0000000000
38712  28.534  -34.681  53.088 0.0000000000
39569  28.382  -33.605  52.398 0.0000000000
39563  28.037  -33.413  52.954 0.0000000000
45146  20.702  -26.699  54.263 0.0000000000
43511  20.034  -28.254  52.092 0.0000000000
99218  20.645  -26.347  53.462 0.0000000000
45987  20.778  -25.798  51.909 0.0000000000
46739  21.049  -25.250  51.302 0.0000000000
33296  22.870  -40.555  55.546 0.0000000000
34140  23.384  -39.773  55.074 0.0000000000
34133  22.983  -39.564  55.833 0.0000000000
35861  23.435  -38.096  55.538 0.0000000000
36770  22.972  -36.055  55.434 0.0000000000
41125  22.744  -31.604  53.777 0.0000000000
100808  22.766  -32.424  54.558 0.0000000000
105858  22.635  -31.176  53.558 0.0000000000
41847  22.139  -30.313  54.732 0.0000000000
41840  21.295  -29.811  55.463 0.0000000000
42596  21.495  -29.155  55.210 0.0000000000
34976  27.587  -38.969  56.670 0.0000000000
98057  27.346  -40.213  55.718 0.0000000000
103380  26.717  -40.467  57.323 0.0000000000
32587  26.506  -41.445  56.973 0.0000000000
31865  25.194  -42.733  57.278 0.0000000000
31874  24.601  -43.389  57.101 0.0000000000
32589  24.046  -42.040  57.360 0.0000000000
33285  22.767  -41.102  56.435 0.0000000000
35885  24.482  -37.503  51.778 0.0000000000
35037  24.602  -38.006  50.354 0.0000000000
36810  24.519  -36.558  50.662 0.0000000000
36818  24.625  -36.152  49.783 0.0000000000
37769  24.625  -35.586  49.079 0.0000000000
41883  21.053  -30.773  47.596 0.0000000000
40393  21.739  -31.634  47.303 0.0000000000
41181  21.729  -30.927  47.062 0.0000000000
41187  22.976  -31.140  45.946 0.0000000000
41189  23.912  -31.528  44.147 0.0000000000
40415  23.958  -32.234  42.477 0.0000000000
41914  23.368  -30.619  42.764 0.0000000000
41915  22.742  -29.901  42.584 0.0000000000
42768  21.100  -29.167  42.158 0.0000000000
47656  18.798  -23.828  43.665 0.0000000000
46824  19.345  -25.222  43.083 0.0000000000
46823  19.880  -25.055  42.803 0.0000000000
36763  25.092  -36.307  57.450 0.0000000000
36764  24.049  -36.198  57.254 0.0000000000
37704  24.780  -35.490  57.032 0.0000000000
38700  24.210  -34.205  55.556 0.0000000000
40330  24.474  -32.949  54.500 0.0000000000
40339  25.359  -32.759  53.939 0.0000000000
40349  24.675  -32.325  53.297 0.0000000000
40350  23.531  -32.009  53.328 0.0000000000
41853  22.998  -30.690  52.278 0.0000000000
39594  32.729  -33.947  47.182 0.0000000000
38742  32.611  -35.004  47.515 0.0000000000
102386  31.887  -35.055  47.600 0.0000000000
38737  29.683  -33.919  49.343 0.0000000000
37755  29.679  -35.400  49.702 0.0000000000
91276  29.488  -36.207  49.432 0.0000000000
98551  27.921  -38.118  53.325 0.0000000000
35860  27.721  -37.485  54.603 0.0000000000
37711  28.511  -35.485  54.190 0.0000000000
101710  27.890  -36.823  54.677 0.0000000000
35852  27.544  -37.401  55.395 0.0000000000
35846  27.433  -37.538  56.348 0.0000000000
35842  26.240  -37.501  57.646 0.0000000000
39571  20.232  -33.458  51.148 0.0000000000
38724  20.503  -33.876  50.337 0.0000000000
40364  20.093  -32.922  50.399 0.0000000000
41149  20.120  -32.205  50.089 0.0000000000
41879  20.254  -31.131  49.157 0.0000000000
94203  20.143  -28.169  51.123 0.0000000000
90291  20.269  -29.647  49.728 0.0000000000
42678  20.359  -30.074  48.885 0.0000000000
42697  20.720  -29.605  48.035 0.0000000000
43552  21.003  -28.324  47.457 0.0000000000
95507  20.940  -27.633  47.283 0.0000000000
41170  27.636  -31.107  47.810 0.0000000000
38735  35.144  -35.054  48.507 0.0000000000
40345  35.391  -32.472  52.600 0.0000000000
41130  34.859  -31.723  52.217 0.0000000000
40354  35.103  -32.554  51.976 0.0000000000
40366  34.657  -32.684  50.018 0.0000000000
94549  34.496  -33.024  49.035 0.0000000000
40379  34.181  -33.237  48.117 0.0000000000
40388  32.247  -32.353  46.473 0.0000000000
41176  31.481  -31.915  46.076 0.0000000000
41184  31.283  -31.197  45.605 0.0000000000
41177  30.637  -31.647  45.958 0.0000000000
41168  29.099  -31.492  46.829 0.0000000000
41169  28.301  -31.276  47.413 0.0000000000
33320  23.143  -41.041  51.875 0.0000000000
34155  23.830  -39.646  52.332 0.0000000000
34147  23.690  -39.830  54.310 0.0000000000
35000  24.152  -38.802  53.186 0.0000000000
34999  24.425  -38.052  52.392 0.0000000000
104018  24.132  -37.198  52.578 0.0000000000
37734  21.826  -35.257  52.010 0.0000000000
37735  21.222  -35.005  52.058 0.0000000000
37706  23.387  -35.435  56.082 0.0000000000
37709  22.981  -35.207  55.526 0.0000000000
37713  22.624  -35.312  55.099 0.0000000000
39552  22.385  -33.002  54.821 0.0000000000
38707  21.750  -34.138  54.755 0.0000000000
37714  22.112  -34.929  54.651 0.0000000000
38710  21.178  -34.438  53.104 0.0000000000
38711  20.820  -33.928  52.799 0.0000000000
38714  20.536  -34.106  51.761 0.0000000000
91238  20.112  -31.867  52.632 0.0000000000
41855  19.605  -30.931  53.133 0.0000000000
90025  20.004  -28.830  53.900 0.0000000000
42597  20.655  -29.205  55.398 0.0000000000
99178  20.852  -28.202  55.019 0.0000000000
44324  20.729  -27.392  54.732 0.0000000000
32625  26.326  -41.449  52.093 0.0000000000
32608  26.816  -41.604  54.666 0.0000000000
35038  23.964  -38.830  49.625 0.0000000000
33343  22.802  -39.968  48.331 0.0000000000
35942  22.433  -38.365  44.949 0.0000000000
39583  21.142  -33.779  49.396 0.0000000000
38738  23.594  -34.274  49.045 0.0000000000
38744  24.853  -34.638  47.832 0.0000000000
40391  23.244  -32.528  46.987 0.0000000000
39598  24.553  -33.741  47.322 0.0000000000
92223  25.306  -35.513  47.300 0.0000000000
36861  24.765  -36.392  45.411 0.0000000000
36862  23.820  -37.139  44.920 0.0000000000
35957  21.696  -37.893  44.299 0.0000000000
36892  21.766  -36.644  43.406 0.0000000000
39629  23.516  -33.074  42.071 0.0000000000
38799  21.684  -34.251  41.826 0.0000000000
47586  21.220  -23.782  51.014 0.0000000000
47587  20.861  -23.525  50.261 0.0000000000
96461  20.924  -24.834  49.277 0.0000000000
46006  20.688  -25.594  48.842 0.0000000000
101859  20.657  -26.404  47.674 0.0000000000
45221  20.449  -26.393  46.180 0.0000000000
46773  19.649  -24.723  46.565 0.0000000000
90641  19.743  -25.649  45.431 0.0000000000
105065  21.057  -27.229  45.201 0.0000000000
44405  21.046  -27.342  43.831 0.0000000000
43605  20.577  -28.384  42.428 0.0000000000
42769  19.754  -29.007  41.647 0.0000000000
43607  19.319  -28.274  41.270 0.0000000000
41155  26.662  -31.494  49.881 0.0000000000
41162  27.432  -31.468  48.626 0.0000000000
41153  27.889  -32.085  49.168 0.0000000000
40363  27.764  -32.660  51.245 0.0000000000
34227  20.319  -39.559  44.548 0.0000000000
35108  20.346  -39.016  44.118 0.0000000000
35107  20.599  -38.635  44.182 0.0000000000
34968  23.895  -38.646  57.387 0.0000000000
104238  34.036  -35.609  47.701 0.0000000000
37779  34.279  -36.240  47.473 0.0000000000
34962  24.808  -38.743  58.020 0.0000000000
37746  21.157  -34.985  51.360 0.0000000000
38723  20.804  -34.482  50.790 0.0000000000
43564  21.789  -28.242  45.337 0.0000000000
42747  22.214  -28.794  44.796 0.0000000000
39543  26.002  -33.825  55.332 0.0000000000
39549  26.529  -33.526  54.584 0.0000000000
39595  31.406  -33.489  47.047 0.0000000000
38720  28.911  -34.681  51.360 0.0000000000
37733  28.628  -35.554  52.264 0.0000000000
37725  28.592  -35.465  52.865 0.0000000000
39548  27.408  -33.817  54.227 0.0000000000
105664  27.767  -34.353  54.577 0.0000000000
37708  26.893  -35.230  56.067 0.0000000000
94564  19.821  -28.870  52.665 0.0000000000
45173  20.644  -26.484  50.374 0.0000000000
46000  20.829  -25.666  49.863 0.0000000000
31898  22.624  -42.149  54.260 0.0000000000
99893  23.242  -36.642  54.563 0.0000000000
36783  22.948  -36.021  53.553 0.0000000000
96170  23.743  -33.211  54.806 0.0000000000
96177  22.884  -32.810  54.771 0.0000000000
96976  19.720  -31.077  55.170 0.0000000000
34139  27.491  -39.927  54.864 0.0000000000
89002  26.075  -43.267  56.392 0.0000000000
31888  22.261  -42.895  55.132 0.0000000000
93772  23.815  -39.531  51.440 0.0000000000
95938  25.078  -36.482  47.093 0.0000000000
41164  20.677  -32.097  48.334 0.0000000000
40376  20.779  -32.827  48.644 0.0000000000
40401  24.379  -32.260  44.519 0.0000000000
40400  24.743  -32.810  45.322 0.0000000000
39620  24.717  -33.445  44.001 0.0000000000
38759  24.886  -34.333  44.260 0.0000000000
38770  24.424  -34.105  43.366 0.0000000000
39628  24.369  -33.089  43.031 0.0000000000
96219  20.968  -31.860  41.372 0.0000000000
41211  20.352  -31.186  41.333 0.0000000000
48392  20.548  -22.270  49.516 0.0000000000
47600  20.637  -23.300  48.302 0.0000000000
48407  20.068  -22.615  47.941 0.0000000000
92292  18.388  -24.170  43.772 0.0000000000
46801  18.042  -23.672  44.191 0.0000000000
46800  18.369  -24.572  44.048 0.0000000000
101191  19.282  -25.648  43.512 0.0000000000
40347  26.966  -32.614  52.893 0.0000000000
41870  26.130  -30.883  49.176 0.0000000000
40374  29.223  -32.623  48.298 0.0000000000
40362  28.289  -32.910  50.762 0.0000000000
39576  28.663  -33.368  51.037 0.0000000000
93838  28.589  -33.592  51.727 0.0000000000
39570  28.008  -33.163  52.447 0.0000000000
40346  27.597  -32.929  52.689 0.0000000000
101083  21.258  -25.371  53.072 0.0000000000
45986  21.219  -25.134  52.102 0.0000000000
35853  23.227  -37.757  56.186 0.0000000000
36776  23.191  -37.040  55.440 0.0000000000
41854  22.625  -30.670  53.307 0.0000000000
42620  22.530  -29.715  53.635 0.0000000000
42608  22.129  -29.442  54.838 0.0000000000
105989  27.201  -39.618  57.282 0.0000000000
33275  24.792  -40.382  57.913 0.0000000000
33280  25.714  -41.031  57.722 0.0000000000
32588  25.511  -41.961  57.435 0.0000000000
33281  23.271  -41.159  57.205 0.0000000000
32598  22.585  -41.563  55.779 0.0000000000
36799  24.348  -36.856  51.588 0.0000000000
36811  23.871  -36.053  51.301 0.0000000000
38721  23.463  -35.195  50.258 0.0000000000
37743  24.090  -35.753  50.466 0.0000000000
37756  24.145  -35.384  49.769 0.0000000000
104153  24.136  -34.917  49.285 0.0000000000
90130  21.521  -30.261  47.113 0.0000000000
41898  22.792  -30.422  45.649 0.0000000000
41897  23.438  -30.979  44.980 0.0000000000
41905  23.486  -30.763  43.875 0.0000000000
43579  22.211  -28.590  43.711 0.0000000000
42755  22.570  -29.225  43.181 0.0000000000
42767  22.095  -29.364  42.539 0.0000000000
47643  19.187  -23.212  43.968 0.0000000000
47655  19.863  -23.796  43.572 0.0000000000
46812  19.213  -24.553  43.371 0.0000000000
46811  20.406  -24.369  43.168 0.0000000000
38693  25.506  -34.936  56.554 0.0000000000
39544  24.983  -33.715  55.294 0.0000000000
39551  24.701  -33.276  54.850 0.0000000000
40348  26.010  -32.342  53.111 0.0000000000
100766  23.946  -32.384  53.763 0.0000000000
41141  23.520  -31.164  51.804 0.0000000000
93747  32.019  -34.166  47.219 0.0000000000
37742  29.150  -35.258  50.726 0.0000000000
91596  29.228  -35.869  50.299 0.0000000000
36809  28.808  -36.234  50.821 0.0000000000
103906  28.444  -36.697  51.262 0.0000000000
35867  28.523  -36.794  53.522 0.0000000000
35868  28.061  -37.580  53.817 0.0000000000
38708  28.492  -34.759  53.804 0.0000000000
37717  28.587  -35.439  53.537 0.0000000000
36775  27.782  -36.483  55.077 0.0000000000
34966  27.577  -38.154  56.257 0.0000000000
36762  26.237  -36.643  57.263 0.0000000000
36759  25.301  -37.151  57.805 0.0000000000
96917  20.161  -32.256  51.551 0.0000000000
90565  20.160  -33.303  50.565 0.0000000000
41142  20.149  -32.168  50.905 0.0000000000
41865  20.257  -30.727  50.447 0.0000000000
103734  20.212  -31.533  50.454 0.0000000000
41873  20.230  -31.368  49.812 0.0000000000
41157  20.199  -32.026  49.423 0.0000000000
42664  20.279  -30.462  49.695 0.0000000000
43518  20.159  -28.951  50.342 0.0000000000
43533  20.556  -29.200  48.561 0.0000000000
44384  20.739  -28.057  47.942 0.0000000000
103580  27.867  -30.740  47.201 0.0000000000
41889  27.681  -30.193  46.747 0.0000000000
38726  36.061  -34.783  49.667 0.0000000000
37764  35.904  -35.315  48.931 0.0000000000
39586  34.815  -34.025  48.813 0.0000000000
41862  34.216  -30.970  50.741 0.0000000000
41857  34.490  -30.920  51.683 0.0000000000
41136  34.597  -31.767  51.481 0.0000000000
40361  34.868  -32.688  51.137 0.0000000000
40373  34.059  -32.309  48.391 0.0000000000
41175  32.060  -31.351  45.865 0.0000000000
41893  31.690  -30.631  45.393 0.0000000000
40390  29.978  -31.900  46.583 0.0000000000
41178  29.801  -31.334  46.037 0.0000000000
41896  28.923  -30.335  45.716 0.0000000000
101993  29.155  -30.944  46.122 0.0000000000
41888  28.432  -30.703  46.589 0.0000000000
31911  22.640  -42.594  52.370 0.0000000000
33313  23.251  -41.172  52.886 0.0000000000
32628  22.864  -41.796  52.152 0.0000000000
33319  23.516  -40.404  52.605 0.0000000000
89789  23.774  -39.267  54.861 0.0000000000
36791  22.746  -35.841  52.593 0.0000000000
37705  23.878  -35.441  56.683 0.0000000000
36765  23.329  -36.285  56.632 0.0000000000
38702  22.968  -34.240  55.282 0.0000000000
38706  22.403  -34.606  55.110 0.0000000000
40342  22.247  -31.933  54.400 0.0000000000
40332  22.010  -32.364  54.587 0.0000000000
37719  21.626  -34.576  53.845 0.0000000000
39564  20.431  -33.345  52.349 0.0000000000
40351  20.208  -32.747  51.866 0.0000000000
41849  19.488  -30.222  53.632 0.0000000000
106757  32.781  -36.560  47.206 0.0000000000
32616  26.760  -41.115  53.631 0.0000000000
33311  26.607  -40.601  52.714 0.0000000000
33284  27.017  -40.783  56.276 0.0000000000
33295  27.110  -40.818  55.255 0.0000000000
31905  22.526  -43.191  53.115 0.0000000000
31136  22.525  -43.983  52.819 0.0000000000
33333  22.829  -40.770  49.922 0.0000000000
32651  22.544  -41.325  49.501 0.0000000000
92167  22.609  -40.610  48.977 0.0000000000
34200  23.217  -39.322  48.051 0.0000000000
35064  23.042  -39.228  47.162 0.0000000000
35929  23.826  -38.061  46.243 0.0000000000
35078  22.737  -39.225  46.201 0.0000000000
35090  23.037  -38.643  45.746 0.0000000000
35091  22.126  -39.020  45.405 0.0000000000
91401  20.335  -33.484  50.120 0.0000000000
38733  21.081  -34.288  50.067 0.0000000000
105935  20.580  -33.590  49.728 0.0000000000
39600  22.289  -33.176  48.177 0.0000000000
39588  22.921  -33.628  48.597 0.0000000000
38745  24.069  -33.885  48.303 0.0000000000
40392  22.322  -32.045  47.118 0.0000000000
39608  25.138  -33.527  45.689 0.0000000000
39605  24.799  -33.426  46.450 0.0000000000
38748  25.326  -34.192  46.231 0.0000000000
91304  25.200  -34.501  46.989 0.0000000000
37790  25.398  -35.013  46.422 0.0000000000
36848  25.290  -35.916  46.365 0.0000000000
37799  25.282  -35.319  45.658 0.0000000000
37814  23.936  -36.035  43.769 0.0000000000
36875  24.210  -36.461  44.458 0.0000000000
35956  22.762  -37.612  44.551 0.0000000000
36877  22.110  -37.318  43.940 0.0000000000
36891  22.905  -36.179  43.508 0.0000000000
37842  22.699  -35.137  42.744 0.0000000000
38786  21.054  -35.042  41.990 0.0000000000
40422  23.339  -32.234  41.867 0.0000000000
39641  21.190  -33.501  41.457 0.0000000000
38801  20.601  -34.769  41.219 0.0000000000
48385  20.701  -22.833  50.087 0.0000000000
89472  20.978  -24.138  49.736 0.0000000000
95067  21.068  -24.003  48.637 0.0000000000
97653  20.690  -25.655  47.926 0.0000000000
93117  20.542  -25.980  47.129 0.0000000000
47619  18.083  -22.767  45.297 0.0000000000
48420  18.773  -22.172  46.410 0.0000000000
47609  19.373  -22.959  46.907 0.0000000000
46774  19.052  -24.036  45.949 0.0000000000
46060  19.492  -25.682  44.631 0.0000000000
44394  20.792  -26.943  45.563 0.0000000000
44403  20.660  -26.835  44.542 0.0000000000
43594  20.217  -27.600  42.751 0.0000000000
43606  19.562  -28.162  41.776 0.0000000000
45251  19.654  -26.413  42.450 0.0000000000
41137  27.222  -32.393  51.535 0.0000000000
40375  28.527  -32.284  48.680 0.0000000000
105042  20.537  -38.407  43.505 0.0000000000
35976  20.648  -37.648  43.297 0.0000000000
34128  23.098  -39.414  56.657 0.0000000000
34969  23.357  -38.600  56.705 0.0000000000
92301  23.253  -37.160  56.589 0.0000000000
101860  26.075  -38.883  58.024 0.0000000000
34120  26.455  -39.672  57.850 0.0000000000
34121  25.344  -39.610  58.103 0.0000000000
38722  22.289  -34.835  50.360 0.0000000000
42714  21.636  -29.503  46.813 0.0000000000
42732  22.550  -29.615  45.308 0.0000000000
38692  26.265  -35.214  56.482 0.0000000000
39550  25.591  -33.353  54.855 0.0000000000
41132  25.329  -31.904  52.363 0.0000000000
41858  23.911  -30.837  50.963 0.0000000000
92286  23.692  -30.215  50.601 0.0000000000
38743  30.263  -34.205  48.428 0.0000000000
38704  28.284  -34.858  54.464 0.0000000000
37707  27.451  -35.941  55.773 0.0000000000
41860  19.774  -30.566  52.102 0.0000000000
89162  20.075  -30.155  51.277 0.0000000000
44357  20.384  -27.308  50.831 0.0000000000
44375  20.500  -27.956  49.196 0.0000000000
96793  20.584  -27.177  48.869 0.0000000000
45192  20.617  -26.394  48.415 0.0000000000
39579  35.810  -34.424  50.261 0.0000000000
103047  34.179  -31.342  50.203 0.0000000000
41160  33.671  -31.523  47.851 0.0000000000
41886  33.246  -30.917  47.078 0.0000000000
41895  29.698  -30.692  45.559 0.0000000000
38701  23.531  -34.375  55.475 0.0000000000
39554  20.815  -32.834  54.295 0.0000000000
40334  20.186  -32.266  54.355 0.0000000000
41127  19.680  -31.588  54.209 0.0000000000
42598  19.974  -29.657  55.425 0.0000000000
37781  31.173  -36.248  47.572 0.0000000000
34145  27.398  -38.895  53.346 0.0000000000
34146  27.238  -39.769  53.891 0.0000000000
103803  22.343  -42.773  55.587 0.0000000000
31111  22.463  -43.387  55.803 0.0000000000
33327  23.034  -40.940  50.864 0.0000000000
34164  23.219  -40.257  50.365 0.0000000000
34175  23.490  -39.593  49.958 0.0000000000
35050  24.518  -37.911  49.242 0.0000000000
35908  24.348  -37.949  48.189 0.0000000000
35918  24.124  -38.027  47.203 0.0000000000
103340  20.520  -33.166  49.277 0.0000000000
39590  20.898  -33.347  48.994 0.0000000000
39601  21.450  -32.999  48.305 0.0000000000
40384  22.291  -32.674  47.683 0.0000000000
40396  24.222  -32.630  46.224 0.0000000000
38751  25.303  -34.411  45.301 0.0000000000
38771  23.699  -34.734  42.973 0.0000000000
38784  23.108  -34.503  42.545 0.0000000000
41210  22.436  -31.775  41.641 0.0000000000
40425  20.279  -32.705  41.068 0.0000000000
47629  18.251  -23.397  45.374 0.0000000000
46785  18.326  -24.106  44.859 0.0000000000
46043  18.937  -25.070  44.698 0.0000000000
45240  19.678  -26.088  44.031 0.0000000000
44407  19.634  -26.764  42.535 0.0000000000
39557  26.943  -33.351  53.761 0.0000000000
41131  26.415  -32.196  52.353 0.0000000000
91871  30.167  -32.430  46.940 0.0000000000
39597  29.980  -32.857  47.553 0.0000000000
40367  29.127  -33.163  49.296 0.0000000000
38716  28.534  -34.242  52.581 0.0000000000
39562  28.378  -33.958  52.916 0.0000000000
39556  27.762  -33.617  53.521 0.0000000000
44333  20.440  -27.379  54.124 0.0000000000
44340  20.448  -26.987  53.380 0.0000000000
45155  20.565  -26.436  52.611 0.0000000000
45978  20.833  -25.833  52.884 0.0000000000
33304  23.314  -40.533  54.541 0.0000000000
34983  23.453  -38.988  55.413 0.0000000000
104521  23.074  -36.358  55.027 0.0000000000
40341  23.267  -32.253  54.194 0.0000000000
41126  22.222  -31.124  54.490 0.0000000000
92015  21.082  -30.785  55.583 0.0000000000
41841  20.387  -30.167  55.724 0.0000000000
34132  27.591  -39.454  55.744 0.0000000000
100240  27.364  -39.931  56.555 0.0000000000
31866  23.859  -42.567  57.095 0.0000000000
32590  23.089  -41.858  56.709 0.0000000000
35024  24.555  -38.108  51.412 0.0000000000
35891  24.635  -37.344  50.956 0.0000000000
36826  24.893  -36.320  48.944 0.0000000000
37782  24.959  -35.560  48.275 0.0000000000
41171  21.110  -31.528  47.700 0.0000000000
41180  22.360  -31.402  46.689 0.0000000000
100799  22.390  -30.782  46.377 0.0000000000
41186  23.520  -31.538  45.517 0.0000000000
96261  23.862  -31.684  44.905 0.0000000000
40409  24.299  -32.203  43.467 0.0000000000
41194  23.848  -31.433  43.090 0.0000000000
41906  23.113  -29.918  43.496 0.0000000000
41203  22.713  -30.727  41.986 0.0000000000
41916  21.723  -30.020  41.955 0.0000000000
47644  18.205  -23.405  43.983 0.0000000000
46822  20.962  -24.822  42.690 0.0000000000
94771  23.682  -37.065  57.081 0.0000000000
36760  24.392  -36.905  57.550 0.0000000000
38694  24.515  -34.810  56.372 0.0000000000
39545  24.203  -33.663  55.041 0.0000000000
40340  24.247  -32.638  54.147 0.0000000000
41134  23.025  -31.370  52.824 0.0000000000
41859  23.275  -30.279  51.401 0.0000000000
38741  33.395  -34.823  47.542 0.0000000000
37766  31.219  -35.463  47.779 0.0000000000
37767  30.452  -35.663  48.210 0.0000000000
37768  29.970  -35.886  48.848 0.0000000000
38728  29.964  -34.711  49.195 0.0000000000
37754  30.119  -35.323  48.892 0.0000000000
34989  27.660  -38.368  53.792 0.0000000000
34982  27.606  -38.286  54.451 0.0000000000
36781  28.578  -36.120  53.880 0.0000000000
36774  28.354  -36.182  54.478 0.0000000000
34975  27.596  -38.402  55.483 0.0000000000
34967  27.446  -38.250  57.019 0.0000000000
36761  27.149  -36.733  56.525 0.0000000000
35847  26.990  -37.477  57.140 0.0000000000
34961  26.700  -38.192  57.640 0.0000000000
39577  20.277  -33.556  50.496 0.0000000000
91912  20.222  -33.311  50.193 0.0000000000
40370  20.179  -32.812  49.815 0.0000000000
41165  20.355  -31.722  48.784 0.0000000000
106773  20.411  -30.974  48.618 0.0000000000
41884  20.651  -30.475  48.111 0.0000000000
92962  20.587  -28.480  48.580 0.0000000000
43544  20.776  -28.797  47.966 0.0000000000
43543  21.213  -28.986  47.316 0.0000000000
44389  21.276  -28.069  46.820 0.0000000000
91399  20.997  -27.252  46.471 0.0000000000
41876  27.013  -30.823  48.118 0.0000000000
98652  27.301  -30.471  47.402 0.0000000000
42693  27.018  -29.807  46.938 0.0000000000
38740  34.240  -34.844  47.848 0.0000000000
39574  35.318  -33.624  50.707 0.0000000000
39580  35.108  -33.805  49.738 0.0000000000
39592  34.370  -34.164  48.101 0.0000000000
39593  33.556  -33.631  47.382 0.0000000000
40387  33.057  -32.537  46.831 0.0000000000
40389  30.762  -32.275  46.429 0.0000000000
41887  32.661  -30.801  46.216 0.0000000000
41892  32.203  -30.595  45.627 0.0000000000
90330  24.083  -39.108  54.242 0.0000000000
34149  23.814  -39.745  53.405 0.0000000000
36800  23.646  -36.355  52.180 0.0000000000
38717  20.794  -34.573  51.535 0.0000000000
36766  23.086  -35.964  56.041 0.0000000000
37727  21.467  -34.926  52.798 0.0000000000
38713  20.941  -34.627  52.246 0.0000000000
42635  19.539  -30.200  52.831 0.0000000000
42621  19.636  -29.574  53.274 0.0000000000
98330  20.157  -28.936  54.930 0.0000000000
43499  20.360  -28.064  54.450 0.0000000000
37780  33.280  -35.966  47.489 0.0000000000
36834  32.775  -36.887  46.929 0.0000000000
36835  32.076  -36.734  47.179 0.0000000000
32617  26.601  -41.982  53.713 0.0000000000
35025  24.125  -39.025  50.773 0.0000000000
34187  23.311  -39.444  48.988 0.0000000000
95584  22.397  -40.636  47.932 0.0000000000
35092  21.237  -38.620  44.645 0.0000000000
38732  22.299  -34.117  49.434 0.0000000000
38730  24.454  -34.773  48.663 0.0000000000
106053  24.106  -33.034  46.969 0.0000000000
97245  24.826  -36.699  46.287 0.0000000000
35940  24.279  -37.325  45.799 0.0000000000
35958  20.968  -38.069  44.073 0.0000000000
35975  21.197  -37.430  43.614 0.0000000000
36893  20.689  -36.826  42.973 0.0000000000
38785  22.857  -33.990  42.163 0.0000000000
40423  22.527  -32.725  41.668 0.0000000000
39640  22.435  -33.490  41.795 0.0000000000
95737  21.600  -24.224  51.777 0.0000000000
46738  21.233  -24.606  51.180 0.0000000000
46746  21.086  -24.943  50.400 0.0000000000
46745  21.063  -24.214  50.514 0.0000000000
97700  20.848  -24.756  48.260 0.0000000000
45208  20.792  -26.814  47.098 0.0000000000
46765  19.593  -23.914  47.024 0.0000000000
46028  20.018  -25.504  46.434 0.0000000000
44402  21.333  -27.518  44.812 0.0000000000
43593  21.426  -27.982  43.302 0.0000000000
42778  20.323  -29.827  41.644 0.0000000000
46071  19.479  -25.631  43.022 0.0000000000
43618  19.187  -28.948  41.163 0.0000000000
41928  19.700  -30.554  41.252 0.0000000000
40358  20.067  -32.919  50.967 0.0000000000
48421  18.314  -22.213  45.612 0.0000000000
100841  25.028  -33.951  46.753 0.0000000000
102839  24.767  -32.932  44.527 0.0000000000
