#!ascii label  , from subject sub-v2s9x29166_ses-1 vox2ras=TkReg
1326
51165  64.543  -18.800  29.423 0.0000000000
36951  54.156  -35.526  39.801 0.0000000000
34236  43.415  -39.115  45.329 0.0000000000
30360  42.243  -43.831  50.060 0.0000000000
33359  53.378  -40.658  47.316 0.0000000000
34342  46.512  -39.528  38.345 0.0000000000
48634  61.016  -22.960  28.855 0.0000000000
52882  68.121  -16.726  22.177 0.0000000000
49421  57.675  -21.239  35.151 0.0000000000
42883  53.543  -29.714  33.101 0.0000000000
38934  46.904  -34.764  31.191 0.0000000000
96182  46.375  -38.752  50.608 0.0000000000
32652  41.225  -41.086  48.240 0.0000000000
34995  42.983  -38.689  53.389 0.0000000000
34205  47.873  -39.413  46.372 0.0000000000
51899  60.851  -17.476  36.661 0.0000000000
104898  59.554  -35.971  43.887 0.0000000000
40438  59.504  -31.918  40.280 0.0000000000
42838  58.600  -29.004  36.777 0.0000000000
40479  54.310  -32.220  36.841 0.0000000000
40530  50.387  -32.502  32.538 0.0000000000
37939  50.348  -35.004  35.342 0.0000000000
34359  41.081  -39.961  37.711 0.0000000000
34405  42.269  -39.253  34.007 0.0000000000
53677  66.228  -16.488  26.915 0.0000000000
51209  65.593  -19.436  24.439 0.0000000000
32721  40.054  -41.145  41.350 0.0000000000
31181  38.916  -43.403  44.208 0.0000000000
91057  54.107  -39.223  42.155 0.0000000000
35167  50.419  -38.456  38.481 0.0000000000
103304  49.624  -40.129  42.028 0.0000000000
34291  44.464  -39.693  41.783 0.0000000000
89485  63.189  -20.483  30.407 0.0000000000
33277  40.475  -40.077  57.123 0.0000000000
29503  43.943  -46.161  53.994 0.0000000000
104991  63.802  -16.004  27.812 0.0000000000
53636  63.426  -16.376  31.069 0.0000000000
51126  62.003  -18.226  32.617 0.0000000000
49471  58.541  -21.605  31.500 0.0000000000
46945  56.393  -24.332  30.752 0.0000000000
47707  58.875  -23.289  38.083 0.0000000000
45320  57.384  -26.381  34.196 0.0000000000
44565  53.832  -27.527  29.643 0.0000000000
42957  50.972  -29.575  28.657 0.0000000000
36064  47.254  -37.600  34.626 0.0000000000
35871  47.136  -37.574  52.917 0.0000000000
35006  44.729  -38.506  52.103 0.0000000000
35862  45.622  -36.929  54.052 0.0000000000
35015  48.564  -38.779  51.447 0.0000000000
37848  57.059  -35.418  41.488 0.0000000000
39646  56.860  -33.861  40.247 0.0000000000
40453  56.572  -32.223  38.589 0.0000000000
89178  54.395  -33.280  38.000 0.0000000000
39701  52.615  -33.548  36.467 0.0000000000
38850  52.346  -34.781  37.521 0.0000000000
93572  39.615  -41.525  37.237 0.0000000000
32741  40.287  -41.059  35.709 0.0000000000
51999  65.825  -17.332  27.654 0.0000000000
52010  67.177  -17.999  27.054 0.0000000000
97788  67.733  -19.480  28.422 0.0000000000
33408  41.789  -40.505  43.063 0.0000000000
31993  39.099  -42.416  42.143 0.0000000000
32678  40.868  -40.878  45.104 0.0000000000
31919  41.505  -42.505  49.644 0.0000000000
31162  40.524  -43.548  47.317 0.0000000000
30380  41.352  -44.622  48.509 0.0000000000
28757  42.550  -46.146  49.580 0.0000000000
34243  56.731  -39.349  44.914 0.0000000000
90414  53.643  -40.402  44.300 0.0000000000
34265  52.175  -40.060  42.240 0.0000000000
33401  51.542  -40.493  44.064 0.0000000000
34206  46.018  -38.861  45.819 0.0000000000
34233  46.483  -39.481  44.462 0.0000000000
92099  44.336  -39.522  43.788 0.0000000000
90377  42.232  -40.289  41.817 0.0000000000
49509  62.238  -21.589  29.793 0.0000000000
48591  63.524  -22.333  30.420 0.0000000000
46943  62.387  -24.142  29.575 0.0000000000
29514  40.820  -45.387  52.977 0.0000000000
51962  63.008  -17.630  32.353 0.0000000000
52762  62.648  -16.163  34.188 0.0000000000
50264  59.448  -19.723  36.532 0.0000000000
51113  59.877  -19.491  33.907 0.0000000000
91609  58.099  -21.300  33.125 0.0000000000
48572  57.526  -22.646  31.460 0.0000000000
48547  56.990  -22.543  33.041 0.0000000000
42868  56.273  -29.096  34.762 0.0000000000
44488  57.894  -27.340  35.031 0.0000000000
43711  56.186  -28.185  33.736 0.0000000000
44528  55.159  -27.194  31.708 0.0000000000
43733  53.823  -28.505  31.494 0.0000000000
43761  52.117  -28.738  29.171 0.0000000000
42052  51.920  -29.958  31.574 0.0000000000
40565  49.113  -32.248  30.791 0.0000000000
34340  48.580  -39.509  38.481 0.0000000000
36048  48.720  -37.903  36.354 0.0000000000
92388  46.832  -38.922  35.668 0.0000000000
36095  41.925  -37.740  32.219 0.0000000000
51257  66.475  -20.054  20.355 0.0000000000
95838  67.758  -19.052  21.449 0.0000000000
90811  45.255  -38.403  47.979 0.0000000000
33363  41.821  -39.953  46.725 0.0000000000
101266  43.586  -38.580  49.517 0.0000000000
102303  42.267  -39.335  50.681 0.0000000000
98663  41.240  -41.228  51.461 0.0000000000
33336  51.547  -39.873  49.311 0.0000000000
33362  49.955  -39.983  46.811 0.0000000000
34181  49.114  -39.533  48.675 0.0000000000
35041  47.413  -38.991  48.287 0.0000000000
53608  61.279  -15.993  35.214 0.0000000000
50239  59.722  -19.213  38.695 0.0000000000
41959  58.853  -30.395  38.393 0.0000000000
41989  56.579  -30.287  36.556 0.0000000000
42013  54.119  -30.590  34.738 0.0000000000
41294  52.059  -31.244  33.117 0.0000000000
40505  52.323  -32.363  34.537 0.0000000000
38885  50.798  -33.787  34.389 0.0000000000
37962  48.984  -34.878  33.645 0.0000000000
34356  43.814  -39.518  37.522 0.0000000000
34374  44.748  -39.330  35.581 0.0000000000
34377  42.044  -40.077  35.248 0.0000000000
52858  67.787  -16.529  25.052 0.0000000000
52044  67.443  -18.059  23.571 0.0000000000
52025  67.300  -17.883  25.630 0.0000000000
94148  40.163  -42.290  45.956 0.0000000000
35979  57.081  -38.010  43.111 0.0000000000
36014  54.068  -37.179  40.707 0.0000000000
36025  52.265  -37.102  39.301 0.0000000000
35148  52.558  -39.029  40.646 0.0000000000
34306  50.753  -39.501  40.306 0.0000000000
34309  47.943  -39.562  40.270 0.0000000000
33388  48.497  -40.125  44.471 0.0000000000
105773  47.405  -39.863  42.000 0.0000000000
89115  45.188  -39.452  39.860 0.0000000000
34332  43.204  -39.557  39.654 0.0000000000
33460  40.761  -40.252  39.468 0.0000000000
51151  64.263  -19.343  30.575 0.0000000000
50333  66.111  -20.627  30.051 0.0000000000
49470  64.885  -21.817  31.009 0.0000000000
34129  42.210  -38.735  55.993 0.0000000000
31900  41.844  -42.772  53.317 0.0000000000
89158  42.090  -43.979  55.302 0.0000000000
30347  43.391  -44.779  51.784 0.0000000000
95326  65.795  -15.632  25.536 0.0000000000
53689  64.984  -15.668  26.890 0.0000000000
53668  64.268  -16.049  28.391 0.0000000000
51979  64.017  -17.541  29.558 0.0000000000
51981  63.544  -18.592  31.204 0.0000000000
51153  61.779  -19.698  30.720 0.0000000000
50338  60.667  -20.604  30.418 0.0000000000
51950  61.227  -18.307  34.182 0.0000000000
50306  60.096  -19.957  32.020 0.0000000000
99008  59.523  -21.476  30.269 0.0000000000
48613  57.997  -22.908  29.808 0.0000000000
46962  57.165  -23.947  29.087 0.0000000000
48525  57.820  -22.468  37.058 0.0000000000
46122  59.432  -25.965  37.111 0.0000000000
46878  58.208  -24.952  35.801 0.0000000000
46887  57.476  -24.425  34.688 0.0000000000
46158  56.562  -25.428  32.630 0.0000000000
45366  55.340  -25.936  30.587 0.0000000000
42054  50.668  -30.731  31.014 0.0000000000
37930  50.571  -36.201  36.890 0.0000000000
36996  48.294  -36.426  34.534 0.0000000000
37025  46.722  -36.222  32.844 0.0000000000
35211  44.238  -38.313  33.883 0.0000000000
37027  44.945  -36.716  32.360 0.0000000000
35872  46.315  -37.559  53.446 0.0000000000
37720  45.674  -35.176  53.124 0.0000000000
105108  55.531  -35.494  40.688 0.0000000000
38791  56.925  -34.652  40.888 0.0000000000
38819  55.457  -34.361  39.753 0.0000000000
39656  55.539  -33.701  39.286 0.0000000000
38820  54.327  -34.537  39.155 0.0000000000
38836  53.405  -34.439  38.309 0.0000000000
37895  53.202  -35.086  38.724 0.0000000000
51990  65.229  -18.791  28.837 0.0000000000
51989  66.558  -19.055  28.447 0.0000000000
51164  65.577  -19.483  29.498 0.0000000000
34237  42.985  -39.617  44.522 0.0000000000
32691  41.008  -40.827  44.287 0.0000000000
34221  42.404  -39.739  45.276 0.0000000000
31150  41.807  -43.195  49.849 0.0000000000
92137  41.782  -43.642  49.423 0.0000000000
30371  42.209  -44.319  49.662 0.0000000000
29549  41.610  -45.318  48.737 0.0000000000
30359  42.744  -44.777  50.135 0.0000000000
33334  53.443  -39.996  48.440 0.0000000000
33344  54.550  -40.327  47.413 0.0000000000
33370  55.170  -40.475  46.163 0.0000000000
33371  54.099  -40.567  45.971 0.0000000000
33400  52.626  -40.438  43.880 0.0000000000
89567  52.278  -40.644  45.686 0.0000000000
35087  44.450  -38.701  45.501 0.0000000000
34235  44.793  -39.206  44.416 0.0000000000
103466  43.878  -39.315  44.439 0.0000000000
34250  43.463  -39.724  43.819 0.0000000000
98599  61.043  -22.218  29.208 0.0000000000
48610  61.837  -22.456  29.413 0.0000000000
47798  61.784  -23.460  29.241 0.0000000000
53630  61.213  -16.350  32.276 0.0000000000
53624  62.412  -15.754  33.161 0.0000000000
88589  61.710  -15.740  33.620 0.0000000000
50275  58.595  -20.451  35.819 0.0000000000
50284  58.557  -20.526  34.668 0.0000000000
49434  57.836  -21.196  34.030 0.0000000000
49435  57.308  -21.839  33.470 0.0000000000
49422  57.065  -21.832  34.324 0.0000000000
42869  55.454  -29.436  34.519 0.0000000000
43700  55.854  -28.811  34.114 0.0000000000
43713  54.770  -28.829  33.109 0.0000000000
43720  54.515  -28.537  32.400 0.0000000000
42897  54.093  -29.129  32.719 0.0000000000
42911  53.219  -28.960  31.463 0.0000000000
42912  52.617  -29.636  31.867 0.0000000000
34341  47.833  -39.575  38.137 0.0000000000
104615  48.071  -39.250  36.917 0.0000000000
34361  46.673  -39.367  36.679 0.0000000000
52067  67.787  -17.860  21.151 0.0000000000
52058  67.859  -17.849  21.704 0.0000000000
35031  45.065  -38.433  48.985 0.0000000000
102444  44.076  -38.437  48.930 0.0000000000
35032  44.408  -38.434  49.824 0.0000000000
34994  43.857  -38.352  53.224 0.0000000000
91375  43.400  -38.608  51.084 0.0000000000
35008  43.019  -38.711  52.132 0.0000000000
34151  41.655  -40.081  50.993 0.0000000000
104062  42.131  -39.291  52.780 0.0000000000
34166  50.975  -39.294  50.194 0.0000000000
34179  50.880  -39.749  49.536 0.0000000000
34167  50.360  -39.479  50.120 0.0000000000
35016  47.475  -38.722  51.327 0.0000000000
35028  47.779  -39.064  49.328 0.0000000000
35042  46.827  -38.824  48.926 0.0000000000
35043  46.002  -38.571  48.449 0.0000000000
40429  59.231  -32.555  40.559 0.0000000000
41214  60.586  -31.303  41.031 0.0000000000
41931  60.503  -30.731  40.505 0.0000000000
42793  60.376  -29.721  39.482 0.0000000000
41945  59.103  -30.867  39.035 0.0000000000
40463  55.428  -32.231  37.785 0.0000000000
41242  56.545  -31.273  37.610 0.0000000000
41253  55.396  -31.274  36.744 0.0000000000
41262  55.043  -30.988  36.098 0.0000000000
41264  53.808  -31.764  35.723 0.0000000000
41273  53.451  -31.488  34.967 0.0000000000
40493  53.197  -32.228  35.521 0.0000000000
93380  51.523  -34.221  35.699 0.0000000000
39721  51.442  -33.702  35.035 0.0000000000
38875  50.918  -34.366  35.144 0.0000000000
38900  49.549  -34.324  33.612 0.0000000000
38886  49.663  -34.683  34.183 0.0000000000
34357  42.995  -39.562  37.618 0.0000000000
34364  43.440  -39.574  36.863 0.0000000000
97183  41.840  -39.836  37.055 0.0000000000
53687  66.825  -16.384  26.277 0.0000000000
52859  67.622  -16.869  25.772 0.0000000000
88883  67.379  -17.436  26.319 0.0000000000
51193  67.069  -18.668  26.828 0.0000000000
32725  39.335  -41.629  39.962 0.0000000000
32000  38.968  -42.370  40.349 0.0000000000
33350  41.872  -39.901  47.547 0.0000000000
33364  41.297  -40.467  46.424 0.0000000000
32657  40.843  -41.205  46.999 0.0000000000
30392  40.113  -44.453  46.884 0.0000000000
31167  39.942  -43.630  46.409 0.0000000000
34261  55.519  -39.478  43.487 0.0000000000
35121  56.810  -38.684  43.585 0.0000000000
104652  55.349  -38.554  42.446 0.0000000000
35996  56.245  -37.488  42.251 0.0000000000
35135  54.581  -38.535  41.835 0.0000000000
35999  53.924  -38.122  41.092 0.0000000000
35136  53.692  -38.888  41.470 0.0000000000
33441  50.469  -40.083  41.896 0.0000000000
88654  51.343  -39.621  40.891 0.0000000000
34286  49.757  -39.906  41.309 0.0000000000
34308  48.883  -39.607  40.283 0.0000000000
34287  48.447  -39.752  41.071 0.0000000000
34215  49.161  -39.790  46.407 0.0000000000
103241  49.599  -40.004  46.052 0.0000000000
34231  48.030  -39.791  45.091 0.0000000000
34249  45.671  -39.572  43.344 0.0000000000
90072  46.901  -39.875  43.177 0.0000000000
34289  46.190  -39.688  42.045 0.0000000000
34310  46.259  -39.572  41.024 0.0000000000
34311  45.355  -39.535  40.686 0.0000000000
34331  44.519  -39.457  39.673 0.0000000000
34313  43.992  -39.625  40.966 0.0000000000
33444  40.845  -40.737  41.790 0.0000000000
33455  41.065  -40.272  40.192 0.0000000000
88986  40.567  -40.668  40.803 0.0000000000
90858  64.085  -20.166  30.591 0.0000000000
49495  64.534  -20.958  30.619 0.0000000000
49496  64.035  -21.638  30.632 0.0000000000
47783  64.419  -23.205  31.086 0.0000000000
34130  41.508  -39.229  56.363 0.0000000000
33297  41.333  -40.343  54.805 0.0000000000
33287  41.158  -40.946  55.487 0.0000000000
30330  41.993  -45.010  54.849 0.0000000000
31101  43.151  -44.802  54.540 0.0000000000
31113  43.103  -44.382  53.760 0.0000000000
29512  44.028  -45.680  53.405 0.0000000000
29529  43.844  -45.829  51.473 0.0000000000
28724  44.402  -46.508  53.149 0.0000000000
54493  66.682  -15.432  24.260 0.0000000000
53700  64.945  -15.746  26.137 0.0000000000
53690  64.316  -15.955  27.440 0.0000000000
53679  64.561  -16.001  27.522 0.0000000000
53680  64.068  -15.905  28.137 0.0000000000
92290  63.208  -16.184  30.275 0.0000000000
52800  63.570  -16.589  30.120 0.0000000000
52793  63.876  -17.365  30.859 0.0000000000
92840  63.667  -16.926  31.489 0.0000000000
51141  62.453  -18.458  31.778 0.0000000000
51142  61.577  -19.131  31.478 0.0000000000
50337  61.472  -20.406  30.322 0.0000000000
51154  61.049  -19.893  30.823 0.0000000000
52739  61.233  -16.420  36.146 0.0000000000
52763  62.043  -16.483  34.968 0.0000000000
51936  61.186  -18.087  35.233 0.0000000000
49451  58.809  -20.831  32.788 0.0000000000
51128  59.944  -19.670  32.929 0.0000000000
50307  59.450  -20.404  32.437 0.0000000000
50339  59.907  -20.861  30.699 0.0000000000
49499  59.220  -21.237  31.142 0.0000000000
48593  59.127  -22.091  29.833 0.0000000000
48594  58.403  -22.394  30.202 0.0000000000
47786  57.208  -23.221  31.028 0.0000000000
47799  57.346  -23.390  30.025 0.0000000000
47800  56.699  -24.018  29.919 0.0000000000
46946  56.271  -24.585  29.956 0.0000000000
48518  58.417  -22.377  37.991 0.0000000000
43669  59.501  -28.062  37.257 0.0000000000
44461  60.253  -26.796  38.313 0.0000000000
44474  59.406  -27.450  36.892 0.0000000000
44495  57.403  -27.163  34.425 0.0000000000
95845  58.310  -25.872  35.489 0.0000000000
46139  57.724  -25.747  34.643 0.0000000000
46879  57.776  -24.483  35.385 0.0000000000
93869  57.475  -25.045  34.335 0.0000000000
46895  57.148  -24.387  33.849 0.0000000000
46148  56.816  -25.680  33.268 0.0000000000
44529  54.523  -27.645  31.229 0.0000000000
45347  55.468  -26.331  31.459 0.0000000000
44546  54.394  -27.180  30.284 0.0000000000
45385  54.939  -26.161  29.031 0.0000000000
44583  53.882  -27.373  28.542 0.0000000000
43781  53.140  -27.997  28.146 0.0000000000
42939  51.572  -29.183  29.198 0.0000000000
43808  52.042  -28.779  28.130 0.0000000000
103104  51.577  -31.782  33.158 0.0000000000
41311  51.036  -31.043  31.746 0.0000000000
41312  50.360  -31.452  31.454 0.0000000000
41351  48.538  -31.649  29.009 0.0000000000
36033  51.583  -37.344  38.828 0.0000000000
102652  51.325  -36.834  38.314 0.0000000000
36041  50.268  -37.713  37.929 0.0000000000
36053  47.659  -37.979  35.309 0.0000000000
36051  49.003  -37.064  36.019 0.0000000000
36997  47.550  -36.824  34.264 0.0000000000
37007  47.899  -36.101  33.819 0.0000000000
37009  46.634  -36.791  33.426 0.0000000000
34390  43.322  -39.462  34.954 0.0000000000
35184  44.569  -39.068  34.929 0.0000000000
35212  43.468  -38.481  33.781 0.0000000000
37043  43.470  -37.034  32.076 0.0000000000
37041  45.183  -36.256  31.926 0.0000000000
51208  66.543  -18.759  24.028 0.0000000000
51218  66.862  -18.915  22.951 0.0000000000
49493  66.591  -20.919  29.961 0.0000000000
98129  46.572  -38.685  51.748 0.0000000000
35018  44.769  -38.558  50.965 0.0000000000
34992  45.673  -38.317  52.976 0.0000000000
35873  45.524  -37.895  53.894 0.0000000000
34984  44.700  -38.044  54.121 0.0000000000
35004  47.440  -38.330  52.503 0.0000000000
37831  58.852  -36.130  42.747 0.0000000000
38773  59.795  -35.049  42.854 0.0000000000
38790  58.014  -34.845  41.535 0.0000000000
39645  57.868  -33.534  40.529 0.0000000000
40430  58.239  -32.804  40.221 0.0000000000
40452  57.357  -31.958  38.850 0.0000000000
40441  56.906  -32.588  39.214 0.0000000000
40455  55.141  -32.852  38.213 0.0000000000
89360  53.817  -32.963  37.206 0.0000000000
39700  53.192  -33.069  36.638 0.0000000000
39686  53.072  -33.592  37.160 0.0000000000
39687  52.477  -34.177  36.998 0.0000000000
38851  51.860  -34.726  36.899 0.0000000000
33469  40.311  -40.407  37.600 0.0000000000
33476  40.579  -40.626  36.277 0.0000000000
32742  39.921  -41.186  36.338 0.0000000000
105774  65.795  -16.662  27.330 0.0000000000
52832  66.998  -17.259  26.793 0.0000000000
51998  66.868  -18.248  27.539 0.0000000000
51173  67.752  -19.109  27.914 0.0000000000
33430  41.013  -40.773  42.690 0.0000000000
32717  39.558  -41.749  41.754 0.0000000000
32706  40.441  -41.257  43.111 0.0000000000
32692  40.485  -41.319  43.918 0.0000000000
31970  39.930  -41.898  44.268 0.0000000000
32646  41.364  -41.695  49.073 0.0000000000
32658  40.766  -42.133  47.670 0.0000000000
31938  41.106  -42.687  48.396 0.0000000000
30384  41.125  -43.848  48.223 0.0000000000
28768  41.848  -46.042  48.925 0.0000000000
34230  55.694  -40.176  44.783 0.0000000000
34246  54.157  -39.924  43.234 0.0000000000
34263  53.721  -39.643  42.445 0.0000000000
33422  52.753  -40.194  42.810 0.0000000000
92148  51.729  -40.331  42.977 0.0000000000
33402  50.766  -40.382  43.449 0.0000000000
93548  46.966  -39.184  45.915 0.0000000000
34217  47.563  -39.505  45.542 0.0000000000
34218  46.245  -39.189  45.161 0.0000000000
90204  45.202  -39.421  43.845 0.0000000000
94246  44.801  -39.618  43.097 0.0000000000
34292  43.664  -39.852  41.823 0.0000000000
33427  43.360  -40.037  42.530 0.0000000000
33428  42.512  -40.281  42.573 0.0000000000
50347  62.526  -20.913  30.125 0.0000000000
49497  63.128  -21.443  30.242 0.0000000000
48592  62.738  -22.319  29.937 0.0000000000
99149  63.171  -22.969  30.184 0.0000000000
30338  40.409  -44.859  53.395 0.0000000000
28719  42.578  -46.214  53.985 0.0000000000
27969  43.712  -47.225  53.725 0.0000000000
27978  42.376  -47.316  52.731 0.0000000000
93071  63.120  -16.049  31.518 0.0000000000
52784  63.370  -16.407  31.872 0.0000000000
53623  62.990  -15.975  32.534 0.0000000000
52770  63.028  -16.344  33.466 0.0000000000
52778  62.858  -17.196  33.241 0.0000000000
51088  60.617  -18.360  36.597 0.0000000000
51099  60.570  -18.623  35.633 0.0000000000
51100  59.943  -19.291  34.982 0.0000000000
50295  58.651  -20.645  33.658 0.0000000000
49452  58.315  -21.439  32.311 0.0000000000
49472  57.849  -22.020  31.863 0.0000000000
100138  57.593  -21.914  32.647 0.0000000000
48556  57.263  -22.579  32.245 0.0000000000
46926  56.754  -23.880  32.175 0.0000000000
42852  57.472  -28.967  35.743 0.0000000000
43685  58.523  -27.976  35.936 0.0000000000
43687  57.064  -28.677  35.052 0.0000000000
44496  56.793  -27.698  34.100 0.0000000000
44506  56.335  -27.449  33.519 0.0000000000
106365  56.460  -26.796  33.369 0.0000000000
44517  55.412  -27.526  32.477 0.0000000000
44518  54.831  -27.916  32.059 0.0000000000
44530  54.060  -28.148  31.215 0.0000000000
43759  53.352  -28.133  30.091 0.0000000000
43745  52.855  -28.671  30.545 0.0000000000
42924  52.118  -28.919  29.956 0.0000000000
91835  51.556  -29.470  30.213 0.0000000000
40531  49.756  -32.876  32.227 0.0000000000
40546  49.427  -32.567  31.525 0.0000000000
40547  48.781  -32.935  31.209 0.0000000000
40567  47.905  -33.076  30.167 0.0000000000
40598  47.289  -32.666  28.538 0.0000000000
35172  49.711  -38.926  38.141 0.0000000000
36042  49.647  -38.109  37.527 0.0000000000
35173  49.091  -38.877  37.500 0.0000000000
35181  47.425  -38.674  35.747 0.0000000000
36054  46.904  -38.416  35.040 0.0000000000
35223  42.329  -38.177  32.900 0.0000000000
35239  41.031  -38.015  31.885 0.0000000000
51256  66.547  -19.161  20.305 0.0000000000
98594  68.112  -20.486  21.011 0.0000000000
50434  68.202  -21.038  21.067 0.0000000000
35058  43.864  -38.578  46.662 0.0000000000
34208  42.499  -39.526  46.081 0.0000000000
34195  43.137  -38.980  47.284 0.0000000000
93225  42.491  -39.357  47.892 0.0000000000
33337  41.930  -39.852  48.347 0.0000000000
35019  43.861  -38.440  50.447 0.0000000000
34170  42.463  -39.228  49.829 0.0000000000
34171  41.887  -39.904  49.197 0.0000000000
33328  41.531  -40.833  49.533 0.0000000000
106101  41.387  -41.836  50.659 0.0000000000
96071  41.470  -42.341  51.333 0.0000000000
33347  52.277  -40.474  48.171 0.0000000000
33360  51.797  -40.480  47.351 0.0000000000
33348  51.339  -40.302  48.005 0.0000000000
34191  49.907  -39.807  48.302 0.0000000000
34192  48.990  -39.604  47.704 0.0000000000
35027  48.920  -39.218  50.564 0.0000000000
34182  48.235  -39.252  48.512 0.0000000000
34193  47.841  -39.195  47.664 0.0000000000
35069  46.553  -38.861  46.607 0.0000000000
35070  45.583  -38.592  46.451 0.0000000000
48635  60.205  -23.151  28.633 0.0000000000
46976  60.868  -24.165  28.729 0.0000000000
46977  60.209  -24.265  28.536 0.0000000000
53616  61.061  -15.878  34.265 0.0000000000
52720  60.436  -17.495  37.341 0.0000000000
51074  60.356  -18.417  37.856 0.0000000000
50252  59.649  -19.565  37.682 0.0000000000
50265  58.867  -20.374  36.993 0.0000000000
42808  60.092  -29.205  38.661 0.0000000000
42825  58.902  -29.373  37.463 0.0000000000
41233  57.722  -31.297  38.453 0.0000000000
41975  57.730  -30.299  37.463 0.0000000000
41988  57.378  -29.956  36.811 0.0000000000
42000  56.216  -29.988  35.877 0.0000000000
42012  55.000  -30.075  34.986 0.0000000000
42021  53.814  -30.107  33.878 0.0000000000
42022  53.052  -30.387  33.448 0.0000000000
41283  53.273  -30.858  34.191 0.0000000000
40514  52.071  -31.912  33.766 0.0000000000
40515  51.355  -32.412  33.501 0.0000000000
90108  52.537  -32.675  35.257 0.0000000000
104537  51.383  -33.279  34.464 0.0000000000
40516  50.711  -32.798  33.219 0.0000000000
39748  49.462  -33.533  32.606 0.0000000000
38914  49.171  -34.186  33.029 0.0000000000
38916  47.658  -34.875  32.213 0.0000000000
89895  45.167  -39.486  38.090 0.0000000000
34363  44.928  -39.483  36.498 0.0000000000
94977  44.155  -39.527  36.856 0.0000000000
100957  43.444  -39.594  35.607 0.0000000000
34391  42.580  -39.632  34.733 0.0000000000
33475  41.383  -40.390  35.768 0.0000000000
33489  41.170  -40.479  34.892 0.0000000000
53708  68.190  -15.942  23.659 0.0000000000
52052  68.005  -17.450  22.776 0.0000000000
52034  67.772  -17.453  24.295 0.0000000000
52035  67.249  -18.034  24.645 0.0000000000
52036  66.454  -18.647  25.031 0.0000000000
52018  67.298  -18.021  26.570 0.0000000000
52026  66.759  -18.594  25.983 0.0000000000
33377  41.523  -40.339  45.416 0.0000000000
32673  40.405  -41.612  45.595 0.0000000000
93398  39.397  -43.116  45.008 0.0000000000
31946  40.241  -42.817  46.581 0.0000000000
31175  39.434  -43.774  45.588 0.0000000000
89398  58.815  -37.219  43.841 0.0000000000
36896  57.170  -37.157  42.521 0.0000000000
37849  55.636  -36.058  41.125 0.0000000000
36932  54.142  -36.292  40.310 0.0000000000
36952  53.449  -36.095  39.691 0.0000000000
36933  53.566  -36.811  40.206 0.0000000000
89375  52.557  -37.773  39.875 0.0000000000
35159  51.499  -38.722  39.545 0.0000000000
34283  52.667  -39.464  41.294 0.0000000000
34305  51.430  -39.373  40.374 0.0000000000
35160  50.778  -38.960  39.134 0.0000000000
34339  49.419  -39.393  38.815 0.0000000000
89113  47.983  -39.603  38.962 0.0000000000
89112  47.264  -39.550  38.725 0.0000000000
100364  50.549  -40.453  45.340 0.0000000000
33386  50.007  -40.414  44.741 0.0000000000
33403  49.002  -40.296  43.567 0.0000000000
33389  47.708  -39.926  44.298 0.0000000000
33426  48.215  -40.183  42.989 0.0000000000
34267  48.148  -40.001  42.014 0.0000000000
34288  47.664  -39.712  41.296 0.0000000000
100619  46.806  -39.490  40.168 0.0000000000
34343  45.793  -39.477  38.677 0.0000000000
34344  44.938  -39.429  38.999 0.0000000000
89268  43.086  -39.501  38.941 0.0000000000
34346  41.752  -39.749  38.550 0.0000000000
34314  43.167  -39.827  41.099 0.0000000000
105842  42.116  -39.846  39.816 0.0000000000
34347  40.889  -40.068  38.757 0.0000000000
33465  39.705  -40.894  38.686 0.0000000000
51150  64.719  -19.516  30.174 0.0000000000
95519  65.303  -20.058  30.142 0.0000000000
48590  64.264  -22.461  30.848 0.0000000000
48570  64.817  -22.643  31.206 0.0000000000
46960  61.531  -24.375  29.096 0.0000000000
37715  44.525  -35.282  54.202 0.0000000000
35854  44.238  -36.470  54.908 0.0000000000
34978  43.643  -37.982  55.323 0.0000000000
34970  43.090  -37.282  56.076 0.0000000000
34986  43.015  -38.609  54.517 0.0000000000
102489  41.426  -40.049  53.002 0.0000000000
32619  41.271  -42.095  52.430 0.0000000000
31906  41.817  -42.895  52.097 0.0000000000
32591  40.955  -41.802  56.405 0.0000000000
31114  42.345  -43.379  54.162 0.0000000000
31125  42.799  -43.987  52.693 0.0000000000
90390  43.085  -44.665  50.900 0.0000000000
29530  43.267  -45.332  50.662 0.0000000000
54504  67.756  -15.651  22.636 0.0000000000
54491  67.726  -15.584  23.958 0.0000000000
54482  67.377  -15.568  24.615 0.0000000000
53699  66.303  -15.703  25.823 0.0000000000
53710  65.194  -15.998  25.113 0.0000000000
96096  65.540  -15.708  26.222 0.0000000000
53688  65.792  -15.832  26.535 0.0000000000
52834  65.055  -16.410  27.662 0.0000000000
52816  64.847  -17.124  28.185 0.0000000000
51991  64.561  -18.047  28.724 0.0000000000
53669  63.822  -15.932  28.853 0.0000000000
93493  64.298  -16.607  28.867 0.0000000000
103227  64.137  -18.573  30.386 0.0000000000
88922  63.491  -19.471  30.744 0.0000000000
51972  63.219  -18.169  31.659 0.0000000000
51152  62.643  -19.097  31.087 0.0000000000
50336  62.396  -20.136  30.408 0.0000000000
50348  61.843  -20.943  29.935 0.0000000000
50349  61.059  -21.052  29.826 0.0000000000
49511  60.647  -21.722  29.482 0.0000000000
103664  62.272  -16.061  34.642 0.0000000000
52771  62.630  -16.808  34.122 0.0000000000
51963  61.257  -18.473  33.280 0.0000000000
51112  60.529  -18.817  34.581 0.0000000000
51127  60.548  -18.990  33.537 0.0000000000
94535  60.782  -19.105  32.439 0.0000000000
50321  60.329  -20.276  31.158 0.0000000000
49498  60.276  -21.224  29.970 0.0000000000
48611  60.247  -22.438  29.006 0.0000000000
48636  59.462  -23.125  28.695 0.0000000000
47822  58.655  -23.582  28.674 0.0000000000
48595  57.756  -22.772  30.613 0.0000000000
101311  57.929  -23.450  29.030 0.0000000000
49404  58.414  -21.008  37.458 0.0000000000
49405  57.742  -21.695  36.791 0.0000000000
104639  59.619  -24.675  38.371 0.0000000000
45303  58.733  -26.665  35.863 0.0000000000
46116  59.121  -25.237  36.868 0.0000000000
46863  59.137  -24.434  37.617 0.0000000000
106571  58.010  -23.368  36.788 0.0000000000
47715  57.557  -23.073  36.188 0.0000000000
48533  57.154  -22.518  35.518 0.0000000000
47741  56.830  -23.308  33.585 0.0000000000
46910  56.923  -24.100  32.991 0.0000000000
46927  56.486  -24.432  31.645 0.0000000000
45346  56.017  -25.881  32.061 0.0000000000
46174  55.815  -25.512  31.279 0.0000000000
46188  55.855  -25.100  30.426 0.0000000000
92519  55.372  -25.675  29.677 0.0000000000
43782  52.485  -28.443  28.594 0.0000000000
42975  52.677  -28.935  27.185 0.0000000000
106464  52.209  -30.175  32.136 0.0000000000
42053  51.316  -30.361  31.329 0.0000000000
94543  50.375  -30.435  30.063 0.0000000000
41330  49.451  -31.521  30.352 0.0000000000
42069  49.801  -30.933  29.987 0.0000000000
37896  52.571  -35.608  38.559 0.0000000000
37915  51.179  -35.978  37.325 0.0000000000
90647  50.426  -35.590  36.095 0.0000000000
36047  49.391  -37.487  36.738 0.0000000000
36982  49.765  -36.486  36.306 0.0000000000
36985  49.712  -35.701  35.452 0.0000000000
37950  48.620  -35.669  34.121 0.0000000000
37974  47.785  -35.247  32.785 0.0000000000
37991  47.058  -35.111  31.795 0.0000000000
34373  45.605  -39.303  35.813 0.0000000000
35183  45.370  -38.952  34.974 0.0000000000
36066  45.809  -37.962  34.054 0.0000000000
36082  43.158  -38.049  33.160 0.0000000000
36080  44.506  -37.787  33.359 0.0000000000
36078  46.244  -37.367  33.704 0.0000000000
37026  45.815  -36.362  32.407 0.0000000000
37977  45.693  -35.895  31.829 0.0000000000
52053  67.556  -18.396  22.403 0.0000000000
50419  67.863  -20.079  21.423 0.0000000000
50420  67.714  -21.020  21.624 0.0000000000
51163  66.905  -19.698  29.157 0.0000000000
37877  55.448  -34.993  40.332 0.0000000000
37878  54.734  -34.869  39.723 0.0000000000
39657  54.849  -34.148  39.200 0.0000000000
104005  54.112  -34.973  39.384 0.0000000000
38821  53.801  -34.717  38.909 0.0000000000
33390  42.154  -40.069  44.576 0.0000000000
103698  42.592  -44.328  50.271 0.0000000000
33346  53.232  -40.513  48.076 0.0000000000
33345  53.869  -40.291  47.944 0.0000000000
91373  53.919  -40.563  47.579 0.0000000000
33358  54.370  -40.692  46.945 0.0000000000
33372  53.289  -40.619  46.320 0.0000000000
89269  52.441  -40.599  46.784 0.0000000000
34220  44.350  -38.961  44.914 0.0000000000
53625  61.705  -15.871  32.879 0.0000000000
52772  60.786  -16.317  33.160 0.0000000000
96028  57.022  -21.935  35.072 0.0000000000
42882  54.327  -29.441  33.479 0.0000000000
42881  55.093  -29.137  33.819 0.0000000000
42898  53.365  -29.375  32.304 0.0000000000
90069  47.122  -39.556  37.964 0.0000000000
34353  46.441  -39.504  37.429 0.0000000000
52888  67.982  -17.013  21.398 0.0000000000
94286  45.407  -38.604  50.147 0.0000000000
34150  42.212  -39.311  51.582 0.0000000000
35893  50.801  -37.708  49.902 0.0000000000
34156  50.600  -38.963  50.713 0.0000000000
35029  47.062  -38.887  49.997 0.0000000000
35030  46.102  -38.679  49.510 0.0000000000
40428  60.228  -32.116  40.962 0.0000000000
41215  60.130  -31.346  40.381 0.0000000000
41944  60.058  -30.627  39.704 0.0000000000
41221  59.310  -31.440  39.686 0.0000000000
41244  55.006  -31.889  37.168 0.0000000000
41254  54.696  -31.594  36.511 0.0000000000
41255  54.149  -31.876  36.266 0.0000000000
40480  53.616  -32.431  36.306 0.0000000000
37938  51.012  -34.882  35.852 0.0000000000
38876  50.273  -34.496  34.637 0.0000000000
34358  42.128  -39.675  37.713 0.0000000000
32722  39.434  -41.708  40.843 0.0000000000
98822  41.557  -40.391  48.027 0.0000000000
33351  41.314  -40.590  47.385 0.0000000000
99358  40.970  -41.401  47.776 0.0000000000
29569  39.662  -45.318  46.451 0.0000000000
34262  54.563  -39.557  42.960 0.0000000000
35122  55.861  -38.919  43.139 0.0000000000
35123  54.961  -39.074  42.651 0.0000000000
88820  49.163  -39.776  40.929 0.0000000000
34266  49.000  -39.988  41.632 0.0000000000
34204  48.681  -39.595  46.829 0.0000000000
34216  48.364  -39.644  45.944 0.0000000000
34269  45.516  -39.642  42.595 0.0000000000
34290  45.346  -39.637  41.683 0.0000000000
89897  44.753  -39.595  41.103 0.0000000000
33456  39.810  -41.049  40.395 0.0000000000
104680  63.792  -20.909  30.513 0.0000000000
96112  41.272  -38.584  56.699 0.0000000000
33276  40.991  -39.903  56.529 0.0000000000
33286  41.306  -40.133  55.796 0.0000000000
33282  40.919  -40.834  56.314 0.0000000000
29504  43.182  -45.822  54.357 0.0000000000
29498  42.831  -45.194  54.697 0.0000000000
30329  43.507  -45.463  54.231 0.0000000000
53718  65.437  -16.237  24.121 0.0000000000
52848  63.704  -16.428  27.041 0.0000000000
53701  64.447  -15.948  26.822 0.0000000000
51898  61.253  -16.780  36.319 0.0000000000
51918  61.486  -17.173  35.832 0.0000000000
51919  61.008  -17.951  36.084 0.0000000000
49450  58.993  -21.030  31.973 0.0000000000
49500  58.805  -21.807  30.667 0.0000000000
47768  56.733  -23.765  31.363 0.0000000000
47787  56.825  -23.708  30.639 0.0000000000
43661  59.238  -28.692  37.304 0.0000000000
43670  58.962  -28.200  36.582 0.0000000000
104236  57.872  -26.534  34.848 0.0000000000
46147  57.275  -25.566  33.891 0.0000000000
44547  53.976  -27.858  30.600 0.0000000000
44564  54.354  -26.803  29.254 0.0000000000
91517  53.178  -27.939  29.029 0.0000000000
40529  51.048  -32.127  32.829 0.0000000000
41296  50.707  -31.771  32.171 0.0000000000
35166  51.181  -38.210  38.950 0.0000000000
36034  50.900  -37.547  38.393 0.0000000000
36063  47.957  -37.221  34.914 0.0000000000
36998  46.902  -37.168  33.983 0.0000000000
35197  43.038  -39.039  34.268 0.0000000000
35196  43.896  -38.869  34.515 0.0000000000
34991  46.555  -38.321  52.724 0.0000000000
35863  44.930  -37.293  54.397 0.0000000000
35870  47.436  -36.802  52.770 0.0000000000
35880  48.012  -37.459  52.510 0.0000000000
37847  57.996  -35.776  42.140 0.0000000000
37846  58.976  -35.387  42.391 0.0000000000
38802  57.603  -34.177  40.852 0.0000000000
39654  57.325  -33.092  39.831 0.0000000000
39655  56.370  -33.294  39.423 0.0000000000
39672  54.959  -33.518  38.676 0.0000000000
39671  55.680  -33.106  38.794 0.0000000000
39673  53.619  -33.749  37.821 0.0000000000
38837  52.760  -34.872  38.149 0.0000000000
38849  52.931  -34.253  37.667 0.0000000000
33470  39.805  -40.843  37.848 0.0000000000
33477  40.017  -40.720  37.052 0.0000000000
52833  66.564  -17.338  27.223 0.0000000000
33409  41.101  -40.794  43.514 0.0000000000
32679  40.413  -41.447  44.728 0.0000000000
31927  41.435  -42.780  49.088 0.0000000000
97933  41.667  -44.095  48.963 0.0000000000
30385  40.720  -44.493  47.737 0.0000000000
29550  40.912  -45.383  48.062 0.0000000000
29538  42.195  -45.348  49.327 0.0000000000
28009  42.057  -46.800  49.002 0.0000000000
33356  55.786  -40.168  46.395 0.0000000000
33383  54.324  -40.430  45.132 0.0000000000
33382  55.244  -40.364  45.192 0.0000000000
33398  54.583  -40.256  44.211 0.0000000000
34245  55.148  -39.943  43.834 0.0000000000
33421  53.416  -39.958  42.736 0.0000000000
33399  53.540  -40.216  43.453 0.0000000000
102346  52.174  -40.655  44.754 0.0000000000
34234  45.666  -39.272  44.495 0.0000000000
96031  43.869  -39.844  43.165 0.0000000000
33407  42.393  -40.263  43.330 0.0000000000
33406  43.054  -40.051  43.214 0.0000000000
33429  41.676  -40.495  42.212 0.0000000000
47797  62.557  -23.194  29.718 0.0000000000
47785  63.234  -23.862  30.202 0.0000000000
29506  41.268  -45.260  53.968 0.0000000000
29513  41.613  -45.845  53.539 0.0000000000
28725  42.927  -46.947  53.578 0.0000000000
28726  41.971  -46.544  53.116 0.0000000000
53614  62.760  -15.945  33.666 0.0000000000
51089  60.102  -19.093  36.101 0.0000000000
50274  59.311  -19.831  35.367 0.0000000000
47767  57.015  -23.198  31.838 0.0000000000
47753  56.853  -23.269  32.651 0.0000000000
42853  56.663  -29.350  35.443 0.0000000000
43699  56.599  -28.421  34.401 0.0000000000
44507  55.734  -27.849  33.154 0.0000000000
43732  54.296  -28.271  31.739 0.0000000000
43744  53.570  -28.382  30.934 0.0000000000
90307  52.265  -29.339  30.971 0.0000000000
104734  51.582  -29.801  30.978 0.0000000000
39766  49.129  -33.251  31.901 0.0000000000
39803  47.355  -33.423  29.891 0.0000000000
40583  47.616  -32.830  29.443 0.0000000000
39822  47.151  -33.197  29.276 0.0000000000
34350  49.090  -39.337  38.052 0.0000000000
34351  48.404  -39.345  37.560 0.0000000000
35177  47.112  -39.174  36.263 0.0000000000
91755  47.805  -39.010  36.421 0.0000000000
105213  67.791  -18.797  21.205 0.0000000000
51255  67.819  -19.084  20.989 0.0000000000
51240  68.013  -19.863  21.084 0.0000000000
93473  44.782  -38.412  47.124 0.0000000000
88848  43.822  -38.594  47.473 0.0000000000
35045  43.299  -38.792  48.406 0.0000000000
91825  42.469  -39.292  48.816 0.0000000000
95928  44.063  -38.385  51.295 0.0000000000
34158  42.809  -38.903  50.563 0.0000000000
34159  41.803  -40.008  50.077 0.0000000000
98099  41.546  -40.066  52.026 0.0000000000
33321  41.429  -40.966  50.392 0.0000000000
34165  51.571  -39.180  49.788 0.0000000000
35040  52.033  -38.455  49.307 0.0000000000
34178  52.257  -39.502  49.196 0.0000000000
33335  52.720  -40.137  48.692 0.0000000000
100025  51.868  -40.230  48.810 0.0000000000
34180  50.022  -39.756  49.238 0.0000000000
106118  50.423  -39.894  48.926 0.0000000000
35014  49.398  -38.774  51.431 0.0000000000
35056  47.029  -38.907  47.432 0.0000000000
35057  46.024  -38.581  47.387 0.0000000000
35071  44.634  -38.504  46.193 0.0000000000
92389  60.532  -18.094  37.364 0.0000000000
51879  60.361  -18.071  37.915 0.0000000000
51060  60.160  -18.785  38.173 0.0000000000
38788  60.090  -34.143  42.472 0.0000000000
41958  59.725  -30.114  38.845 0.0000000000
42809  59.298  -29.709  38.141 0.0000000000
42824  59.502  -29.079  37.892 0.0000000000
41974  58.525  -30.022  37.749 0.0000000000
41234  56.926  -31.590  38.249 0.0000000000
41252  56.151  -30.928  36.991 0.0000000000
41241  57.324  -30.963  37.831 0.0000000000
41976  56.938  -30.608  37.216 0.0000000000
42840  57.018  -29.624  36.146 0.0000000000
42002  54.656  -30.740  35.466 0.0000000000
42001  55.420  -30.355  35.647 0.0000000000
40504  52.852  -32.075  34.931 0.0000000000
41274  52.744  -31.618  34.356 0.0000000000
40506  51.667  -32.677  34.182 0.0000000000
40494  52.843  -32.871  36.001 0.0000000000
106606  52.148  -33.488  35.642 0.0000000000
39730  51.063  -33.092  33.883 0.0000000000
39731  50.421  -33.456  33.608 0.0000000000
39747  50.091  -33.171  32.909 0.0000000000
38915  48.382  -34.670  32.755 0.0000000000
89894  44.295  -39.487  38.216 0.0000000000
34355  44.628  -39.519  37.389 0.0000000000
34365  43.093  -39.728  36.186 0.0000000000
34376  42.801  -39.798  35.487 0.0000000000
33490  40.754  -40.748  35.481 0.0000000000
34393  40.988  -40.164  34.078 0.0000000000
34392  41.789  -39.856  34.470 0.0000000000
53697  67.901  -15.941  24.565 0.0000000000
99272  68.081  -16.682  24.268 0.0000000000
52867  67.751  -17.244  25.030 0.0000000000
32707  39.745  -41.753  42.667 0.0000000000
31996  39.013  -42.409  41.219 0.0000000000
33376  41.896  -39.988  45.959 0.0000000000
32666  40.762  -40.975  46.036 0.0000000000
101662  39.909  -42.237  45.131 0.0000000000
31161  40.914  -43.052  47.961 0.0000000000
100618  40.564  -42.692  47.250 0.0000000000
30393  39.528  -44.518  46.075 0.0000000000
35095  57.022  -38.738  45.223 0.0000000000
35961  57.673  -38.324  44.048 0.0000000000
35978  57.967  -37.630  43.474 0.0000000000
93059  58.229  -36.765  42.830 0.0000000000
35998  54.700  -37.593  41.337 0.0000000000
94541  55.507  -37.036  41.549 0.0000000000
36911  54.822  -36.631  40.896 0.0000000000
35147  53.231  -38.604  40.848 0.0000000000
36015  53.288  -37.676  40.419 0.0000000000
106381  52.759  -38.360  40.369 0.0000000000
89363  52.200  -38.574  39.978 0.0000000000
34264  52.879  -39.781  42.067 0.0000000000
34284  51.991  -39.781  41.504 0.0000000000
34324  51.100  -39.220  39.801 0.0000000000
34325  50.217  -39.374  39.501 0.0000000000
34327  48.606  -39.554  39.415 0.0000000000
106320  48.005  -39.559  39.538 0.0000000000
34328  47.439  -39.518  39.592 0.0000000000
33361  50.828  -40.266  47.075 0.0000000000
33373  51.342  -40.498  46.212 0.0000000000
98863  50.296  -40.244  46.174 0.0000000000
33375  48.934  -39.978  45.434 0.0000000000
33374  49.743  -40.253  45.410 0.0000000000
33387  49.321  -40.306  44.595 0.0000000000
98944  49.938  -40.392  43.916 0.0000000000
34232  47.269  -39.640  44.770 0.0000000000
34247  47.017  -39.767  43.991 0.0000000000
103325  46.852  -39.821  42.401 0.0000000000
33405  47.546  -40.033  43.488 0.0000000000
34268  47.487  -40.014  42.670 0.0000000000
89422  47.162  -39.553  40.773 0.0000000000
89116  45.974  -39.451  40.069 0.0000000000
34329  46.531  -39.476  39.285 0.0000000000
34330  45.693  -39.447  39.375 0.0000000000
89114  43.930  -39.502  40.032 0.0000000000
89111  43.909  -39.452  39.116 0.0000000000
34333  42.409  -39.663  39.285 0.0000000000
34293  42.904  -40.105  41.853 0.0000000000
33442  42.404  -40.064  41.123 0.0000000000
33454  41.883  -40.041  40.331 0.0000000000
34334  41.542  -39.951  39.473 0.0000000000
33464  40.263  -40.376  38.285 0.0000000000
33461  40.182  -40.468  39.095 0.0000000000
50335  64.807  -20.254  30.473 0.0000000000
49494  65.198  -21.061  30.650 0.0000000000
48569  65.404  -22.540  31.114 0.0000000000
95088  61.421  -25.194  29.130 0.0000000000
37721  44.794  -35.028  53.319 0.0000000000
99784  44.071  -35.498  54.735 0.0000000000
36771  43.411  -35.812  55.207 0.0000000000
35855  43.623  -36.860  55.423 0.0000000000
34979  42.934  -38.318  55.713 0.0000000000
34134  42.353  -39.060  54.857 0.0000000000
34141  42.411  -39.056  53.804 0.0000000000
34142  41.706  -39.650  53.957 0.0000000000
32611  41.394  -41.912  53.818 0.0000000000
33305  41.195  -40.657  53.813 0.0000000000
101457  40.654  -43.283  56.039 0.0000000000
99282  41.700  -43.438  55.604 0.0000000000
101290  40.656  -42.495  56.404 0.0000000000
31876  41.602  -42.652  55.883 0.0000000000
31875  42.121  -43.297  55.142 0.0000000000
90729  43.311  -44.581  52.642 0.0000000000
96937  42.677  -43.834  53.728 0.0000000000
31137  42.957  -44.260  51.661 0.0000000000
29521  43.626  -45.279  51.578 0.0000000000
28746  43.522  -45.952  50.793 0.0000000000
28716  44.641  -47.597  53.102 0.0000000000
53724  67.239  -15.784  21.945 0.0000000000
54497  67.971  -15.610  23.238 0.0000000000
54498  67.492  -15.447  23.450 0.0000000000
53709  66.032  -15.551  24.661 0.0000000000
54483  66.683  -15.474  24.927 0.0000000000
52868  64.407  -16.676  25.378 0.0000000000
53678  65.352  -15.894  27.122 0.0000000000
53649  63.915  -16.153  29.249 0.0000000000
51980  63.996  -18.444  30.945 0.0000000000
52785  63.523  -17.230  31.950 0.0000000000
53615  61.969  -15.809  34.514 0.0000000000
53607  61.703  -16.175  35.359 0.0000000000
51935  61.865  -17.412  34.747 0.0000000000
51949  61.980  -17.747  33.704 0.0000000000
101360  60.718  -19.643  31.517 0.0000000000
49512  59.878  -21.842  29.558 0.0000000000
48612  59.474  -22.418  29.231 0.0000000000
103971  58.696  -22.788  29.259 0.0000000000
105441  58.215  -23.896  28.631 0.0000000000
48571  58.142  -22.202  31.076 0.0000000000
102015  57.771  -24.192  28.639 0.0000000000
49395  58.278  -21.662  37.764 0.0000000000
45292  59.712  -26.728  37.407 0.0000000000
45278  60.345  -26.062  38.660 0.0000000000
96669  59.970  -25.990  37.960 0.0000000000
46862  59.554  -25.257  37.769 0.0000000000
44487  58.417  -27.397  35.588 0.0000000000
44475  58.927  -27.411  36.181 0.0000000000
46123  58.914  -25.945  36.319 0.0000000000
106525  58.653  -25.338  36.189 0.0000000000
46870  58.649  -24.679  36.590 0.0000000000
47714  58.517  -23.877  37.100 0.0000000000
46871  57.955  -24.076  36.174 0.0000000000
47721  57.371  -23.617  35.247 0.0000000000
47731  57.098  -23.703  34.346 0.0000000000
48538  56.877  -22.711  34.529 0.0000000000
46896  57.016  -24.963  33.290 0.0000000000
46911  56.681  -24.654  32.444 0.0000000000
45330  55.705  -26.711  32.258 0.0000000000
45329  56.349  -26.261  32.868 0.0000000000
45407  54.655  -26.723  28.433 0.0000000000
43760  52.650  -28.438  29.562 0.0000000000
42976  51.890  -29.153  27.626 0.0000000000
42023  52.493  -30.669  33.101 0.0000000000
42035  52.737  -30.050  32.671 0.0000000000
42036  52.099  -30.663  32.585 0.0000000000
42037  51.659  -30.566  31.995 0.0000000000
42068  51.052  -30.080  30.566 0.0000000000
41313  49.714  -31.833  31.137 0.0000000000
41350  49.301  -31.103  29.348 0.0000000000
36953  52.692  -36.271  39.211 0.0000000000
37880  53.080  -35.645  39.124 0.0000000000
36976  50.803  -36.775  37.730 0.0000000000
36967  51.514  -36.189  37.919 0.0000000000
35175  49.084  -38.259  36.985 0.0000000000
36987  48.618  -36.764  35.289 0.0000000000
36986  49.241  -36.393  35.606 0.0000000000
36995  49.026  -35.952  34.923 0.0000000000
104795  49.460  -35.514  34.909 0.0000000000
37964  47.489  -35.806  33.144 0.0000000000
37975  47.197  -35.494  32.460 0.0000000000
34362  45.919  -39.433  36.599 0.0000000000
94337  44.757  -38.621  34.433 0.0000000000
35195  45.426  -38.433  34.392 0.0000000000
35194  46.079  -38.464  34.656 0.0000000000
35210  45.041  -38.123  33.895 0.0000000000
36094  42.863  -37.598  32.495 0.0000000000
37028  44.246  -37.009  32.358 0.0000000000
90629  43.832  -37.553  32.786 0.0000000000
36093  44.744  -37.286  32.815 0.0000000000
36079  45.419  -37.486  33.382 0.0000000000
36092  45.416  -36.967  32.799 0.0000000000
37010  46.075  -36.854  33.080 0.0000000000
37993  45.001  -35.798  31.323 0.0000000000
93308  45.931  -35.457  31.403 0.0000000000
50446  66.127  -21.103  20.393 0.0000000000
52043  68.043  -17.257  23.663 0.0000000000
104524  67.397  -19.238  22.061 0.0000000000
51227  66.762  -19.919  22.341 0.0000000000
51149  66.017  -20.147  29.846 0.0000000000
36784  46.876  -36.596  53.131 0.0000000000
36785  46.162  -36.211  53.516 0.0000000000
36786  45.389  -35.679  53.920 0.0000000000
37860  56.146  -35.275  40.893 0.0000000000
38803  56.126  -34.501  40.319 0.0000000000
38818  56.069  -33.951  39.780 0.0000000000
38835  54.189  -34.044  38.571 0.0000000000
103755  65.656  -18.160  28.181 0.0000000000
34251  42.654  -40.013  43.876 0.0000000000
101386  41.827  -40.416  43.893 0.0000000000
33391  41.486  -40.484  44.632 0.0000000000
92983  41.924  -44.743  49.157 0.0000000000
30370  42.395  -44.865  49.631 0.0000000000
29537  42.734  -45.308  49.903 0.0000000000
34202  55.286  -40.226  47.021 0.0000000000
33357  55.164  -40.451  46.862 0.0000000000
33384  53.172  -40.577  45.124 0.0000000000
33385  51.410  -40.626  45.067 0.0000000000
35086  45.222  -38.656  45.789 0.0000000000
34219  45.277  -38.938  45.134 0.0000000000
29523  40.570  -45.513  52.061 0.0000000000
91105  62.281  -15.842  32.330 0.0000000000
54428  62.383  -15.725  33.856 0.0000000000
93721  56.852  -22.418  33.771 0.0000000000
43712  55.471  -28.525  33.445 0.0000000000
43719  55.149  -28.241  32.750 0.0000000000
43721  53.894  -28.785  32.028 0.0000000000
34352  47.466  -39.415  37.163 0.0000000000
34372  46.406  -39.255  36.036 0.0000000000
52068  67.466  -17.758  20.672 0.0000000000
35044  44.327  -38.439  48.114 0.0000000000
35007  43.945  -38.373  52.124 0.0000000000
104177  42.746  -38.915  51.170 0.0000000000
35892  51.440  -38.092  49.643 0.0000000000
34168  49.493  -39.493  49.828 0.0000000000
97669  48.010  -38.975  50.429 0.0000000000
106802  46.689  -38.747  48.053 0.0000000000
39643  59.944  -32.994  41.286 0.0000000000
40427  60.505  -31.861  41.509 0.0000000000
41943  60.609  -30.007  40.264 0.0000000000
42792  60.660  -29.297  40.044 0.0000000000
40462  56.163  -31.893  38.021 0.0000000000
41243  55.754  -31.565  37.406 0.0000000000
41990  55.776  -30.612  36.336 0.0000000000
41263  54.397  -31.364  35.900 0.0000000000
41272  54.077  -31.185  35.363 0.0000000000
39711  52.047  -34.162  36.304 0.0000000000
38899  50.084  -34.079  33.957 0.0000000000
94207  42.605  -39.674  36.936 0.0000000000
34366  42.180  -39.981  36.176 0.0000000000
53698  67.293  -15.914  25.374 0.0000000000
97503  67.241  -18.788  27.489 0.0000000000
31986  39.321  -42.372  43.064 0.0000000000
32667  40.471  -41.927  46.599 0.0000000000
34244  56.096  -39.784  44.411 0.0000000000
35109  57.134  -38.799  44.492 0.0000000000
35110  56.505  -39.306  44.005 0.0000000000
35980  56.132  -38.284  42.680 0.0000000000
35997  55.406  -37.909  41.989 0.0000000000
35137  53.104  -39.143  41.184 0.0000000000
33423  51.416  -40.084  42.082 0.0000000000
33440  51.175  -39.868  41.455 0.0000000000
34285  50.553  -39.774  41.024 0.0000000000
34307  49.816  -39.647  40.401 0.0000000000
34248  46.361  -39.636  43.645 0.0000000000
90868  46.242  -39.725  42.886 0.0000000000
88615  46.921  -39.700  41.600 0.0000000000
34312  44.622  -39.512  40.384 0.0000000000
104267  43.386  -39.641  40.409 0.0000000000
33443  41.536  -40.362  41.210 0.0000000000
93375  40.276  -40.573  39.899 0.0000000000
33462  39.697  -40.962  39.523 0.0000000000
47784  63.769  -23.124  30.619 0.0000000000
91072  41.813  -38.426  56.485 0.0000000000
34135  41.766  -39.542  55.261 0.0000000000
32612  41.267  -41.390  54.814 0.0000000000
30331  40.901  -44.774  54.385 0.0000000000
30321  42.452  -44.574  54.916 0.0000000000
31102  42.602  -44.084  54.679 0.0000000000
30337  43.597  -45.024  53.621 0.0000000000
30346  43.764  -45.211  52.547 0.0000000000
29520  44.138  -45.786  52.377 0.0000000000
28735  44.387  -46.400  52.152 0.0000000000
54499  66.994  -15.379  23.721 0.0000000000
53717  66.363  -15.646  23.672 0.0000000000
52860  64.090  -16.569  26.214 0.0000000000
53650  63.390  -16.223  29.557 0.0000000000
51971  63.725  -17.766  31.399 0.0000000000
102290  61.431  -16.250  35.887 0.0000000000
52753  61.493  -16.408  35.855 0.0000000000
50294  59.313  -20.180  33.309 0.0000000000
50322  59.640  -20.620  31.557 0.0000000000
46980  57.087  -24.690  28.605 0.0000000000
46963  56.549  -24.516  29.190 0.0000000000
47708  58.278  -23.079  37.415 0.0000000000
44449  60.302  -27.628  38.426 0.0000000000
44462  59.868  -27.512  37.702 0.0000000000
105492  58.294  -26.751  35.335 0.0000000000
46130  57.851  -25.102  35.052 0.0000000000
105099  57.261  -24.998  33.850 0.0000000000
45348  54.947  -26.801  30.871 0.0000000000
45367  54.835  -26.388  29.945 0.0000000000
43783  51.934  -28.845  28.624 0.0000000000
42956  51.542  -29.154  28.288 0.0000000000
41295  51.450  -31.306  32.517 0.0000000000
40582  48.218  -32.418  29.670 0.0000000000
41331  48.810  -31.898  29.975 0.0000000000
36966  51.996  -36.437  38.602 0.0000000000
36052  48.346  -37.569  35.616 0.0000000000
37008  47.199  -36.478  33.563 0.0000000000
34389  43.998  -39.339  35.279 0.0000000000
36108  42.504  -37.166  31.765 0.0000000000
37042  44.279  -36.473  31.747 0.0000000000
50320  65.853  -21.059  30.415 0.0000000000
35017  45.767  -38.717  51.093 0.0000000000
35005  45.702  -38.667  51.988 0.0000000000
34993  44.819  -38.321  53.195 0.0000000000
34985  43.766  -38.253  54.295 0.0000000000
35002  49.015  -38.346  51.898 0.0000000000
35003  48.349  -38.294  52.243 0.0000000000
37830  59.476  -35.880  43.157 0.0000000000
38789  59.321  -34.573  42.010 0.0000000000
39632  58.519  -34.022  41.224 0.0000000000
39644  58.915  -33.302  40.874 0.0000000000
40439  58.698  -32.130  39.873 0.0000000000
40440  57.777  -32.366  39.515 0.0000000000
39670  56.263  -32.742  38.889 0.0000000000
40454  55.859  -32.504  38.396 0.0000000000
40464  54.667  -32.569  37.542 0.0000000000
38865  51.517  -34.655  36.292 0.0000000000
106660  40.608  -40.321  37.075 0.0000000000
32024  39.641  -41.967  36.296 0.0000000000
32752  39.898  -41.587  35.564 0.0000000000
32716  40.279  -41.210  42.259 0.0000000000
31985  39.893  -41.773  43.494 0.0000000000
90052  39.538  -42.301  43.769 0.0000000000
31971  39.457  -42.624  44.346 0.0000000000
98340  41.074  -41.981  48.419 0.0000000000
31155  41.366  -43.372  48.701 0.0000000000
29568  40.263  -45.299  47.262 0.0000000000
28769  41.256  -46.032  48.361 0.0000000000
33381  55.992  -40.279  45.715 0.0000000000
34229  56.364  -39.875  45.304 0.0000000000
33424  50.853  -40.254  42.630 0.0000000000
93272  49.940  -40.301  42.836 0.0000000000
101411  46.912  -39.402  45.169 0.0000000000
105282  45.885  -39.464  43.961 0.0000000000
100956  44.854  -39.671  42.355 0.0000000000
34270  44.158  -39.795  42.495 0.0000000000
29505  42.304  -45.551  54.441 0.0000000000
28718  43.485  -46.549  54.029 0.0000000000
28717  44.225  -46.960  53.735 0.0000000000
52777  63.295  -16.640  32.633 0.0000000000
50283  59.262  -19.980  34.279 0.0000000000
46855  59.422  -23.949  38.592 0.0000000000
43671  58.230  -28.608  36.127 0.0000000000
43686  57.880  -28.155  35.419 0.0000000000
43698  57.338  -27.953  34.681 0.0000000000
44505  56.891  -26.965  33.851 0.0000000000
45321  56.869  -26.265  33.584 0.0000000000
44516  55.953  -27.084  32.965 0.0000000000
42940  50.956  -29.757  29.602 0.0000000000
40545  50.039  -32.167  31.862 0.0000000000
40566  48.497  -32.669  30.463 0.0000000000
105880  49.999  -38.341  38.034 0.0000000000
35176  48.477  -38.767  36.780 0.0000000000
35180  48.117  -38.381  35.964 0.0000000000
36065  46.538  -37.836  34.345 0.0000000000
35214  41.872  -38.795  33.315 0.0000000000
35213  42.693  -38.616  33.573 0.0000000000
35224  41.458  -38.394  32.592 0.0000000000
36109  41.545  -37.406  31.468 0.0000000000
93601  67.114  -18.607  20.475 0.0000000000
97551  67.536  -19.794  20.647 0.0000000000
50444  68.177  -21.367  21.017 0.0000000000
35072  43.860  -38.621  45.933 0.0000000000
34207  43.170  -39.015  46.344 0.0000000000
34196  42.458  -39.461  46.973 0.0000000000
35020  43.171  -38.724  50.130 0.0000000000
35033  42.976  -38.879  49.355 0.0000000000
33338  41.535  -40.611  48.718 0.0000000000
32638  41.439  -41.782  49.914 0.0000000000
31912  41.629  -42.646  50.415 0.0000000000
31147  42.089  -43.433  50.597 0.0000000000
34177  52.940  -39.570  48.770 0.0000000000
92028  52.641  -40.602  47.616 0.0000000000
33349  50.405  -40.016  47.713 0.0000000000
34190  50.910  -40.042  48.677 0.0000000000
34203  49.515  -39.771  47.306 0.0000000000
34157  49.868  -39.214  50.802 0.0000000000
106157  48.319  -39.176  49.934 0.0000000000
34169  48.638  -39.312  49.441 0.0000000000
96372  48.500  -39.412  47.927 0.0000000000
90228  48.232  -39.399  47.209 0.0000000000
34194  47.441  -39.160  46.839 0.0000000000
47820  60.568  -23.639  28.651 0.0000000000
46961  60.757  -24.893  28.745 0.0000000000
53599  60.599  -16.241  35.734 0.0000000000
53586  60.871  -16.455  36.324 0.0000000000
52740  60.814  -16.857  36.592 0.0000000000
51075  60.276  -18.852  37.281 0.0000000000
49412  57.960  -21.075  36.362 0.0000000000
43646  60.549  -28.222  39.101 0.0000000000
43647  59.904  -28.357  38.032 0.0000000000
41222  58.302  -31.575  39.144 0.0000000000
41232  58.404  -30.970  38.600 0.0000000000
41960  58.069  -30.635  38.097 0.0000000000
42826  58.169  -29.659  37.097 0.0000000000
42839  57.826  -29.304  36.430 0.0000000000
42854  55.834  -29.710  35.203 0.0000000000
42870  54.622  -29.773  34.253 0.0000000000
41284  52.603  -31.100  33.666 0.0000000000
39720  51.935  -33.059  34.840 0.0000000000
39732  49.784  -33.776  33.297 0.0000000000
39749  48.778  -33.904  32.307 0.0000000000
38932  48.127  -34.286  31.902 0.0000000000
89896  45.876  -39.530  37.965 0.0000000000
34354  45.482  -39.518  37.296 0.0000000000
34375  43.986  -39.560  36.110 0.0000000000
33468  41.276  -40.155  36.684 0.0000000000
52874  68.257  -16.576  23.202 0.0000000000
99031  67.246  -18.047  26.166 0.0000000000
31174  39.813  -42.926  45.824 0.0000000000
36879  59.223  -36.817  43.963 0.0000000000
36895  59.132  -36.561  43.480 0.0000000000
36909  57.168  -36.264  42.006 0.0000000000
36910  56.344  -36.643  41.780 0.0000000000
101647  56.433  -35.899  41.460 0.0000000000
36931  54.905  -35.666  40.427 0.0000000000
36024  52.955  -36.933  39.803 0.0000000000
35158  51.881  -37.962  39.403 0.0000000000
34282  53.346  -39.385  41.743 0.0000000000
34304  52.004  -39.451  40.783 0.0000000000
35149  51.827  -39.128  40.159 0.0000000000
34338  50.139  -39.135  38.773 0.0000000000
34326  49.395  -39.514  39.650 0.0000000000
94398  50.682  -40.472  44.409 0.0000000000
33425  48.984  -40.187  42.499 0.0000000000
33404  48.166  -40.166  43.772 0.0000000000
106744  47.350  -39.512  40.206 0.0000000000
90476  43.434  -39.510  38.293 0.0000000000
34345  42.617  -39.577  38.399 0.0000000000
97974  42.656  -39.780  40.259 0.0000000000
32732  39.459  -41.540  38.252 0.0000000000
50334  65.502  -20.577  30.313 0.0000000000
47819  61.194  -23.701  28.863 0.0000000000
46944  62.097  -25.057  29.451 0.0000000000
103624  44.916  -35.003  52.415 0.0000000000
36778  44.854  -36.142  54.447 0.0000000000
35864  44.221  -37.607  54.784 0.0000000000
35856  42.796  -36.268  55.813 0.0000000000
33314  41.062  -40.997  52.717 0.0000000000
98139  41.844  -43.029  51.169 0.0000000000
32600  41.368  -41.770  55.701 0.0000000000
32599  41.779  -42.408  55.098 0.0000000000
31889  42.008  -42.806  54.427 0.0000000000
31126  42.313  -43.393  52.917 0.0000000000
31138  42.360  -43.584  51.637 0.0000000000
31146  42.584  -44.034  50.779 0.0000000000
28756  43.083  -45.819  50.228 0.0000000000
28734  44.623  -47.102  52.645 0.0000000000
53723  67.743  -16.251  21.624 0.0000000000
53715  68.148  -15.927  22.716 0.0000000000
54492  67.165  -15.413  24.164 0.0000000000
93200  64.647  -16.988  24.400 0.0000000000
49510  61.431  -21.640  29.549 0.0000000000
54422  62.537  -15.914  34.213 0.0000000000
50253  59.316  -20.192  38.231 0.0000000000
49413  57.370  -21.760  35.863 0.0000000000
45293  59.237  -26.693  36.565 0.0000000000
97095  57.426  -22.265  36.294 0.0000000000
46173  56.312  -25.137  31.870 0.0000000000
46187  56.153  -24.887  31.203 0.0000000000
46206  55.968  -25.070  29.439 0.0000000000
43807  52.529  -28.534  27.819 0.0000000000
42083  50.400  -30.055  29.014 0.0000000000
41329  50.043  -31.140  30.698 0.0000000000
37879  53.622  -35.321  39.284 0.0000000000
37913  52.303  -35.290  37.948 0.0000000000
37897  52.018  -35.765  38.108 0.0000000000
37914  51.756  -35.409  37.492 0.0000000000
37929  51.189  -35.339  36.686 0.0000000000
36046  50.043  -37.102  37.220 0.0000000000
37948  49.792  -35.102  34.826 0.0000000000
37949  49.280  -35.305  34.422 0.0000000000
37963  48.201  -35.397  33.371 0.0000000000
35182  46.221  -38.927  35.340 0.0000000000
36081  43.825  -38.026  33.386 0.0000000000
37976  46.432  -35.655  32.047 0.0000000000
37992  46.544  -35.195  31.476 0.0000000000
38011  46.277  -34.962  30.964 0.0000000000
49598  68.032  -21.748  21.315 0.0000000000
50407  65.270  -20.004  23.675 0.0000000000
50332  66.851  -20.291  29.584 0.0000000000
27968  44.264  -47.780  53.464 0.0000000000
35026  51.098  -38.640  50.286 0.0000000000
36878  59.433  -36.248  43.767 0.0000000000
51059  60.227  -18.417  38.206 0.0000000000
53598  61.332  -16.207  35.934 0.0000000000
