#!ascii label  , from subject sub-v2s9x29166_ses-1 vox2ras=TkReg
679
54150  23.890  -16.829  -20.464 0.2500000000
53338  24.505  -17.240  -21.008 0.2500000000
55738  22.112  -14.591  -19.747 0.2500000000
54933  22.418  -15.090  -19.904 0.1250000000
55750  22.667  -14.848  -20.559 0.3750000000
54932  22.963  -15.599  -20.252 0.2500000000
54151  23.296  -16.352  -20.038 0.2500000000
54168  24.340  -16.454  -21.281 0.7500000000
53337  25.168  -17.678  -21.552 0.8750000000
53351  25.593  -17.290  -22.285 0.8750000000
54169  23.609  -16.084  -20.768 0.3750000000
54944  24.112  -15.674  -21.552 0.8750000000
54198  25.803  -16.126  -23.083 1.0000000000
54182  24.762  -16.091  -22.065 1.0000000000
54167  24.965  -16.884  -21.819 0.8750000000
53363  26.639  -17.271  -23.150 1.0000000000
55751  22.089  -14.355  -20.178 0.2500000000
55762  23.831  -14.916  -21.876 0.8750000000
54959  24.521  -15.317  -22.345 0.8750000000
54945  23.353  -15.302  -21.075 0.7500000000
54958  25.175  -15.724  -22.747 1.0000000000
54196  27.279  -16.879  -23.745 1.0000000000
54197  26.451  -16.509  -23.394 1.0000000000
54180  26.011  -16.874  -22.837 1.0000000000
55764  22.414  -14.083  -20.834 0.6250000000
55777  24.319  -14.536  -22.580 1.0000000000
55763  23.150  -14.503  -21.344 0.8750000000
54986  26.754  -15.372  -24.269 1.0000000000
54970  26.230  -15.771  -23.648 1.0000000000
54971  25.585  -15.376  -23.376 1.0000000000
54972  24.947  -14.947  -23.043 1.0000000000
54211  27.607  -16.128  -24.447 1.0000000000
54212  26.846  -16.129  -23.897 1.0000000000
54210  28.540  -16.513  -24.817 1.0000000000
53372  28.063  -16.886  -24.272 1.0000000000
58864  21.740  -10.086  -21.355 0.2500000000
55752  21.687  -13.846  -19.961 0.2500000000
56512  21.786  -13.558  -20.366 0.3750000000
56523  22.946  -13.723  -21.603 1.0000000000
56524  22.288  -13.242  -21.050 0.6250000000
55778  23.615  -14.149  -22.140 1.0000000000
55787  24.736  -14.153  -23.258 1.0000000000
54985  27.601  -15.259  -24.858 1.0000000000
55786  25.465  -14.511  -23.720 1.0000000000
54998  28.208  -15.143  -25.376 1.0000000000
54984  28.325  -15.782  -25.133 1.0000000000
54997  28.862  -15.395  -25.707 1.0000000000
58863  22.090  -10.312  -21.715 0.5000000000
58065  21.685  -10.792  -21.253 0.3750000000
57282  21.632  -11.845  -20.870 0.3750000000
57281  22.176  -12.353  -21.311 0.5000000000
58064  22.108  -11.387  -21.556 0.5000000000
57293  23.372  -12.520  -22.512 0.8750000000
56538  23.489  -13.342  -22.345 1.0000000000
106122  23.779  -12.160  -23.014 1.0000000000
56563  25.765  -13.791  -24.294 1.0000000000
56552  24.564  -13.459  -23.347 1.0000000000
55816  27.197  -13.860  -25.191 1.0000000000
92954  26.472  -13.871  -24.725 1.0000000000
88617  28.833  -13.926  -26.155 1.0000000000
55814  28.504  -14.628  -25.763 1.0000000000
55813  29.389  -14.691  -26.118 0.8750000000
91917  22.339  -9.601  -22.004 0.5000000000
58077  22.669  -11.115  -22.265 0.6250000000
58076  23.327  -10.924  -22.849 0.6250000000
58090  23.822  -11.507  -23.236 1.0000000000
57294  22.705  -12.028  -22.084 0.7500000000
91989  24.306  -12.108  -23.510 1.0000000000
57327  28.055  -12.517  -25.751 1.0000000000
57329  26.842  -12.548  -25.279 1.0000000000
91218  26.685  -13.196  -25.085 1.0000000000
57306  25.481  -12.865  -24.355 1.0000000000
56574  28.419  -13.158  -25.911 1.0000000000
56583  29.353  -13.108  -26.367 0.8750000000
56573  29.580  -13.866  -26.333 0.8750000000
58877  22.759  -10.227  -22.426 0.5000000000
96689  23.833  -10.810  -23.367 0.8750000000
58899  26.088  -10.677  -24.920 1.0000000000
58099  25.227  -11.030  -24.430 1.0000000000
58109  28.176  -11.812  -25.838 1.0000000000
58111  26.610  -11.713  -25.214 1.0000000000
58124  28.322  -10.908  -25.918 1.0000000000
57336  29.623  -12.272  -26.497 1.0000000000
57337  28.769  -12.421  -26.176 1.0000000000
58890  23.447  -10.031  -23.119 0.8750000000
58889  24.222  -10.274  -23.666 1.0000000000
101955  26.423  -9.161  -25.201 1.0000000000
58901  24.828  -10.300  -24.142 1.0000000000
59732  28.843  -9.679  -26.083 1.0000000000
59733  28.059  -9.992  -25.672 1.0000000000
91028  29.613  -10.212  -26.596 1.0000000000
102837  28.830  -10.332  -26.229 1.0000000000
58924  30.334  -10.804  -26.825 1.0000000000
58122  30.026  -11.529  -26.703 0.8750000000
88653  25.152  -6.729  -24.524 1.0000000000
88102  24.539  -6.869  -24.051 0.3750000000
88105  25.941  -7.002  -24.686 0.8750000000
60511  26.351  -8.525  -25.052 1.0000000000
60520  29.011  -8.854  -25.828 1.0000000000
60521  27.804  -9.108  -25.545 1.0000000000
88424  25.163  -5.768  -24.386 0.8750000000
88263  26.472  -6.367  -24.561 1.0000000000
88422  26.779  -7.108  -24.744 1.0000000000
60510  27.028  -8.419  -25.241 1.0000000000
61305  28.088  -8.258  -25.433 1.0000000000
88256  26.110  -5.436  -24.454 0.7500000000
100528  27.304  -6.488  -24.555 1.0000000000
88111  27.734  -7.002  -24.783 1.0000000000
61291  29.205  -6.929  -25.704 1.0000000000
61292  28.384  -7.435  -25.265 1.0000000000
100514  27.499  -5.630  -24.333 1.0000000000
88531  28.161  -6.233  -24.492 1.0000000000
89141  28.505  -6.749  -25.036 1.0000000000
66158  27.482  -0.193  -24.285 0.1250000000
66834  27.647  0.551  -24.397 0.1250000000
66171  28.341  -0.468  -25.256 0.2500000000
66157  28.064  -0.103  -24.744 0.1250000000
66845  27.938  0.501  -25.302 0.2500000000
66186  28.124  -0.511  -27.161 0.5000000000
66180  28.114  -0.026  -26.182 0.2500000000
66861  27.437  0.463  -27.890 0.3750000000
66853  27.745  0.382  -27.113 0.2500000000
67541  27.477  1.226  -26.819 0.2500000000
67548  26.953  1.680  -27.543 0.2500000000
66862  27.047  0.945  -28.172 0.2500000000
67547  27.359  0.959  -27.501 0.2500000000
66869  27.092  0.080  -28.628 0.3750000000
106704  26.100  1.298  -28.834 0.2500000000
53324  23.627  -17.153  -19.877 0.1250000000
54920  22.759  -15.654  -19.665 0.1250000000
53371  28.778  -17.251  -24.508 1.0000000000
58911  27.357  -10.408  -25.506 1.0000000000
100130  23.784  -17.687  -19.712 0.1250000000
52493  24.597  -18.026  -20.661 0.6250000000
103052  25.977  -18.822  -21.631 0.7500000000
54921  22.431  -15.152  -19.503 0.1250000000
51674  26.682  -18.847  -22.175 1.0000000000
54131  22.774  -17.052  -18.284 0.1250000000
52501  26.795  -18.073  -22.793 1.0000000000
53362  28.103  -17.617  -23.806 1.0000000000
56513  21.379  -13.036  -20.102 0.3750000000
58054  20.708  -10.690  -19.681 0.2500000000
57271  21.291  -12.410  -20.277 0.2500000000
54996  29.667  -15.624  -25.712 0.8750000000
56572  30.327  -13.275  -26.437 0.8750000000
95756  30.071  -14.183  -26.298 0.8750000000
57335  30.483  -12.215  -26.637 0.8750000000
88547  24.253  -7.161  -23.482 0.1250000000
59691  22.854  -9.391  -22.474 0.3750000000
59702  24.143  -9.354  -23.607 0.6250000000
58925  29.354  -10.912  -26.508 1.0000000000
100435  25.703  -6.304  -24.550 0.8750000000
106213  24.622  -7.389  -24.108 0.3750000000
88726  24.933  -7.887  -24.383 0.8750000000
59731  29.737  -9.433  -26.566 1.0000000000
60519  29.798  -8.560  -26.529 1.0000000000
61304  29.168  -7.940  -25.747 1.0000000000
88506  27.054  -4.795  -24.417 0.8750000000
63411  28.628  -4.581  -25.154 1.0000000000
62763  28.815  -6.100  -25.164 1.0000000000
66144  26.268  -0.290  -23.202 0.1250000000
65491  26.643  -1.247  -24.186 0.1250000000
92828  28.339  -1.877  -24.926 0.6250000000
66179  28.464  -0.870  -26.167 0.6250000000
66185  28.370  -1.326  -27.192 0.5000000000
95745  27.661  -0.262  -28.055 0.5000000000
67534  27.548  1.444  -25.849 0.2500000000
67542  27.153  2.051  -26.619 0.1250000000
66876  25.634  -0.269  -30.050 0.3750000000
66871  25.496  1.064  -29.440 0.2500000000
67549  26.161  2.210  -27.969 0.1250000000
53323  24.028  -17.553  -20.157 0.1250000000
52491  25.963  -18.123  -22.080 0.7500000000
53350  26.192  -17.535  -22.643 1.0000000000
54181  25.385  -16.505  -22.494 1.0000000000
106441  27.274  -17.655  -23.361 1.0000000000
101004  26.027  -15.121  -23.871 1.0000000000
57270  21.642  -12.697  -20.556 0.3750000000
56539  22.813  -12.901  -21.842 0.8750000000
56537  24.169  -13.749  -22.771 1.0000000000
56551  25.098  -13.616  -23.815 1.0000000000
55800  26.992  -14.571  -24.747 1.0000000000
55785  26.219  -14.541  -24.290 1.0000000000
55815  27.731  -14.568  -25.288 1.0000000000
56553  24.099  -12.879  -23.012 1.0000000000
56562  26.117  -13.271  -24.669 1.0000000000
57307  24.726  -12.838  -23.743 1.0000000000
90045  28.015  -13.874  -25.639 1.0000000000
55812  30.272  -14.824  -25.972 0.8750000000
58089  24.455  -11.174  -23.801 1.0000000000
57317  24.920  -12.012  -24.183 1.0000000000
58123  29.039  -11.649  -26.358 1.0000000000
56575  27.491  -13.057  -25.492 1.0000000000
57316  26.235  -12.576  -24.885 1.0000000000
57328  27.396  -12.159  -25.541 1.0000000000
106038  29.966  -12.723  -26.530 0.8750000000
58912  26.790  -10.823  -25.325 1.0000000000
58098  25.744  -11.827  -24.682 1.0000000000
58110  27.416  -11.300  -25.562 1.0000000000
103430  24.590  -9.829  -23.916 0.7500000000
58900  25.497  -9.995  -24.550 1.0000000000
59711  25.593  -9.140  -24.656 1.0000000000
59721  26.605  -9.997  -25.258 1.0000000000
104344  26.843  -8.943  -25.345 1.0000000000
59720  27.121  -9.570  -25.433 1.0000000000
88472  25.607  -7.528  -24.650 1.0000000000
88290  25.031  -7.396  -24.504 0.7500000000
60512  25.884  -8.670  -24.828 1.0000000000
94995  25.307  -8.524  -24.523 1.0000000000
61294  25.905  -8.112  -24.781 1.0000000000
88324  26.356  -7.814  -24.844 1.0000000000
61293  27.329  -7.713  -25.063 1.0000000000
62764  28.447  -5.428  -24.592 1.0000000000
100043  27.380  -0.833  -24.342 0.1250000000
66159  26.674  -0.511  -23.899 0.1250000000
65489  28.167  -0.875  -24.715 0.5000000000
67558  26.459  1.470  -28.348 0.2500000000
66870  26.372  0.607  -28.985 0.2500000000
99095  24.079  -18.271  -19.784 0.2500000000
53301  23.504  -18.267  -18.333 0.1250000000
52492  25.316  -18.466  -21.226 0.7500000000
61286  24.378  -7.793  -23.635 0.5000000000
59703  23.393  -9.136  -22.976 0.6250000000
59712  24.974  -9.343  -24.261 0.8750000000
60503  24.632  -8.513  -23.984 0.7500000000
60502  25.465  -7.996  -24.623 1.0000000000
63412  28.038  -4.633  -24.435 1.0000000000
62762  29.246  -5.944  -26.203 1.0000000000
65499  28.507  -1.330  -25.380 0.7500000000
65490  27.681  -1.544  -24.523 0.5000000000
65504  28.647  -1.678  -26.293 0.7500000000
49205  27.912  -22.303  -21.592 0.7500000000
50039  29.992  -21.701  -22.123 0.7500000000
49206  27.170  -21.933  -21.146 0.7500000000
50043  27.003  -21.003  -21.170 0.7500000000
50048  29.515  -21.093  -22.510 0.7500000000
50041  28.395  -21.684  -21.920 0.7500000000
50050  28.195  -20.982  -21.945 0.7500000000
50049  28.758  -21.087  -22.314 0.7500000000
50880  28.368  -20.384  -22.304 0.7500000000
51660  26.313  -19.438  -21.508 0.7500000000
91778  27.864  -19.710  -22.333 0.7500000000
51659  27.110  -19.607  -21.890 0.8750000000
50878  30.015  -20.371  -22.953 0.7500000000
50879  29.077  -20.427  -22.752 0.7500000000
51672  28.623  -19.725  -22.810 0.7500000000
51673  27.387  -19.167  -22.417 0.8750000000
102093  27.308  -18.661  -22.698 0.8750000000
51679  30.067  -19.476  -23.587 0.7500000000
51681  28.872  -19.147  -23.387 0.7500000000
52512  27.645  -18.262  -23.213 0.8750000000
52511  29.232  -18.585  -23.823 0.7500000000
92147  28.496  -18.429  -23.539 0.8750000000
52520  28.991  -17.943  -24.148 0.8750000000
53369  30.047  -17.670  -24.600 0.8750000000
53370  29.498  -17.457  -24.623 0.8750000000
54209  29.294  -16.801  -25.007 0.8750000000
54969  31.672  -15.850  -24.062 0.3750000000
54207  30.983  -16.261  -24.743 0.6250000000
101408  30.391  -16.466  -25.045 0.7500000000
54219  29.643  -16.338  -25.317 0.7500000000
54968  32.289  -15.190  -23.681 0.5000000000
54982  31.279  -15.432  -24.792 0.5000000000
54995  30.307  -15.507  -25.610 0.7500000000
55798  32.278  -14.284  -24.115 0.1250000000
55799  31.573  -14.569  -24.862 0.6250000000
54994  30.881  -14.970  -25.472 0.6250000000
104667  30.777  -14.480  -25.852 0.6250000000
56547  33.341  -13.158  -23.076 0.1250000000
56548  32.878  -13.650  -23.511 0.1250000000
92522  32.205  -12.991  -25.056 0.1250000000
57315  32.524  -12.508  -24.738 0.1250000000
56571  31.750  -13.125  -25.614 0.6250000000
57325  31.593  -12.381  -26.179 0.6250000000
57326  31.001  -12.622  -26.515 0.7500000000
57302  32.934  -12.676  -23.799 0.1250000000
58884  32.838  -11.350  -24.374 0.1250000000
58097  32.562  -11.732  -25.224 0.1250000000
57334  31.206  -11.905  -26.607 0.6250000000
58083  33.088  -11.796  -23.671 0.1250000000
58108  32.047  -11.653  -26.102 0.5000000000
58119  31.998  -10.862  -26.501 0.5000000000
58120  31.561  -11.336  -26.642 0.6250000000
58121  30.928  -11.297  -26.887 0.7500000000
63406  25.183  -4.813  -24.341 0.6250000000
100145  25.110  -4.012  -24.265 0.5000000000
88108  27.349  -4.000  -24.535 0.7500000000
102114  31.732  -10.424  -26.786 0.6250000000
89183  31.236  -10.121  -27.025 0.6250000000
89011  30.567  -10.052  -26.932 0.8750000000
59729  31.635  -9.909  -26.938 0.5000000000
59744  31.339  -9.493  -27.133 0.6250000000
106286  31.005  -9.759  -27.138 0.7500000000
59730  30.650  -9.206  -27.043 0.8750000000
61303  29.815  -7.640  -26.627 0.8750000000
60518  30.639  -8.236  -27.296 0.8750000000
61302  30.424  -7.374  -27.647 0.8750000000
62067  29.717  -6.749  -26.871 0.8750000000
59728  32.036  -9.338  -26.794 0.3750000000
59743  31.752  -8.965  -27.212 0.5000000000
60530  31.295  -8.763  -27.355 0.6250000000
89273  32.340  -7.895  -26.605 0.2500000000
60517  32.076  -8.561  -27.105 0.3750000000
60529  31.683  -8.333  -27.505 0.5000000000
64139  26.760  -3.134  -24.478 0.6250000000
64138  27.891  -3.397  -24.647 0.7500000000
102046  27.970  -3.994  -24.609 0.8750000000
62074  30.015  -6.566  -27.990 0.8750000000
96493  31.309  -8.167  -27.661 0.6250000000
61312  31.112  -7.684  -28.067 0.7500000000
60528  31.857  -8.188  -27.592 0.3750000000
61310  31.986  -7.487  -28.039 0.5000000000
62073  30.843  -7.167  -28.700 0.7500000000
88627  32.118  -7.929  -27.404 0.2500000000
64147  28.261  -3.888  -24.857 0.8750000000
63410  28.877  -4.112  -26.060 0.8750000000
63419  28.996  -4.976  -26.162 0.8750000000
64152  28.934  -3.892  -26.735 0.7500000000
62770  29.427  -5.580  -27.267 0.8750000000
62776  30.485  -6.536  -29.373 0.7500000000
61317  31.363  -7.312  -28.720 0.5000000000
62081  32.017  -6.940  -28.621 0.2500000000
61311  31.618  -7.695  -28.013 0.5000000000
61301  32.293  -7.218  -27.077 0.2500000000
64830  27.814  -2.483  -24.620 0.5000000000
64840  28.663  -2.234  -25.636 0.6250000000
64153  28.857  -3.211  -26.024 0.7500000000
64160  28.767  -3.381  -27.192 0.7500000000
64167  28.587  -3.692  -28.402 0.7500000000
64159  28.923  -4.364  -27.953 0.7500000000
63425  29.281  -5.177  -28.005 0.7500000000
63433  29.250  -5.348  -29.528 0.7500000000
62783  30.662  -6.274  -30.180 0.5000000000
62791  30.250  -5.788  -30.658 0.3750000000
62784  29.976  -6.025  -30.105 0.6250000000
62781  32.116  -6.215  -28.506 0.2500000000
62789  31.203  -6.259  -29.921 0.3750000000
64851  28.440  -2.796  -28.021 0.7500000000
94474  28.637  -4.469  -29.526 0.7500000000
63434  28.798  -5.009  -30.678 0.6250000000
63449  30.108  -5.520  -30.979 0.3750000000
63442  29.538  -5.369  -30.899 0.3750000000
62775  31.981  -5.158  -28.121 0.1250000000
64165  31.174  -3.860  -29.032 0.1250000000
63432  30.978  -4.793  -30.136 0.2500000000
96624  28.505  -2.006  -27.218 0.6250000000
65510  28.194  -1.984  -28.238 0.7500000000
97013  28.037  -2.735  -29.183 0.6250000000
64857  28.159  -3.626  -29.649 0.7500000000
63443  28.707  -4.671  -31.339 0.3750000000
64174  28.165  -4.541  -30.961 0.3750000000
94497  30.191  -5.040  -30.983 0.2500000000
63450  29.378  -5.014  -31.291 0.3750000000
64855  31.323  -3.055  -28.166 0.1250000000
103129  31.760  -4.503  -28.082 0.1250000000
64858  27.520  -3.291  -30.326 0.3750000000
64175  27.616  -4.004  -31.140 0.3750000000
64173  28.567  -3.715  -31.464 0.2500000000
64862  30.208  -3.021  -29.943 0.1250000000
64172  29.508  -4.249  -31.134 0.3750000000
64849  31.363  -2.334  -27.385 0.1250000000
64166  30.532  -3.928  -30.059 0.1250000000
66191  27.175  -1.019  -29.167 0.3750000000
65511  27.883  -1.193  -28.275 0.3750000000
65523  26.644  -2.725  -31.419 0.3750000000
65517  27.263  -2.384  -29.893 0.3750000000
98328  27.424  -3.613  -31.799 0.3750000000
90488  27.332  -3.252  -31.679 0.3750000000
64864  27.043  -3.375  -31.232 0.3750000000
65528  28.010  -3.099  -31.675 0.3750000000
64868  27.759  -3.965  -31.779 0.3750000000
64869  27.542  -3.703  -31.770 0.3750000000
65515  30.263  -1.131  -28.783 0.1250000000
64863  29.433  -3.089  -30.577 0.1250000000
65521  28.901  -2.350  -30.575 0.2500000000
105605  30.789  -1.516  -28.268 0.1250000000
65524  25.887  -2.087  -31.658 0.2500000000
98035  26.470  -2.217  -31.662 0.2500000000
66198  26.276  -1.979  -30.637 0.3750000000
66205  27.268  -1.667  -31.535 0.1250000000
65522  28.021  -2.093  -31.239 0.1250000000
65529  27.225  -2.795  -31.768 0.2500000000
66196  29.067  -0.453  -29.634 0.1250000000
66199  25.657  -1.503  -30.938 0.3750000000
65535  25.536  -1.733  -32.065 0.2500000000
66206  26.575  -1.342  -31.966 0.1250000000
66881  27.527  0.039  -30.892 0.1250000000
66886  26.500  -0.362  -32.138 0.1250000000
66874  29.412  0.444  -29.170 0.1250000000
67567  28.455  1.158  -30.112 0.1250000000
66887  25.811  -0.270  -32.834 0.1250000000
67574  27.861  1.252  -30.784 0.1250000000
67575  27.124  0.995  -31.653 0.1250000000
90939  29.194  1.986  -29.937 0.1250000000
67566  29.188  1.187  -29.434 0.1250000000
54195  30.625  -17.085  -24.597 0.6250000000
64137  28.420  -2.951  -25.134 0.8750000000
64146  28.603  -3.724  -25.440 0.8750000000
63418  29.186  -4.590  -26.964 0.7500000000
62777  29.715  -6.008  -28.788 0.7500000000
101756  31.226  -6.832  -29.431 0.5000000000
62082  31.701  -6.644  -29.210 0.5000000000
65516  29.513  -1.228  -29.608 0.1250000000
90958  30.682  -14.048  -26.147 0.6250000000
58921  32.032  -10.118  -26.565 0.3750000000
60509  32.343  -8.690  -26.236 0.2500000000
66197  28.220  -0.842  -30.552 0.1250000000
61290  32.483  -7.909  -25.585 0.1250000000
48307  29.092  -23.120  -21.509 0.7500000000
48308  28.263  -23.108  -21.478 0.7500000000
50033  26.430  -21.490  -20.613 0.7500000000
49203  29.551  -22.393  -21.757 0.7500000000
49204  28.718  -22.449  -21.792 0.7500000000
51647  25.854  -19.939  -20.864 0.6250000000
50872  26.683  -20.185  -21.334 0.7500000000
50047  30.283  -21.077  -22.474 0.6250000000
52509  30.486  -18.770  -23.920 0.6250000000
53361  30.574  -17.975  -24.266 0.5000000000
54193  31.837  -16.534  -23.502 0.3750000000
92861  32.219  -15.865  -23.398 0.1250000000
55770  32.806  -14.581  -23.213 0.1250000000
56530  33.722  -13.094  -22.424 0.1250000000
57301  33.480  -12.330  -22.914 0.1250000000
58082  33.451  -11.387  -22.965 0.1250000000
102811  33.124  -11.008  -23.621 0.1250000000
88109  26.098  -4.212  -24.416 0.3750000000
104135  32.896  -10.619  -24.184 0.1250000000
58898  32.745  -10.930  -25.063 0.1250000000
58910  32.447  -10.360  -25.724 0.1250000000
59719  32.349  -9.509  -25.959 0.2500000000
92906  25.901  -2.580  -24.230 0.5000000000
88994  32.466  -7.070  -26.028 0.1250000000
63423  32.257  -5.587  -27.290 0.1250000000
63424  31.862  -4.231  -27.281 0.1250000000
64831  26.746  -2.111  -24.391 0.3750000000
92948  31.552  -3.230  -27.291 0.1250000000
65508  31.199  -1.407  -27.509 0.1250000000
66189  30.358  -0.093  -28.276 0.1250000000
95099  30.636  0.780  -28.096 0.1250000000
98362  27.603  1.285  -24.884 0.1250000000
66207  25.058  -1.313  -32.054 0.2500000000
66214  25.341  -1.199  -32.348 0.1250000000
66888  25.254  -0.146  -32.895 0.1250000000
89390  26.500  0.437  -32.614 0.1250000000
67565  29.879  1.826  -29.279 0.1250000000
67573  28.561  1.932  -30.709 0.1250000000
54220  29.061  -16.145  -25.425 0.7500000000
58923  30.989  -10.635  -27.028 0.7500000000
54218  30.081  -16.155  -25.384 0.7500000000
95646  31.165  -13.286  -26.197 0.6250000000
99877  28.840  -5.393  -25.359 0.8750000000
104687  29.561  -6.173  -27.078 0.8750000000
66192  26.368  -0.696  -29.681 0.3750000000
66877  24.945  0.270  -30.429 0.1250000000
66200  25.199  -0.882  -31.091 0.2500000000
50042  27.712  -21.395  -21.610 0.7500000000
50040  29.146  -21.789  -22.136 0.7500000000
49202  30.405  -22.180  -21.528 0.7500000000
50860  26.184  -20.686  -20.718 0.7500000000
50871  27.590  -20.449  -21.768 0.7500000000
51661  25.515  -19.220  -20.998 0.6250000000
51671  29.335  -19.752  -23.259 0.7500000000
51682  28.059  -18.989  -22.876 0.8750000000
51680  29.451  -19.146  -23.623 0.7500000000
52519  29.630  -18.106  -24.262 0.7500000000
54208  29.949  -16.886  -25.000 0.7500000000
54194  31.296  -16.639  -24.151 0.5000000000
54983  30.633  -15.822  -25.229 0.7500000000
54981  31.855  -15.074  -24.304 0.5000000000
94450  32.480  -13.296  -24.355 0.2500000000
56561  31.934  -13.707  -24.931 0.3750000000
55811  31.261  -14.032  -25.626 0.6250000000
57324  32.167  -12.378  -25.536 0.1250000000
58084  32.774  -12.010  -24.382 0.1250000000
90049  32.404  -11.158  -25.797 0.1250000000
106885  31.611  -11.788  -26.408 0.6250000000
58922  31.461  -10.660  -26.878 0.6250000000
100639  31.681  -7.151  -28.771 0.5000000000
62072  32.235  -6.634  -27.717 0.1250000000
62066  32.385  -6.311  -26.579 0.1250000000
64845  28.700  -2.516  -26.620 0.7500000000
62790  30.675  -5.903  -30.586 0.3750000000
62782  31.748  -5.906  -29.310 0.1250000000
63440  31.188  -5.636  -30.112 0.3750000000
63441  30.594  -5.515  -30.678 0.3750000000
63431  31.562  -4.793  -29.000 0.1250000000
64179  28.488  -4.428  -31.510 0.3750000000
64180  27.953  -4.178  -31.653 0.3750000000
64856  30.905  -2.975  -29.051 0.1250000000
64850  31.061  -2.220  -28.219 0.1250000000
64158  31.566  -3.914  -28.096 0.1250000000
93581  30.582  -2.121  -28.976 0.1250000000
65520  29.865  -2.108  -29.688 0.1250000000
66190  29.759  -0.289  -28.935 0.1250000000
94457  28.787  -1.343  -30.240 0.1250000000
65509  30.798  -0.739  -27.939 0.1250000000
65531  25.304  -1.628  -32.131 0.2500000000
66213  25.885  -1.365  -32.282 0.2500000000
66875  28.619  0.320  -29.833 0.1250000000
67557  29.741  1.156  -28.931 0.1250000000
66894  25.681  0.433  -33.319 0.1250000000
94769  28.614  -23.726  -21.152 0.7500000000
49196  29.926  -22.897  -21.222 0.7500000000
48309  27.388  -22.954  -21.049 0.7500000000
48303  27.915  -23.639  -21.128 0.7500000000
105383  30.704  -19.332  -23.574 0.6250000000
52508  31.101  -18.302  -23.771 0.5000000000
58897  32.802  -10.151  -24.699 0.1250000000
59697  33.010  -9.956  -23.849 0.1250000000
104788  32.087  -4.913  -27.334 0.1250000000
66868  30.004  0.613  -28.593 0.1250000000
48302  29.467  -23.598  -20.904 0.6250000000
48301  30.324  -23.280  -20.492 0.6250000000
49194  31.628  -22.325  -20.564 0.3750000000
50032  32.006  -21.495  -21.021 0.2500000000
50038  31.014  -21.347  -21.892 0.3750000000
53360  31.312  -17.411  -23.778 0.3750000000
64140  25.524  -3.322  -24.262 0.3750000000
105491  31.386  -20.777  -22.219 0.5000000000
96686  30.957  -19.886  -23.155 0.5000000000
49187  32.045  -22.759  -19.917 0.5000000000
49195  30.760  -22.595  -20.836 0.6250000000
48295  29.923  -24.045  -20.100 0.6250000000
50022  25.833  -21.935  -19.986 0.3750000000
48304  26.612  -23.230  -20.266 0.3750000000
47518  28.955  -24.302  -20.628 0.6250000000
47520  27.324  -23.786  -20.590 0.6250000000
48293  32.461  -23.252  -19.379 0.3750000000
48294  31.598  -23.431  -19.569 0.5000000000
101669  25.112  -21.618  -19.386 0.2500000000
49186  32.879  -22.595  -19.709 0.3750000000
102331  32.692  -20.911  -21.241 0.2500000000
49193  32.532  -22.116  -20.335 0.2500000000
50037  31.972  -20.725  -21.791 0.2500000000
51670  31.840  -19.597  -22.793 0.3750000000
53349  31.676  -18.064  -23.101 0.2500000000
58037  20.582  -10.874  -18.686 0.1250000000
54179  32.504  -16.311  -22.797 0.2500000000
59704  23.028  -8.645  -22.456 0.2500000000
64832  25.751  -1.817  -23.908 0.2500000000
58851  20.825  -9.860  -19.922 0.1250000000
57257  20.596  -11.934  -18.529 0.2500000000
52482  24.615  -18.910  -20.190 0.2500000000
60497  23.736  -8.382  -23.158 0.3750000000
50877  30.895  -20.663  -22.584 0.5000000000
49197  26.569  -22.375  -20.501 0.5000000000
49201  31.163  -21.997  -21.169 0.5000000000
53359  32.054  -17.183  -22.971 0.2500000000
50034  25.612  -21.161  -20.088 0.3750000000
51648  25.013  -19.687  -20.199 0.2500000000
50861  25.318  -20.414  -20.151 0.3750000000
52500  31.316  -19.007  -23.376 0.2500000000
48300  31.179  -22.970  -20.154 0.5000000000
50031  33.171  -21.372  -20.607 0.2500000000
50876  31.604  -20.302  -22.515 0.3750000000
49188  25.919  -22.695  -19.763 0.3750000000
92122  30.741  -23.628  -19.820 0.5000000000
51658  32.288  -19.990  -22.183 0.2500000000
51669  32.071  -18.779  -22.701 0.2500000000
57241  20.990  -11.437  -18.112 0.1250000000
46664  28.672  -25.483  -19.704 0.5000000000
47507  31.077  -24.148  -19.247 0.2500000000
47502  30.810  -24.880  -18.799 0.3750000000
47508  30.189  -24.662  -19.435 0.5000000000
47510  28.312  -24.945  -20.328 0.5000000000
46656  28.014  -26.053  -19.418 0.3750000000
47511  27.291  -24.582  -20.070 0.5000000000
47519  28.031  -24.277  -20.822 0.5000000000
45892  26.516  -26.347  -18.380 0.1250000000
48296  26.652  -23.949  -19.987 0.2500000000
91177  27.104  -27.758  -17.804 0.1250000000
45070  27.758  -27.064  -18.632 0.2500000000
45890  28.264  -26.665  -18.984 0.3750000000
46654  29.860  -25.802  -18.773 0.3750000000
46663  29.557  -25.376  -19.355 0.5000000000
45062  25.700  -26.790  -17.188 0.1250000000
45891  27.283  -26.429  -18.903 0.3750000000
46655  29.031  -26.137  -19.156 0.3750000000
46657  26.434  -25.670  -18.728 0.1250000000
48287  25.735  -24.154  -18.758 0.1250000000
105692  30.473  -24.102  -19.627 0.3750000000
47509  29.305  -24.841  -19.969 0.5000000000
48297  25.919  -23.560  -19.367 0.2500000000
48286  32.034  -23.893  -19.016 0.2500000000
46665  27.689  -25.378  -19.769 0.5000000000
46662  30.189  -25.246  -18.959 0.3750000000
105125  27.237  -25.748  -19.274 0.2500000000
46666  26.809  -25.112  -19.355 0.1250000000
47512  26.366  -24.380  -19.400 0.1250000000
45879  26.984  -27.095  -18.275 0.1250000000
45880  26.209  -26.606  -17.805 0.1250000000
45881  25.757  -26.249  -17.419 0.1250000000
45061  26.445  -27.369  -17.584 0.1250000000
46653  30.549  -25.548  -18.460 0.2500000000
47503  25.973  -24.847  -18.724 0.1250000000
45069  28.540  -27.232  -18.546 0.2500000000
45889  29.614  -26.457  -18.525 0.2500000000
50862  24.457  -20.163  -19.358 0.2500000000
46652  31.323  -25.270  -18.220 0.2500000000
45060  27.886  -27.722  -18.148 0.1250000000
99465  29.000  -26.768  -18.771 0.2500000000
45068  29.374  -27.154  -18.315 0.1250000000
63398  24.552  -4.354  -23.939 0.1250000000
64127  24.714  -3.543  -23.863 0.1250000000
91204  25.094  -2.632  -23.748 0.1250000000
64115  24.112  -3.670  -22.654 0.1250000000
62751  24.524  -5.195  -23.971 0.1250000000
90970  24.519  -3.187  -23.190 0.1250000000
104491  25.220  -2.009  -23.462 0.1250000000
64808  24.458  -2.225  -21.944 0.1250000000
88103  24.534  -6.089  -23.988 0.1250000000
59692  22.436  -8.946  -21.892 0.1250000000
49189  25.356  -22.235  -19.354 0.1250000000
50850  24.054  -20.672  -18.474 0.1250000000
60485  23.339  -8.112  -22.438 0.1250000000
97415  24.198  -6.471  -23.497 0.1250000000
88106  24.080  -5.479  -23.458 0.1250000000
63399  24.061  -4.708  -23.355 0.1250000000
64116  23.825  -4.006  -22.355 0.1250000000
99984  23.542  -2.983  -20.486 0.1250000000
65464  24.730  -1.424  -21.928 0.1250000000
95209  25.361  -1.404  -23.205 0.1250000000
52467  23.837  -19.229  -19.020 0.1250000000
50023  24.769  -20.900  -19.391 0.1250000000
50024  24.503  -21.343  -18.738 0.1250000000
51649  24.261  -19.535  -19.415 0.1250000000
51633  23.839  -19.862  -18.605 0.1250000000
64128  24.228  -3.978  -23.300 0.1250000000
64809  24.386  -2.945  -22.530 0.1250000000
64807  24.818  -2.114  -22.831 0.1250000000
63371  23.249  -4.567  -21.125 0.1250000000
65458  24.860  -0.496  -21.339 0.1250000000
49185  33.690  -22.437  -19.529 0.1250000000
49192  33.291  -22.030  -20.031 0.1250000000
50870  32.763  -20.298  -21.548 0.1250000000
52477  33.869  -18.488  -20.850 0.1250000000
52489  33.233  -18.596  -21.431 0.1250000000
102547  32.336  -19.320  -22.278 0.1250000000
53332  33.553  -17.641  -21.258 0.1250000000
53348  32.439  -17.841  -22.401 0.1250000000
53347  33.070  -17.273  -21.943 0.1250000000
95002  32.639  -17.009  -22.442 0.1250000000
46644  31.842  -25.751  -17.668 0.1250000000
45888  30.226  -26.117  -18.271 0.1250000000
46651  32.154  -24.997  -18.052 0.1250000000
47499  33.311  -24.158  -18.351 0.1250000000
49179  34.023  -22.911  -18.948 0.1250000000
48285  33.625  -23.518  -18.663 0.1250000000
50021  34.108  -21.661  -19.924 0.1250000000
50858  33.878  -20.047  -20.804 0.1250000000
50869  33.306  -19.985  -21.259 0.1250000000
51642  34.364  -19.282  -20.545 0.1250000000
53315  34.242  -17.694  -20.597 0.1250000000
54178  33.087  -16.502  -22.158 0.1250000000
93121  33.501  -15.985  -21.814 0.1250000000
54162  33.527  -16.709  -21.552 0.1250000000
104112  32.866  -23.696  -18.840 0.1250000000
48292  33.267  -23.088  -19.201 0.1250000000
52490  32.620  -18.655  -21.999 0.1250000000
47501  31.650  -24.561  -18.622 0.1250000000
47500  32.507  -24.341  -18.482 0.1250000000
46645  30.937  -26.078  -17.838 0.1250000000
50859  33.320  -20.582  -21.003 0.1250000000
50030  34.054  -20.819  -20.520 0.1250000000
51657  32.862  -19.459  -21.673 0.1250000000
51643  33.568  -19.331  -21.069 0.1250000000
53333  32.940  -17.985  -21.752 0.1250000000
54144  34.060  -16.736  -20.819 0.1250000000
46643  32.683  -25.503  -17.563 0.1250000000
49184  34.517  -22.338  -19.319 0.1250000000
54161  33.817  -16.129  -21.284 0.1250000000
52510  29.800  -18.725  -23.948 0.7500000000
52518  30.069  -18.268  -24.281 0.7500000000
56501  20.875  -12.894  -18.540 0.3750000000
58832  20.767  -9.955  -19.176 0.1250000000
59710  26.030  -9.542  -24.948 1.0000000000
65530  25.395  -1.706  -31.897 0.2500000000
96970  23.298  -11.728  -22.671 1.0000000000
102842  27.775  0.705  -26.242 0.2500000000
