#!ascii label  , from subject sub-v2s9x29166_ses-1 vox2ras=TkReg
1252
3764  28.726  -82.961  -18.832 0.6999999881
3251  28.228  -83.300  -19.604 0.8000000119
3252  27.284  -83.337  -19.658 0.8000000119
3268  26.765  -83.521  -20.492 0.6999999881
104876  29.860  -82.982  -19.864 0.6000000238
3250  29.117  -83.176  -19.684 0.6000000238
3267  27.773  -83.490  -20.357 0.6000000238
3779  30.424  -82.880  -20.520 0.6000000238
3765  27.740  -83.079  -18.922 0.8000000119
3766  26.809  -83.065  -18.979 0.6999999881
3236  25.914  -82.997  -19.031 0.6999999881
3254  25.445  -83.410  -19.649 0.6999999881
3763  29.670  -82.881  -19.132 0.6000000238
3253  26.345  -83.313  -19.696 0.6999999881
3778  31.306  -82.643  -20.304 0.6000000238
102128  32.191  -82.523  -20.228 0.6000000238
100651  31.174  -82.723  -20.987 0.6000000238
3787  33.237  -82.677  -22.231 0.6000000238
3798  32.392  -82.542  -22.579 0.6000000238
3730  26.893  -82.173  -17.739 0.8000000119
3732  25.519  -82.155  -17.885 0.8000000119
3748  25.519  -82.657  -18.466 0.6999999881
3749  24.703  -82.472  -18.186 0.6999999881
3238  24.306  -83.285  -18.540 0.6999999881
106622  27.599  -82.309  -17.814 0.8000000119
3747  26.297  -82.549  -18.316 0.6999999881
3237  25.121  -83.064  -18.833 0.6999999881
3746  28.067  -82.647  -18.266 0.6999999881
3745  28.765  -82.581  -18.073 0.6999999881
3762  30.585  -82.719  -19.560 0.6999999881
3760  32.421  -82.419  -19.486 0.6000000238
3761  31.551  -82.503  -19.544 0.6000000238
3788  32.632  -82.564  -21.635 0.6000000238
3777  31.963  -82.598  -20.964 0.6000000238
3281  33.771  -83.210  -21.908 0.6000000238
3296  34.291  -84.035  -23.142 0.6999999881
3305  33.809  -83.130  -23.973 0.6000000238
2854  34.543  -84.910  -24.907 0.5000000000
3304  34.232  -84.035  -24.300 0.6000000238
2430  34.422  -85.918  -25.250 0.5000000000
4222  25.670  -81.506  -17.269 0.8999999762
4233  23.837  -81.844  -17.939 0.6999999881
4220  27.530  -81.754  -17.155 0.6999999881
4221  26.541  -81.586  -17.134 0.8999999762
3750  23.789  -82.676  -18.281 0.6999999881
4219  28.512  -81.615  -16.886 0.8000000119
3728  29.213  -82.144  -17.455 0.8000000119
4217  30.824  -81.971  -17.340 0.6999999881
3744  29.463  -82.643  -18.302 0.6999999881
91027  31.033  -82.504  -18.926 0.8000000119
3742  31.792  -82.292  -18.722 0.8000000119
90465  33.006  -82.539  -20.143 0.6999999881
91430  32.830  -82.550  -20.866 0.6999999881
91363  33.359  -82.770  -21.415 0.6000000238
92086  34.148  -83.743  -22.315 0.6999999881
2848  34.660  -84.768  -23.938 0.6999999881
4205  26.008  -80.795  -16.621 0.8999999762
4223  24.701  -81.515  -17.560 0.8000000119
4203  27.890  -81.153  -16.471 0.8000000119
4204  27.024  -81.033  -16.520 0.8000000119
4200  31.154  -81.407  -16.589 0.6999999881
4201  30.253  -81.445  -16.617 0.6000000238
3727  30.117  -82.363  -17.807 0.8000000119
3726  31.561  -82.126  -17.900 0.8000000119
104183  32.599  -82.290  -18.845 0.8000000119
3249  33.556  -82.830  -20.047 0.6999999881
3264  34.065  -83.317  -20.304 0.8000000119
3776  33.470  -82.811  -20.672 0.6999999881
3263  34.901  -84.159  -20.666 0.8000000119
2840  35.095  -84.720  -23.059 0.6999999881
96446  34.683  -84.374  -22.314 0.6999999881
98561  33.950  -83.321  -21.088 0.6999999881
106359  20.848  -78.466  -18.294 0.6000000238
5855  21.357  -77.989  -17.992 0.6000000238
6560  20.115  -76.972  -16.676 0.6000000238
89778  19.851  -75.834  -16.076 0.6999999881
4729  25.088  -80.795  -16.938 0.8999999762
4224  23.773  -81.016  -17.718 0.6999999881
4714  29.681  -80.825  -16.071 0.6000000238
4713  30.586  -80.831  -16.017 0.6000000238
4216  31.776  -81.758  -17.274 0.6999999881
100038  33.354  -81.745  -17.004 0.6999999881
4215  32.622  -81.701  -17.211 0.6999999881
5290  23.514  -80.074  -21.071 0.6999999881
4752  22.987  -80.715  -21.747 0.6999999881
3724  33.311  -82.064  -17.768 0.8000000119
3725  32.392  -82.032  -18.059 0.8000000119
5299  23.565  -80.197  -22.198 0.6000000238
4759  22.289  -81.210  -22.442 0.6999999881
3759  33.338  -82.575  -19.307 0.6999999881
4758  22.904  -80.895  -22.989 0.5000000000
4764  22.308  -80.983  -23.039 0.6999999881
3247  34.946  -83.745  -19.681 0.8000000119
3248  34.019  -83.103  -19.669 0.8000000119
5308  23.563  -80.316  -23.535 0.5000000000
4763  22.974  -80.656  -23.463 0.5000000000
2833  35.384  -84.553  -21.922 0.6999999881
5957  23.249  -79.692  -23.952 0.5000000000
6671  23.105  -78.786  -23.730 0.6000000238
5937  22.367  -78.989  -23.347 0.5000000000
99738  21.701  -78.755  -22.513 0.6000000238
5300  21.303  -79.745  -22.427 0.6999999881
5291  20.906  -79.508  -21.102 0.6999999881
6661  22.180  -77.930  -22.438 0.5000000000
5920  21.357  -78.691  -21.575 0.6000000238
6609  21.569  -78.228  -19.680 0.6000000238
6660  22.855  -77.951  -23.052 0.6000000238
6627  21.479  -77.869  -20.870 0.6000000238
7349  21.677  -77.189  -20.213 0.6000000238
6643  22.752  -77.194  -22.167 0.5000000000
6645  21.705  -77.879  -21.701 0.5000000000
6594  21.693  -77.498  -18.875 0.6000000238
7299  21.017  -76.747  -16.915 0.6000000238
7284  20.392  -76.309  -16.433 0.6999999881
8605  18.838  -74.267  -15.776 0.6000000238
8606  17.369  -74.141  -15.751 0.6999999881
6626  21.789  -77.142  -21.095 0.6000000238
7332  21.767  -76.420  -19.707 0.6000000238
6578  21.539  -77.111  -17.731 0.6000000238
7952  21.174  -75.585  -16.886 0.6999999881
106720  19.745  -74.230  -16.039 0.5000000000
4730  24.247  -80.402  -17.358 0.8999999762
4715  28.669  -80.816  -16.127 0.6000000238
99815  27.630  -80.326  -15.929 0.6999999881
4731  23.387  -80.221  -17.936 0.8000000119
4235  22.418  -81.815  -18.768 0.6999999881
4740  22.847  -80.300  -18.684 0.6999999881
5271  23.412  -79.513  -18.495 0.8000000119
4712  31.474  -80.848  -15.954 0.6999999881
5278  23.619  -79.620  -20.116 0.8000000119
4746  23.101  -80.398  -20.407 0.6000000238
5289  23.983  -79.603  -21.120 0.6999999881
5298  24.223  -79.804  -22.434 0.6000000238
3235  35.278  -83.380  -18.802 0.8000000119
3739  34.580  -82.885  -18.215 0.8000000119
3246  35.992  -83.764  -19.581 0.8000000119
3262  35.681  -84.145  -20.314 0.8000000119
92360  24.064  -80.148  -24.289 0.5000000000
5320  24.578  -79.937  -24.723 0.5000000000
106981  24.251  -78.833  -24.374 0.6000000238
5316  24.155  -80.004  -24.514 0.6000000238
6670  23.704  -78.163  -23.651 0.6000000238
6659  23.568  -77.273  -22.662 0.6000000238
99583  18.573  -71.724  -15.910 0.5000000000
6644  22.150  -77.317  -21.718 0.5000000000
9303  19.193  -72.370  -16.207 0.5000000000
9283  18.301  -73.079  -15.798 0.6000000238
7348  22.001  -76.531  -20.514 0.6000000238
7313  21.657  -76.244  -18.705 0.6999999881
7985  21.702  -75.310  -18.517 0.6999999881
7953  20.523  -75.580  -16.352 0.6999999881
7364  22.535  -76.673  -21.275 0.6000000238
7967  21.410  -75.012  -17.604 0.6000000238
8014  22.582  -76.158  -20.457 0.6999999881
8651  21.845  -74.497  -18.228 0.5000000000
4716  26.659  -80.170  -16.188 0.6999999881
91747  25.959  -79.912  -16.378 0.6999999881
4718  24.907  -79.409  -16.884 0.6999999881
5268  23.917  -79.473  -17.726 0.8000000119
5270  24.197  -78.905  -18.270 0.6999999881
91689  24.240  -79.179  -20.060 0.6999999881
103966  23.747  -79.175  -19.193 0.6999999881
95218  19.619  -70.499  -15.462 0.5000000000
6669  25.235  -77.728  -23.659 0.5000000000
106474  24.494  -78.172  -23.908 0.6000000238
105708  18.174  -70.708  -15.426 0.5000000000
6657  25.058  -77.068  -22.866 0.5000000000
7387  25.809  -77.019  -23.082 0.5000000000
7374  24.416  -76.753  -22.292 0.6000000238
7363  23.448  -76.635  -21.834 0.6000000238
93482  20.885  -73.833  -16.912 0.5000000000
7373  25.446  -76.723  -22.348 0.5000000000
7347  23.447  -76.217  -20.851 0.6000000238
7362  24.140  -76.445  -21.489 0.6000000238
5260  26.352  -79.115  -16.214 0.6999999881
5261  25.573  -79.242  -16.611 0.6999999881
5854  24.977  -78.645  -17.711 0.6999999881
96867  23.519  -75.383  -19.541 0.5000000000
95948  26.858  -76.655  -22.055 0.5000000000
7984  22.159  -74.946  -19.009 0.5000000000
7361  25.017  -76.510  -21.496 0.5000000000
7330  24.035  -75.908  -19.995 0.5000000000
8000  23.133  -75.805  -20.181 0.5000000000
8001  22.545  -75.564  -19.659 0.5000000000
7982  24.112  -74.903  -19.026 0.5000000000
8649  23.794  -74.004  -18.780 0.5000000000
7998  25.427  -75.664  -18.893 0.5000000000
7981  25.040  -75.141  -18.672 0.5000000000
7983  23.018  -74.696  -19.053 0.5000000000
7328  25.874  -76.170  -19.449 0.5000000000
7999  24.558  -75.545  -19.211 0.5000000000
7360  26.105  -76.584  -21.548 0.5000000000
7329  24.974  -76.116  -19.655 0.5000000000
9257  19.955  -73.541  -13.633 0.6000000238
9935  19.661  -72.554  -12.891 0.6000000238
90824  20.494  -72.513  -14.657 0.5000000000
8588  20.379  -74.570  -13.566 0.6999999881
9249  20.176  -72.893  -11.974 0.6000000238
9928  19.957  -72.663  -11.880 0.6000000238
8566  20.000  -73.681  -11.498 0.6999999881
7935  20.800  -75.542  -13.304 0.6000000238
8577  20.350  -74.480  -12.271 0.6999999881
8565  20.156  -73.433  -11.716 0.6999999881
9242  19.798  -73.219  -11.576 0.6999999881
7216  20.257  -75.734  -11.542 0.8000000119
7237  22.341  -76.158  -13.299 0.5000000000
8587  21.136  -74.934  -14.085 0.5000000000
7910  20.160  -74.518  -11.661 0.8000000119
7927  20.993  -76.173  -12.782 0.6000000238
102910  20.656  -77.271  -10.912 0.6999999881
7236  23.347  -76.140  -13.301 0.5000000000
7933  22.905  -75.467  -13.946 0.5000000000
96752  20.876  -76.743  -11.460 0.6999999881
7200  19.978  -76.569  -11.056 0.6999999881
7230  21.020  -76.368  -12.026 0.6999999881
7229  21.703  -76.457  -12.643 0.6999999881
6492  20.630  -77.709  -10.258 0.6999999881
6491  21.440  -77.491  -10.582 0.6999999881
7228  22.747  -76.610  -12.472 0.6000000238
7215  21.826  -76.822  -11.787 0.8000000119
97491  21.539  -72.741  -6.284 0.6999999881
9184  21.813  -73.617  -6.227 0.8000000119
7211  25.810  -75.959  -11.801 0.4000000060
6477  20.683  -77.844  -9.273 0.6999999881
7212  24.967  -76.366  -11.848 0.5000000000
7227  23.783  -76.460  -12.605 0.6000000238
7213  23.465  -76.766  -11.719 0.6000000238
7199  21.409  -77.175  -11.173 0.6999999881
7214  22.654  -76.893  -11.634 0.8000000119
6504  22.183  -77.201  -11.008 0.8000000119
13431  18.164  -66.650  -7.711 0.5000000000
14212  16.930  -66.000  -8.693 0.5000000000
14227  16.403  -66.021  -9.210 0.5000000000
11353  20.413  -70.365  -8.896 0.5000000000
10620  21.596  -71.587  -7.371 0.6000000238
11336  21.104  -70.776  -8.548 0.6000000238
11338  19.862  -70.374  -8.590 0.6000000238
12054  16.637  -69.081  -8.964 0.6000000238
10621  20.934  -71.390  -6.937 0.6999999881
10631  21.088  -71.239  -8.038 0.6999999881
10608  21.261  -72.008  -6.524 0.6999999881
7178  21.865  -77.076  -8.006 0.6999999881
7150  21.900  -76.062  -6.896 0.6999999881
7857  22.338  -75.374  -6.611 0.8000000119
7195  25.377  -76.360  -11.143 0.5000000000
6464  21.333  -77.467  -8.588 0.6999999881
90521  24.272  -76.642  -11.270 0.6000000238
6476  21.595  -77.582  -9.594 0.8000000119
7198  22.940  -76.968  -11.119 0.6999999881
6475  22.607  -77.158  -9.464 0.8000000119
100032  22.139  -77.426  -10.246 0.8000000119
14211  19.936  -66.899  -7.857 0.5000000000
13450  18.469  -66.390  -8.537 0.6000000238
91227  19.354  -66.294  -8.922 0.5000000000
14225  18.023  -65.759  -9.582 0.6000000238
14226  17.143  -65.838  -9.470 0.6000000238
13471  16.402  -66.688  -9.611 0.6000000238
14238  16.960  -66.096  -9.729 0.6000000238
12051  20.910  -70.012  -8.974 0.5000000000
12063  20.221  -69.795  -9.339 0.5000000000
11322  21.651  -71.212  -7.999 0.6000000238
12064  19.292  -69.484  -9.803 0.6000000238
12052  18.954  -69.928  -9.266 0.6999999881
12716  16.391  -68.499  -9.366 0.6000000238
10619  22.232  -71.602  -7.472 0.6000000238
11323  20.501  -70.872  -7.702 0.6999999881
12053  17.895  -69.626  -9.190 0.6999999881
9895  21.998  -72.187  -6.916 0.6999999881
9880  22.324  -72.879  -6.655 0.6999999881
8500  22.749  -74.504  -6.484 0.8000000119
98993  21.814  -74.634  -6.328 0.8000000119
7196  24.733  -76.551  -10.712 0.5000000000
7175  24.378  -76.253  -8.416 0.6000000238
90632  22.318  -76.509  -7.484 0.8000000119
7163  22.618  -75.954  -6.985 0.8000000119
90612  24.087  -76.690  -10.502 0.6000000238
7188  24.424  -76.576  -9.919 0.6999999881
7177  22.733  -76.835  -8.337 0.8000000119
6474  23.548  -76.843  -9.879 0.6999999881
102448  23.308  -76.749  -9.021 0.6999999881
6490  22.823  -77.140  -10.421 0.8000000119
14236  18.816  -65.487  -9.971 0.4000000060
14237  17.837  -65.574  -10.260 0.5000000000
13493  17.039  -66.857  -10.262 0.5000000000
12050  21.608  -69.941  -8.496 0.5000000000
12723  20.266  -68.954  -9.741 0.6000000238
12742  17.541  -67.955  -10.604 0.6000000238
11321  22.399  -70.880  -7.682 0.6000000238
12065  18.176  -69.468  -9.853 0.6999999881
12066  17.144  -69.117  -9.721 0.6999999881
9183  22.594  -73.623  -6.518 0.8000000119
7162  23.977  -76.160  -7.830 0.6999999881
7176  23.630  -76.501  -8.328 0.6999999881
101395  23.252  -76.233  -7.499 0.8000000119
7873  23.249  -75.374  -6.786 0.8000000119
105120  24.012  -76.539  -9.115 0.6999999881
14224  20.759  -66.322  -8.221 0.4000000060
14210  21.704  -66.351  -6.970 0.4000000060
104421  19.889  -66.116  -9.184 0.4000000060
14197  21.625  -66.669  -6.063 0.5000000000
14244  17.830  -66.074  -10.679 0.5000000000
13492  18.391  -66.715  -11.334 0.5000000000
96938  17.677  -67.033  -10.818 0.5000000000
13506  19.869  -66.788  -11.860 0.5000000000
12073  18.424  -68.803  -10.410 0.6999999881
9894  22.737  -72.240  -7.146 0.6000000238
7872  24.575  -75.855  -7.818 0.6000000238
89750  24.027  -74.906  -6.887 0.6000000238
8522  23.958  -73.981  -6.875 0.6999999881
9182  23.308  -73.776  -6.696 0.6999999881
90101  23.957  -75.659  -7.323 0.6999999881
14964  21.552  -65.639  -5.476 0.3000000119
15001  20.817  -65.078  -10.032 0.4000000060
14994  21.406  -65.578  -8.754 0.3000000119
14986  21.889  -65.851  -7.614 0.4000000060
14196  22.071  -66.092  -6.350 0.4000000060
14176  21.945  -66.017  -5.803 0.5000000000
15003  18.556  -64.888  -10.962 0.4000000060
15703  22.195  -65.226  -5.953 0.3000000119
13491  19.206  -67.334  -11.362 0.5000000000
15012  18.446  -65.104  -11.209 0.4000000060
13490  20.122  -67.563  -11.002 0.6000000238
99983  18.753  -64.583  -11.595 0.4000000060
13505  20.592  -66.962  -11.371 0.4000000060
13508  18.644  -65.688  -11.842 0.5000000000
9205  23.090  -72.949  -6.942 0.6999999881
8499  23.489  -74.528  -6.679 0.6999999881
99474  21.452  -66.264  -5.297 0.4000000060
14976  22.400  -65.469  -6.485 0.4000000060
15716  22.180  -64.471  -6.142 0.3000000119
15002  19.458  -64.937  -10.634 0.3000000119
14266  18.909  -65.408  -12.468 0.4000000060
14250  20.579  -66.340  -12.203 0.4000000060
14252  19.163  -65.957  -12.645 0.4000000060
14993  22.366  -65.273  -7.942 0.3000000119
100109  22.514  -65.519  -7.106 0.4000000060
15726  23.035  -64.947  -7.109 0.3000000119
15715  22.765  -64.740  -6.522 0.3000000119
15734  21.924  -64.799  -9.285 0.3000000119
15011  19.086  -64.316  -11.423 0.3000000119
15031  19.140  -65.202  -12.671 0.3000000119
15755  19.100  -64.157  -11.835 0.3000000119
14264  20.137  -65.928  -12.978 0.3000000119
15714  23.377  -64.165  -6.839 0.3000000119
15733  22.853  -64.637  -8.202 0.3000000119
15725  23.450  -64.183  -7.519 0.3000000119
15748  19.648  -63.873  -11.749 0.3000000119
15754  19.730  -63.801  -12.010 0.3000000119
15030  20.643  -65.224  -12.690 0.3000000119
16477  23.210  -63.991  -8.609 0.3000000119
15753  20.387  -63.587  -11.881 0.3000000119
5309  22.576  -80.259  -23.518 0.6000000238
106001  21.828  -79.670  -23.180 0.6999999881
12741  18.386  -67.795  -10.968 0.6000000238
3266  28.673  -83.378  -20.386 0.6999999881
3270  24.865  -83.750  -19.906 0.6999999881
3743  30.298  -82.615  -18.637 0.8000000119
3297  33.678  -82.988  -22.888 0.6000000238
4202  29.377  -81.485  -16.694 0.6000000238
4234  23.045  -81.117  -18.286 0.6999999881
3758  34.322  -83.073  -19.000 0.8000000119
3280  34.549  -84.137  -21.561 0.6999999881
2824  35.682  -84.349  -21.114 0.8000000119
7954  19.552  -75.096  -15.896 0.6999999881
5905  21.302  -78.836  -20.390 0.6000000238
9284  16.682  -72.987  -15.839 0.6000000238
7331  22.087  -76.017  -20.009 0.6999999881
97665  23.148  -79.865  -19.321 0.8000000119
97802  25.219  -79.613  -22.727 0.5000000000
5307  24.473  -80.101  -23.886 0.6000000238
6463  22.042  -77.235  -8.770 0.8000000119
101835  33.361  -89.134  -20.206 0.4000000060
816  33.777  -89.248  -19.522 0.4000000060
1152  34.033  -88.913  -22.892 0.3000000119
104378  32.912  -88.704  -21.638 0.4000000060
1134  32.928  -88.540  -20.419 0.4000000060
1122  33.242  -88.663  -19.667 0.4000000060
1544  36.443  -87.498  -21.387 0.4000000060
1133  35.613  -88.418  -20.796 0.5000000000
1557  36.155  -87.755  -22.382 0.3000000119
1141  35.823  -88.115  -21.486 0.4000000060
829  34.380  -89.447  -20.461 0.4000000060
1558  35.367  -88.230  -22.985 0.3000000119
847  34.143  -89.214  -22.053 0.3000000119
840  33.880  -89.431  -21.170 0.3000000119
1163  34.494  -88.386  -23.303 0.3000000119
1556  36.872  -87.059  -22.097 0.4000000060
1543  36.991  -86.934  -21.151 0.5000000000
98316  37.328  -86.653  -22.872 0.3000000119
1571  35.949  -87.480  -23.465 0.3000000119
1586  34.830  -87.197  -24.305 0.4000000060
2004  35.568  -87.107  -24.040 0.3000000119
2012  34.552  -86.625  -24.769 0.4000000060
1991  37.862  -86.037  -23.219 0.4000000060
2413  38.512  -85.195  -23.352 0.4000000060
2002  37.153  -86.197  -23.850 0.4000000060
2420  37.557  -85.133  -24.251 0.4000000060
3293  38.375  -83.621  -24.191 0.5000000000
2845  37.652  -84.305  -24.364 0.4000000060
2011  35.403  -86.559  -24.373 0.4000000060
2429  35.108  -86.051  -24.568 0.5000000000
90564  36.898  -85.002  -24.440 0.4000000060
2422  34.862  -85.499  -24.496 0.4000000060
3311  34.001  -83.101  -25.111 0.6000000238
3310  34.263  -83.973  -25.515 0.4000000060
102914  38.539  -82.935  -23.671 0.6000000238
3796  38.099  -82.552  -22.971 0.6000000238
3303  37.459  -83.569  -24.031 0.6000000238
3295  36.903  -83.350  -23.172 0.6000000238
2846  36.759  -84.300  -23.883 0.6000000238
3279  36.652  -83.547  -21.904 0.6999999881
2847  35.910  -85.013  -23.852 0.5000000000
2839  35.794  -84.540  -22.946 0.6000000238
2832  36.154  -84.275  -22.112 0.6999999881
3774  37.693  -82.404  -20.902 0.6999999881
3756  37.268  -82.541  -20.031 0.6999999881
3786  37.813  -82.512  -21.851 0.6000000238
3775  37.068  -82.971  -21.158 0.6999999881
3757  36.549  -83.025  -19.264 0.6999999881
3234  35.995  -83.267  -18.613 0.6999999881
98182  34.073  -82.460  -17.795 0.6999999881
2823  36.197  -83.970  -20.789 0.6999999881
4232  37.003  -81.932  -18.201 0.5000000000
106506  35.988  -82.859  -17.984 0.6000000238
3738  35.393  -82.954  -18.055 0.6999999881
3722  35.553  -82.484  -17.426 0.6999999881
93699  36.569  -83.311  -20.115 0.6999999881
3723  34.756  -82.539  -17.529 0.6999999881
4214  34.050  -82.081  -17.188 0.6000000238
3721  36.287  -82.316  -17.637 0.6000000238
4213  35.962  -81.909  -16.783 0.6000000238
3717  34.932  -82.010  -16.747 0.6000000238
4197  35.459  -81.542  -16.246 0.6000000238
4694  30.920  -80.186  -15.415 0.5000000000
3269  25.295  -83.683  -20.516 0.6000000238
4198  33.920  -81.512  -16.403 0.6000000238
95460  32.906  -81.350  -16.486 0.6000000238
4711  32.365  -80.892  -15.903 0.5000000000
4693  31.830  -80.247  -15.348 0.5000000000
2826  23.894  -84.706  -20.017 0.6000000238
2816  24.285  -84.210  -19.375 0.6000000238
4185  34.795  -81.347  -15.980 0.6000000238
4186  33.277  -80.972  -15.827 0.5000000000
4199  32.037  -81.321  -16.565 0.5000000000
103990  22.595  -84.112  -18.942 0.6000000238
3240  22.710  -83.479  -18.706 0.6000000238
2811  23.296  -84.108  -18.768 0.6000000238
2390  23.301  -85.150  -19.612 0.6000000238
2810  23.979  -83.999  -18.712 0.6000000238
3751  22.930  -82.696  -18.531 0.6000000238
3239  23.539  -83.433  -18.528 0.6000000238
5259  27.094  -79.488  -15.854 0.6000000238
98598  34.101  -81.011  -15.603 0.6000000238
3256  21.978  -83.626  -19.204 0.6000000238
4246  21.897  -82.154  -19.581 0.6000000238
3767  22.117  -82.761  -18.950 0.6000000238
4245  22.241  -81.439  -19.288 0.6000000238
4747  22.568  -80.800  -19.563 0.5000000000
4741  22.483  -81.006  -18.839 0.6000000238
93715  22.082  -84.469  -19.340 0.6999999881
4254  22.025  -81.635  -20.335 0.6000000238
4753  22.427  -81.124  -21.036 0.6000000238
103327  19.866  -82.270  -22.152 0.6000000238
3768  21.467  -82.949  -19.874 0.6000000238
96063  21.770  -81.674  -21.822 0.5000000000
4255  21.294  -82.248  -21.024 0.6000000238
3791  20.960  -81.946  -22.479 0.6000000238
3792  20.450  -82.261  -22.270 0.6000000238
4265  20.165  -81.961  -22.285 0.6000000238
3271  20.696  -82.903  -20.960 0.6000000238
4264  21.218  -81.874  -22.359 0.6000000238
4269  21.218  -81.730  -22.513 0.6000000238
4270  20.901  -81.893  -22.469 0.5000000000
4762  19.802  -81.487  -21.665 0.5000000000
5310  21.800  -80.528  -23.086 0.6000000238
4268  21.515  -81.350  -22.607 0.6000000238
4761  20.662  -81.347  -22.297 0.6000000238
4754  20.172  -80.732  -21.201 0.6000000238
5292  20.477  -80.037  -20.504 0.6999999881
4748  19.958  -80.356  -20.229 0.6999999881
5281  19.234  -79.790  -19.660 0.6999999881
5273  18.106  -79.041  -19.221 0.6999999881
5301  20.723  -80.404  -21.745 0.6000000238
5891  20.693  -78.975  -18.824 0.6999999881
5280  20.434  -79.584  -19.593 0.6999999881
5272  19.623  -79.200  -18.913 0.6999999881
5875  18.636  -78.502  -18.525 0.6000000238
5890  21.209  -78.959  -19.502 0.6000000238
5243  30.405  -79.438  -14.983 0.5000000000
4695  30.042  -80.149  -15.453 0.5000000000
5230  29.481  -78.178  -15.057 0.5000000000
5244  29.600  -79.250  -15.109 0.5000000000
5245  28.662  -78.987  -15.288 0.6000000238
5848  29.929  -77.532  -16.858 0.6000000238
6557  29.472  -77.453  -15.859 0.6000000238
90541  28.977  -77.766  -15.553 0.6000000238
5829  27.969  -78.379  -15.607 0.6000000238
5247  27.161  -78.576  -15.917 0.6000000238
6576  29.026  -77.643  -16.782 0.5000000000
6577  28.170  -77.765  -16.731 0.6000000238
5852  26.519  -78.194  -16.898 0.6000000238
5869  27.631  -78.307  -18.509 0.6000000238
94992  26.674  -78.353  -18.417 0.5000000000
96452  26.999  -78.106  -17.590 0.6000000238
5853  25.710  -78.457  -17.286 0.6000000238
5887  27.254  -78.585  -19.339 0.5000000000
5871  25.681  -78.414  -18.215 0.6000000238
5288  24.893  -79.351  -21.189 0.5000000000
5287  26.054  -79.044  -20.731 0.5000000000
5277  24.527  -78.809  -19.158 0.6000000238
5889  25.397  -78.624  -19.144 0.6000000238
101574  35.193  -85.160  -23.961 0.6000000238
4696  29.157  -80.051  -15.525 0.5000000000
4263  21.640  -81.427  -22.555 0.6000000238
5279  20.909  -79.386  -20.102 0.6999999881
5246  27.770  -79.262  -15.571 0.6000000238
5872  24.893  -78.617  -18.448 0.6000000238
5276  25.138  -78.904  -20.005 0.6000000238
848  33.392  -89.051  -21.847 0.3000000119
1151  34.739  -88.821  -22.552 0.3000000119
838  35.098  -88.934  -21.591 0.4000000060
1572  35.108  -87.744  -23.722 0.3000000119
1570  36.730  -87.040  -23.206 0.4000000060
2003  36.273  -86.559  -24.084 0.4000000060
2838  38.985  -84.225  -23.668 0.4000000060
90335  36.661  -85.622  -24.343 0.3000000119
2844  38.221  -84.422  -24.183 0.5000000000
3294  37.743  -82.979  -23.550 0.6000000238
2421  35.855  -85.587  -24.408 0.5000000000
3278  37.305  -82.824  -22.524 0.6000000238
3737  36.474  -82.645  -18.443 0.6999999881
5858  17.538  -77.803  -18.175 0.6000000238
6558  28.538  -77.609  -16.029 0.6000000238
5885  29.105  -78.546  -19.587 0.5000000000
6559  27.813  -77.841  -16.152 0.6000000238
5851  27.352  -77.940  -16.760 0.6000000238
5868  28.698  -78.263  -18.530 0.5000000000
88787  27.898  -77.988  -17.606 0.6000000238
5886  28.228  -78.567  -19.454 0.5000000000
5888  26.307  -78.569  -19.206 0.5000000000
5275  25.957  -78.779  -19.850 0.5000000000
721  25.158  -89.151  -10.422 0.4000000060
1030  25.492  -88.869  -11.170 0.4000000060
733  24.902  -89.395  -11.299 0.5000000000
489  23.684  -90.930  -9.973 0.5000000000
330  23.084  -91.454  -10.550 0.5000000000
328  22.548  -92.146  -9.953 0.5000000000
492  24.087  -90.195  -10.483 0.5000000000
1029  26.136  -88.253  -11.196 0.4000000060
1043  25.920  -88.876  -11.870 0.5000000000
1921  34.644  -86.205  -16.592 0.3000000119
2345  34.262  -85.950  -15.809 0.3000000119
106838  33.922  -86.263  -17.674 0.3000000119
93825  33.866  -86.937  -18.168 0.3000000119
488  24.443  -90.690  -9.429 0.4000000060
326  24.199  -91.474  -8.906 0.5000000000
327  23.367  -91.706  -9.407 0.5000000000
718  24.792  -89.809  -9.868 0.4000000060
1017  25.749  -88.577  -10.528 0.3000000119
1009  25.769  -88.817  -9.707 0.3000000119
1041  26.844  -88.259  -12.584 0.4000000060
1428  26.816  -87.459  -10.434 0.3000000119
1452  26.773  -87.692  -11.783 0.4000000060
101598  26.408  -88.410  -11.981 0.5000000000
1920  35.286  -86.581  -15.893 0.3000000119
1909  33.915  -86.309  -15.269 0.3000000119
1502  34.399  -86.605  -17.371 0.3000000119
101917  33.830  -88.224  -18.445 0.3000000119
1515  33.311  -87.726  -19.013 0.3000000119
487  25.183  -90.511  -8.998 0.3000000119
484  24.993  -91.374  -8.564 0.4000000060
712  25.961  -90.201  -8.654 0.3000000119
1419  26.913  -87.642  -9.727 0.3000000119
1451  27.218  -87.390  -12.730 0.4000000060
1057  27.344  -88.017  -13.409 0.4000000060
1438  27.143  -87.086  -11.122 0.4000000060
1427  27.380  -87.113  -10.209 0.3000000119
1472  35.944  -87.468  -14.488 0.4000000060
1473  35.415  -87.265  -14.330 0.4000000060
1474  34.807  -87.319  -14.279 0.4000000060
1066  34.510  -87.930  -14.132 0.4000000060
764  34.260  -90.105  -13.884 0.4000000060
519  34.021  -91.110  -13.392 0.5000000000
103958  35.544  -87.415  -16.064 0.3000000119
1493  35.060  -87.036  -16.759 0.3000000119
1089  35.147  -88.450  -16.781 0.3000000119
1111  33.635  -88.914  -18.958 0.3000000119
566  34.278  -89.401  -19.682 0.3000000119
91303  27.819  -86.528  -11.764 0.3000000119
1882  27.698  -86.581  -12.870 0.3000000119
1478  28.196  -87.473  -14.154 0.4000000060
1070  28.504  -88.268  -14.259 0.4000000060
1417  28.485  -87.212  -9.503 0.3000000119
1866  27.890  -86.588  -10.768 0.3000000119
1426  28.124  -86.808  -9.975 0.3000000119
755  32.383  -90.592  -12.568 0.5000000000
93236  31.439  -89.744  -13.239 0.5000000000
95024  37.415  -89.274  -12.728 0.3000000119
1052  36.754  -89.620  -12.392 0.3000000119
763  37.317  -89.353  -13.346 0.3000000119
1064  36.592  -89.068  -13.432 0.3000000119
1065  36.015  -87.983  -13.787 0.4000000060
499  34.461  -90.743  -12.270 0.5000000000
336  33.260  -91.486  -12.786 0.5000000000
1078  36.858  -89.009  -14.065 0.3000000119
99923  34.981  -88.959  -13.578 0.4000000060
754  35.005  -90.383  -13.035 0.4000000060
507  34.722  -90.688  -12.572 0.5000000000
508  33.959  -91.221  -12.775 0.5000000000
785  35.315  -89.793  -16.851 0.3000000119
1099  34.706  -89.200  -17.522 0.3000000119
802  34.443  -89.325  -18.444 0.3000000119
565  34.738  -89.473  -19.076 0.3000000119
577  34.823  -89.401  -19.813 0.4000000060
1881  28.352  -86.021  -12.331 0.3000000119
1900  28.469  -86.730  -14.241 0.4000000060
1416  29.160  -87.469  -9.326 0.3000000119
1857  28.685  -86.180  -10.412 0.3000000119
1865  28.403  -86.052  -11.361 0.3000000119
1477  28.861  -87.403  -14.422 0.4000000060
1850  28.911  -86.757  -9.685 0.3000000119
766  29.922  -89.328  -13.990 0.4000000060
101547  30.714  -89.153  -13.702 0.5000000000
1056  31.244  -88.442  -13.557 0.4000000060
1038  37.651  -89.036  -12.381 0.3000000119
1055  31.993  -89.246  -13.008 0.5000000000
739  36.652  -89.726  -11.911 0.3000000119
1039  33.612  -89.404  -11.825 0.4000000060
1040  32.723  -89.404  -12.383 0.5000000000
762  37.744  -89.362  -13.788 0.3000000119
753  36.211  -90.180  -12.012 0.4000000060
732  34.215  -90.345  -11.702 0.5000000000
742  33.307  -90.549  -12.043 0.5000000000
775  36.504  -89.632  -15.315 0.3000000119
1053  36.002  -89.376  -12.984 0.4000000060
104729  35.540  -90.328  -12.335 0.5000000000
540  35.791  -90.329  -16.542 0.3000000119
547  35.828  -90.292  -17.036 0.4000000060
794  36.281  -89.764  -17.745 0.3000000119
554  34.854  -89.592  -18.280 0.4000000060
563  35.690  -89.458  -18.540 0.4000000060
3306  30.319  -82.735  -24.586 0.5000000000
827  35.654  -88.576  -20.040 0.3000000119
89643  30.064  -86.902  -8.941 0.3000000119
94007  29.236  -86.137  -9.641 0.3000000119
2332  28.768  -85.968  -14.242 0.3000000119
93840  29.528  -86.899  -9.304 0.3000000119
1898  30.116  -86.321  -14.404 0.3000000119
1465  30.696  -87.349  -14.125 0.5000000000
104889  32.062  -87.276  -13.179 0.4000000060
1464  31.515  -87.353  -13.546 0.3000000119
1446  38.595  -88.095  -12.684 0.3000000119
1450  33.111  -88.235  -12.239 0.5000000000
738  37.259  -89.269  -12.242 0.3000000119
729  36.485  -89.537  -11.353 0.4000000060
730  35.994  -89.733  -11.178 0.4000000060
731  35.154  -90.052  -11.320 0.4000000060
1028  34.593  -89.298  -11.326 0.4000000060
774  37.171  -89.787  -14.932 0.3000000119
773  37.468  -89.975  -15.462 0.3000000119
741  35.425  -90.322  -11.874 0.4000000060
495  34.592  -90.526  -11.884 0.5000000000
546  36.406  -90.266  -16.870 0.3000000119
801  37.050  -89.104  -17.902 0.4000000060
812  36.460  -88.811  -18.611 0.4000000060
103737  30.170  -83.007  -23.541 0.5000000000
813  35.775  -88.884  -19.293 0.4000000060
91969  31.049  -82.702  -23.979 0.5000000000
1841  29.853  -86.088  -8.988 0.3000000119
2399  23.451  -85.450  -20.287 0.5000000000
1880  32.632  -87.070  -12.535 0.3000000119
1892  31.855  -86.583  -13.297 0.3000000119
1971  22.917  -86.131  -20.381 0.6000000238
1877  38.322  -86.880  -12.704 0.3000000119
1447  37.285  -88.199  -12.321 0.3000000119
1445  39.492  -88.044  -12.882 0.3000000119
1434  36.516  -88.522  -11.036 0.3000000119
1449  33.578  -87.207  -11.619 0.4000000060
93406  25.940  -83.646  -21.017 0.5000000000
1974  20.259  -86.579  -20.696 0.5000000000
1026  36.374  -88.998  -10.948 0.3000000119
1027  35.721  -88.929  -10.904 0.3000000119
98980  34.873  -88.288  -11.087 0.3000000119
1437  34.538  -87.305  -11.075 0.3000000119
772  38.320  -89.440  -14.969 0.3000000119
538  37.024  -90.230  -16.268 0.3000000119
97519  28.205  -83.537  -21.084 0.5000000000
792  37.983  -89.375  -16.633 0.3000000119
3299  29.227  -83.344  -22.185 0.5000000000
1098  37.704  -88.848  -17.529 0.4000000060
3298  30.051  -83.139  -22.616 0.6000000238
1108  37.857  -88.052  -17.814 0.4000000060
1513  37.309  -87.538  -18.587 0.5000000000
3804  30.854  -82.825  -23.006 0.5000000000
1120  36.761  -87.947  -19.011 0.3000000119
1121  36.209  -88.246  -19.515 0.4000000060
3803  31.739  -82.590  -23.326 0.6000000238
2384  39.316  -85.038  -20.497 0.3000000119
1965  38.037  -86.112  -20.497 0.4000000060
101874  37.475  -86.532  -20.105 0.4000000060
1131  36.475  -87.586  -19.938 0.3000000119
3802  32.705  -82.474  -23.612 0.6000000238
3807  32.043  -82.497  -24.361 0.5000000000
2822  40.113  -84.509  -20.676 0.3000000119
2396  38.937  -85.510  -21.062 0.5000000000
1979  38.237  -86.036  -21.430 0.4000000060
1980  37.653  -86.533  -21.961 0.4000000060
3806  33.122  -82.447  -24.805 0.6000000238
2831  40.696  -84.088  -21.363 0.3000000119
96521  39.821  -84.748  -21.186 0.5000000000
2406  38.883  -85.500  -22.170 0.4000000060
1990  38.301  -85.936  -22.391 0.4000000060
102958  40.117  -84.282  -21.937 0.4000000060
2405  39.529  -84.887  -22.000 0.5000000000
2412  39.196  -84.789  -22.848 0.4000000060
101882  22.981  -85.747  -19.842 0.6000000238
1972  22.104  -86.528  -20.451 0.6000000238
2307  39.435  -86.365  -12.255 0.3000000119
1462  37.272  -87.053  -12.909 0.3000000119
1463  36.676  -87.093  -12.824 0.3000000119
2391  22.453  -85.325  -19.541 0.6000000238
104301  21.639  -86.257  -20.047 0.6000000238
1876  39.669  -87.340  -12.781 0.3000000119
1448  36.338  -87.754  -11.260 0.3000000119
1862  35.664  -87.239  -11.003 0.3000000119
2400  20.914  -86.114  -20.128 0.6000000238
1887  40.397  -86.802  -13.180 0.3000000119
1435  36.177  -88.177  -10.758 0.3000000119
1436  35.523  -87.688  -10.875 0.3000000119
2401  20.048  -85.893  -20.522 0.6000000238
782  38.309  -89.480  -15.783 0.3000000119
88888  19.849  -84.044  -20.684 0.6000000238
2827  19.769  -85.040  -20.462 0.6000000238
2828  18.933  -84.336  -20.539 0.6000000238
1512  37.631  -86.910  -18.688 0.4000000060
3277  40.646  -83.604  -22.357 0.4000000060
2837  39.811  -84.043  -22.867 0.5000000000
2295  38.855  -85.740  -11.576 0.3000000119
2308  37.990  -85.982  -12.581 0.3000000119
1888  37.017  -86.228  -13.060 0.3000000119
1889  36.434  -86.359  -13.085 0.3000000119
1890  35.805  -85.920  -13.088 0.3000000119
1879  35.103  -86.101  -11.393 0.3000000119
2818  22.913  -84.664  -19.181 0.5000000000
1875  40.030  -87.432  -13.095 0.3000000119
2819  21.414  -84.937  -19.619 0.5000000000
2392  21.609  -85.755  -19.760 0.6000000238
2306  40.217  -86.628  -12.785 0.3000000119
96082  34.891  -86.660  -11.027 0.3000000119
2393  20.751  -85.457  -19.992 0.6000000238
2316  40.438  -86.070  -12.673 0.3000000119
2820  20.507  -84.492  -20.214 0.6000000238
93988  38.129  -86.999  -18.005 0.3000000119
1501  38.387  -87.615  -17.472 0.3000000119
3273  19.184  -83.516  -20.784 0.6000000238
3781  17.400  -82.791  -20.512 0.6000000238
3272  20.268  -83.492  -20.856 0.5000000000
3289  19.558  -82.917  -21.477 0.6000000238
3290  18.631  -82.821  -20.870 0.6000000238
4267  18.130  -82.052  -20.915 0.6000000238
4257  17.356  -81.353  -20.680 0.5000000000
3257  21.131  -83.842  -19.939 0.5000000000
3288  19.915  -83.248  -21.449 0.5000000000
105068  18.831  -81.950  -21.312 0.6000000238
5892  15.786  -78.950  -19.274 0.5000000000
5859  16.211  -77.713  -18.393 0.6000000238
5877  16.076  -78.275  -18.964 0.6000000238
5878  15.838  -78.520  -18.845 0.5000000000
6583  15.884  -77.849  -18.324 0.6000000238
5843  15.752  -78.098  -17.949 0.6000000238
3780  20.266  -82.802  -21.828 0.5000000000
4755  18.872  -81.300  -21.020 0.5000000000
4756  17.746  -80.897  -20.701 0.5000000000
4256  18.419  -81.570  -20.943 0.6000000238
4749  18.604  -80.482  -20.445 0.6000000238
5293  17.102  -80.209  -20.266 0.5000000000
4750  16.393  -80.094  -19.962 0.5000000000
5282  17.582  -79.654  -19.843 0.6000000238
5874  19.959  -78.633  -18.274 0.6000000238
5876  17.093  -78.328  -18.806 0.6000000238
6564  15.741  -77.486  -17.885 0.5000000000
5758  19.191  -78.313  -8.256 0.5000000000
99057  20.788  -82.325  -22.074 0.5000000000
4266  19.333  -81.900  -21.685 0.5000000000
99656  19.511  -80.862  -20.967 0.6000000238
6443  19.084  -77.197  -7.006 0.5000000000
7153  18.636  -76.423  -6.716 0.6000000238
6454  19.429  -77.835  -7.602 0.6000000238
6466  19.903  -78.054  -8.110 0.6000000238
6455  18.615  -77.889  -7.379 0.5000000000
5766  18.596  -78.294  -9.005 0.5000000000
90814  15.277  -76.638  -16.990 0.5000000000
6563  15.747  -77.088  -17.542 0.5000000000
8501  21.012  -74.175  -6.102 0.6999999881
7859  20.897  -75.119  -6.438 0.6000000238
8502  20.100  -74.613  -6.368 0.6999999881
101192  19.198  -74.856  -6.541 0.6000000238
105521  18.462  -74.987  -6.616 0.6000000238
96628  19.958  -75.591  -6.636 0.6000000238
7858  21.588  -75.471  -6.578 0.6000000238
7151  20.964  -76.074  -6.778 0.6000000238
104026  20.184  -76.405  -6.880 0.6000000238
7860  18.969  -75.630  -6.650 0.5000000000
96326  18.136  -75.593  -6.647 0.6000000238
7164  21.473  -76.663  -7.373 0.6000000238
7152  19.456  -76.392  -6.794 0.5000000000
7165  20.654  -76.841  -7.269 0.6000000238
7166  19.871  -77.057  -7.146 0.6000000238
6465  20.553  -77.758  -8.350 0.6000000238
6453  20.280  -77.526  -7.680 0.6000000238
6478  19.732  -78.220  -8.994 0.5000000000
6493  17.340  -77.106  -10.161 0.5000000000
100016  18.228  -76.871  -10.357 0.5000000000
7202  17.486  -76.585  -10.856 0.5000000000
7219  17.342  -76.112  -11.712 0.5000000000
100294  19.418  -74.086  -6.295 0.6999999881
6452  21.063  -77.281  -7.829 0.5000000000
102459  19.867  -77.873  -9.899 0.6000000238
6479  18.699  -77.649  -9.791 0.5000000000
7201  18.790  -76.392  -10.841 0.6000000238
7218  18.486  -75.629  -11.360 0.5000000000
7912  17.836  -75.304  -11.878 0.6000000238
9893  23.468  -72.349  -7.066 0.4000000060
103524  20.514  -71.588  -6.057 0.6999999881
10591  19.683  -71.141  -5.695 0.5000000000
10592  18.760  -71.182  -5.393 0.5000000000
9204  23.738  -73.158  -6.965 0.6000000238
9864  19.246  -71.955  -5.515 0.6000000238
9203  24.352  -73.489  -6.920 0.5000000000
9881  20.789  -72.418  -5.979 0.6000000238
9863  20.082  -72.055  -5.679 0.8000000119
9171  21.001  -73.261  -5.928 0.6999999881
106126  19.695  -73.432  -5.973 0.8000000119
9185  18.957  -73.489  -6.114 0.6999999881
95508  19.579  -77.264  -10.480 0.6000000238
11290  18.944  -70.527  -5.665 0.5000000000
10618  22.934  -71.620  -7.311 0.5000000000
11309  20.223  -70.858  -6.422 0.6999999881
9181  24.924  -73.083  -6.732 0.4000000060
9892  24.153  -72.756  -6.948 0.4000000060
93545  25.004  -73.745  -6.916 0.4000000060
104266  25.131  -74.871  -7.356 0.5000000000
7884  25.223  -75.947  -8.459 0.4000000060
11310  19.387  -70.365  -6.226 0.5000000000
11311  18.473  -69.885  -6.066 0.5000000000
10607  23.675  -71.510  -6.963 0.3000000119
9202  25.440  -74.294  -7.156 0.4000000060
8520  25.812  -74.987  -7.560 0.4000000060
96866  24.826  -76.349  -9.204 0.4000000060
11324  19.691  -70.358  -7.351 0.6000000238
7894  26.061  -75.769  -8.937 0.4000000060
11325  18.715  -69.855  -7.117 0.5000000000
11307  24.538  -70.430  -6.234 0.3000000119
11320  23.276  -70.808  -7.115 0.3000000119
103135  21.748  -70.664  -8.191 0.4000000060
7186  26.200  -75.945  -9.852 0.3000000119
89828  25.365  -76.350  -10.159 0.4000000060
7194  26.277  -75.959  -10.897 0.4000000060
12034  22.298  -69.899  -7.876 0.4000000060
11339  18.839  -69.993  -8.384 0.6000000238
12018  17.589  -69.470  -6.973 0.4000000060
12017  24.653  -69.585  -6.137 0.3000000119
12695  24.079  -69.057  -6.532 0.3000000119
12035  17.731  -69.524  -8.159 0.5000000000
12715  21.431  -69.165  -8.889 0.4000000060
12062  20.796  -69.317  -9.271 0.4000000060
12724  19.457  -68.393  -10.538 0.5000000000
12722  21.122  -68.607  -9.441 0.4000000060
14242  22.149  -66.361  -10.692 0.3000000119
14249  21.599  -65.989  -11.759 0.3000000119
13488  21.857  -67.097  -10.213 0.3000000119
14243  21.321  -66.665  -11.088 0.3000000119
14198  20.961  -66.913  -6.966 0.4000000060
15009  22.426  -65.624  -11.225 0.3000000119
2296  34.243  -85.672  -11.149 0.3000000119
100996  37.866  -87.431  -18.060 0.4000000060
13470  21.502  -67.826  -9.759 0.3000000119
7911  19.707  -74.887  -11.454 0.6000000238
14177  21.459  -66.548  -5.465 0.4000000060
8521  24.640  -74.345  -7.047 0.5000000000
13489  21.030  -67.377  -10.536 0.3000000119
1531  36.595  -87.318  -20.666 0.3000000119
1966  37.570  -86.526  -20.866 0.4000000060
3793  19.287  -82.335  -21.588 0.5000000000
103901  25.266  -89.328  -9.815 0.4000000060
722  24.550  -89.639  -10.742 0.5000000000
1042  26.424  -88.993  -12.526 0.5000000000
1897  34.783  -86.713  -14.695 0.4000000060
717  25.473  -89.611  -9.305 0.4000000060
94099  27.508  -88.822  -13.700 0.4000000060
1492  35.837  -87.317  -15.243 0.4000000060
1475  34.089  -87.160  -14.586 0.4000000060
95303  33.624  -88.127  -14.635 0.4000000060
321  25.368  -91.866  -7.899 0.3000000119
1418  27.697  -87.463  -9.449 0.3000000119
1466  27.596  -87.065  -13.501 0.4000000060
1071  27.854  -88.203  -13.995 0.4000000060
1079  36.370  -88.145  -14.627 0.3000000119
1088  35.867  -88.796  -15.778 0.4000000060
1894  28.184  -86.385  -13.768 0.4000000060
1069  29.352  -88.290  -14.358 0.4000000060
500  33.835  -91.018  -12.217 0.5000000000
97238  29.320  -83.313  -23.118 0.5000000000
549  34.748  -89.605  -17.803 0.4000000060
1899  29.183  -86.544  -14.456 0.4000000060
1476  29.743  -87.344  -14.445 0.4000000060
1068  30.284  -88.302  -14.117 0.5000000000
97444  32.189  -88.132  -13.003 0.5000000000
728  36.873  -89.390  -11.728 0.3000000119
93724  37.749  -89.566  -14.621 0.3000000119
783  36.313  -90.344  -15.946 0.3000000119
539  36.225  -90.464  -16.332 0.3000000119
1893  31.084  -86.441  -13.958 0.3000000119
94749  33.984  -88.280  -11.505 0.3000000119
3283  29.156  -83.347  -21.239 0.5000000000
1109  37.228  -88.379  -18.219 0.4000000060
1891  32.342  -85.883  -12.567 0.3000000119
1863  34.049  -86.303  -11.042 0.3000000119
2385  38.370  -85.773  -19.977 0.4000000060
1523  37.250  -86.882  -19.374 0.4000000060
95568  36.973  -86.934  -20.187 0.4000000060
2813  40.681  -84.230  -20.404 0.3000000119
2317  36.216  -85.656  -13.182 0.3000000119
1945  37.932  -86.391  -18.904 0.3000000119
102942  35.707  -85.126  -13.120 0.3000000119
2329  40.463  -86.337  -13.352 0.3000000119
5274  16.559  -78.878  -19.404 0.6000000238
100265  20.264  -73.759  -6.044 0.6999999881
9172  19.535  -72.772  -5.719 0.6999999881
101776  20.298  -72.910  -5.794 0.6999999881
11308  23.944  -70.795  -6.666 0.3000000119
98253  23.820  -69.969  -6.618 0.3000000119
99955  30.634  -82.892  -21.381 0.5000000000
3790  29.942  -83.102  -21.073 0.5000000000
4243  37.748  -81.968  -19.545 0.6000000238
6581  16.240  -77.194  -17.988 0.5000000000
93678  19.633  -77.520  -17.243 0.5000000000
6580  17.958  -77.331  -17.568 0.5000000000
6562  16.468  -76.793  -17.460 0.5000000000
5856  20.396  -78.121  -17.726 0.5000000000
7287  14.924  -76.056  -17.121 0.4000000060
6561  18.601  -76.818  -16.948 0.5000000000
98673  15.425  -75.975  -17.147 0.5000000000
7268  15.294  -76.311  -16.224 0.5000000000
98162  18.706  -75.601  -16.116 0.6000000238
7286  17.369  -76.182  -16.715 0.5000000000
7956  15.042  -75.715  -17.039 0.5000000000
7913  16.975  -75.426  -12.367 0.5000000000
7945  18.141  -74.934  -15.840 0.6000000238
7240  16.336  -75.498  -14.111 0.5000000000
7232  16.484  -75.430  -12.934 0.5000000000
7946  15.973  -74.976  -16.369 0.6000000238
7939  14.708  -75.038  -16.226 0.6000000238
7253  15.270  -75.629  -15.638 0.5000000000
8607  15.090  -74.000  -16.435 0.6000000238
7947  14.922  -75.148  -16.553 0.6000000238
90203  15.805  -74.130  -13.226 0.6000000238
9285  14.879  -72.375  -16.418 0.6000000238
7914  16.739  -74.934  -12.496 0.5000000000
8567  17.464  -74.786  -12.200 0.5000000000
8597  14.531  -72.775  -15.506 0.6000000238
99851  15.434  -75.015  -14.999 0.6000000238
8503  18.445  -74.223  -6.462 0.5000000000
9186  18.043  -73.439  -6.240 0.5000000000
91611  18.927  -74.350  -11.693 0.6000000238
9953  14.292  -70.696  -15.274 0.6000000238
8578  17.869  -73.924  -12.218 0.6000000238
8589  15.101  -73.507  -14.254 0.6000000238
9250  16.931  -73.479  -12.744 0.6000000238
9938  16.702  -72.510  -13.304 0.6000000238
12721  21.909  -68.319  -9.069 0.3000000119
13429  20.201  -67.284  -6.857 0.3000000119
3292  39.385  -83.343  -23.557 0.4000000060
100780  38.554  -82.400  -22.265 0.5000000000
3805  33.611  -82.782  -24.710 0.5000000000
3801  33.371  -82.701  -23.789 0.5000000000
3773  38.490  -82.157  -21.306 0.4000000060
3797  33.176  -82.568  -22.993 0.4000000060
4231  37.795  -81.620  -18.756 0.4000000060
3282  29.968  -83.162  -21.775 0.4000000060
3789  31.578  -82.676  -21.752 0.4000000060
3800  30.747  -82.882  -22.173 0.4000000060
3799  31.455  -82.675  -22.555 0.4000000060
4709  37.799  -80.669  -16.377 0.4000000060
4195  37.320  -81.162  -16.921 0.4000000060
4212  36.774  -81.650  -17.321 0.4000000060
3265  29.528  -83.177  -20.451 0.4000000060
4728  38.217  -80.945  -17.394 0.4000000060
4211  37.551  -81.428  -17.815 0.4000000060
101660  36.071  -81.318  -16.080 0.4000000060
4184  35.541  -81.123  -15.633 0.5000000000
9998  14.352  -69.804  -16.129 0.5000000000
9995  17.426  -71.086  -15.615 0.5000000000
10676  15.252  -69.951  -14.924 0.5000000000
10696  16.466  -69.932  -15.319 0.5000000000
10694  18.815  -70.621  -15.083 0.5000000000
9951  17.779  -71.758  -13.373 0.5000000000
9949  19.009  -71.820  -13.908 0.5000000000
9173  18.666  -72.788  -5.779 0.4000000060
9865  18.375  -72.014  -5.447 0.4000000060
9950  18.281  -71.210  -13.847 0.5000000000
9937  18.269  -72.864  -12.534 0.5000000000
4244  37.154  -82.266  -19.037 0.5000000000
4210  38.184  -81.273  -18.163 0.4000000060
4710  36.987  -80.902  -16.121 0.4000000060
331  22.536  -92.063  -10.991 0.4000000060
131  24.024  -94.697  -14.027 0.4000000060
493  23.507  -90.742  -11.227 0.4000000060
333  22.984  -91.565  -11.690 0.4000000060
94438  24.314  -94.755  -13.561 0.4000000060
339  23.158  -92.222  -12.450 0.4000000060
129  25.723  -94.586  -13.943 0.4000000060
104562  24.637  -94.603  -13.477 0.4000000060
123  23.928  -94.549  -13.251 0.4000000060
496  24.186  -90.087  -11.580 0.5000000000
504  23.611  -91.051  -12.189 0.4000000060
93549  24.228  -94.379  -13.094 0.4000000060
744  24.965  -89.832  -12.095 0.5000000000
503  24.421  -90.695  -12.369 0.5000000000
338  23.874  -91.634  -12.604 0.4000000060
502  25.391  -90.522  -12.623 0.4000000060
219  26.738  -93.426  -13.209 0.4000000060
220  25.949  -93.493  -13.094 0.4000000060
221  24.715  -93.534  -12.851 0.4000000060
212  23.842  -92.858  -12.780 0.4000000060
122  26.312  -94.059  -13.591 0.4000000060
98534  25.215  -94.138  -13.333 0.4000000060
515  25.981  -91.192  -12.996 0.5000000000
337  25.084  -91.693  -12.757 0.4000000060
106573  24.427  -92.438  -12.773 0.4000000060
90194  26.792  -91.615  -13.226 0.5000000000
350  26.140  -92.547  -12.987 0.4000000060
351  25.308  -93.044  -12.862 0.4000000060
347  28.737  -92.541  -13.170 0.3000000119
89923  29.656  -93.017  -13.279 0.3000000119
89389  29.339  -91.793  -13.346 0.4000000060
348  27.743  -92.000  -13.258 0.3000000119
105029  29.083  -90.778  -13.703 0.4000000060
512  28.364  -91.113  -13.600 0.4000000060
216  30.952  -92.484  -13.821 0.3000000119
88908  30.324  -92.886  -13.520 0.4000000060
345  31.005  -92.244  -13.444 0.4000000060
346  30.251  -92.265  -13.391 0.4000000060
102741  29.845  -91.089  -13.523 0.4000000060
349  27.163  -92.787  -13.157 0.3000000119
523  28.571  -90.070  -14.055 0.3000000119
524  27.872  -90.159  -13.917 0.4000000060
344  31.792  -92.011  -13.539 0.4000000060
522  29.402  -90.097  -13.923 0.3000000119
511  30.809  -91.370  -13.388 0.4000000060
98411  30.757  -90.132  -13.485 0.4000000060
757  30.134  -90.361  -13.640 0.4000000060
513  27.397  -90.840  -13.542 0.4000000060
224  31.572  -92.434  -14.370 0.4000000060
767  28.923  -89.190  -14.251 0.3000000119
343  32.740  -91.819  -13.471 0.4000000060
355  32.334  -92.147  -14.342 0.4000000060
509  32.419  -91.598  -12.846 0.4000000060
510  31.650  -91.803  -13.197 0.4000000060
514  26.644  -90.551  -13.266 0.4000000060
768  28.034  -89.191  -14.076 0.3000000119
758  27.270  -89.741  -13.593 0.4000000060
354  33.022  -91.874  -14.256 0.4000000060
765  33.566  -90.749  -14.365 0.4000000060
342  33.410  -91.612  -13.442 0.4000000060
501  33.061  -91.242  -12.368 0.4000000060
756  31.641  -91.014  -13.088 0.4000000060
743  25.815  -89.632  -12.456 0.4000000060
1058  26.978  -88.951  -13.170 0.3000000119
96675  25.415  -89.272  -11.783 0.4000000060
106672  26.046  -90.334  -12.940 0.4000000060
759  26.502  -89.731  -13.061 0.4000000060
4690  34.873  -80.844  -15.208 0.4000000060
130  24.904  -94.685  -13.794 0.4000000060
520  33.411  -91.515  -14.056 0.4000000060
528  36.690  -90.307  -15.826 0.3000000119
548  35.352  -89.947  -17.355 0.4000000060
553  35.466  -89.832  -17.866 0.4000000060
564  35.239  -89.393  -19.198 0.4000000060
740  36.183  -89.954  -11.658 0.4000000060
784  35.847  -90.160  -16.054 0.3000000119
793  37.135  -89.669  -17.205 0.4000000060
803  34.032  -89.292  -18.834 0.3000000119
814  35.321  -89.098  -19.800 0.4000000060
815  34.328  -89.381  -18.958 0.3000000119
828  35.074  -89.159  -20.567 0.3000000119
830  33.804  -89.392  -20.335 0.3000000119
839  34.516  -89.331  -21.183 0.4000000060
1025  36.800  -89.138  -11.408 0.3000000119
1054  35.300  -87.991  -13.842 0.4000000060
1110  34.182  -89.164  -18.291 0.3000000119
1132  35.994  -88.030  -20.211 0.4000000060
1135  32.811  -88.413  -21.107 0.4000000060
1142  33.204  -89.108  -20.978 0.4000000060
1150  35.464  -88.453  -22.203 0.4000000060
1439  26.570  -87.640  -10.941 0.3000000119
1479  27.756  -87.515  -13.845 0.4000000060
1514  34.462  -87.945  -17.651 0.3000000119
1524  36.892  -87.327  -19.370 0.4000000060
1532  36.134  -87.768  -20.743 0.5000000000
1840  30.309  -86.448  -8.548 0.3000000119
1878  36.028  -86.678  -12.603 0.3000000119
1896  35.496  -86.774  -14.985 0.4000000060
1901  27.954  -86.976  -13.976 0.4000000060
1908  34.831  -86.287  -15.458 0.3000000119
1933  33.895  -85.833  -17.145 0.3000000119
1954  37.722  -86.391  -19.591 0.3000000119
1962  22.351  -86.061  -19.897 0.6000000238
2310  35.225  -85.418  -12.437 0.3000000119
2331  29.402  -85.859  -14.373 0.3000000119
2359  34.089  -85.804  -16.294 0.3000000119
2770  35.484  -84.431  -13.148 0.3000000119
2817  23.641  -84.538  -19.189 0.6000000238
3255  24.680  -83.628  -19.073 0.6000000238
3729  28.300  -82.193  -17.573 0.6999999881
3731  26.189  -82.016  -17.671 0.8000000119
3740  33.754  -82.561  -18.419 0.6999999881
3741  33.064  -82.241  -18.517 0.8000000119
3795  39.032  -82.718  -23.097 0.6000000238
4196  36.593  -81.344  -16.524 0.4000000060
4218  29.943  -81.898  -17.157 0.8000000119
4253  38.066  -82.032  -20.304 0.6999999881
4692  32.752  -80.411  -15.289 0.5000000000
4697  28.363  -79.928  -15.587 0.6000000238
4717  25.349  -80.083  -16.629 0.6999999881
4760  21.243  -80.723  -22.641 0.6000000238
4765  23.455  -80.239  -23.909 0.5000000000
5265  15.950  -78.613  -17.668 0.6000000238
5266  25.206  -78.767  -17.053 0.6999999881
5267  24.559  -79.020  -17.456 0.6999999881
5269  15.850  -78.760  -18.082 0.6000000238
5283  16.359  -79.560  -19.722 0.5000000000
5315  24.598  -79.905  -24.621 0.6000000238
5319  24.980  -79.645  -24.602 0.5000000000
5745  18.786  -78.258  -7.813 0.5000000000
5838  27.182  -78.133  -16.338 0.6000000238
5839  26.611  -78.448  -16.442 0.6000000238
5840  25.954  -78.571  -16.755 0.6999999881
5850  28.663  -77.878  -17.532 0.5000000000
5857  19.127  -78.037  -17.844 0.6000000238
5860  15.806  -78.416  -18.463 0.5000000000
5870  26.255  -78.274  -17.614 0.6000000238
5873  21.395  -78.422  -18.812 0.6000000238
5956  24.490  -79.651  -24.647 0.5000000000
6545  28.225  -77.855  -15.793 0.6000000238
6546  27.640  -78.047  -15.912 0.6000000238
6579  20.808  -77.478  -17.296 0.5000000000
6582  15.795  -77.387  -17.999 0.5000000000
6658  24.387  -77.435  -23.148 0.6000000238
7187  25.533  -76.120  -9.304 0.4000000060
7197  23.521  -76.842  -10.806 0.6999999881
7217  19.488  -75.804  -11.224 0.6000000238
7238  21.441  -76.086  -13.231 0.6000000238
7269  14.877  -75.677  -16.746 0.5000000000
7283  21.015  -76.101  -16.724 0.6999999881
7285  19.362  -76.279  -16.402 0.6999999881
7298  21.465  -76.083  -17.444 0.6999999881
7345  25.503  -76.424  -20.463 0.5000000000
7346  24.522  -76.304  -20.611 0.6000000238
7372  26.327  -76.733  -22.560 0.5000000000
7871  25.959  -75.513  -8.127 0.4000000060
7893  26.838  -75.537  -9.429 0.3000000119
7928  20.530  -75.503  -12.114 0.8000000119
7929  16.338  -74.846  -12.809 0.5000000000
7934  21.770  -75.590  -13.781 0.5000000000
7936  15.796  -74.639  -13.858 0.6000000238
7955  16.823  -75.534  -16.426 0.5000000000
8002  21.901  -75.672  -19.372 0.6999999881
8579  16.555  -74.300  -12.685 0.5000000000
8596  14.802  -74.111  -15.536 0.6000000238
8608  14.797  -73.246  -16.154 0.6000000238
8618  20.978  -74.842  -16.866 0.6000000238
8619  20.363  -74.603  -16.349 0.5000000000
8620  19.432  -73.361  -16.123 0.5000000000
9241  20.070  -72.962  -11.624 0.6999999881
9243  19.036  -73.330  -11.845 0.6999999881
9251  15.652  -73.194  -13.435 0.6000000238
9258  19.820  -72.443  -14.323 0.5000000000
9259  14.706  -72.232  -14.682 0.6000000238
9260  14.214  -71.538  -15.623 0.6000000238
9269  20.345  -73.330  -14.388 0.5000000000
9286  14.423  -71.825  -16.122 0.6000000238
9929  19.662  -72.742  -11.834 0.6000000238
9936  19.066  -72.260  -12.776 0.6000000238
9952  15.334  -71.627  -14.324 0.6000000238
9973  14.139  -70.516  -16.051 0.6000000238
9996  15.795  -71.391  -16.254 0.6000000238
9997  14.599  -70.853  -16.382 0.5000000000
10013  18.889  -71.010  -15.831 0.5000000000
10675  17.042  -70.634  -14.407 0.5000000000
10677  14.306  -69.747  -15.798 0.5000000000
10693  20.285  -70.431  -15.463 0.5000000000
10695  17.901  -70.485  -14.749 0.5000000000
10697  14.893  -69.557  -15.762 0.5000000000
10715  19.259  -70.576  -15.690 0.5000000000
10716  17.084  -70.374  -15.349 0.5000000000
10717  15.582  -70.101  -16.060 0.5000000000
11337  20.659  -70.723  -8.444 0.5000000000
11354  19.735  -70.076  -9.210 0.6000000238
11395  20.057  -70.235  -15.818 0.5000000000
11396  17.957  -70.451  -15.257 0.5000000000
12725  17.570  -68.840  -10.221 0.6999999881
12726  16.761  -67.974  -9.944 0.6000000238
12740  20.619  -68.150  -10.159 0.6000000238
13507  19.170  -66.409  -12.027 0.5000000000
14251  19.686  -66.234  -12.738 0.4000000060
14265  19.435  -65.830  -12.940 0.4000000060
14985  22.224  -65.886  -6.848 0.4000000060
14995  20.276  -65.693  -9.509 0.4000000060
15019  18.787  -64.696  -12.155 0.3000000119
15020  18.586  -64.941  -11.941 0.4000000060
15765  20.220  -64.439  -12.507 0.3000000119
15766  19.301  -64.503  -12.363 0.3000000119
89534  25.229  -75.475  -7.744 0.4000000060
90408  35.633  -80.702  -15.063 0.5000000000
90478  15.453  -76.389  -17.204 0.5000000000
91916  17.488  -72.116  -15.768 0.6000000238
91941  27.311  -87.055  -12.073 0.3000000119
92355  30.940  -82.372  -18.188 0.8000000119
92853  24.762  -80.106  -16.896 0.6999999881
94033  19.953  -82.706  -22.060 0.6000000238
94621  27.237  -82.649  -18.353 0.8000000119
94767  19.752  -65.351  -12.861 0.3000000119
94879  22.567  -64.263  -9.205 0.3000000119
96323  20.290  -73.598  -12.355 0.6000000238
97881  24.611  -75.244  -7.342 0.6000000238
98372  23.205  -82.027  -18.349 0.6999999881
98487  20.208  -73.571  -16.534 0.5000000000
98579  16.437  -71.303  -13.966 0.5000000000
99325  23.770  -79.260  -24.323 0.6000000238
99752  28.641  -78.158  -15.445 0.6000000238
101147  40.233  -87.220  -13.464 0.3000000119
101271  18.699  -70.944  -14.421 0.5000000000
101471  24.245  -76.559  -12.044 0.6000000238
101487  36.384  -80.760  -15.431 0.4000000060
102651  14.938  -74.401  -16.284 0.6000000238
102688  29.685  -77.688  -15.290 0.6000000238
102828  35.919  -86.033  -24.394 0.5000000000
103479  24.424  -79.636  -17.214 0.8000000119
103619  30.948  -92.687  -14.432 0.3000000119
103962  34.716  -86.016  -15.999 0.3000000119
104093  32.387  -82.341  -25.369 0.6000000238
104305  34.167  -88.843  -14.163 0.4000000060
104386  25.924  -83.504  -20.296 0.6999999881
104573  35.148  -89.600  -18.575 0.4000000060
104691  35.182  -84.442  -21.250 0.6999999881
105467  22.249  -74.087  -6.332 0.8000000119
105789  36.498  -81.084  -16.020 0.4000000060
106164  24.851  -76.499  -11.255 0.6000000238
106194  36.328  -88.178  -14.092 0.4000000060
106265  33.173  -90.397  -14.968 0.4000000060
106465  37.731  -89.930  -16.016 0.3000000119
