#!ascii label  , from subject sub-v2s9x29166_ses-1 vox2ras=TkReg
513
94192  29.863  -29.228  -15.862 0.1428571492
43378  28.577  -29.706  -15.582 0.1428571492
44232  29.059  -28.818  -16.972 0.1428571492
102327  30.368  -29.442  -15.490 0.1428571492
43386  29.882  -28.747  -16.545 0.2857142985
43388  28.538  -29.288  -16.282 0.1428571492
44231  30.548  -28.432  -16.505 0.1428571492
45058  29.784  -27.609  -17.708 0.5714285970
45046  31.084  -27.950  -16.697 0.1428571492
45877  31.654  -26.533  -17.331 0.2857142985
45867  32.243  -26.985  -16.868 0.2857142985
45875  33.226  -26.012  -17.119 0.1428571492
45876  32.458  -26.267  -17.223 0.2857142985
104112  32.866  -23.696  -18.840 0.2857142985
47499  33.311  -24.158  -18.351 0.1428571492
47500  32.507  -24.341  -18.482 0.2857142985
49192  33.291  -22.030  -20.031 0.2857142985
49179  34.023  -22.911  -18.948 0.2857142985
50031  33.171  -21.372  -20.607 0.2857142985
50869  33.306  -19.985  -21.259 0.2857142985
53333  32.940  -17.985  -21.752 0.8571428657
52489  33.233  -18.596  -21.431 0.4285714328
50858  33.878  -20.047  -20.804 0.2857142985
54178  33.087  -16.502  -22.158 0.7142857313
54162  33.527  -16.709  -21.552 0.7142857313
53347  33.070  -17.273  -21.943 0.7142857313
52490  32.620  -18.655  -21.999 0.7142857313
106097  33.526  -15.358  -21.999 0.8571428657
54952  33.102  -15.742  -22.350 0.5714285970
54179  32.504  -16.311  -22.797 0.8571428657
95002  32.639  -17.009  -22.442 0.7142857313
53348  32.439  -17.841  -22.401 0.7142857313
56531  33.422  -13.969  -22.637 0.4285714328
55769  33.245  -14.950  -22.490 0.7142857313
54953  32.684  -15.433  -22.957 0.8571428657
57301  33.480  -12.330  -22.914 0.2857142985
58083  33.088  -11.796  -23.671 0.5714285970
56548  32.878  -13.650  -23.511 0.8571428657
56547  33.341  -13.158  -23.076 0.7142857313
55770  32.806  -14.581  -23.213 0.8571428657
58883  33.428  -10.614  -23.003 0.1428571492
58082  33.451  -11.387  -22.965 0.1428571492
57302  32.934  -12.676  -23.799 0.5714285970
91005  33.127  -9.414  -23.454 0.1428571492
96024  33.630  -10.248  -22.474 0.1428571492
106902  33.166  -10.387  -23.543 0.1428571492
102811  33.124  -11.008  -23.621 0.4285714328
94450  32.480  -13.296  -24.355 0.8571428657
60492  32.776  -8.517  -24.211 0.1428571492
60491  32.984  -8.641  -23.366 0.1428571492
60501  32.861  -9.323  -24.251 0.1428571492
59697  33.010  -9.956  -23.849 0.1428571492
58897  32.802  -10.151  -24.699 0.4285714328
58884  32.838  -11.350  -24.374 0.5714285970
58084  32.774  -12.010  -24.382 0.7142857313
92522  32.205  -12.991  -25.056 0.8571428657
61285  32.570  -7.877  -24.607 0.1428571492
59709  32.658  -9.630  -25.162 0.1428571492
58097  32.562  -11.732  -25.224 0.8571428657
57315  32.524  -12.508  -24.738 0.8571428657
57324  32.167  -12.378  -25.536 0.8571428657
61290  32.483  -7.909  -25.585 0.2857142985
101473  32.595  -8.786  -25.135 0.1428571492
59719  32.349  -9.509  -25.959 0.8571428657
58898  32.745  -10.930  -25.063 0.8571428657
90049  32.404  -11.158  -25.797 0.8571428657
88994  32.466  -7.070  -26.028 0.1428571492
62066  32.385  -6.311  -26.579 0.1428571492
59728  32.036  -9.338  -26.794 0.8571428657
58119  31.998  -10.862  -26.501 0.8571428657
89273  32.340  -7.895  -26.605 0.4285714328
59729  31.635  -9.909  -26.938 0.8571428657
58921  32.032  -10.118  -26.565 0.8571428657
102114  31.732  -10.424  -26.786 0.8571428657
62072  32.235  -6.634  -27.717 0.2857142985
61301  32.293  -7.218  -27.077 0.5714285970
88627  32.118  -7.929  -27.404 0.8571428657
60517  32.076  -8.561  -27.105 0.8571428657
59743  31.752  -8.965  -27.212 0.8571428657
62781  32.116  -6.215  -28.506 0.2857142985
62081  32.017  -6.940  -28.621 0.7142857313
61310  31.986  -7.487  -28.039 0.8571428657
60529  31.683  -8.333  -27.505 0.8571428657
60530  31.295  -8.763  -27.355 0.8571428657
59744  31.339  -9.493  -27.133 0.8571428657
100639  31.681  -7.151  -28.771 0.8571428657
61311  31.618  -7.695  -28.013 0.8571428657
61312  31.112  -7.684  -28.067 0.7142857313
96493  31.309  -8.167  -27.661 0.7142857313
62082  31.701  -6.644  -29.210 0.8571428657
101756  31.226  -6.832  -29.431 0.8571428657
62073  30.843  -7.167  -28.700 0.8571428657
62776  30.485  -6.536  -29.373 0.8571428657
61302  30.424  -7.374  -27.647 0.7142857313
62790  30.675  -5.903  -30.586 0.7142857313
62783  30.662  -6.274  -30.180 0.8571428657
62791  30.250  -5.788  -30.658 0.8571428657
62784  29.976  -6.025  -30.105 0.8571428657
63442  29.538  -5.369  -30.899 0.7142857313
61317  31.363  -7.312  -28.720 0.8571428657
65516  29.513  -1.228  -29.608 0.1428571492
63449  30.108  -5.520  -30.979 0.8571428657
63443  28.707  -4.671  -31.339 0.7142857313
66197  28.220  -0.842  -30.552 0.1428571492
64179  28.488  -4.428  -31.510 0.5714285970
64868  27.759  -3.965  -31.779 0.5714285970
64869  27.542  -3.703  -31.770 0.5714285970
65528  28.010  -3.099  -31.675 0.1428571492
66881  27.527  0.039  -30.892 0.1428571492
90488  27.332  -3.252  -31.679 0.5714285970
66886  26.500  -0.362  -32.138 0.1428571492
67575  27.124  0.995  -31.653 0.1428571492
65529  27.225  -2.795  -31.768 0.1428571492
89390  26.500  0.437  -32.614 0.1428571492
98328  27.424  -3.613  -31.799 0.5714285970
66213  25.885  -1.365  -32.282 0.1428571492
67583  26.136  0.747  -33.343 0.1428571492
66888  25.254  -0.146  -32.895 0.1428571492
42498  29.069  -29.983  -15.114 0.1428571492
45047  30.132  -28.160  -17.087 0.2857142985
44230  31.744  -28.298  -16.164 0.1428571492
45045  32.000  -27.688  -16.562 0.2857142985
45056  31.425  -27.230  -17.011 0.2857142985
47493  33.763  -24.573  -17.781 0.2857142985
47494  32.973  -24.780  -17.923 0.1428571492
50859  33.320  -20.582  -21.003 0.2857142985
102331  32.692  -20.911  -21.241 0.2857142985
51657  32.862  -19.459  -21.673 0.5714285970
55756  33.799  -14.634  -21.825 0.2857142985
56530  33.722  -13.094  -22.424 0.1428571492
55798  32.278  -14.284  -24.115 0.8571428657
58910  32.447  -10.360  -25.724 0.8571428657
58108  32.047  -11.653  -26.102 0.8571428657
62789  31.203  -6.259  -29.921 0.8571428657
63450  29.378  -5.014  -31.291 0.7142857313
64173  28.567  -3.715  -31.464 0.2857142985
67581  27.198  1.867  -32.654 0.1428571492
42483  28.735  -30.656  -14.744 0.1428571492
45057  30.591  -27.416  -17.302 0.4285714328
46644  31.842  -25.751  -17.668 0.2857142985
93723  30.952  -26.802  -17.457 0.4285714328
45878  30.201  -26.771  -17.871 0.2857142985
46643  32.683  -25.503  -17.563 0.1428571492
106266  34.271  -23.382  -18.515 0.2857142985
49184  34.517  -22.338  -19.319 0.2857142985
48292  33.267  -23.088  -19.201 0.2857142985
48293  32.461  -23.252  -19.379 0.2857142985
49185  33.690  -22.437  -19.529 0.2857142985
102547  32.336  -19.320  -22.278 0.7142857313
60490  33.344  -9.153  -22.711 0.1428571492
61275  32.732  -7.839  -23.745 0.1428571492
90745  32.387  -7.079  -24.987 0.1428571492
60509  32.343  -8.690  -26.236 0.8571428657
63423  32.257  -5.587  -27.290 0.1428571492
104788  32.087  -4.913  -27.334 0.1428571492
62775  31.981  -5.158  -28.121 0.2857142985
59730  30.650  -9.206  -27.043 0.8571428657
62782  31.748  -5.906  -29.310 0.5714285970
63432  30.978  -4.793  -30.136 0.5714285970
63441  30.594  -5.515  -30.678 0.5714285970
64862  30.208  -3.021  -29.943 0.2857142985
64863  29.433  -3.089  -30.577 0.2857142985
65521  28.901  -2.350  -30.575 0.1428571492
65522  28.021  -2.093  -31.239 0.1428571492
98035  26.470  -2.217  -31.662 0.2857142985
66206  26.575  -1.342  -31.966 0.1428571492
66214  25.341  -1.199  -32.348 0.1428571492
66894  25.681  0.433  -33.319 0.1428571492
67591  25.863  1.279  -33.521 0.1428571492
63431  31.562  -4.793  -29.000 0.4285714328
64165  31.174  -3.860  -29.032 0.4285714328
64166  30.532  -3.928  -30.059 0.4285714328
94497  30.191  -5.040  -30.983 0.5714285970
64172  29.508  -4.249  -31.134 0.5714285970
43376  30.589  -28.897  -15.913 0.1428571492
43387  29.311  -29.135  -16.306 0.1428571492
43377  29.193  -29.514  -15.747 0.1428571492
42499  28.260  -30.097  -15.122 0.1428571492
44241  29.355  -28.255  -17.472 0.4285714328
44233  28.089  -28.843  -16.983 0.2857142985
48285  33.625  -23.518  -18.663 0.2857142985
53359  32.054  -17.183  -22.971 0.7142857313
54968  32.289  -15.190  -23.681 0.8571428657
59696  33.364  -9.902  -23.055 0.1428571492
104135  32.896  -10.619  -24.184 0.1428571492
60528  31.857  -8.188  -27.592 0.8571428657
94457  28.787  -1.343  -30.240 0.1428571492
64180  27.953  -4.178  -31.653 0.5714285970
67574  27.861  1.252  -30.784 0.1428571492
67582  26.684  1.179  -32.749 0.1428571492
66205  27.268  -1.667  -31.535 0.1428571492
66887  25.811  -0.270  -32.834 0.1428571492
47492  34.559  -24.350  -17.633 0.1428571492
63440  31.188  -5.636  -30.112 0.5714285970
49186  32.879  -22.595  -19.709 0.5714285970
65535  25.536  -1.733  -32.065 0.1428571492
48300  31.179  -22.970  -20.154 0.5714285970
48301  30.324  -23.280  -20.492 0.5714285970
47518  28.955  -24.302  -20.628 0.2857142985
49194  31.628  -22.325  -20.564 0.5714285970
49196  29.926  -22.897  -21.222 0.5714285970
47509  29.305  -24.841  -19.969 0.4285714328
49195  30.760  -22.595  -20.836 0.5714285970
48302  29.467  -23.598  -20.904 0.4285714328
50038  31.014  -21.347  -21.892 0.5714285970
49202  30.405  -22.180  -21.528 0.5714285970
49203  29.551  -22.393  -21.757 0.4285714328
50037  31.972  -20.725  -21.791 0.5714285970
105491  31.386  -20.777  -22.219 0.5714285970
50039  29.992  -21.701  -22.123 0.4285714328
50876  31.604  -20.302  -22.515 0.7142857313
50877  30.895  -20.663  -22.584 0.4285714328
51670  31.840  -19.597  -22.793 0.4285714328
94769  28.614  -23.726  -21.152 0.2857142985
48303  27.915  -23.639  -21.128 0.2857142985
51658  32.288  -19.990  -22.183 0.7142857313
52500  31.316  -19.007  -23.376 0.7142857313
51680  29.451  -19.146  -23.623 0.4285714328
53361  30.574  -17.975  -24.266 0.7142857313
52519  29.630  -18.106  -24.262 0.5714285970
53369  30.047  -17.670  -24.600 0.7142857313
53370  29.498  -17.457  -24.623 0.2857142985
51669  32.071  -18.779  -22.701 0.5714285970
53349  31.676  -18.064  -23.101 0.5714285970
52508  31.101  -18.302  -23.771 0.7142857313
54195  30.625  -17.085  -24.597 0.7142857313
54208  29.949  -16.886  -25.000 0.7142857313
101408  30.391  -16.466  -25.045 0.7142857313
54219  29.643  -16.338  -25.317 0.7142857313
54209  29.294  -16.801  -25.007 0.4285714328
54220  29.061  -16.145  -25.425 0.4285714328
53360  31.312  -17.411  -23.778 0.5714285970
54193  31.837  -16.534  -23.502 0.5714285970
54207  30.983  -16.261  -24.743 0.5714285970
54983  30.633  -15.822  -25.229 0.7142857313
54995  30.307  -15.507  -25.610 0.7142857313
104667  30.777  -14.480  -25.852 0.7142857313
54996  29.667  -15.624  -25.712 0.7142857313
55813  29.389  -14.691  -26.118 0.5714285970
56573  29.580  -13.866  -26.333 0.5714285970
54981  31.855  -15.074  -24.304 0.5714285970
54982  31.279  -15.432  -24.792 0.5714285970
55799  31.573  -14.569  -24.862 0.7142857313
90958  30.682  -14.048  -26.147 0.8571428657
54997  28.862  -15.395  -25.707 0.4285714328
95646  31.165  -13.286  -26.197 0.7142857313
56572  30.327  -13.275  -26.437 0.7142857313
57326  31.001  -12.622  -26.515 0.7142857313
106038  29.966  -12.723  -26.530 0.7142857313
54994  30.881  -14.970  -25.472 0.7142857313
56571  31.750  -13.125  -25.614 0.8571428657
57325  31.593  -12.381  -26.179 0.8571428657
57335  30.483  -12.215  -26.637 0.7142857313
57336  29.623  -12.272  -26.497 0.5714285970
58123  29.039  -11.649  -26.358 0.2857142985
57334  31.206  -11.905  -26.607 0.7142857313
58925  29.354  -10.912  -26.508 0.7142857313
89183  31.236  -10.121  -27.025 0.8571428657
58121  30.928  -11.297  -26.887 0.8571428657
58924  30.334  -10.804  -26.825 0.5714285970
58923  30.989  -10.635  -27.028 0.8571428657
89011  30.567  -10.052  -26.932 0.8571428657
91028  29.613  -10.212  -26.596 0.7142857313
58120  31.561  -11.336  -26.642 0.8571428657
106286  31.005  -9.759  -27.138 0.8571428657
59731  29.737  -9.433  -26.566 0.7142857313
62067  29.717  -6.749  -26.871 0.7142857313
62074  30.015  -6.566  -27.990 0.7142857313
62777  29.715  -6.008  -28.788 0.8571428657
63425  29.281  -5.177  -28.005 0.7142857313
62762  29.246  -5.944  -26.203 0.7142857313
63418  29.186  -4.590  -26.964 0.7142857313
64159  28.923  -4.364  -27.953 0.7142857313
63410  28.877  -4.112  -26.060 0.5714285970
63433  29.250  -5.348  -29.528 0.7142857313
64152  28.934  -3.892  -26.735 0.5714285970
64167  28.587  -3.692  -28.402 0.4285714328
64160  28.767  -3.381  -27.192 0.5714285970
63434  28.798  -5.009  -30.678 0.5714285970
64146  28.603  -3.724  -25.440 0.5714285970
64153  28.857  -3.211  -26.024 0.5714285970
64137  28.420  -2.951  -25.134 0.5714285970
64147  28.261  -3.888  -24.857 0.4285714328
64840  28.663  -2.234  -25.636 0.5714285970
97013  28.037  -2.735  -29.183 0.5714285970
64830  27.814  -2.483  -24.620 0.4285714328
88108  27.349  -4.000  -24.535 0.4285714328
65490  27.681  -1.544  -24.523 0.4285714328
53332  33.553  -17.641  -21.258 0.2857142985
65499  28.507  -1.330  -25.380 0.2857142985
92828  28.339  -1.877  -24.926 0.4285714328
64831  26.746  -2.111  -24.391 0.2857142985
92122  30.741  -23.628  -19.820 0.5714285970
47508  30.189  -24.662  -19.435 0.5714285970
49193  32.532  -22.116  -20.335 0.2857142985
48295  29.923  -24.045  -20.100 0.5714285970
50032  32.006  -21.495  -21.021 0.5714285970
49204  28.718  -22.449  -21.792 0.4285714328
50047  30.283  -21.077  -22.474 0.4285714328
48308  28.263  -23.108  -21.478 0.2857142985
51679  30.067  -19.476  -23.587 0.5714285970
92147  28.496  -18.429  -23.539 0.2857142985
106885  31.611  -11.788  -26.408 0.8571428657
58122  30.026  -11.529  -26.703 0.7142857313
61303  29.815  -7.640  -26.627 0.7142857313
64138  27.891  -3.397  -24.647 0.2857142985
94474  28.637  -4.469  -29.526 0.5714285970
64174  28.165  -4.541  -30.961 0.5714285970
64857  28.159  -3.626  -29.649 0.5714285970
64845  28.700  -2.516  -26.620 0.5714285970
96624  28.505  -2.006  -27.218 0.2857142985
50048  29.515  -21.093  -22.510 0.4285714328
92861  32.219  -15.865  -23.398 0.7142857313
56561  31.934  -13.707  -24.931 0.7142857313
58922  31.461  -10.660  -26.878 0.7142857313
60519  29.798  -8.560  -26.529 0.7142857313
49187  32.045  -22.759  -19.917 0.5714285970
48294  31.598  -23.431  -19.569 0.4285714328
49201  31.163  -21.997  -21.169 0.5714285970
46663  29.557  -25.376  -19.355 0.5714285970
48307  29.092  -23.120  -21.509 0.4285714328
50040  29.146  -21.789  -22.136 0.4285714328
96686  30.957  -19.886  -23.155 0.5714285970
50878  30.015  -20.371  -22.953 0.4285714328
105383  30.704  -19.332  -23.574 0.7142857313
52509  30.486  -18.770  -23.920 0.5714285970
52511  29.232  -18.585  -23.823 0.4285714328
52520  28.991  -17.943  -24.148 0.2857142985
54194  31.296  -16.639  -24.151 0.7142857313
54218  30.081  -16.155  -25.384 0.7142857313
54969  31.672  -15.850  -24.062 0.5714285970
55812  30.272  -14.824  -25.972 0.7142857313
95756  30.071  -14.183  -26.298 0.7142857313
55811  31.261  -14.032  -25.626 0.5714285970
88617  28.833  -13.926  -26.155 0.2857142985
104687  29.561  -6.173  -27.078 0.7142857313
64851  28.440  -2.796  -28.021 0.7142857313
65504  28.647  -1.678  -26.293 0.5714285970
50041  28.395  -21.684  -21.920 0.1428571492
50049  28.758  -21.087  -22.314 0.4285714328
44242  28.481  -28.333  -17.577 0.4285714328
50020  35.051  -21.745  -19.503 0.1428571492
50021  34.108  -21.661  -19.924 0.1428571492
51643  33.568  -19.331  -21.069 0.1428571492
52477  33.869  -18.488  -20.850 0.1428571492
50845  34.912  -20.939  -19.909 0.1428571492
50019  35.671  -21.250  -19.450 0.1428571492
104029  34.491  -18.430  -20.424 0.1428571492
50857  34.603  -20.170  -20.363 0.1428571492
54161  33.817  -16.129  -21.284 0.2857142985
60518  30.639  -8.236  -27.296 0.5714285970
68257  24.277  2.084  -31.937 0.1428571492
68258  23.537  2.606  -30.915 0.1428571492
61304  29.168  -7.940  -25.747 0.4285714328
61291  29.205  -6.929  -25.704 0.4285714328
66876  25.634  -0.269  -30.050 0.2857142985
65511  27.883  -1.193  -28.275 0.2857142985
65517  27.263  -2.384  -29.893 0.2857142985
88422  26.779  -7.108  -24.744 0.1428571492
62770  29.427  -5.580  -27.267 0.5714285970
95745  27.661  -0.262  -28.055 0.2857142985
88531  28.161  -6.233  -24.492 0.4285714328
99877  28.840  -5.393  -25.359 0.5714285970
100514  27.499  -5.630  -24.333 0.4285714328
66179  28.464  -0.870  -26.167 0.1428571492
66185  28.370  -1.326  -27.192 0.1428571492
88256  26.110  -5.436  -24.454 0.1428571492
102046  27.970  -3.994  -24.609 0.4285714328
66186  28.124  -0.511  -27.161 0.1428571492
66861  27.437  0.463  -27.890 0.1428571492
88506  27.054  -4.795  -24.417 0.2857142985
65489  28.167  -0.875  -24.715 0.2857142985
65491  26.643  -1.247  -24.186 0.1428571492
66171  28.341  -0.468  -25.256 0.1428571492
66180  28.114  -0.026  -26.182 0.1428571492
66157  28.064  -0.103  -24.744 0.1428571492
66845  27.938  0.501  -25.302 0.1428571492
45059  28.947  -27.817  -18.088 0.4285714328
45070  27.758  -27.064  -18.632 0.2857142985
51641  34.977  -19.622  -20.149 0.1428571492
53315  34.242  -17.694  -20.597 0.1428571492
65523  26.644  -2.725  -31.419 0.2857142985
66191  27.175  -1.019  -29.167 0.2857142985
66853  27.745  0.382  -27.113 0.2857142985
46641  34.278  -25.101  -17.289 0.1428571492
46642  33.485  -25.292  -17.446 0.1428571492
48283  34.845  -22.884  -18.656 0.1428571492
49183  35.177  -22.279  -19.072 0.1428571492
93121  33.501  -15.985  -21.814 0.1428571492
60520  29.011  -8.854  -25.828 0.4285714328
63411  28.628  -4.581  -25.154 0.5714285970
64175  27.616  -4.004  -31.140 0.4285714328
66869  27.092  0.080  -28.628 0.2857142985
66192  26.368  -0.696  -29.681 0.2857142985
66198  26.276  -1.979  -30.637 0.2857142985
66877  24.945  0.270  -30.429 0.1428571492
67568  24.463  1.394  -30.021 0.1428571492
66215  24.876  -0.516  -32.273 0.1428571492
66208  24.727  -0.274  -31.405 0.1428571492
66882  24.463  0.483  -31.685 0.1428571492
65531  25.304  -1.628  -32.131 0.1428571492
66207  25.058  -1.313  -32.054 0.1428571492
66870  26.372  0.607  -28.985 0.2857142985
65524  25.887  -2.087  -31.658 0.2857142985
66199  25.657  -1.503  -30.938 0.1428571492
45068  29.374  -27.154  -18.315 0.4285714328
64864  27.043  -3.375  -31.232 0.2857142985
63419  28.996  -4.976  -26.162 0.5714285970
64858  27.520  -3.291  -30.326 0.2857142985
65510  28.194  -1.984  -28.238 0.2857142985
51642  34.364  -19.282  -20.545 0.1428571492
50844  35.589  -20.674  -19.626 0.1428571492
61305  28.088  -8.258  -25.433 0.2857142985
88111  27.734  -7.002  -24.783 0.2857142985
62763  28.815  -6.100  -25.164 0.4285714328
62764  28.447  -5.428  -24.592 0.4285714328
100528  27.304  -6.488  -24.555 0.2857142985
63412  28.038  -4.633  -24.435 0.4285714328
45060  27.886  -27.722  -18.148 0.2857142985
52462  34.841  -17.882  -20.078 0.1428571492
66200  25.199  -0.882  -31.091 0.2857142985
66878  24.291  0.791  -30.802 0.1428571492
57337  28.769  -12.421  -26.176 0.2857142985
67549  26.161  2.210  -27.969 0.1428571492
106704  26.100  1.298  -28.834 0.1428571492
68227  25.643  2.940  -27.615 0.1428571492
67534  27.548  1.444  -25.849 0.1428571492
68226  26.477  2.519  -27.162 0.1428571492
67548  26.953  1.680  -27.543 0.1428571492
67558  26.459  1.470  -28.348 0.1428571492
67542  27.153  2.051  -26.619 0.1428571492
68222  26.607  2.885  -26.262 0.1428571492
67547  27.359  0.959  -27.501 0.1428571492
68908  26.284  3.574  -25.512 0.1428571492
68223  25.972  3.166  -26.906 0.1428571492
56583  29.353  -13.108  -26.367 0.2857142985
67535  27.233  2.275  -25.885 0.1428571492
68916  25.691  3.560  -26.266 0.1428571492
68228  24.579  3.342  -28.118 0.1428571492
50870  32.763  -20.298  -21.548 0.2857142985
66862  27.047  0.945  -28.172 0.1428571492
67559  25.778  1.821  -28.685 0.1428571492
68215  27.049  2.841  -25.413 0.1428571492
47502  30.810  -24.880  -18.799 0.4285714328
46651  32.154  -24.997  -18.052 0.1428571492
47507  31.077  -24.148  -19.247 0.2857142985
47501  31.650  -24.561  -18.622 0.1428571492
46653  30.549  -25.548  -18.460 0.2857142985
46662  30.189  -25.246  -18.959 0.4285714328
48286  32.034  -23.893  -19.016 0.1428571492
46652  31.323  -25.270  -18.220 0.1428571492
105692  30.473  -24.102  -19.627 0.4285714328
89141  28.505  -6.749  -25.036 0.2857142985
45889  29.614  -26.457  -18.525 0.2857142985
99465  29.000  -26.768  -18.771 0.2857142985
46654  29.860  -25.802  -18.773 0.2857142985
46655  29.031  -26.137  -19.156 0.2857142985
51671  29.335  -19.752  -23.259 0.2857142985
51681  28.872  -19.147  -23.387 0.2857142985
53371  28.778  -17.251  -24.508 0.1428571492
54210  28.540  -16.513  -24.817 0.1428571492
54998  28.208  -15.143  -25.376 0.1428571492
57327  28.055  -12.517  -25.751 0.1428571492
58109  28.176  -11.812  -25.838 0.1428571492
102837  28.830  -10.332  -26.229 0.1428571492
58124  28.322  -10.908  -25.918 0.1428571492
59733  28.059  -9.992  -25.672 0.1428571492
61292  28.384  -7.435  -25.265 0.1428571492
88324  26.356  -7.814  -24.844 0.1428571492
61293  27.329  -7.713  -25.063 0.1428571492
64139  26.760  -3.134  -24.478 0.1428571492
88109  26.098  -4.212  -24.416 0.1428571492
92906  25.901  -2.580  -24.230 0.1428571492
45888  30.226  -26.117  -18.271 0.1428571492
59720  27.121  -9.570  -25.433 0.1428571492
44243  27.563  -28.298  -17.486 0.2857142985
50879  29.077  -20.427  -22.752 0.2857142985
51672  28.623  -19.725  -22.810 0.2857142985
55814  28.504  -14.628  -25.763 0.1428571492
90045  28.015  -13.874  -25.639 0.1428571492
56574  28.419  -13.158  -25.911 0.1428571492
57329  26.842  -12.548  -25.279 0.1428571492
58110  27.416  -11.300  -25.562 0.1428571492
60510  27.028  -8.419  -25.241 0.1428571492
100145  25.110  -4.012  -24.265 0.1428571492
50880  28.368  -20.384  -22.304 0.2857142985
54984  28.325  -15.782  -25.133 0.1428571492
63406  25.183  -4.813  -24.341 0.1428571492
59732  28.843  -9.679  -26.083 0.1428571492
45890  28.264  -26.665  -18.984 0.2857142985
51682  28.059  -18.989  -22.876 0.1428571492
57328  27.396  -12.159  -25.541 0.1428571492
44244  26.734  -28.143  -17.282 0.1428571492
91177  27.104  -27.758  -17.804 0.1428571492
45048  25.938  -27.700  -16.938 0.1428571492
45879  26.984  -27.095  -18.275 0.1428571492
46664  28.672  -25.483  -19.704 0.1428571492
56518  33.969  -13.694  -21.903 0.1428571492
55755  34.337  -14.090  -21.298 0.1428571492
44234  27.197  -28.763  -16.854 0.1428571492
46656  28.014  -26.053  -19.418 0.1428571492
45891  27.283  -26.429  -18.903 0.1428571492
47510  28.312  -24.945  -20.328 0.1428571492
103129  31.760  -4.503  -28.082 0.1428571492
47519  28.031  -24.277  -20.822 0.1428571492
45069  28.540  -27.232  -18.546 0.1428571492
45061  26.445  -27.369  -17.584 0.1428571492
52510  29.800  -18.725  -23.948 0.4285714328
52518  30.069  -18.268  -24.281 0.5714285970
65530  25.395  -1.706  -31.897 0.1428571492
97661  25.644  1.875  -33.426 0.1428571492
98082  31.087  -28.473  -16.206 0.1428571492
104749  29.615  -28.514  -17.056 0.4285714328
