#!ascii label  , from subject sub-v2s9x29172_ses-1 vox2ras=TkReg
1614
53153  -35.827  -31.410  32.728 0.0000000000
38718  -29.624  -48.161  34.577 0.0000000000
50226  -38.559  -34.466  23.306 0.0000000000
45736  -42.116  -39.934  27.482 0.0000000000
50127  -41.742  -34.817  32.321 0.0000000000
44737  -35.848  -40.572  33.527 0.0000000000
44888  -29.884  -40.961  20.881 0.0000000000
124891  -36.702  -38.609  23.669 0.0000000000
34091  -20.543  -52.863  33.590 0.0000000000
57056  -46.015  -28.210  23.100 0.0000000000
38923  -21.102  -47.031  20.427 0.0000000000
48388  -38.970  -36.048  29.830 0.0000000000
46596  -43.060  -39.537  32.311 0.0000000000
50107  -40.282  -35.115  34.350 0.0000000000
49194  -35.031  -35.648  33.929 0.0000000000
118040  -33.417  -37.155  28.220 0.0000000000
51153  -35.528  -33.644  27.422 0.0000000000
46682  -38.693  -38.355  26.061 0.0000000000
59615  -47.763  -24.701  19.581 0.0000000000
35923  -25.023  -51.278  33.414 0.0000000000
36045  -21.386  -50.421  26.954 0.0000000000
38819  -25.166  -47.045  27.858 0.0000000000
50158  -39.831  -34.298  28.176 0.0000000000
40449  -33.787  -45.793  33.363 0.0000000000
40539  -30.073  -45.105  28.019 0.0000000000
43932  -32.719  -41.761  28.172 0.0000000000
47653  -32.930  -37.747  20.616 0.0000000000
114112  -15.890  -52.687  35.082 0.0000000000
56019  -39.673  -28.782  32.041 0.0000000000
55141  -38.883  -29.921  26.735 0.0000000000
130618  -42.790  -26.855  26.042 0.0000000000
55210  -39.690  -29.552  21.595 0.0000000000
57095  -41.841  -27.752  17.602 0.0000000000
116558  -16.400  -50.350  28.886 0.0000000000
41463  -25.088  -43.901  20.767 0.0000000000
51111  -37.502  -33.390  31.366 0.0000000000
49211  -39.306  -35.333  32.363 0.0000000000
52152  -38.421  -33.148  32.925 0.0000000000
51092  -34.722  -33.034  33.258 0.0000000000
50124  -33.952  -34.066  31.331 0.0000000000
52175  -35.295  -32.554  30.471 0.0000000000
50157  -37.274  -34.802  28.705 0.0000000000
122768  -41.410  -34.253  22.229 0.0000000000
50294  -38.249  -34.279  19.709 0.0000000000
36851  -27.642  -49.438  34.628 0.0000000000
36887  -25.152  -49.159  31.040 0.0000000000
38756  -27.418  -47.666  31.549 0.0000000000
44785  -43.970  -40.879  28.773 0.0000000000
48380  -42.743  -37.711  33.311 0.0000000000
46597  -44.239  -39.596  31.712 0.0000000000
120144  -42.966  -36.949  30.633 0.0000000000
48398  -41.998  -36.352  28.879 0.0000000000
50138  -40.941  -34.413  30.777 0.0000000000
42161  -35.284  -43.677  33.482 0.0000000000
126639  -33.303  -43.634  30.385 0.0000000000
43920  -33.971  -40.906  30.818 0.0000000000
49298  -34.005  -34.741  24.298 0.0000000000
47618  -32.760  -36.943  23.953 0.0000000000
46761  -35.476  -37.957  21.495 0.0000000000
46684  -40.187  -38.907  26.489 0.0000000000
55118  -39.499  -29.346  29.654 0.0000000000
56128  -40.764  -28.681  23.734 0.0000000000
116841  -42.589  -28.703  21.129 0.0000000000
56172  -40.937  -28.894  19.103 0.0000000000
118988  -44.671  -28.134  20.034 0.0000000000
60462  -46.028  -23.938  17.070 0.0000000000
34975  -18.214  -52.314  34.163 0.0000000000
35016  -16.370  -51.055  31.754 0.0000000000
35944  -18.769  -51.066  31.202 0.0000000000
37975  -21.238  -48.635  23.478 0.0000000000
37957  -18.934  -48.398  23.967 0.0000000000
38025  -18.867  -48.813  20.741 0.0000000000
42253  -29.881  -43.604  25.260 0.0000000000
124422  -27.573  -44.450  24.243 0.0000000000
43172  -27.845  -42.731  21.116 0.0000000000
47545  -39.881  -37.142  29.101 0.0000000000
46611  -42.447  -39.397  29.500 0.0000000000
47534  -40.554  -37.644  31.205 0.0000000000
48370  -40.850  -37.319  33.772 0.0000000000
49197  -41.197  -35.658  34.600 0.0000000000
47497  -35.540  -37.987  33.348 0.0000000000
46585  -34.777  -38.802  31.304 0.0000000000
48387  -34.164  -36.694  30.849 0.0000000000
50155  -33.669  -34.524  28.293 0.0000000000
49286  -35.990  -35.126  24.878 0.0000000000
46701  -37.524  -38.329  25.154 0.0000000000
49274  -37.383  -35.784  26.556 0.0000000000
48421  -39.069  -36.810  27.779 0.0000000000
57951  -47.068  -27.143  21.246 0.0000000000
59572  -50.640  -25.040  23.987 0.0000000000
134659  -23.308  -52.681  32.660 0.0000000000
35036  -21.070  -51.524  30.217 0.0000000000
35058  -23.128  -51.803  29.955 0.0000000000
36968  -22.946  -49.294  26.895 0.0000000000
38875  -22.885  -46.898  23.865 0.0000000000
44777  -44.769  -40.899  30.989 0.0000000000
49276  -41.266  -36.081  26.247 0.0000000000
50180  -38.969  -34.244  25.999 0.0000000000
39585  -31.787  -46.996  34.256 0.0000000000
118956  -29.606  -46.675  31.355 0.0000000000
135646  -32.175  -45.680  31.186 0.0000000000
42220  -31.674  -43.827  27.599 0.0000000000
43984  -31.573  -41.366  24.435 0.0000000000
118594  -33.108  -39.147  28.133 0.0000000000
124482  -32.461  -39.504  25.069 0.0000000000
45848  -31.466  -39.181  20.070 0.0000000000
54071  -36.648  -30.288  35.107 0.0000000000
38694  -31.551  -48.590  37.106 0.0000000000
41259  -35.463  -45.163  36.178 0.0000000000
43000  -36.535  -42.294  36.078 0.0000000000
54073  -38.506  -31.012  35.739 0.0000000000
52095  -40.579  -32.615  35.837 0.0000000000
118727  -41.840  -32.835  33.974 0.0000000000
135913  -41.068  -28.281  34.075 0.0000000000
53172  -40.594  -32.059  32.114 0.0000000000
53190  -38.922  -32.033  30.128 0.0000000000
52191  -37.688  -32.027  28.131 0.0000000000
52207  -36.761  -32.069  25.986 0.0000000000
55172  -40.484  -29.162  25.810 0.0000000000
55181  -38.865  -29.774  24.480 0.0000000000
53256  -36.456  -31.784  22.267 0.0000000000
53305  -37.265  -30.795  19.172 0.0000000000
58815  -44.975  -25.967  18.272 0.0000000000
34100  -14.617  -52.506  32.547 0.0000000000
36043  -14.390  -50.034  26.030 0.0000000000
36946  -18.663  -49.572  27.245 0.0000000000
37936  -16.404  -48.961  25.171 0.0000000000
39668  -27.614  -46.189  28.296 0.0000000000
40582  -24.914  -45.632  24.133 0.0000000000
40644  -23.083  -44.928  20.148 0.0000000000
119300  -25.273  -46.639  17.473 0.0000000000
52150  -36.581  -31.789  32.095 0.0000000000
51104  -37.889  -33.184  32.127 0.0000000000
53155  -36.890  -31.521  32.802 0.0000000000
132876  -35.076  -32.296  33.194 0.0000000000
52162  -34.710  -32.603  31.625 0.0000000000
52163  -35.446  -32.209  31.232 0.0000000000
116904  -35.913  -32.472  30.657 0.0000000000
50210  -39.714  -35.010  24.299 0.0000000000
50245  -39.066  -34.613  22.614 0.0000000000
133664  -39.349  -34.479  21.125 0.0000000000
50262  -37.717  -34.377  21.550 0.0000000000
114742  -28.167  -48.801  34.324 0.0000000000
116057  -27.194  -48.675  33.030 0.0000000000
116735  -27.981  -48.150  32.936 0.0000000000
44798  -42.558  -40.930  27.311 0.0000000000
45737  -42.947  -40.307  28.008 0.0000000000
49214  -42.317  -36.882  33.636 0.0000000000
48390  -43.046  -37.246  32.199 0.0000000000
49223  -42.028  -35.450  31.925 0.0000000000
50139  -41.659  -35.242  30.879 0.0000000000
128375  -41.521  -34.788  31.515 0.0000000000
43029  -35.721  -42.397  33.713 0.0000000000
43040  -34.708  -42.655  32.478 0.0000000000
117740  -34.847  -40.963  32.138 0.0000000000
48463  -35.693  -36.147  23.071 0.0000000000
49326  -34.956  -35.708  22.782 0.0000000000
46745  -36.483  -38.427  22.910 0.0000000000
44855  -36.369  -40.303  23.197 0.0000000000
117891  -40.790  -39.245  26.770 0.0000000000
44813  -40.882  -40.568  26.677 0.0000000000
45759  -41.399  -40.109  26.882 0.0000000000
56141  -43.755  -28.614  22.755 0.0000000000
118593  -43.995  -28.531  21.847 0.0000000000
56163  -43.233  -28.524  20.558 0.0000000000
57066  -45.692  -28.040  21.344 0.0000000000
34988  -19.192  -52.233  33.307 0.0000000000
35001  -18.502  -51.678  32.744 0.0000000000
137167  -19.664  -51.817  31.915 0.0000000000
38891  -21.377  -47.597  22.176 0.0000000000
37994  -20.142  -48.269  21.868 0.0000000000
38027  -20.099  -48.055  20.086 0.0000000000
37077  -19.471  -49.472  19.092 0.0000000000
133668  -20.489  -48.978  18.218 0.0000000000
43163  -29.706  -42.433  23.072 0.0000000000
42293  -29.105  -43.030  23.235 0.0000000000
44041  -28.804  -41.853  20.778 0.0000000000
48397  -39.335  -36.495  29.521 0.0000000000
128881  -40.310  -37.374  30.083 0.0000000000
48389  -39.453  -36.444  30.500 0.0000000000
50118  -39.732  -35.324  33.432 0.0000000000
48378  -40.154  -36.646  32.672 0.0000000000
49202  -40.591  -36.089  34.221 0.0000000000
48363  -41.444  -37.064  34.390 0.0000000000
49196  -40.892  -35.560  34.694 0.0000000000
48361  -35.340  -37.057  33.792 0.0000000000
47506  -34.847  -37.322  32.124 0.0000000000
48369  -34.722  -36.425  32.563 0.0000000000
51128  -34.519  -33.285  29.202 0.0000000000
50145  -33.702  -34.312  29.212 0.0000000000
51152  -34.426  -33.637  27.503 0.0000000000
50177  -34.612  -33.789  26.256 0.0000000000
50178  -35.777  -34.267  26.080 0.0000000000
134424  -36.799  -35.431  26.116 0.0000000000
50165  -36.748  -34.756  27.365 0.0000000000
49241  -37.861  -35.254  29.160 0.0000000000
49248  -37.701  -35.371  28.362 0.0000000000
48408  -38.814  -36.114  29.115 0.0000000000
47558  -39.628  -37.258  28.084 0.0000000000
34989  -24.072  -52.354  33.190 0.0000000000
35021  -23.123  -52.442  31.128 0.0000000000
35023  -24.244  -51.674  31.900 0.0000000000
37875  -25.193  -48.139  29.907 0.0000000000
36911  -24.019  -49.528  29.211 0.0000000000
37908  -24.025  -48.207  27.814 0.0000000000
37942  -22.997  -48.216  25.798 0.0000000000
38848  -24.083  -46.992  25.831 0.0000000000
122012  -42.576  -39.365  30.819 0.0000000000
119571  -43.347  -39.984  30.211 0.0000000000
45701  -43.593  -40.032  31.533 0.0000000000
46635  -44.547  -38.851  30.613 0.0000000000
45703  -45.180  -40.496  31.061 0.0000000000
46613  -45.734  -39.827  30.434 0.0000000000
49250  -40.942  -35.255  28.871 0.0000000000
48422  -41.955  -36.530  27.205 0.0000000000
50168  -40.219  -34.902  27.612 0.0000000000
50182  -40.071  -35.120  26.684 0.0000000000
50167  -39.649  -34.475  27.279 0.0000000000
39596  -32.321  -46.518  33.581 0.0000000000
39607  -31.469  -46.450  32.396 0.0000000000
40462  -32.782  -45.696  32.191 0.0000000000
43075  -32.929  -42.661  29.261 0.0000000000
41323  -32.615  -43.847  29.364 0.0000000000
42221  -32.220  -43.204  27.833 0.0000000000
43098  -31.824  -42.708  26.491 0.0000000000
43118  -32.107  -41.912  26.010 0.0000000000
46609  -34.008  -37.933  29.865 0.0000000000
46608  -33.657  -39.119  29.399 0.0000000000
46660  -33.164  -38.461  27.930 0.0000000000
47628  -32.712  -37.467  22.347 0.0000000000
46716  -32.543  -38.619  24.928 0.0000000000
46744  -32.407  -38.304  22.777 0.0000000000
45806  -31.812  -39.698  22.954 0.0000000000
46702  -38.137  -37.985  25.658 0.0000000000
42139  -36.097  -43.770  36.207 0.0000000000
47486  -36.358  -37.996  35.787 0.0000000000
54072  -37.378  -30.341  35.056 0.0000000000
53084  -40.154  -31.058  36.328 0.0000000000
54057  -40.982  -30.972  35.724 0.0000000000
52096  -41.175  -32.736  35.359 0.0000000000
54058  -41.807  -30.474  34.951 0.0000000000
56000  -39.951  -28.895  32.862 0.0000000000
54106  -40.918  -30.638  33.166 0.0000000000
54105  -39.863  -30.467  32.523 0.0000000000
52166  -40.159  -32.278  31.416 0.0000000000
53181  -38.891  -30.787  31.086 0.0000000000
129307  -38.845  -29.801  28.367 0.0000000000
53188  -37.674  -30.956  28.972 0.0000000000
54158  -37.617  -30.753  28.110 0.0000000000
52200  -37.513  -32.211  27.326 0.0000000000
126028  -37.170  -30.909  26.436 0.0000000000
56121  -41.779  -28.031  25.410 0.0000000000
55202  -40.360  -29.249  22.181 0.0000000000
55192  -39.492  -29.370  23.466 0.0000000000
55200  -38.744  -29.794  23.031 0.0000000000
134873  -37.384  -30.659  23.329 0.0000000000
54238  -37.331  -30.669  21.770 0.0000000000
135367  -36.822  -31.130  20.419 0.0000000000
54259  -38.108  -30.209  20.462 0.0000000000
56187  -41.732  -28.334  18.382 0.0000000000
56185  -39.802  -28.972  18.109 0.0000000000
56219  -39.980  -28.099  16.626 0.0000000000
58786  -47.662  -25.988  20.591 0.0000000000
57971  -46.380  -26.495  19.744 0.0000000000
58800  -46.754  -25.782  19.517 0.0000000000
35956  -16.454  -50.605  30.306 0.0000000000
35034  -15.330  -51.218  30.786 0.0000000000
36004  -15.543  -50.582  28.739 0.0000000000
36027  -13.968  -50.945  27.401 0.0000000000
36044  -15.185  -49.960  26.764 0.0000000000
36009  -21.022  -50.799  28.662 0.0000000000
35982  -20.080  -50.530  29.143 0.0000000000
36947  -19.653  -49.705  26.956 0.0000000000
127029  -17.933  -48.381  24.238 0.0000000000
35168  -17.467  -51.111  21.453 0.0000000000
39653  -29.605  -46.039  29.515 0.0000000000
122014  -28.706  -46.336  29.649 0.0000000000
40518  -28.434  -45.858  28.272 0.0000000000
41433  -26.426  -44.247  22.649 0.0000000000
122378  -26.651  -45.246  24.789 0.0000000000
40616  -25.061  -44.850  22.850 0.0000000000
40615  -24.220  -45.129  22.486 0.0000000000
41461  -23.781  -44.568  20.616 0.0000000000
116993  -24.276  -47.508  17.430 0.0000000000
50137  -38.348  -34.982  30.785 0.0000000000
49221  -39.026  -35.476  31.438 0.0000000000
51112  -38.264  -33.954  31.845 0.0000000000
131197  -38.528  -33.730  32.521 0.0000000000
50106  -39.038  -33.913  33.308 0.0000000000
117230  -34.764  -34.718  33.606 0.0000000000
49201  -34.480  -34.825  32.726 0.0000000000
50116  -34.232  -34.031  32.218 0.0000000000
51109  -34.220  -33.096  30.952 0.0000000000
51129  -35.267  -33.139  29.164 0.0000000000
50156  -36.707  -34.431  28.155 0.0000000000
51130  -36.092  -33.288  29.428 0.0000000000
50135  -36.892  -33.890  29.827 0.0000000000
51297  -38.407  -33.764  18.187 0.0000000000
35925  -26.286  -50.381  34.334 0.0000000000
136096  -25.151  -50.009  32.170 0.0000000000
36875  -26.045  -49.254  32.546 0.0000000000
37846  -25.830  -48.619  31.349 0.0000000000
38787  -26.347  -47.287  29.840 0.0000000000
46576  -42.629  -38.821  33.431 0.0000000000
128925  -43.759  -39.801  32.297 0.0000000000
47522  -43.324  -38.710  32.892 0.0000000000
47536  -43.528  -37.965  31.830 0.0000000000
47547  -43.202  -37.328  29.422 0.0000000000
130193  -43.395  -37.406  28.450 0.0000000000
48399  -42.525  -36.656  29.475 0.0000000000
50149  -41.211  -35.159  29.890 0.0000000000
50148  -40.624  -34.559  29.527 0.0000000000
122208  -34.870  -44.926  33.615 0.0000000000
41288  -33.944  -44.856  32.133 0.0000000000
42176  -34.223  -43.445  31.815 0.0000000000
42184  -33.937  -42.923  31.165 0.0000000000
137229  -33.360  -41.590  29.610 0.0000000000
117332  -33.286  -36.050  26.758 0.0000000000
47585  -32.992  -37.457  26.733 0.0000000000
48453  -33.082  -36.034  24.394 0.0000000000
127230  -33.542  -36.172  22.677 0.0000000000
46760  -34.709  -37.819  20.923 0.0000000000
44906  -34.975  -39.973  20.805 0.0000000000
44871  -35.626  -40.519  21.950 0.0000000000
46683  -39.417  -38.641  26.327 0.0000000000
45758  -40.437  -39.696  26.568 0.0000000000
56043  -40.942  -28.395  30.755 0.0000000000
55106  -39.331  -29.315  30.560 0.0000000000
56065  -40.262  -28.871  30.157 0.0000000000
124730  -39.725  -29.447  28.747 0.0000000000
55129  -39.898  -29.586  27.904 0.0000000000
57044  -43.067  -27.536  24.876 0.0000000000
57043  -42.212  -27.814  24.820 0.0000000000
114364  -42.471  -28.325  23.631 0.0000000000
56139  -41.968  -28.679  22.567 0.0000000000
55212  -41.165  -29.250  20.963 0.0000000000
134159  -40.135  -29.529  20.109 0.0000000000
56161  -41.848  -28.867  20.066 0.0000000000
56174  -42.455  -28.553  19.620 0.0000000000
132188  -43.107  -28.009  18.699 0.0000000000
60445  -48.194  -23.961  19.168 0.0000000000
59624  -47.458  -24.315  18.807 0.0000000000
60464  -47.513  -23.356  17.609 0.0000000000
34074  -17.191  -52.551  35.004 0.0000000000
34088  -16.260  -52.032  33.872 0.0000000000
130070  -17.030  -51.533  33.058 0.0000000000
35931  -17.243  -51.014  31.789 0.0000000000
129010  -17.442  -50.370  29.536 0.0000000000
36986  -21.236  -49.950  25.574 0.0000000000
37939  -20.022  -49.473  25.092 0.0000000000
116222  -20.010  -48.821  23.672 0.0000000000
37993  -19.303  -48.387  22.129 0.0000000000
37045  -18.254  -49.100  21.181 0.0000000000
35183  -17.928  -50.927  20.860 0.0000000000
36134  -18.648  -50.379  19.859 0.0000000000
41372  -30.308  -44.289  26.795 0.0000000000
40556  -28.978  -45.024  26.902 0.0000000000
41403  -28.983  -43.983  24.964 0.0000000000
42291  -27.644  -43.532  22.463 0.0000000000
42324  -26.296  -43.237  20.447 0.0000000000
46633  -41.039  -38.476  28.353 0.0000000000
46634  -41.744  -38.977  28.563 0.0000000000
47546  -40.667  -37.930  29.290 0.0000000000
46594  -41.013  -38.172  30.600 0.0000000000
47535  -41.425  -38.439  32.015 0.0000000000
49222  -39.489  -36.196  31.464 0.0000000000
48379  -40.602  -37.433  32.892 0.0000000000
47521  -41.889  -38.524  33.267 0.0000000000
47509  -42.083  -38.221  33.820 0.0000000000
48364  -41.909  -36.956  34.200 0.0000000000
116992  -41.721  -35.886  33.995 0.0000000000
45650  -35.872  -39.700  33.437 0.0000000000
45656  -35.215  -39.675  32.060 0.0000000000
46574  -35.247  -38.860  32.051 0.0000000000
126439  -34.622  -38.120  31.052 0.0000000000
47531  -33.944  -37.137  29.979 0.0000000000
49220  -33.914  -35.053  31.260 0.0000000000
49240  -33.598  -35.939  29.298 0.0000000000
114881  -33.446  -36.307  27.986 0.0000000000
122261  -33.721  -34.563  26.216 0.0000000000
49299  -35.281  -34.847  24.395 0.0000000000
48454  -36.690  -36.661  24.325 0.0000000000
46718  -37.083  -38.956  24.864 0.0000000000
48446  -36.989  -36.408  25.048 0.0000000000
48447  -37.522  -36.844  25.490 0.0000000000
47587  -38.546  -37.590  26.219 0.0000000000
50166  -37.212  -34.983  28.028 0.0000000000
48420  -38.492  -36.473  27.427 0.0000000000
47574  -38.906  -37.097  26.899 0.0000000000
130958  -39.484  -37.433  27.199 0.0000000000
46662  -40.580  -38.463  27.206 0.0000000000
126708  -46.846  -27.579  21.806 0.0000000000
57930  -48.375  -27.018  23.505 0.0000000000
57953  -48.686  -26.223  22.042 0.0000000000
59604  -48.803  -24.858  20.925 0.0000000000
60436  -49.238  -24.077  20.568 0.0000000000
61290  -49.787  -22.760  19.671 0.0000000000
34092  -21.831  -53.007  33.341 0.0000000000
35003  -21.048  -52.512  31.853 0.0000000000
35020  -21.735  -52.471  31.197 0.0000000000
35057  -22.636  -51.721  29.846 0.0000000000
36011  -22.416  -50.789  28.272 0.0000000000
35962  -24.209  -50.681  30.806 0.0000000000
36012  -22.944  -50.413  28.078 0.0000000000
36967  -22.334  -49.803  26.541 0.0000000000
37941  -22.353  -48.839  25.336 0.0000000000
37976  -21.872  -48.241  23.805 0.0000000000
39754  -21.775  -46.846  21.745 0.0000000000
45718  -43.143  -40.032  29.015 0.0000000000
45719  -44.139  -40.644  30.043 0.0000000000
129304  -44.420  -40.324  31.620 0.0000000000
49301  -40.225  -35.381  24.859 0.0000000000
50193  -38.846  -34.412  25.132 0.0000000000
38719  -30.486  -47.750  34.530 0.0000000000
38743  -29.327  -47.340  32.679 0.0000000000
39606  -30.684  -46.772  32.496 0.0000000000
137931  -30.871  -46.279  31.172 0.0000000000
40503  -31.356  -45.252  29.385 0.0000000000
41298  -33.127  -44.865  30.955 0.0000000000
41322  -31.937  -44.686  29.118 0.0000000000
41338  -30.962  -44.755  28.179 0.0000000000
42235  -30.745  -43.739  26.433 0.0000000000
43134  -30.507  -42.517  24.353 0.0000000000
131475  -30.717  -41.600  23.243 0.0000000000
119084  -34.322  -39.997  30.938 0.0000000000
135899  -33.494  -40.449  29.596 0.0000000000
44784  -33.010  -40.546  28.523 0.0000000000
46700  -32.781  -38.033  26.298 0.0000000000
45753  -32.647  -39.737  26.645 0.0000000000
44810  -32.540  -40.493  26.146 0.0000000000
43985  -32.116  -40.911  24.879 0.0000000000
44870  -31.335  -40.412  22.683 0.0000000000
122864  -37.266  -39.980  25.882 0.0000000000
52133  -35.450  -31.693  33.556 0.0000000000
53130  -35.990  -31.040  33.676 0.0000000000
118505  -18.010  -52.793  35.666 0.0000000000
34062  -21.350  -53.056  34.949 0.0000000000
34079  -22.970  -52.798  34.613 0.0000000000
132240  -23.773  -52.576  34.543 0.0000000000
36835  -27.035  -50.272  34.992 0.0000000000
37794  -28.240  -49.560  35.423 0.0000000000
37795  -28.833  -49.196  35.572 0.0000000000
38706  -30.222  -48.372  35.348 0.0000000000
38720  -31.374  -47.589  35.002 0.0000000000
131622  -32.165  -47.374  35.304 0.0000000000
39586  -33.459  -46.661  34.802 0.0000000000
39574  -34.582  -46.258  36.114 0.0000000000
40437  -34.607  -45.817  34.597 0.0000000000
41269  -35.776  -44.449  34.747 0.0000000000
43014  -36.169  -42.927  34.438 0.0000000000
43874  -36.505  -41.575  34.814 0.0000000000
45639  -36.333  -40.097  34.355 0.0000000000
46547  -36.180  -38.347  34.821 0.0000000000
47485  -35.980  -37.390  35.207 0.0000000000
52132  -35.086  -32.518  33.924 0.0000000000
53132  -37.228  -31.178  33.543 0.0000000000
53133  -38.135  -31.771  33.956 0.0000000000
133990  -39.558  -33.421  34.858 0.0000000000
131574  -38.764  -30.550  36.343 0.0000000000
53113  -39.388  -31.919  36.034 0.0000000000
51079  -40.134  -33.778  35.354 0.0000000000
50095  -40.891  -34.852  34.889 0.0000000000
51094  -41.648  -33.782  34.184 0.0000000000
51105  -41.691  -33.946  33.324 0.0000000000
54088  -41.779  -30.675  33.855 0.0000000000
52153  -41.258  -32.355  32.789 0.0000000000
52168  -41.358  -33.293  32.574 0.0000000000
51120  -40.967  -33.659  31.652 0.0000000000
52187  -40.097  -33.261  30.247 0.0000000000
51131  -39.793  -33.497  29.433 0.0000000000
54140  -38.509  -30.397  30.457 0.0000000000
52185  -38.595  -32.297  29.335 0.0000000000
51143  -38.939  -33.252  28.139 0.0000000000
51155  -38.732  -33.420  27.328 0.0000000000
51166  -37.881  -33.193  26.110 0.0000000000
51194  -37.546  -33.544  24.430 0.0000000000
55156  -40.758  -29.274  26.732 0.0000000000
55155  -39.722  -29.597  26.239 0.0000000000
56120  -40.854  -28.616  24.622 0.0000000000
55171  -39.454  -29.554  25.227 0.0000000000
55154  -38.799  -29.957  25.848 0.0000000000
54192  -37.378  -30.666  24.868 0.0000000000
128813  -36.504  -31.797  24.109 0.0000000000
51208  -36.656  -33.192  23.174 0.0000000000
51264  -36.451  -33.432  20.713 0.0000000000
51295  -36.680  -33.154  19.003 0.0000000000
52359  -37.499  -32.631  17.413 0.0000000000
55252  -38.767  -29.798  19.026 0.0000000000
54313  -37.892  -30.345  17.422 0.0000000000
53345  -38.087  -31.638  16.230 0.0000000000
57072  -45.845  -27.655  20.540 0.0000000000
57969  -44.713  -27.134  18.877 0.0000000000
57978  -43.797  -26.933  18.123 0.0000000000
59622  -46.004  -24.972  18.222 0.0000000000
133495  -43.817  -25.777  17.151 0.0000000000
131518  -42.456  -26.457  16.766 0.0000000000
34997  -15.099  -51.886  32.064 0.0000000000
35959  -19.437  -51.025  30.623 0.0000000000
36008  -18.950  -50.241  28.901 0.0000000000
36926  -17.434  -50.021  28.231 0.0000000000
36963  -18.848  -49.238  26.262 0.0000000000
36983  -17.237  -49.232  26.342 0.0000000000
36961  -16.606  -49.517  26.776 0.0000000000
36999  -15.244  -49.375  24.906 0.0000000000
38757  -28.233  -47.323  31.613 0.0000000000
39651  -27.717  -46.678  29.811 0.0000000000
39666  -25.938  -46.729  28.146 0.0000000000
117504  -27.610  -45.441  26.331 0.0000000000
39713  -26.307  -45.998  26.222 0.0000000000
39699  -25.584  -46.434  26.586 0.0000000000
39724  -24.388  -46.172  24.597 0.0000000000
130542  -22.923  -45.847  22.131 0.0000000000
39788  -22.125  -45.841  20.197 0.0000000000
120198  -27.318  -42.463  18.487 0.0000000000
42359  -25.783  -43.326  18.242 0.0000000000
41492  -24.359  -44.356  18.133 0.0000000000
40687  -23.551  -45.660  17.732 0.0000000000
39835  -22.434  -46.556  17.880 0.0000000000
38068  -21.241  -47.765  18.152 0.0000000000
53154  -36.245  -31.448  32.500 0.0000000000
126023  -35.332  -31.909  32.779 0.0000000000
52149  -35.371  -31.935  32.084 0.0000000000
53170  -35.941  -31.626  31.929 0.0000000000
52164  -36.193  -32.077  31.381 0.0000000000
50227  -39.429  -34.747  23.467 0.0000000000
50263  -38.708  -34.522  21.793 0.0000000000
50244  -38.169  -34.416  22.432 0.0000000000
37805  -28.831  -48.587  34.654 0.0000000000
37820  -28.423  -48.346  33.780 0.0000000000
38728  -29.054  -48.067  33.944 0.0000000000
49213  -42.129  -35.764  33.136 0.0000000000
49224  -42.519  -36.457  32.618 0.0000000000
43888  -35.758  -41.495  33.599 0.0000000000
43900  -35.380  -41.020  32.776 0.0000000000
47619  -36.417  -36.916  23.467 0.0000000000
116531  -36.377  -37.611  22.936 0.0000000000
45735  -41.439  -39.185  27.454 0.0000000000
57047  -45.680  -28.304  24.021 0.0000000000
56142  -44.597  -28.509  22.542 0.0000000000
56143  -45.448  -28.290  22.296 0.0000000000
56155  -44.853  -28.328  21.557 0.0000000000
34090  -19.783  -52.723  33.897 0.0000000000
34102  -19.958  -52.457  33.058 0.0000000000
38905  -21.180  -47.287  21.319 0.0000000000
38922  -20.603  -47.605  20.721 0.0000000000
38939  -20.642  -47.506  19.782 0.0000000000
38045  -20.284  -48.136  19.253 0.0000000000
38067  -20.616  -48.305  18.489 0.0000000000
44018  -29.823  -41.900  22.375 0.0000000000
44034  -29.355  -41.746  21.446 0.0000000000
121535  -29.244  -41.304  20.382 0.0000000000
129196  -39.775  -36.830  29.949 0.0000000000
49233  -38.820  -35.696  30.484 0.0000000000
135543  -39.528  -34.619  33.645 0.0000000000
133026  -35.246  -36.350  34.092 0.0000000000
48360  -35.015  -36.380  33.415 0.0000000000
128811  -34.732  -35.614  33.115 0.0000000000
135352  -34.873  -33.266  28.707 0.0000000000
51140  -34.525  -33.501  28.254 0.0000000000
121588  -34.895  -33.444  27.665 0.0000000000
119015  -34.775  -33.565  27.003 0.0000000000
50164  -36.056  -34.093  26.869 0.0000000000
51154  -36.251  -34.046  27.574 0.0000000000
49242  -38.470  -35.654  29.554 0.0000000000
34990  -24.635  -51.916  33.750 0.0000000000
35005  -24.480  -51.777  32.810 0.0000000000
38785  -24.875  -47.948  29.119 0.0000000000
38802  -24.638  -47.731  28.288 0.0000000000
38817  -23.826  -47.927  27.038 0.0000000000
38834  -24.296  -47.258  26.635 0.0000000000
50159  -40.409  -34.707  28.530 0.0000000000
49262  -40.774  -35.436  27.887 0.0000000000
39597  -33.188  -46.340  33.877 0.0000000000
40448  -32.962  -46.028  33.018 0.0000000000
40463  -33.560  -45.427  32.540 0.0000000000
43074  -32.648  -42.661  28.531 0.0000000000
43084  -32.462  -42.344  27.604 0.0000000000
121725  -32.337  -42.110  26.796 0.0000000000
43939  -32.580  -41.524  27.322 0.0000000000
47544  -33.662  -37.416  29.144 0.0000000000
126547  -33.698  -38.278  29.224 0.0000000000
47557  -33.447  -37.960  28.465 0.0000000000
47640  -32.839  -37.484  21.437 0.0000000000
122123  -32.409  -38.165  21.902 0.0000000000
46759  -32.464  -38.129  20.949 0.0000000000
47665  -32.934  -38.149  20.026 0.0000000000
45756  -38.736  -39.053  26.124 0.0000000000
56020  -40.426  -28.293  31.681 0.0000000000
56010  -40.372  -28.200  32.503 0.0000000000
55063  -39.511  -29.544  32.335 0.0000000000
54126  -39.201  -30.240  31.759 0.0000000000
55084  -39.302  -29.400  31.477 0.0000000000
55128  -38.931  -29.855  27.564 0.0000000000
135170  -38.226  -30.186  28.035 0.0000000000
54159  -38.083  -30.317  27.342 0.0000000000
54166  -37.401  -30.817  27.157 0.0000000000
128866  -37.905  -30.424  26.391 0.0000000000
57018  -42.548  -25.893  27.010 0.0000000000
57028  -42.395  -26.921  26.417 0.0000000000
55201  -39.541  -29.453  22.562 0.0000000000
55209  -38.858  -29.807  21.979 0.0000000000
54222  -38.056  -30.249  22.350 0.0000000000
54239  -38.126  -30.201  21.397 0.0000000000
130396  -37.376  -30.624  20.880 0.0000000000
55220  -38.961  -29.818  20.925 0.0000000000
56200  -40.336  -28.380  17.509 0.0000000000
57094  -40.885  -27.749  17.065 0.0000000000
135672  -41.506  -27.427  17.079 0.0000000000
59603  -48.069  -25.177  20.355 0.0000000000
58801  -47.408  -25.511  19.877 0.0000000000
121619  -15.610  -52.476  34.259 0.0000000000
35978  -16.012  -50.547  29.575 0.0000000000
116606  -15.285  -50.382  27.716 0.0000000000
36005  -16.154  -50.212  28.092 0.0000000000
36029  -21.064  -50.602  27.756 0.0000000000
122837  -20.086  -50.168  27.741 0.0000000000
36948  -20.615  -50.232  26.967 0.0000000000
35167  -16.951  -50.910  21.877 0.0000000000
40519  -29.829  -45.582  28.784 0.0000000000
39652  -28.986  -45.937  28.896 0.0000000000
128043  -29.225  -45.514  28.198 0.0000000000
41448  -26.150  -43.987  21.877 0.0000000000
122905  -25.641  -44.431  22.359 0.0000000000
41447  -25.346  -44.179  21.530 0.0000000000
124347  -24.544  -44.338  21.104 0.0000000000
41462  -24.460  -43.976  20.063 0.0000000000
50125  -37.912  -34.232  31.069 0.0000000000
52151  -37.550  -32.299  32.558 0.0000000000
50105  -34.724  -33.849  33.635 0.0000000000
120020  -34.518  -33.931  32.990 0.0000000000
51103  -34.477  -33.179  32.398 0.0000000000
52174  -34.735  -32.630  30.689 0.0000000000
52184  -34.879  -32.786  29.904 0.0000000000
52176  -35.583  -32.836  29.957 0.0000000000
51110  -36.656  -32.799  30.961 0.0000000000
51118  -36.354  -33.086  30.208 0.0000000000
51119  -37.158  -33.618  30.595 0.0000000000
50136  -37.637  -34.468  30.286 0.0000000000
50247  -41.084  -34.493  22.892 0.0000000000
50280  -38.869  -34.444  20.353 0.0000000000
50304  -38.450  -34.051  18.921 0.0000000000
131418  -26.880  -49.776  34.263 0.0000000000
36865  -26.429  -49.704  33.658 0.0000000000
37833  -27.248  -48.162  32.280 0.0000000000
37832  -26.607  -48.696  32.424 0.0000000000
37847  -26.590  -48.189  31.625 0.0000000000
37862  -26.167  -47.969  30.872 0.0000000000
38755  -26.890  -47.594  30.911 0.0000000000
44799  -43.588  -41.265  27.594 0.0000000000
47510  -42.644  -38.642  33.435 0.0000000000
128725  -43.813  -38.232  30.720 0.0000000000
41277  -34.830  -44.328  33.139 0.0000000000
42167  -34.750  -43.569  32.729 0.0000000000
43909  -34.357  -41.377  31.634 0.0000000000
43049  -34.282  -42.356  31.749 0.0000000000
43058  -33.927  -42.037  31.018 0.0000000000
125036  -33.624  -41.799  30.232 0.0000000000
49297  -33.470  -35.170  24.901 0.0000000000
48445  -33.032  -36.179  25.368 0.0000000000
49311  -33.585  -35.383  23.888 0.0000000000
47643  -35.482  -37.049  21.937 0.0000000000
49325  -34.248  -35.803  22.673 0.0000000000
48477  -34.379  -36.631  21.656 0.0000000000
48476  -33.796  -36.755  21.556 0.0000000000
120341  -34.898  -37.141  21.370 0.0000000000
46777  -35.068  -38.455  20.986 0.0000000000
45835  -35.539  -38.953  21.420 0.0000000000
56044  -42.577  -28.118  30.450 0.0000000000
56081  -42.065  -28.841  28.719 0.0000000000
55119  -40.773  -29.142  29.173 0.0000000000
55130  -40.951  -29.303  28.277 0.0000000000
55143  -40.889  -29.356  27.534 0.0000000000
57031  -44.696  -27.637  25.177 0.0000000000
57019  -44.259  -26.242  26.084 0.0000000000
57045  -43.989  -28.025  24.432 0.0000000000
56130  -43.426  -28.375  23.634 0.0000000000
132172  -43.311  -28.598  22.122 0.0000000000
56140  -42.918  -28.579  22.757 0.0000000000
133014  -42.054  -28.788  21.655 0.0000000000
56151  -41.272  -29.044  21.760 0.0000000000
56152  -41.838  -28.937  20.915 0.0000000000
56176  -43.828  -28.268  19.805 0.0000000000
132493  -43.030  -28.461  19.918 0.0000000000
56175  -43.135  -28.261  19.289 0.0000000000
56188  -42.488  -28.323  18.881 0.0000000000
57077  -43.735  -27.941  18.981 0.0000000000
60456  -48.572  -23.256  18.689 0.0000000000
60455  -47.853  -23.646  18.368 0.0000000000
34974  -17.453  -52.169  34.194 0.0000000000
34986  -16.914  -51.821  33.659 0.0000000000
34987  -17.732  -51.809  33.412 0.0000000000
35943  -18.144  -51.163  31.875 0.0000000000
115295  -17.872  -50.751  30.955 0.0000000000
35957  -17.270  -50.528  30.244 0.0000000000
37959  -20.886  -49.170  24.089 0.0000000000
131703  -20.707  -48.735  23.298 0.0000000000
38008  -19.408  -48.405  21.231 0.0000000000
38007  -18.664  -48.610  21.595 0.0000000000
37060  -18.536  -49.545  20.371 0.0000000000
37076  -18.943  -49.739  19.655 0.0000000000
35217  -20.295  -50.889  18.398 0.0000000000
123574  -19.650  -51.098  18.900 0.0000000000
41389  -29.317  -44.239  25.727 0.0000000000
42266  -29.441  -43.469  24.456 0.0000000000
42310  -28.180  -42.999  21.961 0.0000000000
42292  -28.400  -43.261  22.784 0.0000000000
42309  -27.403  -43.293  21.666 0.0000000000
42325  -27.094  -43.023  20.798 0.0000000000
47533  -40.008  -37.003  30.648 0.0000000000
46595  -42.012  -38.952  31.438 0.0000000000
131920  -39.555  -35.926  32.164 0.0000000000
132631  -40.514  -36.656  33.707 0.0000000000
47520  -40.911  -37.911  32.489 0.0000000000
47508  -41.345  -37.907  33.562 0.0000000000
47498  -41.513  -37.550  34.145 0.0000000000
49204  -41.419  -36.519  34.467 0.0000000000
135862  -42.056  -36.396  33.812 0.0000000000
46563  -35.772  -38.895  33.341 0.0000000000
45657  -35.578  -39.337  32.681 0.0000000000
46575  -35.512  -38.659  32.731 0.0000000000
47518  -34.579  -37.456  31.315 0.0000000000
47532  -34.309  -37.656  30.570 0.0000000000
49210  -34.137  -34.929  31.963 0.0000000000
49230  -33.642  -35.165  29.844 0.0000000000
123609  -33.568  -35.120  29.046 0.0000000000
49258  -33.492  -35.389  27.720 0.0000000000
49273  -33.460  -35.292  26.868 0.0000000000
50163  -33.704  -34.485  27.265 0.0000000000
50208  -35.370  -34.427  25.250 0.0000000000
50191  -34.558  -34.081  25.515 0.0000000000
122238  -35.837  -35.412  24.239 0.0000000000
49300  -36.432  -35.848  24.593 0.0000000000
49287  -37.217  -36.077  25.779 0.0000000000
48432  -37.741  -36.478  26.225 0.0000000000
47586  -38.000  -37.238  25.882 0.0000000000
50146  -36.605  -34.019  28.942 0.0000000000
122688  -38.639  -36.271  28.306 0.0000000000
49261  -38.096  -35.890  27.915 0.0000000000
47559  -40.337  -37.803  28.183 0.0000000000
58745  -49.293  -25.960  22.739 0.0000000000
58746  -49.916  -25.487  23.252 0.0000000000
58766  -49.297  -25.447  21.933 0.0000000000
59589  -50.081  -24.883  22.644 0.0000000000
60428  -50.433  -24.174  22.296 0.0000000000
60437  -49.963  -23.742  21.190 0.0000000000
60447  -49.630  -23.424  20.318 0.0000000000
61280  -50.257  -22.976  20.699 0.0000000000
34105  -22.376  -52.903  32.585 0.0000000000
34113  -22.004  -52.755  31.806 0.0000000000
35039  -23.412  -52.044  30.645 0.0000000000
35038  -22.846  -52.196  30.445 0.0000000000
35984  -22.432  -51.173  29.094 0.0000000000
117672  -22.880  -51.435  29.480 0.0000000000
36886  -24.790  -50.063  31.521 0.0000000000
36899  -24.541  -49.734  30.575 0.0000000000
37891  -23.682  -48.905  27.985 0.0000000000
36929  -23.570  -49.582  28.410 0.0000000000
36950  -23.219  -49.527  27.633 0.0000000000
36949  -22.647  -50.031  27.275 0.0000000000
36987  -21.980  -49.623  25.757 0.0000000000
37924  -22.657  -49.071  26.134 0.0000000000
38862  -23.138  -47.158  24.652 0.0000000000
38846  -22.714  -47.941  25.025 0.0000000000
38861  -22.489  -47.694  24.233 0.0000000000
38892  -22.029  -47.109  22.614 0.0000000000
39736  -22.670  -46.642  23.042 0.0000000000
45717  -42.265  -39.558  28.233 0.0000000000
46587  -44.077  -40.084  32.013 0.0000000000
45704  -45.705  -40.416  30.454 0.0000000000
48410  -42.725  -36.959  28.567 0.0000000000
116292  -42.334  -36.704  27.821 0.0000000000
49263  -41.282  -36.107  27.132 0.0000000000
48434  -41.876  -36.194  25.866 0.0000000000
50181  -39.516  -34.680  26.343 0.0000000000
49289  -40.036  -35.312  25.734 0.0000000000
49288  -39.459  -34.905  25.294 0.0000000000
39584  -31.092  -47.227  34.060 0.0000000000
38730  -30.547  -47.199  33.439 0.0000000000
115035  -31.407  -46.753  33.262 0.0000000000
40461  -32.009  -46.013  31.791 0.0000000000
39619  -31.167  -46.358  31.756 0.0000000000
40474  -31.606  -45.919  31.024 0.0000000000
40486  -30.944  -46.041  30.532 0.0000000000
40487  -31.622  -45.555  30.169 0.0000000000
41299  -33.762  -44.387  31.458 0.0000000000
41310  -33.264  -44.232  30.676 0.0000000000
41340  -32.226  -44.171  28.906 0.0000000000
129103  -32.449  -44.429  29.580 0.0000000000
41339  -31.678  -44.378  28.368 0.0000000000
40521  -31.369  -44.854  28.748 0.0000000000
41373  -31.020  -44.075  27.120 0.0000000000
42236  -31.404  -43.455  26.799 0.0000000000
43117  -31.517  -42.421  25.610 0.0000000000
43135  -31.237  -42.139  24.788 0.0000000000
43151  -30.319  -42.228  23.584 0.0000000000
43983  -30.938  -41.796  23.991 0.0000000000
136178  -35.026  -39.208  31.713 0.0000000000
45669  -34.737  -39.542  31.405 0.0000000000
127107  -33.321  -39.351  28.732 0.0000000000
44769  -33.841  -39.953  30.090 0.0000000000
116345  -33.349  -40.013  29.140 0.0000000000
116244  -33.070  -39.838  28.325 0.0000000000
47597  -32.807  -37.264  25.744 0.0000000000
130450  -32.558  -38.983  25.543 0.0000000000
45775  -32.546  -39.674  25.823 0.0000000000
44824  -32.403  -40.341  25.342 0.0000000000
43966  -32.329  -41.147  25.641 0.0000000000
44840  -32.242  -40.089  24.572 0.0000000000
131754  -31.636  -39.570  22.108 0.0000000000
44854  -31.667  -40.326  23.398 0.0000000000
44890  -31.135  -40.143  21.736 0.0000000000
44869  -30.772  -40.852  22.181 0.0000000000
45833  -30.976  -39.867  20.753 0.0000000000
45776  -37.447  -39.222  25.455 0.0000000000
34058  -17.366  -52.919  36.292 0.0000000000
34063  -22.143  -52.885  35.256 0.0000000000
35916  -26.478  -50.826  35.175 0.0000000000
38707  -31.040  -48.388  35.943 0.0000000000
114848  -33.650  -46.914  35.678 0.0000000000
40415  -34.955  -45.832  36.596 0.0000000000
40426  -35.016  -45.723  35.471 0.0000000000
41268  -35.157  -45.156  34.452 0.0000000000
124778  -35.551  -45.026  35.294 0.0000000000
42999  -36.419  -43.055  35.687 0.0000000000
42153  -36.216  -43.679  35.116 0.0000000000
138252  -36.408  -43.032  35.051 0.0000000000
43873  -36.181  -41.975  34.301 0.0000000000
43015  -36.501  -42.369  35.092 0.0000000000
44727  -36.655  -40.862  34.996 0.0000000000
117642  -36.739  -40.052  35.378 0.0000000000
45640  -36.538  -39.259  34.969 0.0000000000
48354  -35.563  -36.789  34.612 0.0000000000
52112  -35.332  -31.859  34.606 0.0000000000
54070  -36.082  -30.779  34.665 0.0000000000
54086  -36.740  -30.715  34.168 0.0000000000
53111  -37.808  -30.969  34.465 0.0000000000
53112  -38.815  -31.782  34.979 0.0000000000
51078  -38.943  -32.651  34.484 0.0000000000
53097  -40.432  -31.871  36.116 0.0000000000
53096  -39.787  -31.649  36.303 0.0000000000
116115  -39.981  -32.516  36.167 0.0000000000
52113  -39.664  -32.899  35.682 0.0000000000
51064  -40.256  -33.258  35.716 0.0000000000
51080  -40.572  -34.016  35.216 0.0000000000
51065  -40.946  -33.432  35.407 0.0000000000
116629  -41.563  -33.031  34.687 0.0000000000
52154  -41.632  -33.071  33.399 0.0000000000
55051  -41.847  -29.807  34.285 0.0000000000
53156  -40.697  -31.400  32.604 0.0000000000
53157  -41.479  -31.505  33.372 0.0000000000
52167  -40.851  -32.802  31.947 0.0000000000
53182  -39.295  -31.672  30.912 0.0000000000
135090  -40.445  -33.053  31.099 0.0000000000
52177  -39.764  -32.557  30.585 0.0000000000
52186  -39.445  -32.813  29.760 0.0000000000
55105  -38.705  -29.763  30.086 0.0000000000
53189  -38.146  -31.435  29.614 0.0000000000
53196  -37.878  -31.759  28.871 0.0000000000
52193  -39.170  -33.053  28.953 0.0000000000
52192  -38.405  -32.546  28.528 0.0000000000
52201  -38.218  -32.744  27.722 0.0000000000
52208  -37.336  -32.482  26.500 0.0000000000
52220  -37.181  -32.789  25.703 0.0000000000
51179  -37.727  -33.400  25.286 0.0000000000
52235  -37.014  -33.014  24.894 0.0000000000
56100  -41.525  -28.514  26.520 0.0000000000
56129  -41.572  -28.462  23.614 0.0000000000
115103  -41.389  -28.356  24.393 0.0000000000
55191  -38.992  -29.638  23.818 0.0000000000
55182  -39.501  -29.382  24.298 0.0000000000
55170  -38.690  -29.972  25.114 0.0000000000
54179  -38.056  -30.341  25.423 0.0000000000
54193  -38.176  -30.235  24.611 0.0000000000
122907  -36.685  -31.380  22.799 0.0000000000
54220  -36.946  -30.979  23.435 0.0000000000
122357  -36.382  -32.034  22.833 0.0000000000
52251  -36.472  -32.403  23.552 0.0000000000
128739  -36.420  -32.691  22.803 0.0000000000
51226  -36.525  -33.286  22.370 0.0000000000
52273  -36.321  -32.492  22.086 0.0000000000
54276  -36.872  -31.138  19.709 0.0000000000
53288  -36.552  -31.740  19.942 0.0000000000
126552  -36.695  -31.631  19.038 0.0000000000
51318  -36.895  -33.026  18.397 0.0000000000
53320  -36.799  -31.931  18.246 0.0000000000
55236  -40.363  -29.323  19.580 0.0000000000
55235  -39.569  -29.630  19.815 0.0000000000
55253  -39.671  -29.411  18.956 0.0000000000
55272  -38.990  -29.270  17.550 0.0000000000
55271  -38.473  -29.800  17.988 0.0000000000
55286  -38.363  -29.760  17.034 0.0000000000
53344  -37.657  -31.143  16.824 0.0000000000
57940  -47.468  -27.256  22.004 0.0000000000
57067  -46.403  -27.609  21.211 0.0000000000
57970  -45.745  -26.543  19.288 0.0000000000
57078  -45.231  -27.197  19.354 0.0000000000
57980  -45.133  -26.555  18.787 0.0000000000
57086  -44.120  -27.371  18.646 0.0000000000
57979  -44.425  -26.569  18.294 0.0000000000
59634  -46.390  -24.290  17.780 0.0000000000
59623  -46.733  -24.635  18.502 0.0000000000
59633  -45.646  -24.598  17.502 0.0000000000
58841  -44.175  -25.190  16.847 0.0000000000
57991  -43.167  -26.214  17.045 0.0000000000
34998  -15.851  -51.520  32.484 0.0000000000
35015  -15.599  -51.320  31.575 0.0000000000
35054  -14.541  -51.384  29.692 0.0000000000
35033  -14.658  -51.569  30.494 0.0000000000
35074  -13.682  -51.654  28.665 0.0000000000
121849  -14.516  -50.427  27.040 0.0000000000
36042  -13.744  -50.655  26.467 0.0000000000
36056  -13.625  -50.543  25.488 0.0000000000
36066  -13.714  -50.662  24.638 0.0000000000
35019  -21.065  -52.049  30.989 0.0000000000
35035  -20.255  -51.474  30.790 0.0000000000
35960  -20.182  -50.964  30.036 0.0000000000
36928  -19.223  -49.969  27.894 0.0000000000
36927  -18.319  -49.964  28.103 0.0000000000
36007  -17.886  -50.223  28.934 0.0000000000
126943  -19.527  -48.878  24.563 0.0000000000
36984  -19.214  -49.032  25.397 0.0000000000
37956  -18.684  -48.607  24.837 0.0000000000
37955  -17.112  -48.620  24.763 0.0000000000
128086  -17.922  -48.644  25.176 0.0000000000
37937  -17.170  -48.917  25.584 0.0000000000
36982  -16.478  -49.237  25.989 0.0000000000
36960  -15.842  -49.579  26.409 0.0000000000
37935  -15.782  -49.092  24.748 0.0000000000
35184  -18.448  -51.217  20.265 0.0000000000
35169  -18.064  -51.644  21.014 0.0000000000
114091  -29.851  -46.926  32.154 0.0000000000
39617  -29.053  -47.076  31.888 0.0000000000
39669  -28.108  -46.240  28.996 0.0000000000
39650  -27.220  -46.550  29.012 0.0000000000
134714  -26.895  -46.903  29.598 0.0000000000
39667  -26.764  -46.471  28.281 0.0000000000
41388  -28.410  -44.598  25.485 0.0000000000
132405  -28.300  -45.048  26.267 0.0000000000
40572  -27.753  -45.100  25.727 0.0000000000
40583  -25.877  -45.378  24.428 0.0000000000
40570  -26.105  -45.690  25.313 0.0000000000
133365  -26.157  -46.304  26.921 0.0000000000
39712  -25.482  -46.198  25.775 0.0000000000
39711  -24.643  -46.432  25.401 0.0000000000
129378  -23.231  -45.120  21.122 0.0000000000
40614  -23.404  -45.465  22.087 0.0000000000
40627  -22.610  -45.482  20.646 0.0000000000
39768  -22.105  -46.148  21.094 0.0000000000
40643  -22.523  -45.412  19.714 0.0000000000
134070  -27.505  -43.865  17.489 0.0000000000
43211  -26.603  -42.916  18.126 0.0000000000
128794  -26.790  -44.147  17.481 0.0000000000
39838  -26.008  -46.331  17.538 0.0000000000
125448  -25.441  -44.997  17.416 0.0000000000
40688  -24.730  -45.590  17.446 0.0000000000
41510  -23.884  -44.976  17.924 0.0000000000
129851  -24.757  -46.178  17.367 0.0000000000
38093  -23.605  -48.005  17.424 0.0000000000
129926  -23.639  -47.110  17.341 0.0000000000
38977  -22.730  -47.311  17.515 0.0000000000
38976  -21.906  -47.176  17.881 0.0000000000
38091  -21.932  -47.979  17.632 0.0000000000
52165  -37.062  -32.522  31.704 0.0000000000
52148  -34.915  -32.437  32.532 0.0000000000
50211  -40.679  -35.098  24.135 0.0000000000
117823  -40.368  -34.822  23.503 0.0000000000
126541  -40.060  -34.649  22.768 0.0000000000
50246  -40.661  -34.424  22.129 0.0000000000
50264  -40.333  -34.359  21.298 0.0000000000
121177  -39.686  -34.534  21.946 0.0000000000
50279  -37.906  -34.393  20.566 0.0000000000
36866  -27.042  -49.222  33.724 0.0000000000
37819  -27.731  -48.748  33.731 0.0000000000
129991  -27.874  -47.737  32.171 0.0000000000
49234  -42.394  -36.108  31.319 0.0000000000
42168  -35.215  -42.899  33.201 0.0000000000
43041  -35.267  -42.017  33.007 0.0000000000
43899  -34.757  -41.715  32.315 0.0000000000
49313  -35.290  -35.368  23.618 0.0000000000
49312  -34.356  -35.261  23.431 0.0000000000
47630  -35.953  -36.923  22.624 0.0000000000
47644  -36.038  -37.794  22.300 0.0000000000
46762  -36.070  -38.757  22.171 0.0000000000
138259  -36.416  -38.988  22.723 0.0000000000
114412  -36.535  -40.699  23.978 0.0000000000
57046  -44.958  -28.346  24.292 0.0000000000
56131  -44.322  -28.530  23.531 0.0000000000
56154  -43.316  -28.578  21.386 0.0000000000
56164  -44.169  -28.382  20.803 0.0000000000
34089  -19.000  -52.526  34.117 0.0000000000
130520  -18.522  -52.103  33.531 0.0000000000
35017  -18.994  -51.482  31.935 0.0000000000
37995  -20.904  -48.318  22.596 0.0000000000
38890  -20.709  -47.854  21.652 0.0000000000
38009  -20.075  -48.089  20.977 0.0000000000
38026  -19.503  -48.495  20.373 0.0000000000
37061  -19.099  -49.080  19.916 0.0000000000
38044  -19.692  -48.650  19.548 0.0000000000
37095  -20.130  -49.552  18.393 0.0000000000
36153  -20.462  -50.188  18.066 0.0000000000
43150  -29.766  -42.897  23.879 0.0000000000
42281  -29.124  -43.361  23.854 0.0000000000
43162  -29.022  -42.543  22.336 0.0000000000
43173  -28.581  -42.356  21.378 0.0000000000
43182  -28.243  -42.202  20.550 0.0000000000
49212  -39.930  -36.018  33.107 0.0000000000
48362  -41.054  -36.992  34.438 0.0000000000
49203  -41.137  -36.445  34.597 0.0000000000
47496  -35.107  -37.205  32.955 0.0000000000
124067  -34.510  -36.655  31.763 0.0000000000
116574  -33.900  -33.691  30.396 0.0000000000
133116  -33.715  -34.208  29.910 0.0000000000
50133  -33.996  -33.618  29.575 0.0000000000
51139  -34.023  -33.777  28.697 0.0000000000
51151  -34.009  -33.876  27.780 0.0000000000
51164  -34.095  -33.900  26.841 0.0000000000
51178  -35.157  -33.953  25.878 0.0000000000
50192  -36.221  -34.875  25.643 0.0000000000
119118  -36.628  -35.634  25.346 0.0000000000
50179  -36.454  -34.763  26.467 0.0000000000
49259  -36.978  -35.265  26.826 0.0000000000
49249  -38.276  -35.740  28.751 0.0000000000
48409  -39.233  -36.631  28.659 0.0000000000
34080  -23.551  -52.663  33.745 0.0000000000
35004  -23.919  -52.272  32.255 0.0000000000
35022  -23.681  -52.155  31.423 0.0000000000
35945  -23.959  -51.570  31.056 0.0000000000
37860  -24.863  -48.887  30.273 0.0000000000
124869  -24.392  -49.430  29.890 0.0000000000
37874  -24.574  -48.733  29.518 0.0000000000
37892  -24.185  -48.641  28.635 0.0000000000
37907  -23.483  -48.694  27.341 0.0000000000
37925  -23.262  -48.468  26.576 0.0000000000
38833  -23.632  -47.688  26.227 0.0000000000
130733  -42.923  -39.649  30.478 0.0000000000
45702  -44.170  -40.505  31.046 0.0000000000
45670  -44.515  -40.354  31.478 0.0000000000
46612  -45.024  -39.805  31.105 0.0000000000
49251  -41.471  -36.071  28.134 0.0000000000
49275  -40.665  -35.585  26.930 0.0000000000
118420  -40.635  -35.676  26.020 0.0000000000
51168  -39.141  -34.012  26.885 0.0000000000
39608  -32.142  -46.260  32.697 0.0000000000
40475  -32.694  -45.420  31.362 0.0000000000
41324  -32.887  -44.038  30.028 0.0000000000
136990  -32.710  -43.218  29.144 0.0000000000
42195  -32.409  -43.544  28.678 0.0000000000
42237  -31.876  -43.185  27.171 0.0000000000
43099  -32.172  -42.718  27.155 0.0000000000
43965  -31.877  -41.669  25.216 0.0000000000
46593  -34.325  -38.488  30.492 0.0000000000
45700  -34.043  -39.068  30.108 0.0000000000
138095  -33.948  -38.564  29.825 0.0000000000
46632  -33.403  -38.706  28.652 0.0000000000
47606  -32.655  -37.660  24.894 0.0000000000
119469  -32.617  -37.650  23.245 0.0000000000
131517  -32.430  -38.474  23.518 0.0000000000
45792  -32.385  -39.138  24.200 0.0000000000
45807  -32.045  -39.837  23.750 0.0000000000
132161  -32.102  -38.960  22.433 0.0000000000
45819  -32.014  -38.796  21.508 0.0000000000
45777  -38.078  -38.748  25.732 0.0000000000
38695  -32.086  -48.254  37.735 0.0000000000
41251  -35.629  -44.473  36.706 0.0000000000
41260  -35.889  -44.468  35.715 0.0000000000
46548  -36.520  -38.689  35.527 0.0000000000
54054  -36.631  -29.904  35.999 0.0000000000
55040  -37.125  -29.982  35.579 0.0000000000
54055  -37.901  -30.203  36.047 0.0000000000
53098  -41.296  -31.793  35.387 0.0000000000
52114  -41.614  -32.219  34.786 0.0000000000
53114  -41.787  -31.397  34.526 0.0000000000
56917  -40.956  -27.267  33.023 0.0000000000
131513  -40.593  -28.197  33.337 0.0000000000
55050  -40.793  -28.972  33.715 0.0000000000
54087  -41.233  -29.950  33.604 0.0000000000
55064  -40.166  -29.710  33.060 0.0000000000
53171  -39.698  -31.276  31.835 0.0000000000
55117  -38.709  -29.765  29.226 0.0000000000
54151  -38.070  -30.332  28.780 0.0000000000
53195  -37.540  -31.325  28.378 0.0000000000
53202  -37.343  -31.393  27.676 0.0000000000
53208  -37.065  -31.566  26.767 0.0000000000
53207  -36.836  -31.307  25.968 0.0000000000
56111  -42.079  -27.531  26.542 0.0000000000
56110  -41.208  -28.528  25.580 0.0000000000
56138  -40.974  -28.838  22.809 0.0000000000
56127  -40.170  -29.076  23.116 0.0000000000
54207  -38.385  -30.044  23.845 0.0000000000
54206  -37.521  -30.552  23.943 0.0000000000
121023  -37.901  -30.328  23.202 0.0000000000
54221  -37.242  -30.755  22.709 0.0000000000
54237  -36.748  -31.241  22.057 0.0000000000
53272  -36.437  -31.813  21.591 0.0000000000
54258  -36.778  -31.170  21.240 0.0000000000
117951  -37.370  -30.641  20.022 0.0000000000
54277  -38.005  -30.243  19.524 0.0000000000
137972  -41.300  -28.631  18.767 0.0000000000
55254  -40.319  -29.080  18.822 0.0000000000
56186  -40.797  -28.633  18.355 0.0000000000
56199  -39.495  -28.696  17.105 0.0000000000
130088  -47.235  -26.616  20.744 0.0000000000
58785  -47.030  -26.273  20.129 0.0000000000
58816  -45.670  -25.803  18.659 0.0000000000
60475  -45.670  -23.598  16.342 0.0000000000
59649  -45.294  -24.228  16.780 0.0000000000
35941  -16.047  -50.867  30.986 0.0000000000
35955  -15.697  -50.823  30.241 0.0000000000
35977  -15.270  -50.876  29.568 0.0000000000
35976  -14.757  -50.989  28.971 0.0000000000
35089  -14.246  -51.149  28.293 0.0000000000
131473  -14.893  -50.760  28.308 0.0000000000
35983  -20.995  -51.063  29.449 0.0000000000
133742  -20.381  -50.457  28.364 0.0000000000
37973  -18.267  -48.323  23.311 0.0000000000
129171  -17.061  -48.442  24.069 0.0000000000
136657  -15.810  -48.991  24.266 0.0000000000
36094  -16.073  -50.503  22.532 0.0000000000
35145  -16.506  -51.122  22.250 0.0000000000
35146  -17.089  -51.576  22.051 0.0000000000
34277  -17.686  -51.976  21.713 0.0000000000
39636  -30.246  -46.366  30.876 0.0000000000
39635  -29.368  -46.427  30.402 0.0000000000
41417  -27.349  -44.280  23.624 0.0000000000
40584  -26.907  -44.770  24.159 0.0000000000
41416  -26.667  -44.495  23.386 0.0000000000
40598  -26.219  -44.924  23.843 0.0000000000
40597  -25.443  -45.139  23.626 0.0000000000
40596  -24.546  -45.373  23.325 0.0000000000
40628  -23.952  -44.847  21.585 0.0000000000
38070  -25.535  -48.245  18.643 0.0000000000
38978  -24.903  -47.232  17.535 0.0000000000
49232  -38.083  -35.145  29.962 0.0000000000
50126  -38.642  -34.745  31.637 0.0000000000
50117  -39.007  -34.504  32.630 0.0000000000
119151  -34.265  -33.330  31.705 0.0000000000
51117  -34.349  -33.078  30.115 0.0000000000
51141  -35.286  -33.387  28.291 0.0000000000
51142  -36.080  -33.699  28.160 0.0000000000
115841  -35.869  -33.429  28.776 0.0000000000
50147  -37.413  -34.633  29.492 0.0000000000
35924  -25.582  -50.859  33.944 0.0000000000
35933  -25.357  -50.607  33.212 0.0000000000
36864  -25.840  -50.157  33.510 0.0000000000
36874  -25.511  -49.940  32.723 0.0000000000
119705  -25.507  -49.389  31.915 0.0000000000
124566  -26.548  -49.175  33.080 0.0000000000
134311  -26.112  -48.818  31.976 0.0000000000
37861  -25.511  -48.386  30.616 0.0000000000
38772  -25.866  -47.759  30.213 0.0000000000
38803  -25.412  -47.272  28.678 0.0000000000
121037  -43.216  -39.316  32.978 0.0000000000
47523  -43.630  -39.702  32.495 0.0000000000
47537  -43.833  -38.913  32.159 0.0000000000
127072  -44.015  -38.064  29.211 0.0000000000
133504  -41.976  -35.964  30.010 0.0000000000
123114  -41.488  -35.715  29.162 0.0000000000
51145  -40.075  -34.104  29.057 0.0000000000
41276  -34.328  -45.077  32.939 0.0000000000
41289  -34.324  -44.310  32.327 0.0000000000
42183  -33.696  -43.633  30.965 0.0000000000
43057  -33.582  -42.847  30.438 0.0000000000
43067  -33.292  -42.347  29.716 0.0000000000
130660  -33.021  -41.878  29.019 0.0000000000
115122  -33.260  -36.780  27.284 0.0000000000
48431  -33.095  -36.547  26.316 0.0000000000
47607  -32.812  -36.788  24.877 0.0000000000
49324  -33.753  -35.665  23.174 0.0000000000
48462  -33.231  -36.119  23.474 0.0000000000
48461  -32.944  -36.779  22.915 0.0000000000
47629  -33.260  -36.770  21.968 0.0000000000
47655  -34.081  -37.840  20.570 0.0000000000
45849  -34.428  -39.401  20.337 0.0000000000
46776  -34.406  -38.507  20.495 0.0000000000
134626  -35.273  -40.462  21.355 0.0000000000
136218  -35.551  -41.115  22.144 0.0000000000
44872  -36.030  -40.234  22.462 0.0000000000
45757  -39.603  -39.374  26.379 0.0000000000
44797  -39.901  -40.330  26.576 0.0000000000
56042  -39.817  -28.764  31.127 0.0000000000
56066  -41.754  -28.684  29.747 0.0000000000
55211  -40.528  -29.392  21.259 0.0000000000
55221  -39.850  -29.595  20.640 0.0000000000
55222  -40.679  -29.385  20.405 0.0000000000
55237  -41.167  -29.090  19.808 0.0000000000
56162  -42.491  -28.675  20.367 0.0000000000
56173  -41.708  -28.671  19.235 0.0000000000
57085  -42.598  -27.919  18.224 0.0000000000
59616  -48.509  -24.375  20.017 0.0000000000
60454  -47.110  -23.957  18.079 0.0000000000
60463  -46.768  -23.645  17.338 0.0000000000
34985  -16.370  -51.640  33.155 0.0000000000
34999  -16.707  -51.309  32.475 0.0000000000
35000  -17.548  -51.368  32.563 0.0000000000
35942  -16.871  -50.732  31.039 0.0000000000
35979  -16.786  -50.410  29.602 0.0000000000
36006  -17.113  -50.233  28.937 0.0000000000
36985  -20.508  -49.868  25.635 0.0000000000
37000  -20.793  -49.651  24.906 0.0000000000
37958  -20.322  -49.252  24.443 0.0000000000
115574  -20.124  -48.531  22.723 0.0000000000
37974  -19.173  -48.384  23.029 0.0000000000
37992  -18.455  -48.437  22.428 0.0000000000
37059  -18.031  -49.695  20.943 0.0000000000
35216  -19.211  -50.360  19.215 0.0000000000
35200  -19.056  -51.173  19.534 0.0000000000
41356  -29.808  -44.778  27.221 0.0000000000
40538  -29.362  -45.190  27.587 0.0000000000
41371  -29.569  -44.502  26.480 0.0000000000
41370  -28.905  -44.668  26.178 0.0000000000
41402  -28.190  -44.302  24.612 0.0000000000
42280  -28.526  -43.546  23.530 0.0000000000
41418  -28.013  -44.031  23.899 0.0000000000
41434  -27.143  -44.049  22.909 0.0000000000
42308  -26.620  -43.512  21.343 0.0000000000
42307  -25.817  -43.705  21.021 0.0000000000
46610  -41.617  -38.681  29.729 0.0000000000
46586  -42.511  -39.069  32.870 0.0000000000
47519  -40.148  -37.000  31.674 0.0000000000
48371  -42.240  -37.772  33.848 0.0000000000
47499  -41.822  -37.581  34.120 0.0000000000
50119  -41.803  -34.838  33.241 0.0000000000
130838  -35.586  -40.107  32.746 0.0000000000
47507  -35.225  -38.056  32.451 0.0000000000
117578  -34.908  -38.126  31.693 0.0000000000
132786  -34.454  -35.643  32.367 0.0000000000
48377  -34.194  -35.846  31.606 0.0000000000
50134  -33.763  -34.635  30.585 0.0000000000
49231  -33.845  -35.643  30.716 0.0000000000
48386  -33.776  -36.248  30.037 0.0000000000
48407  -33.545  -36.569  28.781 0.0000000000
131822  -33.382  -36.001  27.328 0.0000000000
49285  -33.337  -35.482  25.978 0.0000000000
134840  -33.607  -34.838  25.554 0.0000000000
50176  -34.088  -34.083  25.990 0.0000000000
50190  -33.917  -34.440  25.256 0.0000000000
138043  -34.686  -34.833  24.040 0.0000000000
49314  -36.140  -35.986  23.833 0.0000000000
47608  -36.817  -37.425  24.122 0.0000000000
46717  -36.975  -38.274  24.350 0.0000000000
47609  -37.238  -37.360  24.804 0.0000000000
47598  -37.690  -37.570  25.370 0.0000000000
49260  -37.455  -35.460  27.462 0.0000000000
48419  -37.925  -36.135  27.037 0.0000000000
48433  -38.305  -36.819  26.554 0.0000000000
47588  -39.232  -37.859  26.476 0.0000000000
46661  -39.918  -38.136  26.727 0.0000000000
47575  -40.053  -37.774  27.399 0.0000000000
114227  -46.254  -27.977  22.049 0.0000000000
57057  -46.916  -27.688  22.778 0.0000000000
57058  -47.698  -27.263  22.831 0.0000000000
57941  -48.182  -26.838  22.404 0.0000000000
57942  -48.948  -26.484  23.094 0.0000000000
57952  -47.832  -26.573  21.403 0.0000000000
58765  -48.399  -25.731  21.164 0.0000000000
60419  -50.761  -24.568  23.341 0.0000000000
59605  -49.620  -24.546  21.530 0.0000000000
60446  -49.005  -23.506  19.613 0.0000000000
61289  -49.266  -22.781  18.929 0.0000000000
134614  -21.158  -52.973  33.241 0.0000000000
34103  -20.719  -52.702  32.759 0.0000000000
34104  -21.513  -52.883  32.578 0.0000000000
133384  -22.470  -52.527  31.073 0.0000000000
35037  -22.023  -52.108  30.426 0.0000000000
35056  -21.872  -51.507  29.634 0.0000000000
135812  -21.684  -51.073  29.031 0.0000000000
36010  -21.827  -50.879  28.356 0.0000000000
36030  -21.870  -50.638  27.638 0.0000000000
35932  -24.857  -50.783  32.422 0.0000000000
35946  -24.408  -50.947  31.556 0.0000000000
35961  -23.637  -51.424  30.231 0.0000000000
35986  -23.946  -50.386  29.857 0.0000000000
35985  -23.263  -51.215  29.524 0.0000000000
114800  -22.880  -51.010  28.885 0.0000000000
36031  -22.374  -50.491  27.644 0.0000000000
36966  -21.674  -50.143  26.310 0.0000000000
37940  -21.553  -49.357  24.874 0.0000000000
120227  -21.483  -48.861  24.159 0.0000000000
37960  -22.080  -48.555  24.554 0.0000000000
38873  -21.622  -47.952  23.013 0.0000000000
39767  -21.537  -46.722  20.991 0.0000000000
44048  -29.145  -41.105  19.242 0.0000000000
44800  -44.511  -41.127  28.441 0.0000000000
44770  -44.798  -40.711  31.222 0.0000000000
123650  -40.659  -35.595  25.308 0.0000000000
137100  -39.210  -34.765  24.744 0.0000000000
50209  -38.856  -34.571  24.250 0.0000000000
38729  -29.680  -47.612  33.587 0.0000000000
39595  -30.008  -47.145  32.865 0.0000000000
39618  -30.399  -46.568  31.644 0.0000000000
40485  -30.284  -46.117  30.090 0.0000000000
40502  -30.450  -45.671  29.385 0.0000000000
40520  -30.685  -45.205  28.738 0.0000000000
40476  -33.393  -45.095  31.711 0.0000000000
40488  -32.381  -45.295  30.619 0.0000000000
41309  -32.747  -44.650  30.257 0.0000000000
41308  -32.181  -45.004  29.795 0.0000000000
41357  -30.574  -44.566  27.507 0.0000000000
41390  -30.067  -43.992  26.072 0.0000000000
130846  -30.513  -43.479  25.798 0.0000000000
42255  -31.142  -43.129  26.040 0.0000000000
42254  -30.704  -42.915  25.209 0.0000000000
42267  -30.081  -43.106  24.620 0.0000000000
135776  -30.218  -41.955  22.979 0.0000000000
44035  -30.150  -41.278  21.811 0.0000000000
44748  -35.183  -40.400  32.274 0.0000000000
136048  -34.649  -40.389  31.624 0.0000000000
43919  -33.559  -40.929  29.938 0.0000000000
121523  -33.241  -40.944  29.204 0.0000000000
44796  -32.769  -40.985  27.939 0.0000000000
47573  -33.203  -37.707  27.625 0.0000000000
46681  -32.902  -38.366  27.078 0.0000000000
125700  -32.932  -38.944  27.551 0.0000000000
47596  -32.652  -38.234  25.622 0.0000000000
46699  -32.665  -38.870  26.287 0.0000000000
45734  -32.830  -39.665  27.533 0.0000000000
138217  -32.846  -40.319  27.890 0.0000000000
44795  -32.660  -40.579  27.122 0.0000000000
43952  -32.474  -41.312  26.476 0.0000000000
44839  -31.840  -40.613  24.113 0.0000000000
44000  -31.318  -41.046  23.515 0.0000000000
44019  -30.952  -41.098  22.834 0.0000000000
135364  -17.914  -52.517  34.796 0.0000000000
34075  -18.696  -52.783  35.067 0.0000000000
34076  -19.590  -52.937  34.815 0.0000000000
34077  -20.474  -53.052  34.615 0.0000000000
117058  -21.230  -53.010  33.996 0.0000000000
34078  -22.035  -52.972  34.264 0.0000000000
34093  -22.698  -52.895  33.511 0.0000000000
34976  -24.236  -52.348  34.125 0.0000000000
34977  -24.840  -52.038  34.650 0.0000000000
34978  -25.232  -51.536  34.307 0.0000000000
34964  -25.463  -51.702  35.237 0.0000000000
35915  -25.864  -51.136  34.820 0.0000000000
37804  -28.310  -49.062  34.905 0.0000000000
37796  -29.608  -48.803  35.618 0.0000000000
38708  -31.833  -48.046  36.246 0.0000000000
120637  -32.633  -46.843  34.513 0.0000000000
40436  -33.991  -46.132  34.230 0.0000000000
40425  -34.218  -46.360  35.268 0.0000000000
40450  -34.484  -45.511  33.826 0.0000000000
41278  -35.327  -44.387  33.916 0.0000000000
118721  -35.831  -43.735  34.212 0.0000000000
121404  -35.683  -43.134  33.797 0.0000000000
44726  -36.210  -41.087  34.265 0.0000000000
43861  -36.658  -41.566  35.527 0.0000000000
46554  -36.117  -39.119  34.133 0.0000000000
125046  -35.846  -38.402  33.990 0.0000000000
47491  -35.718  -37.657  34.296 0.0000000000
49195  -35.364  -35.918  34.728 0.0000000000
49185  -35.480  -35.413  35.580 0.0000000000
50093  -35.106  -34.910  34.618 0.0000000000
50092  -34.869  -34.175  34.166 0.0000000000
53131  -36.421  -31.198  33.203 0.0000000000
52134  -37.622  -31.808  33.201 0.0000000000
52135  -38.312  -32.516  33.460 0.0000000000
119233  -39.004  -33.335  33.905 0.0000000000
51093  -39.742  -34.175  34.445 0.0000000000
55027  -38.220  -29.720  36.473 0.0000000000
54056  -39.479  -30.848  36.385 0.0000000000
53095  -39.210  -31.248  36.250 0.0000000000
50094  -40.537  -34.620  34.923 0.0000000000
51081  -41.187  -34.031  34.973 0.0000000000
50096  -41.274  -34.676  34.601 0.0000000000
50108  -41.586  -34.804  34.037 0.0000000000
55041  -42.005  -29.594  34.774 0.0000000000
54074  -41.910  -30.536  34.398 0.0000000000
53134  -41.875  -31.405  33.975 0.0000000000
121521  -41.687  -32.253  33.644 0.0000000000
51113  -41.538  -34.082  32.448 0.0000000000
51121  -41.336  -34.305  31.749 0.0000000000
130474  -40.546  -33.658  30.752 0.0000000000
51132  -40.362  -33.889  29.951 0.0000000000
55083  -38.786  -29.934  30.955 0.0000000000
116843  -38.523  -31.167  30.381 0.0000000000
54147  -38.155  -30.485  29.695 0.0000000000
51144  -39.538  -33.688  28.593 0.0000000000
51156  -39.324  -33.847  27.745 0.0000000000
51167  -38.557  -33.605  26.500 0.0000000000
52209  -38.043  -32.947  26.919 0.0000000000
51180  -38.401  -33.792  25.648 0.0000000000
51195  -38.271  -33.963  24.790 0.0000000000
51210  -38.066  -34.066  23.914 0.0000000000
55142  -39.871  -29.602  27.106 0.0000000000
56109  -40.228  -29.066  24.874 0.0000000000
56119  -40.112  -29.007  24.002 0.0000000000
54178  -37.279  -30.763  25.729 0.0000000000
54191  -36.837  -31.155  25.185 0.0000000000
54205  -36.805  -31.157  24.268 0.0000000000
53233  -36.579  -31.704  24.779 0.0000000000
52234  -36.590  -32.418  24.439 0.0000000000
51193  -36.801  -33.096  24.020 0.0000000000
50225  -37.724  -34.123  23.035 0.0000000000
50243  -37.451  -34.168  22.305 0.0000000000
50261  -36.855  -33.941  21.803 0.0000000000
50278  -36.980  -34.148  20.845 0.0000000000
52294  -36.315  -32.562  21.170 0.0000000000
51280  -36.526  -33.256  19.804 0.0000000000
51281  -36.974  -33.695  19.417 0.0000000000
51296  -37.279  -33.497  18.645 0.0000000000
51319  -37.337  -33.140  17.971 0.0000000000
137838  -39.309  -29.750  20.350 0.0000000000
54296  -37.812  -30.377  18.450 0.0000000000
127058  -39.132  -29.442  18.343 0.0000000000
54295  -37.432  -30.918  17.672 0.0000000000
52374  -37.685  -32.071  16.810 0.0000000000
57071  -45.133  -28.103  20.643 0.0000000000
114193  -45.263  -27.759  19.929 0.0000000000
57961  -45.864  -27.173  19.875 0.0000000000
126775  -44.557  -27.757  19.353 0.0000000000
132961  -43.358  -27.519  18.285 0.0000000000
57096  -42.693  -27.355  17.677 0.0000000000
59614  -47.067  -25.026  19.215 0.0000000000
58817  -46.410  -25.367  18.885 0.0000000000
59632  -44.892  -24.904  17.207 0.0000000000
58830  -45.281  -25.322  17.904 0.0000000000
58828  -43.826  -26.346  17.657 0.0000000000
134998  -42.757  -26.802  17.263 0.0000000000
57990  -42.057  -27.060  17.034 0.0000000000
34087  -15.716  -52.000  33.344 0.0000000000
34101  -15.270  -52.068  32.789 0.0000000000
35087  -12.889  -51.943  27.366 0.0000000000
126350  -13.261  -51.277  26.914 0.0000000000
35002  -20.166  -52.254  32.271 0.0000000000
35018  -19.553  -51.440  31.330 0.0000000000
35981  -19.244  -50.626  29.862 0.0000000000
35958  -18.686  -50.754  30.507 0.0000000000
35980  -18.179  -50.479  29.865 0.0000000000
36925  -16.787  -50.130  28.353 0.0000000000
36964  -19.730  -49.539  25.941 0.0000000000
37938  -18.540  -48.885  25.529 0.0000000000
37923  -17.976  -49.016  25.941 0.0000000000
36962  -17.983  -49.329  26.711 0.0000000000
130346  -17.271  -49.481  26.991 0.0000000000
36944  -16.847  -49.814  27.607 0.0000000000
36943  -15.990  -49.894  27.247 0.0000000000
36959  -15.153  -49.655  26.036 0.0000000000
36980  -14.845  -49.632  25.362 0.0000000000
36998  -14.737  -49.694  24.619 0.0000000000
36057  -14.173  -50.034  25.053 0.0000000000
124217  -28.819  -47.813  33.218 0.0000000000
38742  -28.544  -47.551  32.418 0.0000000000
39634  -28.453  -46.653  30.336 0.0000000000
38773  -27.783  -47.132  30.771 0.0000000000
38788  -26.992  -47.161  30.239 0.0000000000
38804  -26.302  -46.926  29.026 0.0000000000
40537  -28.694  -45.477  27.595 0.0000000000
114263  -28.173  -45.445  26.954 0.0000000000
40555  -27.445  -45.780  26.983 0.0000000000
40571  -27.001  -45.482  25.656 0.0000000000
131916  -27.016  -45.753  26.423 0.0000000000
39685  -27.157  -46.128  27.609 0.0000000000
39684  -26.410  -46.382  27.541 0.0000000000
39683  -25.702  -46.598  27.359 0.0000000000
38835  -24.980  -46.843  27.051 0.0000000000
39698  -24.829  -46.677  26.209 0.0000000000
39710  -23.847  -46.724  25.041 0.0000000000
39723  -23.599  -46.493  24.238 0.0000000000
40595  -23.740  -45.655  22.989 0.0000000000
39737  -23.335  -46.257  23.436 0.0000000000
39755  -22.471  -46.307  22.134 0.0000000000
38940  -21.259  -46.822  19.453 0.0000000000
118493  -28.512  -41.568  19.120 0.0000000000
43195  -28.019  -42.031  19.664 0.0000000000
128632  -27.329  -42.328  19.317 0.0000000000
43194  -26.619  -42.611  18.942 0.0000000000
42343  -26.065  -42.990  19.501 0.0000000000
42342  -25.456  -43.243  18.993 0.0000000000
41512  -25.904  -44.269  17.537 0.0000000000
42358  -25.001  -43.733  18.392 0.0000000000
42341  -24.858  -43.602  19.278 0.0000000000
41478  -24.243  -43.979  18.975 0.0000000000
41491  -23.673  -44.582  18.645 0.0000000000
40657  -23.032  -44.923  19.188 0.0000000000
39837  -24.075  -46.174  17.393 0.0000000000
40671  -22.819  -45.862  18.089 0.0000000000
40656  -22.557  -45.511  18.871 0.0000000000
39819  -22.183  -46.116  18.560 0.0000000000
39818  -21.686  -46.460  18.869 0.0000000000
38964  -20.804  -47.535  18.913 0.0000000000
38090  -21.137  -48.677  17.791 0.0000000000
37115  -21.469  -49.419  17.594 0.0000000000
34106  -23.387  -52.483  31.811 0.0000000000
34114  -22.813  -52.703  31.793 0.0000000000
34973  -16.804  -52.151  34.251 0.0000000000
35055  -15.096  -51.153  30.152 0.0000000000
36028  -19.713  -50.244  28.417 0.0000000000
36046  -22.060  -50.335  27.019 0.0000000000
36105  -16.665  -50.346  22.109 0.0000000000
36120  -18.165  -50.322  20.534 0.0000000000
36152  -19.787  -50.284  18.572 0.0000000000
36169  -20.751  -49.524  17.848 0.0000000000
36910  -23.414  -50.423  28.961 0.0000000000
36945  -17.737  -49.667  27.487 0.0000000000
36965  -20.956  -50.259  26.216 0.0000000000
36981  -15.669  -49.344  25.534 0.0000000000
37118  -23.874  -48.792  17.705 0.0000000000
37970  -15.874  -48.975  23.850 0.0000000000
38066  -20.051  -48.827  18.794 0.0000000000
38092  -22.749  -48.308  17.457 0.0000000000
38094  -24.273  -48.160  17.645 0.0000000000
38786  -25.649  -47.517  29.486 0.0000000000
38818  -24.469  -47.489  27.460 0.0000000000
38847  -23.394  -47.420  25.434 0.0000000000
38874  -22.265  -47.419  23.440 0.0000000000
38965  -21.396  -47.035  18.588 0.0000000000
38979  -25.609  -47.389  17.919 0.0000000000
39616  -28.732  -46.824  31.063 0.0000000000
39700  -26.748  -46.064  26.944 0.0000000000
39725  -25.252  -45.889  24.960 0.0000000000
39738  -24.057  -45.898  23.803 0.0000000000
39756  -23.084  -46.013  22.652 0.0000000000
39787  -21.633  -46.395  20.265 0.0000000000
39802  -21.950  -46.023  19.401 0.0000000000
39834  -21.902  -46.635  18.327 0.0000000000
39836  -23.212  -46.439  17.553 0.0000000000
40536  -27.933  -45.820  27.622 0.0000000000
40613  -22.767  -45.699  21.553 0.0000000000
40672  -23.224  -45.212  18.376 0.0000000000
40689  -25.377  -45.840  17.377 0.0000000000
41358  -31.212  -44.341  27.743 0.0000000000
41387  -27.489  -44.864  24.943 0.0000000000
41415  -25.918  -44.659  23.139 0.0000000000
41432  -24.785  -44.639  21.991 0.0000000000
41477  -23.658  -44.433  19.597 0.0000000000
41511  -25.107  -44.312  17.716 0.0000000000
41513  -26.384  -44.778  17.399 0.0000000000
42196  -33.056  -43.250  29.773 0.0000000000
42265  -28.702  -43.776  24.219 0.0000000000
42279  -27.826  -43.774  23.209 0.0000000000
42290  -26.904  -43.776  22.173 0.0000000000
42323  -25.400  -43.472  20.022 0.0000000000
42371  -25.571  -43.814  17.811 0.0000000000
42372  -26.262  -43.617  17.716 0.0000000000
42373  -27.075  -43.381  17.659 0.0000000000
43180  -26.795  -42.738  19.881 0.0000000000
43181  -27.544  -42.494  20.244 0.0000000000
43193  -26.057  -42.955  18.717 0.0000000000
43933  -32.924  -41.215  28.585 0.0000000000
44892  -35.425  -39.807  21.359 0.0000000000
44893  -35.857  -39.660  21.981 0.0000000000
45684  -34.375  -39.293  30.722 0.0000000000
45754  -32.773  -39.113  27.025 0.0000000000
45820  -32.209  -39.087  23.275 0.0000000000
45821  -36.275  -39.526  22.623 0.0000000000
45834  -31.494  -39.345  21.133 0.0000000000
45850  -35.031  -39.161  20.830 0.0000000000
46731  -32.562  -38.104  24.145 0.0000000000
46732  -36.671  -37.895  23.554 0.0000000000
46775  -33.591  -38.248  20.200 0.0000000000
47641  -33.397  -37.244  21.161 0.0000000000
47642  -34.111  -37.233  21.025 0.0000000000
47654  -33.475  -37.710  20.593 0.0000000000
48396  -33.698  -36.692  29.451 0.0000000000
48468  -34.639  -36.177  22.207 0.0000000000
48469  -35.283  -36.350  22.358 0.0000000000
48478  -34.968  -36.562  21.820 0.0000000000
49247  -33.523  -35.671  28.532 0.0000000000
50207  -34.575  -34.455  24.732 0.0000000000
50260  -36.602  -33.785  21.240 0.0000000000
50293  -37.381  -34.130  19.946 0.0000000000
50303  -37.693  -33.955  19.183 0.0000000000
51165  -35.330  -33.787  26.546 0.0000000000
51209  -37.253  -33.638  23.540 0.0000000000
51227  -37.004  -33.768  22.708 0.0000000000
51244  -36.405  -33.312  21.578 0.0000000000
51265  -36.791  -33.823  20.128 0.0000000000
51320  -38.073  -33.294  17.529 0.0000000000
52136  -41.850  -32.160  34.177 0.0000000000
52219  -36.690  -32.321  25.231 0.0000000000
52313  -36.381  -32.541  20.303 0.0000000000
52328  -36.484  -32.479  19.437 0.0000000000
52342  -36.674  -32.492  18.640 0.0000000000
52358  -36.981  -32.545  17.986 0.0000000000
53221  -36.655  -31.699  25.437 0.0000000000
53244  -36.583  -31.587  23.498 0.0000000000
53321  -37.111  -31.180  18.327 0.0000000000
53331  -37.200  -31.770  17.544 0.0000000000
54043  -39.786  -30.241  36.404 0.0000000000
55223  -41.354  -29.126  20.440 0.0000000000
55234  -38.809  -29.925  20.016 0.0000000000
56132  -45.178  -28.463  23.313 0.0000000000
56153  -42.672  -28.666  21.923 0.0000000000
56201  -41.149  -28.195  17.775 0.0000000000
57073  -46.561  -27.025  20.477 0.0000000000
57097  -43.282  -26.878  17.675 0.0000000000
57115  -41.182  -27.133  16.539 0.0000000000
58829  -44.477  -25.715  17.626 0.0000000000
114384  -30.950  -45.778  29.904 0.0000000000
114628  -26.053  -49.618  33.111 0.0000000000
114873  -20.280  -51.924  31.529 0.0000000000
115819  -38.494  -34.486  21.078 0.0000000000
120858  -24.457  -46.775  17.353 0.0000000000
124804  -37.921  -33.794  18.604 0.0000000000
125168  -19.409  -51.970  32.540 0.0000000000
125237  -37.783  -33.533  18.158 0.0000000000
126081  -36.478  -31.789  20.772 0.0000000000
127234  -33.961  -36.293  22.075 0.0000000000
127613  -38.032  -30.397  16.636 0.0000000000
128598  -24.595  -44.923  17.638 0.0000000000
129065  -20.291  -49.935  26.323 0.0000000000
130974  -26.442  -47.537  30.421 0.0000000000
131947  -46.189  -25.990  19.232 0.0000000000
132870  -28.616  -41.626  19.946 0.0000000000
132988  -14.595  -50.738  27.769 0.0000000000
133276  -30.453  -41.458  22.577 0.0000000000
135501  -32.069  -43.875  28.269 0.0000000000
135643  -26.423  -45.089  24.304 0.0000000000
135749  -26.948  -44.656  17.413 0.0000000000
135793  -34.480  -36.145  32.092 0.0000000000
137054  -24.169  -45.457  17.584 0.0000000000
137677  -23.186  -47.670  17.409 0.0000000000
137697  -40.727  -33.064  35.633 0.0000000000
137765  -49.739  -22.428  19.025 0.0000000000
