#!ascii label  , from subject sub-v2s9x29172_ses-1 vox2ras=TkReg
1539
34889  -25.179  -53.177  -39.152 0.5000000000
34888  -24.765  -53.209  -38.928 0.4000000060
33932  -24.693  -53.338  -38.237 0.6000000238
35814  -24.969  -51.731  -38.255 0.6000000238
35815  -25.759  -51.131  -38.478 0.6000000238
117439  -25.547  -51.981  -38.643 0.5000000000
37719  -27.305  -49.518  -38.460 0.6000000238
34866  -24.655  -52.740  -38.072 0.6999999881
33003  -24.920  -53.838  -37.944 0.6999999881
126298  -24.953  -50.878  -37.940 0.6999999881
36755  -26.614  -50.284  -38.498 0.6999999881
37720  -28.117  -49.484  -38.344 0.5000000000
36756  -27.742  -50.234  -38.472 0.5000000000
29190  -23.990  -58.841  -31.656 0.5000000000
34867  -24.815  -52.270  -37.797 0.6999999881
35806  -24.895  -51.449  -37.762 0.6999999881
36754  -25.385  -50.264  -38.102 0.6999999881
124976  -24.931  -50.689  -37.428 0.6999999881
38633  -25.448  -48.885  -37.944 0.6999999881
37717  -25.000  -49.606  -37.595 0.6999999881
38632  -24.408  -49.052  -37.210 0.6999999881
38635  -27.784  -48.314  -38.226 0.6000000238
32991  -28.982  -54.697  -35.554 0.6999999881
33922  -28.591  -53.700  -35.731 0.6999999881
34868  -25.465  -52.536  -37.336 0.6999999881
34859  -26.078  -52.144  -36.819 0.6999999881
29204  -23.309  -58.390  -31.899 0.6000000238
29202  -21.976  -59.051  -32.772 0.4000000060
35794  -25.037  -50.908  -37.204 0.6999999881
38634  -26.839  -48.720  -38.310 0.6999999881
39494  -27.069  -47.995  -38.143 0.6999999881
135255  -25.805  -47.515  -37.799 0.6999999881
39488  -28.504  -47.577  -37.509 0.6000000238
120145  -29.736  -54.103  -34.478 0.6999999881
33923  -29.402  -53.977  -35.155 0.6999999881
34861  -28.041  -52.832  -35.823 0.6999999881
34855  -29.041  -52.948  -35.261 0.6999999881
131540  -29.697  -53.456  -34.711 0.6999999881
30128  -24.027  -57.437  -31.473 0.6000000238
34853  -27.554  -52.050  -35.914 0.6999999881
35795  -25.897  -51.299  -36.721 0.6999999881
34854  -28.375  -52.213  -35.508 0.6999999881
35786  -29.045  -51.911  -35.059 0.6999999881
30140  -22.059  -58.205  -32.829 0.5000000000
29203  -22.676  -58.711  -32.327 0.5000000000
37713  -24.493  -49.608  -37.030 0.6999999881
36735  -24.799  -50.192  -37.109 0.6999999881
36728  -28.282  -50.495  -35.422 0.6999999881
29213  -21.378  -58.522  -33.402 0.4000000060
36736  -25.246  -50.458  -36.846 0.6999999881
36727  -27.515  -50.605  -35.904 0.6999999881
35785  -28.147  -51.355  -35.549 0.6999999881
29212  -20.753  -58.840  -33.876 0.4000000060
37701  -24.638  -49.645  -36.933 0.6999999881
125359  -27.887  -49.869  -35.667 0.6999999881
125595  -26.664  -47.465  -37.884 0.6999999881
38625  -24.771  -48.423  -37.531 0.6999999881
38615  -26.503  -48.704  -36.329 0.6999999881
40347  -27.155  -46.825  -37.631 0.6999999881
38614  -24.940  -48.435  -36.661 0.6999999881
40348  -28.122  -46.877  -37.418 0.6000000238
41176  -26.417  -46.271  -37.465 0.6999999881
41175  -25.034  -46.173  -37.396 0.6999999881
42870  -28.761  -44.257  -35.215 0.5000000000
41151  -29.219  -45.081  -35.455 0.5000000000
41140  -30.984  -45.542  -34.694 0.4000000060
41152  -30.066  -45.250  -35.029 0.5000000000
34843  -30.229  -52.053  -34.099 0.6999999881
32012  -24.541  -55.696  -31.020 0.6000000238
36737  -26.464  -50.602  -36.424 0.6999999881
30142  -23.387  -57.603  -31.797 0.5000000000
130431  -28.981  -50.856  -34.876 0.6999999881
38612  -24.011  -48.331  -36.977 0.6999999881
37702  -25.414  -49.217  -36.616 0.6999999881
39485  -24.685  -47.662  -37.497 0.6999999881
39475  -23.829  -47.700  -36.943 0.6999999881
134098  -27.283  -44.603  -36.209 0.6999999881
40334  -27.473  -46.118  -37.115 0.6999999881
42018  -27.272  -45.303  -36.592 0.6999999881
42008  -27.817  -44.114  -35.582 0.6999999881
32943  -28.170  -54.589  -31.010 0.6999999881
33867  -28.668  -53.977  -30.993 0.6999999881
119103  -29.569  -53.154  -31.318 0.8000000119
34808  -30.377  -52.450  -32.100 0.8000000119
32928  -27.404  -54.582  -30.625 0.6000000238
32929  -27.989  -53.996  -30.571 0.6000000238
33850  -29.049  -53.369  -30.890 0.6000000238
33884  -30.243  -53.150  -32.645 0.8000000119
32927  -26.558  -54.470  -30.336 0.6000000238
34830  -30.462  -52.123  -33.556 0.6999999881
32013  -25.341  -55.643  -30.779 0.6000000238
31998  -25.775  -55.025  -30.486 0.6000000238
127630  -23.777  -55.989  -31.419 0.6000000238
124579  -29.739  -50.842  -34.353 0.6999999881
116811  -22.878  -56.966  -32.214 0.5000000000
125859  -23.194  -56.159  -31.896 0.6000000238
36720  -30.098  -50.359  -34.034 0.6999999881
36718  -28.692  -49.819  -35.032 0.6999999881
40345  -24.087  -46.832  -37.270 0.6999999881
38613  -24.120  -48.642  -36.952 0.6999999881
38601  -27.552  -48.341  -35.712 0.6999999881
42017  -25.843  -44.803  -36.667 0.8000000119
41163  -26.098  -45.626  -37.163 0.6999999881
39474  -23.682  -47.236  -36.968 0.6999999881
39476  -26.465  -47.838  -36.252 0.6999999881
42007  -26.699  -44.010  -35.986 0.8000000119
40331  -23.541  -46.666  -36.880 0.6999999881
125542  -30.729  -44.628  -34.577 0.5000000000
42853  -30.688  -43.776  -34.471 0.5000000000
121479  -31.579  -44.831  -34.402 0.4000000060
130524  -28.453  -53.525  -30.561 0.6000000238
35725  -29.862  -51.832  -30.785 0.8000000119
34807  -29.968  -52.520  -31.401 0.8999999762
33848  -27.232  -53.903  -30.237 0.6000000238
35739  -30.401  -51.696  -31.527 0.8000000119
35752  -30.683  -51.585  -32.329 0.8000000119
36699  -30.917  -50.752  -32.620 0.8000000119
32926  -25.809  -54.265  -30.169 0.6000000238
32925  -24.996  -54.399  -30.374 0.6000000238
36710  -30.635  -50.556  -33.354 0.8000000119
130263  -22.279  -56.658  -32.831 0.6000000238
133042  -23.396  -55.530  -31.663 0.6000000238
32941  -24.355  -54.829  -30.805 0.6000000238
37672  -30.384  -49.767  -33.682 0.6999999881
31094  -22.188  -57.356  -32.817 0.5000000000
37678  -29.338  -49.392  -34.519 0.6999999881
37671  -29.965  -49.151  -34.062 0.6999999881
30149  -21.361  -57.583  -33.541 0.5000000000
128775  -21.638  -56.717  -33.408 0.5000000000
37677  -28.774  -48.925  -34.865 0.6999999881
37689  -28.169  -49.090  -35.448 0.6999999881
42881  -25.113  -43.966  -36.401 0.8000000119
41162  -24.389  -45.565  -37.030 0.8000000119
40344  -23.537  -46.778  -36.928 0.6999999881
40332  -23.855  -46.933  -36.695 0.6999999881
39461  -26.387  -47.118  -36.059 0.6999999881
41174  -23.688  -46.296  -37.032 0.6999999881
41994  -29.776  -44.289  -34.756 0.5000000000
33849  -27.877  -53.364  -30.142 0.6999999881
131289  -28.493  -52.126  -29.687 0.6999999881
35724  -29.171  -52.064  -30.150 0.6999999881
35726  -30.353  -50.914  -30.877 0.8000000119
33831  -27.104  -53.216  -29.759 0.6999999881
35712  -28.791  -51.425  -29.571 0.8000000119
127292  -30.516  -50.150  -30.716 0.8000000119
33847  -26.405  -53.761  -29.952 0.6000000238
123912  -31.083  -50.293  -32.125 0.8000000119
37663  -31.038  -49.724  -32.839 0.6999999881
126485  -30.542  -49.132  -33.484 0.8000000119
38582  -30.940  -48.687  -32.992 0.6999999881
126395  -22.620  -56.122  -32.545 0.6000000238
39442  -30.634  -47.850  -33.101 0.8000000119
30160  -21.030  -56.792  -33.970 0.4000000060
39463  -28.183  -47.748  -35.223 0.6999999881
39451  -29.369  -47.774  -34.256 0.6999999881
30158  -19.749  -57.766  -34.818 0.4000000060
40320  -26.922  -46.667  -35.528 0.6999999881
38588  -28.794  -48.139  -34.759 0.6999999881
41161  -23.485  -45.802  -36.544 0.8000000119
40319  -25.353  -46.544  -36.015 0.6999999881
42868  -27.348  -43.247  -35.378 0.8000000119
42869  -28.330  -43.472  -35.027 0.5000000000
43726  -30.761  -42.852  -34.499 0.5000000000
134193  -30.071  -43.372  -34.496 0.5000000000
41996  -31.949  -44.190  -34.394 0.4000000060
124561  -28.036  -51.702  -29.176 0.6000000238
35713  -29.569  -51.174  -30.125 0.8000000119
37631  -30.458  -49.569  -30.326 0.8000000119
33830  -26.273  -52.954  -29.648 0.6999999881
37640  -30.923  -49.669  -31.021 0.8000000119
33846  -25.461  -53.498  -29.985 0.6000000238
126044  -30.919  -49.115  -30.671 0.8000000119
33845  -24.590  -53.567  -30.425 0.6000000238
119691  -31.223  -49.036  -31.360 0.8000000119
123746  -31.272  -48.935  -32.189 0.8000000119
32027  -22.946  -55.453  -32.193 0.6000000238
121058  -23.281  -54.848  -31.742 0.6000000238
38581  -30.115  -48.361  -33.742 0.8999999762
39450  -28.657  -47.335  -34.647 0.8000000119
40305  -29.205  -46.849  -34.051 0.8000000119
31105  -21.962  -55.994  -33.269 0.5000000000
41138  -27.091  -45.437  -34.671 0.8000000119
39449  -27.939  -46.954  -35.142 0.6999999881
31122  -21.221  -55.937  -33.982 0.4000000060
122993  -24.831  -43.098  -35.883 0.8000000119
42016  -23.893  -44.922  -36.573 0.8000000119
42015  -23.020  -45.051  -35.967 0.8000000119
40318  -23.688  -46.232  -36.255 0.8000000119
41150  -26.367  -45.960  -35.335 0.6999999881
42867  -26.218  -43.351  -35.814 0.8000000119
40317  -23.434  -45.796  -36.271 0.8000000119
42006  -22.926  -44.682  -35.409 0.8000000119
43739  -26.413  -42.509  -35.465 0.8000000119
42879  -22.684  -44.317  -35.205 0.8000000119
42851  -28.827  -42.743  -34.603 0.6000000238
43741  -28.050  -42.816  -34.837 0.6000000238
35711  -27.254  -51.862  -29.005 0.6000000238
36662  -29.111  -50.614  -29.457 0.6999999881
34779  -26.861  -52.465  -29.361 0.6000000238
120826  -29.355  -49.923  -29.361 0.6999999881
34793  -25.547  -52.488  -29.668 0.6000000238
35693  -26.783  -51.278  -28.653 0.6000000238
38558  -31.150  -48.469  -30.785 0.8000000119
32940  -23.727  -54.311  -31.170 0.6000000238
32957  -22.730  -54.632  -32.540 0.5000000000
38575  -31.170  -48.124  -32.409 0.8000000119
32969  -22.121  -54.507  -33.335 0.3000000119
118196  -29.821  -46.776  -33.438 0.8000000119
40297  -30.422  -47.113  -33.033 0.8000000119
40295  -28.711  -46.000  -34.033 0.8000000119
41992  -26.087  -44.818  -34.587 0.8000000119
42880  -23.432  -44.239  -36.021 0.8000000119
41149  -24.775  -45.786  -35.574 0.8000000119
41137  -25.812  -45.380  -35.075 0.8000000119
40303  -27.535  -46.225  -34.943 0.6999999881
41148  -23.480  -45.549  -35.712 0.8000000119
43740  -27.496  -42.355  -34.921 0.6999999881
44578  -29.305  -41.814  -34.500 0.6000000238
43742  -32.031  -42.319  -35.108 0.3000000119
36641  -27.812  -50.489  -28.399 0.6000000238
36642  -28.648  -50.070  -28.749 0.6999999881
37614  -29.246  -49.320  -28.918 0.6999999881
38550  -29.827  -48.649  -29.166 0.6999999881
35751  -22.790  -50.176  -32.357 0.5000000000
34778  -26.173  -52.296  -29.355 0.6000000238
126180  -30.575  -48.741  -29.990 0.6999999881
33865  -23.553  -53.530  -31.398 0.5000000000
34806  -24.199  -52.804  -30.708 0.5000000000
35709  -25.637  -51.681  -29.246 0.6000000238
114633  -30.964  -47.875  -30.180 0.6999999881
33881  -22.658  -52.906  -32.730 0.3000000119
32958  -23.123  -53.861  -32.052 0.5000000000
128287  -31.123  -46.094  -31.299 0.8000000119
39427  -31.264  -47.551  -31.886 0.8000000119
134956  -29.713  -45.564  -32.946 0.8999999762
40289  -30.226  -46.327  -32.845 0.8000000119
119426  -30.923  -46.195  -32.037 0.8000000119
32044  -21.678  -55.195  -33.637 0.4000000060
41993  -27.160  -44.738  -34.226 0.8999999762
41139  -28.026  -45.871  -34.465 0.8999999762
41129  -28.956  -45.409  -33.454 0.8999999762
122761  -25.215  -42.180  -35.603 0.8000000119
41136  -24.327  -45.091  -35.046 0.8000000119
44590  -30.715  -41.410  -34.989 0.6000000238
44579  -31.150  -42.169  -34.743 0.6000000238
36640  -27.012  -50.662  -28.312 0.6000000238
136248  -28.011  -49.872  -28.099 0.6000000238
37613  -28.548  -49.278  -28.238 0.6999999881
38536  -29.134  -48.557  -28.427 0.6999999881
35692  -26.036  -51.206  -28.737 0.6000000238
38537  -29.708  -47.870  -28.665 0.8000000119
126682  -23.903  -51.931  -31.222 0.6000000238
123810  -24.436  -51.888  -30.564 0.5000000000
124697  -25.437  -50.991  -28.944 0.6000000238
39404  -30.722  -47.220  -29.633 0.8000000119
39415  -31.154  -47.075  -30.417 0.6999999881
33896  -22.460  -53.767  -32.998 0.4000000060
116328  -31.297  -47.691  -31.017 0.8000000119
41982  -29.343  -44.807  -32.883 0.8000000119
41118  -30.844  -45.510  -31.623 0.8000000119
41979  -26.527  -44.101  -33.966 0.8999999762
41981  -28.512  -44.630  -33.324 0.8000000119
135585  -30.387  -45.594  -32.356 0.8000000119
41980  -27.630  -44.385  -33.647 0.8000000119
42865  -22.252  -43.546  -34.989 0.8000000119
42848  -22.937  -43.479  -34.519 0.8000000119
43738  -23.896  -42.422  -35.527 0.8000000119
42849  -23.989  -43.837  -34.253 0.8000000119
41991  -22.848  -44.200  -34.809 0.8000000119
44588  -26.967  -41.780  -35.041 0.8000000119
43737  -22.766  -42.769  -35.131 0.8000000119
44577  -28.562  -41.294  -34.589 0.6999999881
121581  -29.187  -41.043  -34.592 0.6999999881
46420  -29.933  -39.901  -35.931 0.6000000238
45506  -30.767  -40.129  -36.220 0.6000000238
46427  -31.217  -39.598  -36.944 0.6000000238
37611  -26.281  -50.136  -27.941 0.6000000238
38521  -28.409  -48.549  -27.726 0.8000000119
37655  -23.795  -49.166  -31.268 0.5000000000
35708  -25.012  -50.998  -29.545 0.5000000000
39393  -30.205  -47.262  -28.915 0.8000000119
38538  -30.371  -47.948  -29.411 0.6999999881
35738  -24.156  -50.864  -31.171 0.5000000000
39392  -29.671  -47.216  -28.325 0.8000000119
40248  -29.992  -46.635  -28.412 0.8000000119
35737  -23.488  -50.805  -31.845 0.5000000000
40249  -30.464  -46.607  -29.089 0.8000000119
40261  -30.900  -46.479  -29.818 0.8000000119
124092  -30.844  -45.604  -29.913 0.8000000119
40274  -31.133  -46.285  -30.599 0.8000000119
41109  -31.006  -45.524  -30.842 0.8000000119
133705  -29.977  -45.003  -32.488 0.8000000119
41971  -30.465  -44.858  -31.967 0.8000000119
43736  -22.426  -43.152  -34.797 0.8000000119
42840  -25.462  -43.591  -33.910 0.8000000119
134646  -24.645  -43.224  -33.792 0.8999999762
44587  -25.915  -41.429  -35.375 0.8000000119
44586  -24.434  -41.474  -35.443 0.8000000119
45483  -27.960  -40.778  -34.757 0.6999999881
44575  -27.029  -41.008  -35.003 0.6999999881
45494  -27.256  -40.201  -35.255 0.6999999881
45495  -28.345  -40.006  -35.081 0.6999999881
46419  -29.109  -39.519  -35.604 0.6999999881
38507  -26.575  -48.237  -26.571 0.8000000119
37595  -27.690  -49.248  -27.594 0.6000000238
38520  -27.053  -48.743  -27.035 0.6000000238
39376  -28.214  -47.910  -27.082 0.8000000119
39402  -24.023  -47.325  -29.648 0.6000000238
39414  -23.972  -47.792  -30.198 0.5000000000
36638  -25.621  -50.458  -28.492 0.6000000238
136985  -25.917  -49.573  -27.625 0.6000000238
39377  -29.025  -47.662  -27.876 0.8000000119
39389  -22.184  -47.727  -28.468 0.6000000238
125412  -23.790  -46.574  -28.894 0.6000000238
40260  -24.096  -46.738  -29.031 0.6000000238
38535  -24.536  -47.814  -29.050 0.5000000000
37629  -24.975  -49.780  -28.770 0.5000000000
131702  -21.286  -44.808  -28.419 0.5000000000
40245  -21.893  -46.130  -28.227 0.5000000000
40246  -23.026  -46.039  -28.337 0.6000000238
37639  -24.203  -48.929  -30.791 0.5000000000
37609  -24.739  -48.915  -28.850 0.5000000000
40235  -29.893  -46.020  -27.874 0.8000000119
121896  -30.282  -45.996  -28.592 0.8000000119
41087  -22.007  -45.208  -28.180 0.5000000000
36660  -24.984  -50.290  -29.197 0.5000000000
41927  -20.698  -44.808  -28.750 0.4000000060
35722  -24.619  -50.916  -30.393 0.5000000000
41090  -30.508  -45.363  -28.964 0.6999999881
42831  -30.332  -44.147  -31.500 0.8000000119
125443  -30.710  -44.756  -30.363 0.8000000119
132194  -27.313  -43.730  -33.454 0.8000000119
42842  -28.135  -43.799  -33.139 0.8000000119
119062  -30.491  -44.055  -30.765 0.8000000119
41970  -29.849  -44.256  -32.240 0.8000000119
42830  -29.442  -43.435  -32.155 0.8000000119
123059  -24.868  -40.637  -35.425 0.8999999762
44585  -23.347  -41.758  -35.120 0.8999999762
42839  -23.796  -43.187  -33.927 0.8000000119
42841  -26.583  -43.319  -33.518 0.8000000119
43715  -22.639  -42.869  -34.655 1.0000000000
43717  -24.363  -42.658  -33.669 0.8000000119
39375  -27.392  -48.115  -26.681 0.8000000119
39354  -27.806  -47.342  -26.514 0.8000000119
121343  -23.982  -45.954  -28.639 0.6000000238
38506  -25.772  -48.295  -26.743 0.6000000238
123508  -26.328  -48.723  -27.021 0.6000000238
40213  -28.740  -46.923  -27.007 0.8000000119
137066  -22.474  -45.676  -28.212 0.5000000000
39391  -24.392  -46.944  -28.743 0.6000000238
39374  -25.010  -48.263  -27.169 0.6000000238
40234  -29.452  -46.740  -27.774 0.8000000119
41088  -23.232  -45.330  -28.150 0.5000000000
39373  -24.635  -47.422  -27.378 0.6000000238
37593  -25.646  -48.966  -27.368 0.6000000238
122018  -22.753  -44.551  -28.021 0.4000000060
41930  -23.746  -44.779  -27.948 0.4000000060
41932  -30.430  -44.614  -28.549 0.6999999881
41929  -22.474  -43.694  -28.138 0.4000000060
41079  -24.279  -45.600  -28.086 0.4000000060
123961  -30.594  -44.682  -29.461 0.6999999881
42779  -23.047  -42.871  -27.917 0.4000000060
41916  -24.166  -43.691  -27.205 0.5000000000
136614  -22.943  -42.012  -28.152 0.3000000119
127213  -23.792  -42.873  -27.542 0.5000000000
41931  -24.062  -44.742  -27.742 0.5000000000
42829  -28.626  -43.209  -32.569 0.8000000119
135489  -29.936  -43.622  -31.689 0.8000000119
123240  -30.253  -43.300  -30.320 0.8000000119
42823  -30.131  -43.451  -31.083 0.8000000119
121056  -23.778  -40.772  -35.152 0.8000000119
44573  -22.806  -42.294  -34.810 1.0000000000
118288  -23.926  -41.908  -33.733 0.8000000119
127146  -25.032  -42.077  -33.532 0.8000000119
43718  -25.624  -42.786  -33.524 0.8000000119
42828  -27.624  -42.862  -33.014 0.8000000119
120304  -27.773  -41.967  -32.511 0.8000000119
44574  -23.285  -41.139  -34.587 1.0000000000
44567  -27.116  -41.921  -33.048 0.8000000119
44564  -23.659  -41.055  -33.917 0.8000000119
44566  -26.093  -41.908  -33.352 0.8000000119
45493  -26.100  -40.439  -35.402 0.8999999762
46417  -27.540  -39.371  -35.507 0.6999999881
46418  -28.380  -39.220  -35.563 0.6999999881
46424  -28.869  -38.672  -36.186 0.6999999881
47366  -29.607  -38.402  -36.940 0.6999999881
46433  -30.820  -38.960  -37.279 0.6000000238
47367  -30.400  -38.240  -37.245 0.6999999881
137785  -29.043  -37.990  -36.843 0.6999999881
48226  -31.664  -38.096  -37.262 0.6000000238
48215  -31.069  -37.780  -37.230 0.6000000238
39353  -26.938  -47.595  -26.186 0.8000000119
40212  -28.137  -46.592  -26.397 0.8000000119
40247  -24.185  -46.131  -28.546 0.5000000000
40209  -25.542  -46.972  -26.069 0.8000000119
40210  -26.474  -46.977  -25.827 0.8000000119
41089  -24.077  -45.471  -28.271 0.5000000000
118178  -24.421  -46.083  -27.056 0.5000000000
39352  -26.075  -47.681  -26.244 0.8000000119
126742  -29.396  -46.048  -27.149 0.6999999881
42780  -23.471  -43.880  -27.768 0.4000000060
40208  -24.678  -46.864  -26.689 0.6999999881
122747  -28.738  -46.009  -26.556 0.6999999881
41080  -29.858  -45.318  -27.368 0.6999999881
41918  -30.216  -44.527  -27.655 0.6999999881
41081  -30.212  -45.297  -28.138 0.6999999881
129183  -30.435  -43.972  -28.240 0.6999999881
42793  -30.513  -43.166  -28.475 0.6999999881
42781  -24.373  -42.769  -26.990 0.5000000000
121257  -30.409  -43.159  -29.456 0.6999999881
43658  -23.604  -42.003  -27.938 0.4000000060
43659  -24.121  -41.974  -27.515 0.4000000060
43708  -29.109  -42.776  -32.049 0.8000000119
43707  -28.408  -42.375  -32.302 0.8000000119
44547  -28.701  -41.138  -31.529 0.6999999881
44565  -24.960  -41.159  -33.580 0.8000000119
45492  -24.089  -39.954  -35.269 0.8999999762
114310  -25.099  -39.938  -35.522 0.8999999762
45491  -23.652  -40.097  -34.811 0.8000000119
45475  -23.633  -40.216  -34.325 0.8000000119
128231  -24.681  -39.696  -33.811 0.8000000119
46416  -26.133  -39.504  -35.635 0.8999999762
46415  -24.385  -39.230  -35.557 0.8000000119
47357  -26.766  -38.693  -35.871 0.8999999762
46428  -32.061  -39.826  -37.217 0.4000000060
47358  -27.892  -38.604  -35.893 0.8000000119
47365  -28.341  -37.932  -36.474 0.6999999881
48214  -29.659  -37.538  -37.113 0.6999999881
49052  -32.178  -36.722  -36.102 0.5000000000
40190  -26.974  -46.244  -25.498 0.6999999881
40211  -27.370  -46.801  -26.002 0.8000000119
41047  -25.608  -45.392  -25.539 0.6999999881
41050  -28.109  -45.185  -25.595 0.6999999881
41881  -25.414  -44.522  -25.603 0.6000000238
41049  -27.401  -45.565  -25.408 0.6999999881
41066  -29.352  -45.236  -26.629 0.6999999881
41917  -29.890  -44.724  -26.960 0.6999999881
41901  -30.125  -44.049  -26.921 0.6999999881
137363  -24.738  -43.582  -26.387 0.5000000000
44482  -24.509  -41.939  -26.840 0.4000000060
43671  -30.455  -42.292  -29.005 0.6999999881
44500  -24.074  -41.297  -27.314 0.3000000119
43637  -24.892  -42.658  -26.269 0.5000000000
44556  -28.286  -41.567  -32.082 0.6999999881
43693  -29.884  -42.704  -30.669 0.6999999881
43622  -24.990  -41.943  -26.018 0.4000000060
43701  -28.985  -42.056  -31.585 0.6999999881
43692  -29.736  -41.853  -30.374 0.6999999881
44548  -29.282  -41.456  -30.972 0.6999999881
132647  -28.194  -40.844  -32.057 0.6999999881
45476  -24.199  -40.254  -33.826 0.8000000119
124455  -25.514  -40.243  -33.547 0.8000000119
44554  -26.581  -40.982  -33.216 0.8000000119
46414  -23.623  -39.381  -35.071 0.8000000119
47356  -25.414  -38.663  -35.860 0.8000000119
47355  -24.204  -38.475  -35.723 0.8000000119
47363  -26.091  -38.129  -36.105 0.8999999762
133847  -27.197  -37.068  -36.481 0.8000000119
48212  -28.045  -37.214  -36.631 0.8000000119
132617  -30.435  -37.433  -37.142 0.6999999881
114158  -31.103  -36.900  -36.698 0.6000000238
135095  -28.613  -36.672  -36.917 0.6999999881
125903  -29.255  -36.663  -37.023 0.6999999881
115827  -27.973  -34.510  -37.121 0.6999999881
42744  -25.948  -43.689  -25.194 0.6000000238
129214  -26.816  -44.131  -24.859 0.6000000238
41883  -27.322  -44.809  -25.063 0.6999999881
41884  -28.204  -44.533  -25.297 0.6999999881
41899  -28.909  -44.707  -25.928 0.6999999881
41065  -28.623  -45.399  -26.163 0.6999999881
41898  -24.899  -44.318  -26.071 0.5000000000
41885  -28.784  -44.037  -25.417 0.6999999881
134354  -29.373  -44.067  -25.915 0.6999999881
41900  -29.621  -44.400  -26.438 0.6999999881
118675  -23.832  -41.378  -27.838 0.3000000119
42760  -25.271  -43.266  -25.833 0.5000000000
131463  -25.243  -43.878  -25.808 0.5000000000
42745  -26.838  -43.524  -24.714 0.6000000238
42782  -30.382  -43.621  -27.629 0.6999999881
44463  -25.470  -41.920  -25.283 0.5000000000
44464  -25.968  -42.324  -24.870 0.6000000238
43660  -30.509  -42.692  -27.695 0.6999999881
44537  -30.138  -41.432  -29.593 0.6999999881
45377  -24.873  -40.838  -24.560 0.3000000119
45477  -26.719  -40.031  -33.252 0.8000000119
45467  -27.436  -40.489  -32.697 0.8000000119
135775  -27.835  -40.680  -32.340 0.6999999881
45468  -28.077  -40.196  -32.232 0.6999999881
45462  -29.198  -40.627  -31.077 0.6999999881
47338  -24.529  -39.069  -34.153 0.8000000119
46402  -26.927  -39.189  -33.323 0.8000000119
47354  -23.754  -38.678  -35.325 0.8000000119
46409  -23.581  -38.999  -34.844 0.8000000119
46400  -23.859  -39.602  -34.266 0.8000000119
46401  -25.774  -39.448  -33.616 0.8000000119
48204  -24.813  -37.861  -36.028 0.8000000119
49023  -23.862  -36.861  -35.067 0.8000000119
48198  -24.718  -37.405  -34.598 0.8000000119
49024  -25.238  -36.606  -34.558 0.8000000119
49034  -31.238  -35.965  -36.101 0.6000000238
135763  -30.687  -36.281  -36.573 0.6999999881
49960  -27.742  -35.376  -36.854 0.8000000119
49961  -28.749  -35.860  -36.948 0.6000000238
50944  -28.431  -33.973  -37.093 0.6000000238
49962  -29.415  -35.204  -36.835 0.6000000238
42746  -27.801  -43.839  -24.793 0.6000000238
43624  -26.379  -42.892  -24.793 0.6000000238
42748  -29.371  -43.479  -25.578 0.6999999881
42761  -29.883  -43.577  -26.248 0.6999999881
43625  -27.319  -42.998  -24.486 0.6000000238
43638  -29.819  -42.935  -25.760 0.6999999881
43639  -30.197  -42.726  -26.319 0.6999999881
42762  -30.301  -43.218  -26.930 0.6999999881
44451  -25.384  -41.454  -24.760 0.4000000060
44452  -25.977  -41.834  -24.500 0.4000000060
43617  -27.807  -42.415  -24.087 0.5000000000
43626  -29.301  -42.721  -25.071 0.6999999881
133853  -30.442  -42.489  -26.938 0.6999999881
43616  -26.770  -42.318  -24.285 0.5000000000
44453  -27.375  -41.894  -23.839 0.5000000000
117625  -30.599  -41.756  -27.348 0.6999999881
121867  -30.558  -41.965  -28.250 0.6999999881
45378  -25.785  -41.077  -23.919 0.4000000060
45365  -25.241  -40.290  -23.794 0.3000000119
45442  -30.450  -40.864  -29.053 0.6999999881
45452  -29.780  -40.068  -30.595 0.6999999881
46359  -30.247  -40.314  -29.686 0.6999999881
46381  -28.602  -39.782  -31.890 0.6999999881
45461  -28.635  -40.380  -31.670 0.6999999881
46370  -30.445  -39.461  -30.177 0.6999999881
46382  -29.251  -39.756  -31.379 0.6999999881
47325  -30.453  -38.570  -31.307 0.6999999881
47348  -25.644  -37.816  -34.188 0.8000000119
46392  -28.268  -39.429  -32.360 0.6999999881
47324  -29.689  -38.910  -31.596 0.6999999881
47332  -30.117  -38.259  -31.903 0.6999999881
131557  -23.689  -38.310  -35.215 0.8000000119
47347  -24.192  -38.273  -34.652 0.8000000119
47339  -25.901  -38.538  -33.823 0.8000000119
47340  -27.313  -38.382  -33.412 0.8000000119
47342  -29.099  -37.988  -32.818 0.8000000119
48182  -30.490  -37.233  -32.562 0.6999999881
48203  -23.876  -37.861  -35.591 0.8000000119
49011  -27.347  -37.227  -33.901 0.8000000119
48191  -28.695  -37.463  -33.314 0.8000000119
49046  -23.956  -37.133  -36.023 0.8000000119
133880  -26.325  -37.121  -34.229 0.8000000119
49026  -28.410  -36.305  -34.208 0.8000000119
130143  -25.149  -37.025  -36.264 0.8000000119
49033  -23.640  -36.175  -35.579 0.8000000119
49918  -25.804  -35.822  -34.666 0.8000000119
122756  -26.532  -36.408  -34.433 0.8000000119
49920  -28.712  -35.563  -34.646 0.8000000119
49958  -24.807  -35.526  -36.393 0.8000000119
49048  -25.674  -36.255  -36.435 0.8000000119
49963  -30.267  -35.654  -36.552 0.6000000238
50941  -25.529  -34.631  -36.548 0.8000000119
49959  -26.364  -35.442  -36.592 0.8000000119
50947  -30.833  -34.972  -35.978 0.6000000238
50927  -30.640  -34.068  -35.983 0.6000000238
50945  -29.266  -34.337  -36.818 0.6000000238
50946  -30.050  -34.656  -36.461 0.6000000238
42739  -28.315  -42.952  -24.575 0.6999999881
42747  -28.746  -43.424  -25.043 0.6999999881
43627  -30.033  -42.105  -25.654 0.6999999881
44454  -28.171  -41.683  -23.752 0.5000000000
44465  -29.536  -41.810  -24.775 0.6999999881
45379  -26.733  -40.749  -23.596 0.4000000060
122802  -27.485  -41.209  -23.606 0.5000000000
44511  -30.650  -41.012  -28.209 0.6999999881
46290  -25.598  -39.665  -23.596 0.3000000119
46307  -26.952  -39.895  -23.487 0.3000000119
129866  -27.506  -40.473  -23.499 0.5000000000
45423  -30.741  -40.787  -27.199 0.6999999881
46289  -24.912  -39.547  -23.699 0.3000000119
116995  -26.871  -38.062  -23.692 0.3000000119
46344  -30.709  -40.180  -28.771 0.6999999881
47258  -26.194  -38.483  -23.623 0.3000000119
46371  -31.092  -38.797  -29.908 0.6999999881
46403  -27.839  -38.944  -32.880 0.8000000119
47331  -29.380  -38.482  -32.241 0.6999999881
47317  -30.783  -38.740  -30.659 0.6999999881
47330  -28.628  -38.705  -32.554 0.6999999881
48181  -29.864  -37.810  -32.475 0.6999999881
48183  -31.106  -37.344  -32.029 0.6999999881
48197  -23.742  -37.671  -35.261 0.8000000119
48189  -26.787  -37.774  -33.829 0.8000000119
47341  -28.270  -38.207  -33.105 0.6999999881
48192  -29.670  -37.201  -33.058 0.8000000119
49022  -23.811  -37.006  -35.674 0.8000000119
49025  -27.429  -36.648  -34.202 0.8000000119
49027  -29.411  -35.982  -34.140 0.8000000119
122902  -23.697  -36.286  -35.915 0.8000000119
49957  -23.637  -35.499  -36.091 0.8000000119
49917  -24.324  -35.966  -34.874 0.8000000119
49940  -26.657  -34.986  -35.060 0.8000000119
126937  -27.665  -34.358  -35.346 0.8000000119
50904  -28.962  -34.936  -34.932 0.8000000119
50940  -23.957  -34.498  -36.276 0.8000000119
49939  -24.904  -35.120  -34.996 0.8000000119
50924  -25.628  -34.206  -35.305 0.8000000119
50926  -28.647  -34.348  -35.217 0.8000000119
50942  -26.999  -34.575  -36.755 0.8000000119
43618  -28.721  -42.185  -24.317 0.6000000238
45366  -26.086  -40.182  -23.589 0.3000000119
128250  -26.669  -41.558  -23.851 0.5000000000
45380  -28.395  -40.726  -23.565 0.5000000000
135567  -29.665  -41.095  -24.509 0.6999999881
44466  -30.083  -41.237  -25.188 0.6999999881
45415  -30.675  -40.656  -26.316 0.6999999881
45381  -29.429  -40.532  -23.948 0.6000000238
45382  -30.071  -40.469  -24.714 0.6999999881
45399  -30.445  -40.583  -25.509 0.6999999881
46332  -30.966  -39.876  -26.744 0.6999999881
47259  -27.193  -38.914  -23.486 0.3000000119
46325  -30.456  -39.780  -25.085 0.6999999881
47257  -25.310  -38.228  -23.791 0.3000000119
48940  -27.900  -36.809  -24.720 0.3000000119
118030  -30.943  -40.107  -27.819 0.6999999881
49803  -25.616  -35.553  -25.809 0.3000000119
48956  -26.183  -36.292  -25.241 0.3000000119
48939  -27.025  -36.592  -24.919 0.3000000119
48957  -27.628  -36.236  -25.343 0.3000000119
49819  -26.152  -35.081  -26.439 0.3000000119
47326  -31.047  -38.197  -31.078 0.6999999881
49014  -30.490  -36.724  -32.997 0.8000000119
49921  -29.598  -35.182  -34.496 0.8000000119
50922  -23.393  -34.524  -35.922 0.8000000119
49938  -23.809  -35.272  -35.484 0.8000000119
118077  -23.436  -33.836  -35.917 0.8000000119
50923  -24.050  -34.399  -35.469 0.8000000119
50925  -26.932  -33.772  -35.414 0.8000000119
130518  -24.658  -33.868  -36.463 0.8000000119
51940  -25.622  -33.239  -35.497 0.8000000119
51959  -26.057  -33.701  -36.630 0.8000000119
51960  -26.949  -33.056  -36.802 0.6999999881
51971  -27.974  -33.268  -37.214 0.6000000238
118749  -30.706  -40.008  -25.867 0.6999999881
47260  -28.651  -38.243  -23.727 0.4000000060
46324  -30.397  -38.913  -24.789 0.6000000238
114042  -30.789  -39.134  -25.796 0.6999999881
48124  -30.379  -37.577  -25.094 0.4000000060
47289  -31.178  -38.918  -26.774 0.6999999881
46337  -31.187  -39.397  -27.479 0.6999999881
46345  -31.191  -39.302  -28.381 0.6999999881
49821  -28.821  -35.385  -26.076 0.3000000119
48131  -30.814  -37.518  -25.701 0.4000000060
47283  -31.406  -38.146  -26.964 0.6000000238
47295  -31.523  -38.363  -28.371 0.6999999881
47308  -31.343  -38.684  -29.137 0.6999999881
47318  -31.399  -38.061  -30.414 0.6999999881
48156  -32.104  -37.138  -29.543 0.6999999881
48175  -31.991  -36.830  -31.128 0.6999999881
49013  -29.054  -36.718  -33.623 0.8000000119
49907  -30.019  -36.413  -33.528 0.8000000119
49941  -28.100  -35.053  -35.124 0.8000000119
50906  -30.304  -34.599  -34.293 0.8000000119
136030  -26.822  -34.340  -35.298 0.8000000119
51942  -28.158  -33.517  -35.428 0.8000000119
117034  -23.520  -33.118  -36.009 0.8000000119
115117  -24.212  -33.531  -35.604 0.8000000119
51941  -27.006  -32.942  -35.506 0.8000000119
135432  -24.288  -32.763  -35.732 0.8000000119
51962  -29.161  -33.549  -36.808 0.6000000238
52999  -25.354  -32.786  -36.558 0.8000000119
53000  -28.274  -32.748  -37.065 0.6000000238
123380  -26.229  -32.158  -36.673 0.6999999881
133544  -26.356  -31.443  -36.787 0.6999999881
46310  -29.898  -39.574  -24.201 0.6000000238
48959  -29.397  -36.582  -25.154 0.3000000119
47282  -31.073  -38.235  -26.127 0.6000000238
49806  -29.052  -35.941  -25.561 0.3000000119
48960  -30.276  -36.851  -25.407 0.3000000119
49823  -30.397  -36.178  -25.950 0.3000000119
48967  -30.923  -36.793  -26.092 0.5000000000
118192  -31.564  -38.048  -27.695 0.6999999881
50805  -27.939  -34.504  -26.944 0.3000000119
50806  -28.719  -34.743  -26.578 0.3000000119
48973  -31.695  -36.760  -27.701 0.4000000060
48145  -32.039  -37.162  -28.914 0.6999999881
50821  -27.829  -34.025  -27.645 0.3000000119
49002  -32.231  -36.240  -31.523 0.6000000238
48996  -32.370  -36.351  -30.712 0.6000000238
133856  -31.356  -36.573  -32.506 0.8000000119
134886  -31.907  -36.421  -32.022 0.6999999881
123770  -32.562  -35.714  -31.015 0.6000000238
49015  -30.970  -36.148  -33.308 0.8000000119
49006  -32.149  -35.980  -32.233 0.6999999881
127581  -32.590  -35.455  -31.668 0.6999999881
132015  -30.421  -35.543  -33.920 0.8000000119
129401  -31.292  -35.482  -33.427 0.8000000119
120194  -31.124  -34.770  -33.731 0.6999999881
49908  -31.940  -35.003  -33.163 0.6999999881
49895  -32.404  -35.225  -32.441 0.6999999881
50905  -29.511  -34.347  -34.760 0.8000000119
50892  -30.896  -33.831  -33.996 0.6999999881
50893  -31.818  -34.148  -33.313 0.6999999881
51943  -29.162  -33.685  -35.101 0.8000000119
51924  -30.077  -33.838  -34.481 0.8000000119
51912  -30.903  -32.937  -34.002 0.6999999881
51913  -31.641  -33.263  -33.447 0.6999999881
50921  -23.290  -34.053  -36.010 0.8000000119
114695  -23.583  -32.989  -36.006 0.8000000119
51923  -29.711  -33.192  -34.667 0.8000000119
52982  -24.050  -31.968  -35.981 0.8000000119
52984  -27.039  -32.213  -35.474 0.8000000119
52985  -28.031  -32.549  -35.428 0.8000000119
116988  -23.653  -33.522  -36.177 0.8000000119
52997  -24.018  -31.862  -35.992 0.8000000119
52983  -25.527  -32.263  -35.573 0.8000000119
53942  -27.724  -31.700  -35.349 0.8000000119
51958  -24.548  -33.243  -36.460 0.8000000119
52998  -23.949  -32.753  -36.242 0.8000000119
53955  -24.167  -30.959  -36.285 0.6999999881
53001  -28.988  -32.835  -36.816 0.6000000238
53960  -29.503  -32.104  -36.501 0.6000000238
121885  -24.512  -31.899  -36.365 0.8000000119
53956  -25.114  -31.395  -36.657 0.6999999881
123308  -26.531  -30.849  -36.852 0.6999999881
48132  -31.256  -37.483  -26.462 0.5000000000
48139  -31.554  -37.458  -27.296 0.5000000000
49824  -30.990  -36.073  -26.527 0.4000000060
126733  -31.757  -37.500  -28.231 0.6000000238
136697  -30.181  -34.897  -26.686 0.3000000119
48977  -32.003  -36.698  -28.502 0.5000000000
48978  -32.293  -36.542  -29.199 0.6000000238
50823  -29.521  -34.444  -26.847 0.3000000119
50824  -30.385  -34.426  -27.155 0.3000000119
129136  -32.246  -36.066  -28.782 0.6000000238
49853  -32.540  -35.710  -29.455 0.6000000238
51842  -27.645  -33.637  -28.331 0.3000000119
51864  -29.144  -33.165  -28.274 0.3000000119
50825  -31.111  -34.653  -27.514 0.3000000119
51843  -28.504  -33.620  -27.928 0.3000000119
49868  -32.644  -35.672  -30.316 0.6000000238
51862  -27.389  -33.319  -28.866 0.3000000119
125727  -32.851  -34.613  -31.819 0.6999999881
50894  -32.494  -34.383  -32.587 0.6999999881
52969  -28.708  -31.928  -35.057 0.8000000119
52971  -30.224  -32.610  -34.334 0.6999999881
52957  -30.771  -32.167  -33.948 0.6999999881
52970  -29.509  -32.274  -34.649 0.6999999881
53930  -28.315  -31.019  -35.006 0.6999999881
53940  -24.667  -31.222  -35.670 0.8000000119
53941  -26.395  -31.494  -35.467 0.8000000119
54910  -27.789  -30.162  -34.959 0.6000000238
53943  -30.239  -31.425  -35.956 0.6000000238
53938  -23.906  -30.728  -36.112 0.6999999881
54935  -24.330  -30.301  -36.398 0.6999999881
54920  -23.789  -30.301  -36.048 0.6999999881
122651  -27.646  -30.906  -36.839 0.6999999881
53958  -28.179  -31.605  -36.855 0.6999999881
128025  -25.189  -30.839  -36.767 0.6999999881
58483  -26.083  -25.883  -37.005 0.5000000000
57661  -26.479  -26.547  -37.289 0.5000000000
125163  -32.741  -34.959  -29.982 0.6000000238
50871  -32.969  -33.968  -31.195 0.6000000238
50881  -32.935  -33.754  -32.025 0.6999999881
51914  -32.417  -33.516  -32.746 0.6999999881
53880  -25.712  -31.688  -29.622 0.3000000119
52958  -31.493  -32.458  -33.515 0.6999999881
115885  -32.777  -32.891  -32.195 0.6999999881
52959  -32.281  -32.655  -32.906 0.6999999881
54923  -27.218  -30.835  -35.294 0.6999999881
53932  -30.084  -31.783  -34.267 0.6999999881
53931  -29.268  -31.251  -34.520 0.6999999881
53939  -23.872  -30.919  -36.023 0.6999999881
54921  -24.166  -30.312  -35.815 0.6999999881
114267  -25.749  -30.596  -35.457 0.6999999881
54922  -26.631  -29.971  -35.240 0.6000000238
132332  -24.153  -29.539  -35.977 0.6999999881
53959  -28.857  -31.649  -36.660 0.6000000238
118216  -29.410  -31.154  -36.367 0.5000000000
54936  -25.477  -30.205  -36.776 0.6999999881
55895  -25.915  -29.434  -36.777 0.6999999881
55896  -27.186  -29.359  -36.926 0.6999999881
56804  -27.617  -28.481  -37.106 0.6000000238
127611  -32.514  -34.938  -29.312 0.5000000000
51867  -32.268  -33.699  -29.176 0.4000000060
50848  -32.573  -34.317  -29.592 0.5000000000
50861  -32.786  -34.183  -30.342 0.6000000238
117967  -32.598  -33.699  -29.835 0.5000000000
119057  -32.718  -33.191  -30.506 0.6000000238
51898  -32.888  -33.142  -31.446 0.6000000238
53881  -26.620  -31.351  -29.484 0.3000000119
53925  -32.078  -31.837  -33.065 0.6000000238
134634  -31.331  -31.803  -33.540 0.6000000238
116309  -28.704  -30.316  -34.544 0.6000000238
54912  -29.966  -31.041  -34.136 0.6000000238
121247  -25.203  -29.713  -35.550 0.6999999881
55887  -26.184  -29.222  -35.293 0.6999999881
56802  -25.332  -28.655  -36.434 0.6999999881
54939  -29.069  -30.402  -36.370 0.6000000238
55899  -30.176  -29.243  -35.993 0.5000000000
55897  -28.150  -29.279  -36.787 0.6000000238
55898  -29.112  -29.517  -36.339 0.6000000238
123885  -29.459  -28.700  -36.460 0.5000000000
56817  -25.855  -27.777  -36.610 0.6000000238
56805  -28.676  -28.198  -36.996 0.5000000000
56803  -26.394  -28.537  -36.872 0.5000000000
56819  -27.658  -27.523  -37.384 0.5000000000
57662  -27.809  -26.640  -37.539 0.5000000000
58485  -28.132  -25.747  -37.692 0.5000000000
52913  -31.986  -32.445  -29.232 0.4000000060
51888  -32.352  -33.085  -29.580 0.4000000060
53884  -32.079  -31.737  -29.486 0.4000000060
53867  -29.731  -31.705  -28.716 0.4000000060
137540  -32.762  -32.736  -31.071 0.6000000238
134824  -27.152  -30.716  -29.408 0.3000000119
53883  -28.330  -31.324  -29.125 0.3000000119
52946  -32.585  -32.006  -32.372 0.6000000238
118304  -26.210  -28.811  -29.523 0.3000000119
54905  -30.269  -30.483  -33.732 0.5000000000
53924  -31.631  -31.149  -33.225 0.6000000238
55878  -29.088  -29.617  -34.246 0.6000000238
55877  -28.127  -29.402  -34.614 0.6000000238
55871  -29.845  -29.729  -33.762 0.6000000238
56783  -27.043  -28.812  -34.980 0.6000000238
128084  -28.736  -28.978  -34.302 0.6000000238
55886  -24.961  -28.998  -35.672 0.6999999881
57626  -26.842  -27.959  -35.237 0.6000000238
133066  -25.435  -27.987  -36.232 0.6999999881
56818  -26.530  -27.565  -37.150 0.5000000000
58484  -26.643  -25.595  -37.298 0.5000000000
52895  -31.275  -32.518  -28.673 0.4000000060
52914  -32.423  -32.399  -29.897 0.4000000060
53869  -31.572  -31.908  -29.015 0.4000000060
54843  -31.533  -31.144  -29.004 0.4000000060
52925  -32.614  -32.299  -30.679 0.4000000060
53904  -32.583  -31.528  -30.950 0.4000000060
52936  -32.777  -32.278  -31.546 0.5000000000
121944  -27.289  -29.978  -29.377 0.3000000119
55837  -27.417  -29.153  -29.361 0.3000000119
54840  -28.579  -30.576  -28.993 0.4000000060
53914  -32.659  -31.362  -31.817 0.4000000060
56728  -27.343  -28.390  -29.410 0.3000000119
55822  -28.907  -29.969  -28.834 0.4000000060
54901  -31.680  -30.330  -32.887 0.5000000000
53919  -32.300  -31.049  -32.507 0.6000000238
115141  -31.074  -30.610  -33.391 0.5000000000
135269  -30.191  -29.178  -33.489 0.5000000000
55872  -30.833  -28.920  -33.085 0.5000000000
56784  -28.041  -28.428  -34.655 0.6000000238
125654  -28.748  -27.802  -34.546 0.6000000238
119649  -25.944  -27.620  -35.723 0.6000000238
57640  -27.501  -26.727  -35.524 0.6000000238
57638  -25.766  -27.110  -36.219 0.5000000000
57660  -25.915  -26.783  -36.889 0.5000000000
58474  -25.967  -26.479  -36.760 0.5000000000
59353  -26.397  -25.181  -37.018 0.5000000000
60197  -27.537  -24.176  -37.541 0.5000000000
59355  -27.689  -24.497  -37.834 0.5000000000
53885  -32.433  -31.624  -30.122 0.4000000060
54864  -32.443  -30.852  -30.349 0.4000000060
117953  -31.852  -30.318  -29.254 0.4000000060
54886  -32.527  -30.745  -31.195 0.4000000060
54895  -32.191  -29.990  -32.174 0.4000000060
134379  -32.505  -30.637  -31.899 0.5000000000
57568  -26.401  -27.425  -29.514 0.3000000119
121756  -31.370  -28.571  -32.574 0.4000000060
56776  -30.183  -28.473  -33.559 0.5000000000
56777  -30.836  -28.099  -33.083 0.4000000060
56785  -28.932  -28.483  -34.307 0.6000000238
56775  -29.475  -28.954  -33.917 0.5000000000
57627  -27.753  -27.508  -35.104 0.6000000238
57628  -29.567  -27.290  -34.432 0.5000000000
57615  -29.553  -28.117  -34.090 0.5000000000
58462  -26.090  -26.428  -36.495 0.5000000000
57639  -26.523  -26.990  -35.711 0.6000000238
58449  -28.609  -26.898  -35.083 0.6000000238
58464  -27.765  -26.056  -35.795 0.6000000238
58475  -26.171  -25.654  -36.935 0.5000000000
60189  -26.971  -24.682  -37.078 0.5000000000
59359  -28.345  -24.332  -38.187 0.5000000000
58463  -26.690  -26.153  -36.212 0.5000000000
59261  -25.983  -25.314  -29.885 0.3000000119
117136  -26.877  -25.209  -29.738 0.4000000060
127348  -27.634  -25.160  -29.645 0.4000000060
58465  -28.981  -26.004  -35.520 0.5000000000
60955  -25.974  -23.806  -30.714 0.4000000060
58451  -30.884  -25.891  -34.581 0.5000000000
58452  -31.195  -26.245  -34.025 0.5000000000
132758  -29.006  -24.437  -36.465 0.5000000000
59334  -30.127  -25.803  -35.194 0.5000000000
59344  -26.964  -24.631  -36.976 0.5000000000
59345  -27.938  -24.443  -36.730 0.6000000238
61045  -28.439  -22.525  -38.259 0.5000000000
133469  -27.712  -23.627  -37.761 0.6000000238
61035  -27.780  -23.397  -37.783 0.5000000000
61041  -27.848  -23.188  -37.934 0.6000000238
60103  -27.374  -24.399  -30.068 0.4000000060
60089  -28.812  -24.941  -29.543 0.4000000060
60179  -29.137  -25.163  -35.988 0.5000000000
60192  -29.349  -23.908  -36.695 0.5000000000
60193  -30.621  -23.985  -36.288 0.5000000000
60190  -27.530  -24.049  -37.379 0.5000000000
60191  -28.088  -23.760  -37.119 0.5000000000
123786  -28.723  -22.093  -38.316 0.4000000060
61036  -28.336  -23.151  -37.532 0.5000000000
61042  -28.105  -22.788  -38.031 0.5000000000
60104  -28.828  -24.248  -29.746 0.4000000060
60975  -27.079  -22.916  -31.017 0.4000000060
60180  -30.178  -24.764  -35.859 0.5000000000
59320  -31.545  -25.551  -34.348 0.4000000060
61037  -29.683  -23.252  -37.088 0.4000000060
61043  -30.175  -22.582  -37.327 0.4000000060
61882  -29.240  -21.671  -38.150 0.5000000000
62731  -29.356  -21.027  -38.704 0.3000000119
60181  -31.326  -24.495  -35.507 0.4000000060
120380  -30.081  -21.095  -38.233 0.4000000060
61883  -30.785  -21.966  -37.470 0.4000000060
61877  -31.339  -22.698  -36.953 0.4000000060
63602  -30.706  -19.026  -39.543 0.4000000060
62732  -30.962  -20.513  -38.198 0.4000000060
61878  -32.143  -22.173  -36.872 0.4000000060
63594  -30.566  -19.230  -38.897 0.4000000060
64469  -31.025  -18.213  -39.673 0.4000000060
65333  -31.558  -17.247  -40.053 0.4000000060
135991  -31.315  -21.418  -37.546 0.3000000119
63595  -31.868  -20.056  -37.786 0.4000000060
62726  -32.696  -21.525  -36.622 0.4000000060
62727  -32.996  -22.080  -36.089 0.4000000060
64454  -32.627  -19.565  -37.137 0.3000000119
64460  -31.682  -18.720  -38.401 0.4000000060
133375  -32.085  -16.599  -40.127 0.4000000060
62733  -32.094  -21.164  -37.308 0.3000000119
64461  -32.633  -18.215  -37.810 0.5000000000
63587  -32.717  -20.699  -36.820 0.4000000060
33898  -30.349  -52.976  -33.384 0.6999999881
31095  -23.583  -56.800  -31.629 0.6000000238
34795  -29.420  -52.660  -30.776 0.6999999881
120961  -30.851  -50.287  -31.395 0.8000000119
36661  -28.344  -50.939  -28.941 0.6000000238
39434  -30.924  -47.489  -32.576 0.8000000119
34814  -22.827  -51.932  -32.566 0.4000000060
42866  -23.135  -43.439  -35.518 0.8000000119
136545  -30.612  -46.015  -29.260 0.8000000119
41962  -30.712  -44.822  -31.213 0.8000000119
41928  -21.829  -44.345  -28.274 0.4000000060
39351  -25.210  -47.677  -26.570 0.6000000238
41064  -24.941  -46.054  -26.123 0.6000000238
44555  -27.604  -41.196  -32.513 0.6999999881
49919  -27.432  -35.833  -34.628 0.8000000119
44483  -30.441  -41.326  -25.949 0.6999999881
48174  -31.475  -37.499  -31.223 0.6999999881
49001  -31.687  -36.818  -31.745 0.6999999881
48164  -31.766  -37.689  -29.818 0.6999999881
48165  -32.002  -37.166  -30.394 0.6000000238
124786  -29.883  -38.677  -24.244 0.6000000238
48968  -31.381  -36.762  -26.843 0.5000000000
50834  -32.203  -34.399  -28.855 0.4000000060
53923  -30.700  -31.310  -33.755 0.6000000238
60198  -27.663  -23.740  -37.969 0.5000000000
61038  -30.994  -23.297  -36.651 0.4000000060
124337  -25.816  -52.600  -38.991 0.5000000000
35816  -27.219  -51.147  -38.568 0.5000000000
33004  -25.212  -54.610  -37.969 0.6999999881
38626  -28.345  -48.764  -38.073 0.5000000000
117456  -24.448  -58.141  -31.491 0.5000000000
39487  -27.746  -47.568  -37.892 0.6999999881
34842  -29.792  -52.607  -34.528 0.6999999881
35776  -29.720  -51.577  -34.455 0.6999999881
123407  -25.855  -49.917  -36.576 0.6999999881
125565  -27.033  -49.938  -36.221 0.6999999881
40333  -25.153  -47.394  -36.476 0.6999999881
37703  -26.533  -49.394  -36.359 0.6999999881
41164  -28.147  -45.688  -36.543 0.6999999881
40321  -29.651  -45.878  -35.747 0.5000000000
42009  -28.244  -44.978  -35.960 0.6000000238
42852  -29.236  -43.479  -34.678 0.5000000000
31997  -24.972  -55.134  -30.622 0.6000000238
36719  -29.437  -50.149  -34.509 0.6999999881
31999  -26.773  -55.249  -30.693 0.6000000238
122166  -30.689  -51.427  -33.120 0.8000000119
37679  -29.843  -49.742  -34.195 0.6999999881
42854  -31.445  -43.553  -34.486 0.4000000060
126532  -24.292  -54.166  -30.690 0.6000000238
34780  -27.761  -52.535  -29.578 0.6999999881
37656  -31.200  -49.673  -31.853 0.6999999881
32045  -22.371  -55.324  -32.990 0.5000000000
39441  -29.905  -47.447  -33.622 0.8000000119
43725  -29.784  -42.660  -34.481 0.5000000000
36663  -29.901  -50.247  -30.057 0.6999999881
33866  -23.961  -53.576  -30.875 0.6000000238
38570  -31.308  -48.293  -31.618 0.8000000119
40304  -28.386  -46.538  -34.549 0.8000000119
43724  -28.338  -42.078  -34.599 0.6999999881
117279  -30.291  -41.967  -34.573 0.6000000238
37630  -29.892  -49.413  -29.623 0.6999999881
35723  -24.980  -51.781  -29.885 0.6000000238
42850  -25.060  -44.309  -34.446 0.8999999762
42847  -22.219  -43.407  -34.908 0.8000000119
44589  -29.891  -41.180  -34.729 0.6000000238
45499  -31.928  -41.073  -36.149 0.4000000060
35750  -22.266  -50.736  -32.864 0.3000000119
34805  -23.688  -52.831  -31.277 0.5000000000
33882  -23.238  -52.875  -31.965 0.5000000000
126757  -22.060  -52.964  -33.402 0.4000000060
41128  -28.073  -45.191  -34.016 0.8999999762
37612  -27.243  -50.029  -27.877 0.6000000238
127998  -23.388  -51.927  -31.916 0.4000000060
41969  -28.984  -44.024  -32.732 0.8000000119
45496  -29.365  -40.410  -35.086 0.6999999881
117832  -30.173  -38.819  -37.018 0.6000000238
46434  -31.576  -39.168  -37.425 0.4000000060
37594  -26.592  -49.386  -27.436 0.6000000238
37638  -23.831  -48.708  -30.920 0.5000000000
36673  -24.277  -49.887  -31.017 0.5000000000
36659  -24.681  -49.980  -30.198 0.5000000000
38549  -24.395  -48.058  -29.885 0.5000000000
39403  -24.156  -47.433  -29.567 0.6000000238
133244  -23.980  -48.383  -30.779 0.5000000000
37610  -25.328  -49.622  -27.989 0.5000000000
132160  -22.605  -46.833  -28.410 0.6000000238
37628  -24.652  -49.057  -29.890 0.5000000000
37592  -24.853  -48.709  -27.899 0.6000000238
38519  -24.672  -47.857  -27.997 0.6000000238
121263  -30.494  -43.962  -29.915 0.6999999881
43719  -26.700  -42.576  -33.305 0.8000000119
44563  -23.193  -41.992  -34.230 0.8999999762
40233  -24.492  -46.366  -28.028 0.6000000238
41063  -24.378  -45.316  -26.929 0.5000000000
41897  -24.453  -44.422  -26.711 0.5000000000
41941  -30.516  -43.911  -28.996 0.6999999881
43702  -29.616  -42.890  -31.461 0.6999999881
120340  -30.129  -36.656  -36.933 0.6999999881
40191  -27.933  -45.962  -25.935 0.6999999881
40189  -25.983  -46.261  -25.564 0.6999999881
41048  -26.592  -45.508  -25.276 0.6999999881
136373  -30.535  -42.532  -28.354 0.6999999881
43682  -30.140  -42.448  -29.904 0.6999999881
47364  -27.245  -37.875  -36.267 0.8000000119
41882  -26.259  -44.686  -25.153 0.6000000238
118870  -24.822  -45.054  -26.050 0.6000000238
130103  -24.362  -41.276  -26.262 0.3000000119
44525  -30.470  -41.496  -28.847 0.6999999881
44462  -24.919  -41.421  -25.429 0.3000000119
48211  -26.184  -37.472  -36.293 0.8999999762
135339  -27.158  -36.614  -36.546 0.8000000119
49049  -26.435  -36.779  -36.438 0.8000000119
49051  -29.548  -35.991  -36.859 0.6000000238
122285  -28.609  -34.859  -37.027 0.6000000238
43623  -25.551  -42.627  -25.500 0.5000000000
44536  -29.673  -40.933  -30.355 0.6999999881
46391  -27.557  -39.725  -32.755 0.8000000119
46383  -30.111  -39.291  -30.983 0.6999999881
49047  -24.240  -36.383  -36.205 0.8000000119
129828  -26.940  -36.156  -36.580 0.8000000119
47239  -25.476  -38.986  -23.576 0.3000000119
46360  -30.844  -39.477  -29.346 0.6999999881
48173  -30.786  -37.936  -31.612 0.6999999881
49012  -28.138  -36.981  -33.744 0.8000000119
119324  -30.429  -41.965  -26.471 0.6999999881
44501  -30.584  -41.305  -26.659 0.6999999881
46291  -26.260  -39.338  -23.521 0.3000000119
46309  -28.948  -39.730  -23.570 0.5000000000
46308  -27.909  -39.792  -23.437 0.4000000060
48108  -26.083  -37.623  -24.089 0.3000000119
128107  -31.491  -38.224  -29.675 0.6999999881
48941  -28.909  -37.042  -24.614 0.3000000119
48958  -28.488  -36.391  -25.202 0.3000000119
49805  -28.202  -35.774  -25.704 0.3000000119
53007  -27.576  -32.564  -37.017 0.6999999881
47273  -30.149  -38.079  -24.631 0.6000000238
47274  -30.652  -38.228  -25.293 0.6000000238
48123  -29.787  -37.320  -24.776 0.4000000060
46338  -31.396  -38.711  -27.616 0.6999999881
48155  -31.736  -37.832  -29.096 0.6999999881
48989  -32.459  -36.453  -29.927 0.6000000238
52986  -28.952  -32.865  -35.176 0.8000000119
118534  -27.938  -32.124  -37.021 0.6000000238
122146  -28.616  -32.211  -36.827 0.6000000238
47261  -29.324  -37.929  -24.185 0.5000000000
49807  -29.776  -36.210  -25.575 0.3000000119
128657  -31.859  -36.038  -28.117 0.5000000000
49894  -31.766  -35.766  -32.903 0.8000000119
49882  -32.802  -34.921  -30.894 0.6000000238
128790  -30.361  -33.278  -34.325 0.6999999881
54937  -26.846  -30.174  -36.886 0.6999999881
50822  -28.672  -34.149  -27.210 0.3000000119
122749  -24.687  -29.593  -36.406 0.6999999881
55885  -23.954  -29.899  -36.048 0.6999999881
54911  -29.522  -30.394  -34.173 0.6000000238
56792  -24.456  -29.141  -35.907 0.6999999881
51887  -31.850  -33.074  -28.916 0.4000000060
56794  -25.889  -28.474  -35.488 0.6000000238
129272  -28.652  -28.831  -36.685 0.6000000238
57663  -29.157  -26.961  -37.452 0.4000000060
117608  -29.046  -31.192  -28.850 0.4000000060
54862  -27.821  -30.617  -29.264 0.3000000119
55836  -26.689  -29.443  -29.477 0.3000000119
132042  -26.864  -28.806  -29.462 0.3000000119
54906  -30.808  -29.800  -33.289 0.5000000000
127926  -25.339  -27.887  -35.947 0.5000000000
55838  -28.169  -29.729  -29.132 0.4000000060
56729  -28.201  -28.594  -29.191 0.4000000060
55865  -31.521  -29.428  -32.671 0.5000000000
127102  -32.466  -30.073  -30.572 0.4000000060
57616  -30.357  -27.553  -33.770 0.5000000000
59333  -27.971  -25.303  -36.289 0.6000000238
59263  -28.182  -24.702  -29.696 0.4000000060
65328  -31.661  -17.378  -39.466 0.4000000060
63588  -33.221  -21.251  -36.066 0.4000000060
65329  -32.727  -16.493  -38.945 0.3000000119
29239  -27.408  -58.598  -36.431 0.5000000000
29255  -26.570  -58.458  -37.226 0.5000000000
27366  -27.188  -60.325  -34.452 0.4000000060
28265  -27.556  -59.501  -34.420 0.5000000000
27373  -27.242  -59.884  -35.199 0.5000000000
28279  -27.260  -59.352  -35.923 0.5000000000
30201  -27.603  -57.134  -36.981 0.6000000238
28259  -27.546  -59.355  -33.496 0.5000000000
29222  -27.819  -58.843  -34.758 0.5000000000
30173  -28.310  -57.688  -35.427 0.5000000000
28253  -27.380  -59.117  -32.723 0.5000000000
30185  -28.370  -57.101  -36.163 0.6000000238
31144  -28.048  -56.349  -36.633 0.6000000238
30184  -27.980  -57.904  -36.290 0.6000000238
32081  -27.579  -55.570  -36.841 0.6000000238
33006  -27.075  -54.813  -37.011 0.6000000238
124537  -27.897  -54.928  -36.544 0.6000000238
32092  -26.724  -55.437  -37.350 0.6000000238
123823  -26.143  -54.717  -37.471 0.6000000238
33005  -26.488  -54.079  -37.136 0.6000000238
29215  -28.088  -58.180  -33.706 0.5000000000
29223  -28.163  -58.138  -34.566 0.5000000000
128073  -28.601  -56.873  -35.292 0.6000000238
29205  -27.113  -58.864  -32.126 0.5000000000
29207  -28.076  -57.916  -33.043 0.5000000000
31145  -28.649  -56.315  -35.905 0.6000000238
29193  -26.601  -58.952  -31.786 0.5000000000
29194  -26.964  -58.306  -31.801 0.5000000000
128498  -28.564  -55.038  -36.141 0.6000000238
32997  -27.366  -54.171  -36.628 0.6000000238
121486  -25.677  -54.115  -37.542 0.6000000238
30161  -28.464  -57.357  -34.698 0.5000000000
30143  -27.816  -57.586  -32.516 0.5000000000
31096  -28.313  -57.101  -32.869 0.5000000000
30150  -28.416  -57.428  -33.795 0.5000000000
31123  -28.718  -56.555  -34.406 0.5000000000
31136  -28.921  -56.076  -35.169 0.6000000238
116884  -26.231  -58.267  -31.529 0.5000000000
30132  -27.346  -57.627  -31.950 0.5000000000
32073  -28.838  -55.553  -35.680 0.6000000238
30131  -26.675  -57.586  -31.529 0.5000000000
32998  -28.262  -54.326  -36.223 0.6000000238
33929  -27.702  -53.499  -36.272 0.6000000238
33934  -25.779  -53.386  -37.334 0.6000000238
33928  -26.762  -53.420  -36.754 0.6000000238
137513  -28.518  -56.513  -32.917 0.5000000000
32046  -29.199  -55.283  -33.458 0.5000000000
126442  -29.188  -55.356  -34.124 0.6000000238
126212  -29.501  -54.778  -34.065 0.6000000238
31087  -27.786  -57.023  -32.170 0.5000000000
31124  -29.059  -55.716  -34.578 0.6000000238
32992  -29.488  -54.715  -34.892 0.6000000238
29192  -25.336  -58.198  -31.437 0.5000000000
116505  -23.799  -58.082  -31.621 0.5000000000
34860  -27.046  -52.651  -36.399 0.6000000238
120963  -26.733  -51.878  -36.403 0.6000000238
32016  -28.569  -55.581  -32.246 0.5000000000
31088  -28.261  -56.367  -32.384 0.5000000000
32028  -28.773  -55.926  -32.986 0.5000000000
128097  -29.841  -54.167  -33.784 0.6000000238
31085  -26.387  -56.753  -31.222 0.5000000000
30130  -25.811  -57.461  -31.330 0.5000000000
138210  -28.848  -54.983  -32.075 0.6000000238
32029  -29.095  -55.155  -32.680 0.5000000000
32970  -29.603  -54.540  -33.111 0.5000000000
33897  -30.060  -53.735  -33.230 0.6000000238
119323  -27.121  -56.102  -31.187 0.6000000238
128035  -28.333  -55.139  -31.600 0.6000000238
33914  -30.110  -53.451  -34.044 0.6000000238
129350  -25.337  -56.489  -31.105 0.5000000000
32014  -26.125  -55.890  -30.839 0.5000000000
32942  -27.629  -55.283  -31.092 0.6000000238
32944  -28.794  -54.486  -31.572 0.6000000238
33868  -29.351  -53.823  -31.599 0.6000000238
32959  -29.311  -54.512  -32.240 0.5000000000
33915  -30.307  -52.716  -33.933 0.6000000238
33869  -29.952  -53.217  -31.901 0.6999999881
45497  -30.299  -40.668  -35.475 0.5000000000
44455  -29.019  -41.387  -23.985 0.5000000000
51961  -28.555  -33.299  -37.025 0.5000000000
53002  -29.769  -32.985  -36.491 0.5000000000
54938  -28.110  -30.123  -36.762 0.5000000000
66191  -33.380  -16.116  -37.927 0.3000000119
67144  -33.998  -15.083  -38.340 0.3000000119
27365  -26.730  -61.115  -34.428 0.4000000060
27372  -26.758  -60.665  -35.219 0.5000000000
27384  -26.746  -60.163  -35.849 0.5000000000
31153  -25.790  -57.028  -38.034 0.5000000000
124486  -27.372  -60.000  -33.768 0.4000000060
30200  -26.656  -57.523  -37.480 0.6000000238
31155  -27.227  -56.202  -37.231 0.6000000238
31154  -26.534  -56.675  -37.595 0.5000000000
32091  -25.684  -55.334  -37.839 0.5000000000
27358  -26.726  -60.838  -32.902 0.4000000060
28252  -26.921  -59.504  -32.223 0.5000000000
28237  -26.249  -59.643  -31.837 0.5000000000
28236  -25.369  -59.711  -31.686 0.3000000119
45498  -31.136  -40.896  -35.805 0.4000000060
45507  -31.582  -40.294  -36.447 0.4000000060
121460  -29.255  -38.820  -23.709 0.4000000060
51963  -29.910  -33.799  -36.469 0.5000000000
49840  -32.136  -35.289  -28.629 0.4000000060
68128  -34.217  -14.741  -37.637 0.3000000119
26504  -26.619  -61.438  -33.550 0.4000000060
32074  -29.228  -55.354  -35.100 0.6000000238
116011  -24.319  -56.624  -31.310 0.5000000000
30129  -24.852  -57.391  -31.342 0.5000000000
51944  -30.521  -33.227  -36.040 0.5000000000
29191  -24.904  -58.901  -31.526 0.4000000060
29256  -27.378  -57.973  -36.909 0.6000000238
28272  -27.586  -59.235  -35.187 0.5000000000
29230  -27.863  -58.562  -35.524 0.6000000238
123146  -27.844  -58.768  -34.021 0.5000000000
27359  -27.195  -60.014  -32.943 0.5000000000
31106  -28.623  -56.575  -33.461 0.5000000000
31086  -27.180  -56.942  -31.586 0.5000000000
119843  -27.677  -56.473  -31.776 0.5000000000
65320  -33.097  -17.635  -37.070 0.4000000060
123674  -26.135  -60.927  -32.423 0.4000000060
123375  -25.366  -56.147  -38.212 0.4000000060
27339  -25.871  -60.303  -31.977 0.4000000060
37654  -23.176  -49.331  -31.514 0.4000000060
36684  -23.194  -49.828  -31.975 0.4000000060
130995  -23.003  -51.097  -32.384 0.4000000060
37627  -23.736  -48.375  -30.531 0.4000000060
38556  -24.021  -48.200  -30.595 0.4000000060
133901  -21.332  -49.184  -28.490 0.4000000060
38534  -22.779  -48.233  -28.834 0.4000000060
38547  -23.295  -48.351  -29.650 0.4000000060
38548  -23.957  -47.792  -30.235 0.4000000060
38531  -19.862  -48.288  -28.591 0.3000000119
38532  -20.829  -48.720  -28.395 0.3000000119
40243  -20.112  -46.842  -28.813 0.4000000060
39390  -23.197  -47.427  -28.802 0.4000000060
39387  -20.427  -47.747  -28.519 0.4000000060
39388  -21.279  -47.887  -28.362 0.5000000000
40244  -20.953  -46.490  -28.413 0.4000000060
124162  -21.604  -47.062  -28.321 0.5000000000
116979  -21.000  -45.548  -28.459 0.4000000060
123575  -27.755  -38.132  -23.658 0.3000000119
126606  -31.456  -36.028  -27.285 0.3000000119
49833  -30.954  -35.240  -26.970 0.3000000119
49839  -31.533  -35.303  -27.777 0.3000000119
58450  -29.581  -26.564  -34.869 0.4000000060
51865  -30.724  -33.077  -28.272 0.3000000119
52894  -30.242  -32.420  -28.522 0.3000000119
136295  -29.696  -30.983  -28.707 0.3000000119
58440  -30.894  -26.864  -33.713 0.3000000119
57629  -30.409  -26.610  -34.353 0.4000000060
61026  -31.670  -23.772  -35.937 0.3000000119
53868  -30.821  -31.766  -28.679 0.3000000119
54842  -30.495  -31.056  -28.676 0.3000000119
124837  -31.063  -30.354  -28.726 0.3000000119
54841  -29.297  -30.498  -28.751 0.3000000119
130114  -30.121  -30.386  -28.641 0.3000000119
55825  -31.478  -29.637  -28.933 0.3000000119
127139  -32.312  -30.183  -29.833 0.3000000119
55824  -30.589  -29.653  -28.659 0.3000000119
56732  -31.908  -28.988  -29.305 0.3000000119
55841  -32.409  -29.299  -29.947 0.3000000119
128592  -32.434  -30.023  -31.418 0.3000000119
55839  -29.024  -29.196  -28.807 0.3000000119
55823  -29.640  -29.778  -28.675 0.3000000119
57570  -28.485  -27.645  -29.244 0.3000000119
56768  -31.928  -29.016  -32.044 0.3000000119
58393  -27.814  -27.104  -29.421 0.3000000119
129892  -28.140  -26.387  -29.441 0.3000000119
120514  -31.306  -27.869  -32.603 0.3000000119
58432  -31.680  -26.741  -32.621 0.3000000119
60102  -26.406  -24.533  -30.234 0.3000000119
57617  -31.113  -27.299  -33.054 0.3000000119
128654  -31.414  -26.536  -33.341 0.3000000119
60957  -27.565  -23.451  -30.528 0.3000000119
135168  -26.424  -23.191  -31.064 0.3000000119
59335  -31.048  -25.265  -35.061 0.3000000119
61039  -31.981  -23.070  -36.386 0.3000000119
55840  -32.075  -29.675  -29.458 0.3000000119
56731  -30.538  -28.167  -28.777 0.3000000119
56718  -31.096  -28.890  -28.771 0.3000000119
55852  -32.463  -29.313  -30.873 0.3000000119
55860  -32.278  -29.381  -31.587 0.3000000119
56730  -29.362  -28.169  -28.870 0.3000000119
56717  -30.045  -28.959  -28.659 0.3000000119
117161  -31.548  -28.186  -29.147 0.3000000119
56746  -32.430  -28.551  -30.443 0.3000000119
56760  -32.279  -28.554  -31.337 0.3000000119
57572  -30.106  -27.489  -28.861 0.3000000119
57573  -31.038  -27.413  -28.982 0.3000000119
56767  -31.751  -28.139  -32.030 0.3000000119
135807  -27.597  -26.534  -29.486 0.3000000119
123687  -28.553  -26.919  -29.327 0.3000000119
57571  -29.294  -27.185  -29.107 0.3000000119
57608  -31.640  -27.389  -32.283 0.3000000119
59248  -28.365  -25.560  -29.506 0.3000000119
134246  -31.968  -26.177  -33.003 0.3000000119
118688  -28.181  -23.882  -30.140 0.3000000119
60958  -28.909  -23.344  -30.290 0.3000000119
59304  -31.837  -25.860  -33.632 0.3000000119
128067  -28.215  -23.162  -30.539 0.3000000119
60168  -31.870  -24.831  -34.745 0.3000000119
60182  -32.226  -24.123  -35.212 0.3000000119
56733  -32.201  -28.378  -29.746 0.3000000119
57574  -31.931  -27.450  -29.590 0.3000000119
124728  -32.342  -27.778  -30.191 0.3000000119
121055  -32.389  -27.949  -30.827 0.3000000119
58394  -30.263  -26.695  -29.065 0.3000000119
127659  -31.382  -26.712  -29.317 0.3000000119
129845  -29.109  -26.300  -29.298 0.3000000119
59249  -29.317  -25.458  -29.406 0.3000000119
128918  -29.960  -25.934  -29.240 0.3000000119
57609  -32.066  -26.823  -31.886 0.3000000119
58433  -32.327  -26.173  -32.318 0.3000000119
60090  -29.480  -24.693  -29.520 0.3000000119
60105  -29.539  -23.886  -29.751 0.3000000119
61800  -28.590  -22.558  -30.778 0.3000000119
135408  -29.658  -23.163  -30.211 0.3000000119
59321  -32.302  -25.139  -33.974 0.3000000119
60169  -32.600  -24.341  -34.394 0.3000000119
61027  -32.472  -23.356  -35.617 0.3000000119
57588  -32.373  -27.262  -30.716 0.3000000119
58395  -30.877  -25.996  -29.238 0.3000000119
58396  -31.763  -26.059  -29.556 0.3000000119
58397  -32.263  -26.186  -30.009 0.3000000119
56759  -32.162  -27.563  -31.476 0.3000000119
124779  -32.503  -25.672  -30.383 0.3000000119
58410  -32.446  -26.373  -30.674 0.3000000119
119358  -32.359  -26.864  -31.224 0.3000000119
59250  -30.308  -25.228  -29.339 0.3000000119
124071  -30.957  -24.730  -29.384 0.3000000119
61802  -30.309  -22.620  -30.352 0.3000000119
60141  -33.194  -24.788  -32.501 0.3000000119
59305  -32.560  -25.475  -32.998 0.3000000119
61801  -29.365  -22.545  -30.617 0.3000000119
60155  -32.974  -24.518  -33.464 0.3000000119
60170  -33.168  -23.789  -34.038 0.3000000119
61018  -32.875  -23.584  -34.839 0.3000000119
61871  -32.612  -22.708  -36.043 0.3000000119
60092  -31.683  -24.639  -29.507 0.3000000119
59277  -32.829  -25.463  -31.098 0.3000000119
60091  -30.256  -24.350  -29.512 0.3000000119
60093  -32.316  -24.463  -29.851 0.3000000119
58422  -32.547  -26.221  -31.499 0.3000000119
60106  -30.306  -23.495  -29.787 0.3000000119
60959  -31.207  -23.213  -29.782 0.3000000119
62664  -30.052  -21.254  -31.207 0.3000000119
61803  -31.426  -22.425  -30.208 0.3000000119
62647  -29.813  -21.919  -30.891 0.3000000119
62648  -30.688  -21.791  -30.682 0.3000000119
62649  -31.774  -21.689  -30.459 0.3000000119
123900  -33.399  -24.161  -32.829 0.3000000119
61019  -33.374  -23.054  -34.379 0.3000000119
61028  -33.137  -22.718  -35.283 0.3000000119
62718  -33.466  -21.785  -35.317 0.3000000119
60949  -32.395  -23.791  -29.975 0.3000000119
60107  -32.735  -24.201  -30.445 0.3000000119
60122  -33.058  -24.596  -30.997 0.3000000119
60960  -32.142  -23.156  -29.923 0.3000000119
60961  -32.818  -23.393  -30.526 0.3000000119
60108  -33.113  -23.947  -30.911 0.3000000119
60142  -33.493  -24.127  -32.129 0.3000000119
60991  -33.621  -23.445  -32.698 0.3000000119
63503  -31.070  -21.026  -30.875 0.3000000119
61804  -32.550  -22.435  -30.456 0.3000000119
61005  -33.538  -23.244  -33.586 0.3000000119
132688  -33.682  -22.617  -33.842 0.3000000119
61866  -33.625  -22.254  -34.503 0.3000000119
116504  -33.248  -20.284  -36.143 0.3000000119
63581  -33.565  -20.872  -35.293 0.3000000119
60123  -33.344  -24.057  -31.458 0.3000000119
63518  -30.405  -20.518  -31.319 0.3000000119
60962  -33.323  -23.399  -31.185 0.3000000119
60976  -33.598  -23.415  -31.837 0.3000000119
62650  -32.233  -21.048  -30.647 0.3000000119
124320  -32.668  -21.654  -30.668 0.3000000119
61823  -33.531  -22.701  -31.499 0.3000000119
119615  -33.801  -22.626  -33.074 0.3000000119
62696  -34.086  -20.925  -33.644 0.3000000119
133971  -33.940  -21.863  -33.580 0.3000000119
63570  -33.856  -20.459  -34.458 0.3000000119
62711  -33.811  -21.375  -34.479 0.3000000119
127344  -33.545  -19.920  -35.287 0.3000000119
63519  -31.078  -20.372  -31.055 0.3000000119
63504  -31.712  -20.528  -30.734 0.3000000119
62665  -33.162  -21.099  -30.961 0.3000000119
137138  -33.501  -21.501  -31.372 0.3000000119
62666  -33.758  -21.854  -31.776 0.3000000119
61836  -33.961  -21.901  -32.597 0.3000000119
63521  -33.680  -21.014  -31.591 0.3000000119
62678  -34.003  -21.134  -32.236 0.3000000119
63534  -34.156  -20.441  -32.793 0.3000000119
62679  -34.102  -21.258  -32.937 0.3000000119
63549  -34.100  -20.071  -33.637 0.3000000119
64427  -33.823  -19.482  -34.398 0.3000000119
64444  -33.196  -19.077  -36.291 0.3000000119
64386  -30.787  -19.810  -31.303 0.3000000119
64387  -31.687  -19.855  -30.807 0.3000000119
63505  -32.535  -20.372  -30.761 0.3000000119
63520  -33.396  -20.158  -31.280 0.3000000119
63533  -33.968  -20.336  -31.950 0.3000000119
64374  -32.577  -19.595  -30.841 0.3000000119
33014  -24.629  -54.513  -38.589 0.4000000060
132290  -23.591  -47.683  -29.543 0.4000000060
118217  -28.358  -38.919  -23.480 0.3000000119
50833  -31.593  -34.522  -28.143 0.3000000119
54863  -32.188  -30.964  -29.645 0.3000000119
59262  -27.440  -25.930  -29.540 0.3000000119
60956  -26.799  -23.704  -30.582 0.3000000119
37608  -22.498  -49.086  -29.014 0.4000000060
39386  -19.689  -47.480  -28.805 0.3000000119
133264  -20.875  -47.220  -28.403 0.4000000060
61799  -27.839  -22.663  -30.905 0.3000000119
119575  -32.257  -26.978  -30.130 0.3000000119
127620  -32.018  -26.685  -29.724 0.3000000119
59293  -32.958  -25.537  -32.002 0.3000000119
59252  -32.192  -25.343  -29.774 0.3000000119
59264  -32.662  -24.975  -30.408 0.3000000119
60947  -31.068  -24.038  -29.493 0.3000000119
61821  -29.053  -21.895  -31.149 0.3000000119
60948  -31.852  -23.860  -29.633 0.3000000119
59278  -33.237  -24.785  -31.684 0.3000000119
117219  -33.794  -22.665  -32.210 0.3000000119
61805  -33.183  -22.794  -30.909 0.3000000119
61822  -33.269  -22.012  -31.077 0.3000000119
115555  -33.514  -19.111  -35.276 0.3000000119
64397  -34.062  -19.653  -32.379 0.3000000119
37605  -20.007  -49.341  -28.496 0.4000000060
44591  -31.544  -41.637  -35.429 0.4000000060
30159  -20.533  -57.396  -34.336 0.3000000119
30148  -20.833  -58.115  -33.933 0.3000000119
31121  -20.507  -56.354  -34.485 0.3000000119
40258  -19.527  -46.069  -29.307 0.3000000119
40259  -20.311  -46.053  -28.885 0.3000000119
41097  -20.041  -45.246  -29.262 0.3000000119
36672  -22.623  -49.558  -30.259 0.3000000119
37607  -21.729  -49.533  -28.724 0.3000000119
37626  -22.968  -49.103  -29.867 0.3000000119
38533  -21.796  -48.685  -28.524 0.3000000119
37637  -23.115  -49.077  -31.039 0.3000000119
36637  -21.439  -50.266  -28.943 0.3000000119
36658  -22.165  -49.848  -29.429 0.3000000119
43727  -31.695  -42.894  -34.636 0.3000000119
27353  -26.571  -60.224  -32.348 0.4000000060
29206  -27.508  -58.301  -32.462 0.5000000000
29214  -27.779  -58.617  -33.224 0.5000000000
30141  -22.764  -57.889  -32.264 0.5000000000
31107  -28.913  -55.890  -33.845 0.5000000000
32011  -23.798  -55.201  -31.240 0.6000000238
32015  -27.946  -55.842  -31.695 0.6000000238
32063  -29.316  -55.173  -34.601 0.6000000238
32082  -28.372  -55.640  -36.342 0.6000000238
33883  -29.801  -53.862  -32.441 0.5000000000
33927  -26.231  -52.816  -36.912 0.6999999881
33933  -24.901  -52.998  -37.780 0.6999999881
33947  -24.598  -53.591  -38.779 0.4000000060
33963  -24.697  -53.756  -39.118 0.5000000000
34792  -24.819  -52.703  -30.152 0.5000000000
34794  -28.621  -52.847  -30.240 0.6999999881
34815  -30.536  -52.316  -32.850 0.8000000119
34858  -25.249  -51.729  -37.305 0.6999999881
34877  -24.687  -52.950  -38.497 0.6000000238
34878  -24.984  -52.588  -38.652 0.5000000000
34879  -26.552  -51.970  -38.734 0.5000000000
35694  -27.547  -51.184  -28.695 0.6000000238
35710  -26.463  -51.829  -28.995 0.6000000238
35777  -30.313  -51.268  -33.873 0.6999999881
35796  -27.085  -51.294  -36.189 0.6999999881
35805  -24.696  -52.299  -38.154 0.6999999881
36639  -26.368  -50.750  -28.431 0.6000000238
36685  -23.746  -49.892  -31.564 0.4000000060
36686  -30.782  -50.924  -31.804 0.8000000119
36746  -24.872  -50.213  -37.418 0.6999999881
37688  -27.381  -49.217  -35.999 0.6999999881
37718  -26.074  -49.519  -38.299 0.6999999881
38557  -24.150  -48.291  -30.486 0.5000000000
38589  -29.397  -48.613  -34.397 0.6999999881
38602  -28.346  -48.433  -35.228 0.6999999881
39462  -27.325  -47.422  -35.627 0.6999999881
39486  -25.888  -48.084  -37.984 0.6999999881
40283  -31.238  -46.835  -31.370 0.8000000119
40296  -29.437  -46.154  -33.495 0.8000000119
40335  -28.495  -46.346  -36.757 0.6000000238
40346  -25.754  -46.917  -37.655 0.6999999881
41173  -23.568  -46.508  -36.847 0.8000000119
41990  -22.344  -43.987  -34.987 0.8000000119
41995  -31.288  -44.173  -34.439 0.4000000060
42855  -32.219  -43.543  -34.501 0.4000000060
43716  -23.365  -42.666  -34.017 0.8000000119
44576  -27.759  -41.525  -34.718 0.6999999881
45484  -28.688  -40.689  -34.692 0.6999999881
46393  -28.930  -39.172  -31.967 0.6999999881
46408  -23.553  -39.569  -34.695 0.8000000119
46425  -29.677  -39.124  -36.396 0.6999999881
46426  -30.434  -39.409  -36.675 0.6000000238
47372  -31.210  -38.539  -37.366 0.6000000238
47373  -31.958  -38.638  -37.451 0.4000000060
48110  -28.271  -37.555  -24.193 0.4000000060
48190  -27.796  -37.657  -33.528 0.8000000119
48213  -28.848  -37.329  -36.949 0.6999999881
49050  -27.828  -36.424  -36.723 0.8000000119
49936  -23.362  -34.550  -35.956 0.8000000119
49937  -23.498  -35.367  -35.955 0.8000000119
50943  -27.560  -33.847  -37.055 0.6000000238
51939  -23.439  -33.712  -36.049 0.8000000119
53957  -27.407  -31.493  -36.858 0.6000000238
54919  -23.816  -30.428  -36.073 0.6999999881
55876  -27.217  -29.486  -34.999 0.6000000238
56793  -24.836  -28.773  -35.825 0.5000000000
57637  -25.091  -28.267  -35.916 0.6999999881
57649  -25.674  -27.411  -36.204 0.6999999881
57650  -28.673  -27.500  -37.326 0.5000000000
59251  -31.358  -25.344  -29.408 0.3000000119
59332  -26.856  -25.395  -36.620 0.5000000000
59354  -27.024  -24.801  -37.336 0.5000000000
60156  -33.389  -23.852  -33.353 0.3000000119
61881  -29.065  -21.382  -38.796 0.4000000060
114099  -30.920  -46.900  -32.343 0.8000000119
116949  -24.380  -49.059  -36.890 0.6999999881
117938  -27.743  -48.533  -27.205 0.6000000238
121048  -24.618  -53.924  -38.568 0.6000000238
121647  -27.796  -48.938  -38.385 0.5000000000
121746  -25.812  -58.968  -31.562 0.3000000119
122046  -24.228  -49.039  -37.009 0.6999999881
122745  -28.551  -31.010  -36.650 0.6000000238
123156  -23.594  -46.989  -36.956 0.6999999881
127227  -28.286  -48.083  -37.918 0.6000000238
128876  -26.339  -55.963  -37.628 0.5000000000
129200  -23.571  -44.512  -34.763 0.8000000119
129830  -23.280  -34.001  -36.022 0.8000000119
129948  -29.485  -42.195  -30.976 0.6999999881
129964  -27.052  -60.654  -33.641 0.4000000060
130981  -28.652  -22.401  -37.817 0.5000000000
132126  -26.476  -25.025  -37.004 0.5000000000
132282  -30.476  -37.715  -32.143 0.6999999881
137297  -27.233  -31.957  -36.870 0.6999999881
138031  -29.634  -33.768  -34.739 0.8000000119
