#!ascii label  , from subject sub-v2s9x29172_ses-1 vox2ras=TkReg
511
14046  -38.968  -74.886  -29.807 0.0000000000
124295  -43.550  -68.703  -31.639 0.0000000000
16556  -35.204  -71.196  -26.427 0.0000000000
16575  -43.231  -70.532  -27.151 0.0000000000
19638  -37.548  -68.443  -26.604 0.0000000000
11393  -37.944  -78.299  -26.250 0.0000000000
14842  -37.172  -73.246  -22.448 0.0000000000
17475  -41.654  -70.405  -19.547 0.0000000000
18578  -33.960  -69.730  -23.382 0.0000000000
18592  -37.923  -68.976  -23.811 0.0000000000
19609  -36.340  -67.741  -22.714 0.0000000000
13151  -37.745  -75.603  -24.600 0.0000000000
14011  -40.022  -74.798  -23.743 0.0000000000
20566  -42.443  -67.408  -17.786 0.0000000000
128978  -39.551  -68.582  -17.646 0.0000000000
15749  -40.143  -73.185  -30.357 0.0000000000
18642  -44.828  -69.707  -27.473 0.0000000000
16621  -46.845  -72.788  -30.021 0.0000000000
18688  -47.139  -70.038  -31.595 0.0000000000
119872  -36.989  -73.319  -28.572 0.0000000000
15717  -40.264  -72.707  -28.913 0.0000000000
18621  -41.461  -68.800  -25.591 0.0000000000
18653  -39.932  -69.306  -29.467 0.0000000000
13173  -35.391  -75.016  -26.501 0.0000000000
15668  -34.969  -73.057  -23.990 0.0000000000
17496  -34.058  -70.616  -20.277 0.0000000000
15658  -42.251  -72.600  -22.411 0.0000000000
16500  -39.232  -71.827  -20.288 0.0000000000
18503  -36.673  -69.971  -17.800 0.0000000000
118287  -34.593  -67.366  -16.670 0.0000000000
16619  -42.585  -71.527  -30.847 0.0000000000
23657  -42.086  -63.689  -29.676 0.0000000000
22739  -44.282  -65.575  -31.990 0.0000000000
22778  -46.475  -64.674  -35.939 0.0000000000
19599  -33.783  -68.887  -21.620 0.0000000000
18579  -34.869  -68.666  -22.772 0.0000000000
14903  -39.926  -74.098  -30.125 0.0000000000
137298  -44.578  -69.757  -29.404 0.0000000000
18672  -46.506  -70.151  -30.060 0.0000000000
18698  -45.892  -69.185  -31.739 0.0000000000
18700  -47.065  -69.271  -32.638 0.0000000000
117180  -45.909  -67.599  -32.715 0.0000000000
15700  -35.606  -72.288  -27.377 0.0000000000
124375  -37.229  -70.633  -26.584 0.0000000000
19622  -38.853  -68.441  -24.118 0.0000000000
17551  -40.000  -68.975  -24.477 0.0000000000
18619  -39.406  -68.508  -26.154 0.0000000000
18638  -41.266  -68.800  -26.735 0.0000000000
18636  -39.069  -69.117  -27.716 0.0000000000
12277  -35.878  -76.764  -27.246 0.0000000000
12270  -36.693  -77.070  -26.213 0.0000000000
134103  -37.655  -74.228  -23.365 0.0000000000
14864  -36.255  -74.108  -24.082 0.0000000000
14850  -35.713  -73.084  -23.184 0.0000000000
15655  -34.484  -72.103  -22.937 0.0000000000
15631  -35.713  -72.271  -21.684 0.0000000000
15615  -41.692  -71.866  -21.209 0.0000000000
15614  -40.711  -72.194  -21.111 0.0000000000
16478  -40.487  -71.274  -19.881 0.0000000000
20563  -38.574  -67.774  -17.147 0.0000000000
18490  -38.203  -69.351  -17.607 0.0000000000
133368  -36.826  -68.667  -17.028 0.0000000000
19530  -35.113  -68.528  -16.986 0.0000000000
16594  -41.772  -71.736  -28.179 0.0000000000
15736  -42.160  -72.569  -29.395 0.0000000000
15737  -43.229  -72.564  -28.986 0.0000000000
17628  -44.789  -71.844  -31.429 0.0000000000
117381  -42.381  -62.444  -29.421 0.0000000000
22728  -43.013  -65.434  -31.082 0.0000000000
23720  -46.489  -63.626  -33.683 0.0000000000
17546  -34.210  -70.967  -25.276 0.0000000000
17564  -35.865  -70.310  -25.843 0.0000000000
18590  -35.365  -69.481  -24.401 0.0000000000
18586  -37.549  -68.086  -23.392 0.0000000000
19621  -37.078  -67.659  -23.458 0.0000000000
11376  -38.272  -77.588  -25.692 0.0000000000
127776  -39.262  -75.263  -24.020 0.0000000000
14843  -38.561  -73.702  -22.510 0.0000000000
18509  -42.173  -68.859  -18.713 0.0000000000
18507  -40.417  -69.680  -18.521 0.0000000000
19534  -40.990  -68.056  -17.741 0.0000000000
21603  -39.999  -66.938  -17.155 0.0000000000
22552  -39.421  -65.558  -16.530 0.0000000000
16576  -44.975  -70.137  -27.232 0.0000000000
15722  -45.092  -71.896  -28.413 0.0000000000
16598  -46.605  -70.996  -28.529 0.0000000000
115561  -47.487  -71.613  -30.151 0.0000000000
16679  -46.441  -72.347  -32.849 0.0000000000
125921  -47.132  -70.283  -33.124 0.0000000000
18723  -46.562  -69.082  -34.461 0.0000000000
19726  -46.259  -67.948  -34.970 0.0000000000
13187  -37.757  -74.742  -29.290 0.0000000000
14902  -39.440  -74.225  -29.750 0.0000000000
16592  -39.813  -71.633  -28.104 0.0000000000
16574  -41.564  -70.465  -26.799 0.0000000000
17566  -38.342  -69.928  -25.333 0.0000000000
17585  -40.584  -69.657  -25.562 0.0000000000
17587  -42.198  -69.263  -25.783 0.0000000000
18639  -42.590  -68.719  -26.170 0.0000000000
18656  -43.249  -69.500  -28.390 0.0000000000
19678  -42.330  -68.986  -30.937 0.0000000000
13185  -36.137  -75.458  -28.314 0.0000000000
14032  -35.716  -74.454  -27.909 0.0000000000
14879  -35.121  -73.648  -26.978 0.0000000000
13165  -36.407  -75.487  -25.388 0.0000000000
14020  -35.384  -74.455  -25.774 0.0000000000
15676  -34.343  -72.444  -25.482 0.0000000000
16537  -33.926  -71.685  -24.273 0.0000000000
17516  -33.620  -70.228  -21.626 0.0000000000
18535  -33.475  -69.346  -19.884 0.0000000000
14855  -42.074  -73.581  -23.385 0.0000000000
14830  -39.873  -73.099  -21.831 0.0000000000
15611  -37.930  -72.314  -20.847 0.0000000000
17456  -38.879  -70.547  -18.587 0.0000000000
16475  -37.910  -71.464  -19.608 0.0000000000
16497  -36.515  -71.773  -20.391 0.0000000000
17469  -35.492  -70.700  -18.950 0.0000000000
18486  -33.937  -68.884  -17.990 0.0000000000
15735  -41.110  -72.744  -29.628 0.0000000000
16618  -41.742  -71.862  -30.519 0.0000000000
16608  -44.600  -72.198  -29.869 0.0000000000
17643  -43.537  -71.076  -32.372 0.0000000000
19666  -38.579  -68.543  -29.274 0.0000000000
19675  -40.095  -68.490  -30.323 0.0000000000
20769  -42.464  -67.704  -31.672 0.0000000000
21777  -42.477  -66.657  -31.435 0.0000000000
20784  -43.825  -67.599  -32.361 0.0000000000
130068  -46.152  -66.384  -33.110 0.0000000000
21815  -47.334  -65.723  -34.897 0.0000000000
19568  -33.465  -68.488  -20.271 0.0000000000
19582  -33.759  -68.304  -20.966 0.0000000000
14047  -39.420  -74.787  -30.356 0.0000000000
18685  -44.319  -69.425  -30.725 0.0000000000
18686  -45.593  -69.574  -30.977 0.0000000000
19688  -44.690  -68.856  -31.875 0.0000000000
19697  -45.790  -68.521  -32.322 0.0000000000
19696  -44.660  -68.024  -32.446 0.0000000000
16568  -35.574  -71.565  -27.016 0.0000000000
16569  -36.403  -71.512  -27.413 0.0000000000
16557  -36.141  -70.793  -26.619 0.0000000000
19627  -38.619  -68.039  -24.687 0.0000000000
19628  -39.493  -68.421  -24.605 0.0000000000
19639  -39.012  -68.300  -25.616 0.0000000000
18618  -38.260  -68.764  -27.275 0.0000000000
9591  -38.100  -79.604  -27.115 0.0000000000
10453  -37.134  -78.462  -26.787 0.0000000000
11391  -36.616  -77.807  -26.791 0.0000000000
11392  -37.291  -77.690  -26.168 0.0000000000
14852  -37.403  -73.787  -23.033 0.0000000000
14851  -36.628  -73.488  -23.101 0.0000000000
14841  -36.303  -73.014  -22.650 0.0000000000
15632  -36.537  -72.372  -21.346 0.0000000000
17476  -42.535  -70.046  -19.648 0.0000000000
17477  -43.206  -70.528  -20.355 0.0000000000
17497  -42.182  -70.797  -20.132 0.0000000000
16502  -42.669  -71.142  -20.715 0.0000000000
126627  -41.888  -71.370  -20.629 0.0000000000
119227  -41.021  -71.608  -20.519 0.0000000000
16479  -41.338  -71.085  -19.985 0.0000000000
20551  -38.219  -67.019  -16.768 0.0000000000
20562  -37.616  -67.836  -16.884 0.0000000000
20549  -36.151  -67.394  -16.482 0.0000000000
135917  -37.080  -66.322  -16.478 0.0000000000
16595  -42.565  -71.433  -27.893 0.0000000000
15720  -42.487  -72.416  -28.732 0.0000000000
15721  -43.260  -71.745  -28.193 0.0000000000
23678  -44.733  -63.387  -31.286 0.0000000000
23706  -46.147  -63.515  -32.920 0.0000000000
24652  -46.022  -63.169  -33.067 0.0000000000
18583  -34.024  -70.127  -24.170 0.0000000000
130394  -34.787  -70.203  -25.191 0.0000000000
133188  -34.908  -69.262  -23.725 0.0000000000
19608  -35.606  -67.856  -22.387 0.0000000000
18580  -36.063  -68.123  -22.681 0.0000000000
134845  -37.369  -67.814  -23.291 0.0000000000
20669  -36.584  -67.554  -23.215 0.0000000000
118011  -39.075  -74.730  -23.544 0.0000000000
13990  -38.888  -74.193  -23.015 0.0000000000
19544  -42.842  -68.640  -18.831 0.0000000000
20579  -42.438  -68.118  -18.351 0.0000000000
19543  -41.575  -68.428  -18.263 0.0000000000
20578  -41.713  -67.740  -17.803 0.0000000000
21590  -39.661  -66.315  -16.792 0.0000000000
16616  -40.097  -72.114  -30.707 0.0000000000
18625  -44.441  -69.545  -27.272 0.0000000000
17596  -45.229  -70.089  -27.485 0.0000000000
17609  -45.588  -70.158  -27.918 0.0000000000
18673  -47.175  -70.543  -30.472 0.0000000000
17629  -47.278  -71.043  -31.135 0.0000000000
17657  -47.055  -71.297  -32.675 0.0000000000
16698  -46.575  -71.116  -33.586 0.0000000000
19699  -47.236  -68.484  -33.298 0.0000000000
117363  -47.237  -68.832  -33.918 0.0000000000
19727  -47.213  -67.976  -34.296 0.0000000000
114237  -37.246  -73.924  -28.806 0.0000000000
14894  -37.691  -73.268  -28.775 0.0000000000
16573  -40.638  -70.598  -26.910 0.0000000000
17565  -37.190  -69.982  -25.353 0.0000000000
17549  -38.417  -69.312  -24.392 0.0000000000
17568  -40.360  -69.219  -24.852 0.0000000000
17569  -40.793  -68.851  -25.046 0.0000000000
17586  -41.520  -69.185  -25.537 0.0000000000
116896  -42.048  -68.827  -25.661 0.0000000000
18623  -42.888  -68.915  -26.304 0.0000000000
18654  -40.754  -69.469  -28.655 0.0000000000
116469  -42.558  -69.087  -27.486 0.0000000000
18655  -41.553  -69.553  -28.957 0.0000000000
18669  -42.694  -69.510  -29.982 0.0000000000
18668  -41.698  -69.251  -30.364 0.0000000000
12268  -35.578  -75.965  -26.904 0.0000000000
13176  -35.484  -75.241  -27.399 0.0000000000
14886  -35.493  -73.646  -27.514 0.0000000000
14019  -35.145  -74.057  -26.431 0.0000000000
12246  -38.217  -76.249  -24.867 0.0000000000
11375  -37.584  -76.848  -25.504 0.0000000000
13166  -37.046  -75.764  -25.053 0.0000000000
14863  -35.508  -73.729  -24.428 0.0000000000
14007  -35.378  -74.037  -25.115 0.0000000000
14862  -34.746  -73.232  -25.047 0.0000000000
136005  -34.650  -73.019  -25.794 0.0000000000
15667  -34.250  -72.419  -24.641 0.0000000000
16547  -34.034  -71.695  -25.086 0.0000000000
15663  -34.322  -72.265  -23.775 0.0000000000
16514  -34.302  -71.322  -21.600 0.0000000000
118582  -33.985  -71.355  -22.544 0.0000000000
17517  -33.907  -70.714  -21.133 0.0000000000
17495  -33.572  -70.025  -20.674 0.0000000000
17467  -33.696  -70.079  -19.911 0.0000000000
14845  -41.583  -73.142  -22.705 0.0000000000
15613  -39.698  -72.263  -20.849 0.0000000000
121676  -40.077  -72.624  -21.374 0.0000000000
15635  -39.294  -72.726  -21.326 0.0000000000
14829  -38.963  -73.266  -21.863 0.0000000000
15612  -38.819  -72.324  -20.792 0.0000000000
19541  -39.946  -69.083  -17.963 0.0000000000
17457  -39.738  -70.466  -18.767 0.0000000000
18506  -39.451  -69.842  -18.255 0.0000000000
18504  -37.606  -70.046  -17.857 0.0000000000
17455  -37.967  -70.588  -18.425 0.0000000000
17454  -37.020  -70.543  -18.337 0.0000000000
16474  -36.968  -71.428  -19.599 0.0000000000
17470  -36.476  -70.951  -18.919 0.0000000000
16473  -35.948  -71.298  -19.624 0.0000000000
17453  -36.064  -70.387  -18.287 0.0000000000
20560  -34.636  -68.040  -16.861 0.0000000000
18487  -34.825  -69.261  -17.641 0.0000000000
19529  -34.346  -68.456  -17.352 0.0000000000
19528  -33.756  -68.077  -17.661 0.0000000000
15733  -39.767  -73.417  -29.479 0.0000000000
15734  -40.461  -73.259  -29.732 0.0000000000
15752  -42.867  -72.323  -29.757 0.0000000000
116261  -41.555  -72.527  -30.033 0.0000000000
15751  -42.165  -72.300  -30.049 0.0000000000
16638  -41.577  -71.306  -31.228 0.0000000000
131633  -46.103  -72.192  -28.716 0.0000000000
16609  -45.429  -72.433  -29.123 0.0000000000
117603  -45.662  -72.502  -29.954 0.0000000000
17644  -44.398  -71.734  -32.222 0.0000000000
17627  -44.013  -71.290  -31.714 0.0000000000
19655  -38.056  -68.783  -28.461 0.0000000000
19665  -37.953  -68.118  -29.061 0.0000000000
20751  -40.518  -67.550  -30.586 0.0000000000
19677  -41.781  -68.263  -31.289 0.0000000000
20752  -41.293  -67.469  -31.016 0.0000000000
135065  -43.789  -65.234  -31.458 0.0000000000
21778  -43.399  -66.170  -31.724 0.0000000000
20770  -43.141  -67.197  -32.041 0.0000000000
21787  -43.974  -66.670  -32.317 0.0000000000
20785  -44.789  -67.068  -32.564 0.0000000000
21788  -45.163  -65.818  -32.597 0.0000000000
23729  -47.031  -63.952  -34.445 0.0000000000
21804  -47.319  -65.475  -34.386 0.0000000000
22779  -47.009  -65.114  -35.642 0.0000000000
18574  -33.638  -69.721  -22.119 0.0000000000
18575  -34.072  -69.121  -22.466 0.0000000000
19600  -34.810  -68.043  -21.830 0.0000000000
20641  -34.758  -67.289  -21.586 0.0000000000
21605  -41.701  -66.933  -17.367 0.0000000000
21593  -42.115  -66.155  -16.934 0.0000000000
14913  -39.811  -73.981  -30.305 0.0000000000
18658  -45.197  -69.857  -28.419 0.0000000000
18671  -45.365  -69.903  -29.787 0.0000000000
18687  -46.602  -69.816  -31.165 0.0000000000
18699  -46.633  -69.266  -32.143 0.0000000000
19698  -46.983  -68.292  -32.831 0.0000000000
133246  -46.880  -67.315  -33.218 0.0000000000
15701  -36.278  -72.478  -27.900 0.0000000000
16589  -37.096  -71.936  -28.070 0.0000000000
16570  -37.530  -71.219  -27.402 0.0000000000
18593  -38.833  -68.745  -24.002 0.0000000000
17550  -39.278  -69.165  -24.384 0.0000000000
18594  -39.533  -68.751  -24.355 0.0000000000
18601  -39.926  -68.398  -24.995 0.0000000000
18620  -40.377  -68.570  -25.434 0.0000000000
18637  -40.302  -68.854  -26.826 0.0000000000
137122  -39.510  -69.282  -28.189 0.0000000000
121490  -40.011  -69.378  -28.355 0.0000000000
136196  -36.254  -77.190  -26.819 0.0000000000
12269  -36.110  -76.523  -26.484 0.0000000000
14009  -37.482  -75.044  -24.259 0.0000000000
13150  -36.914  -75.257  -24.709 0.0000000000
13995  -36.915  -74.106  -23.593 0.0000000000
114903  -36.013  -73.647  -23.696 0.0000000000
15664  -34.967  -72.611  -23.288 0.0000000000
15656  -35.488  -72.549  -22.542 0.0000000000
15630  -34.797  -71.937  -22.077 0.0000000000
16495  -34.560  -71.198  -20.718 0.0000000000
16517  -42.656  -71.602  -21.336 0.0000000000
15637  -42.558  -72.142  -21.928 0.0000000000
121388  -41.591  -72.327  -21.701 0.0000000000
16501  -40.114  -71.745  -20.410 0.0000000000
16477  -39.637  -71.381  -19.779 0.0000000000
19532  -38.832  -68.545  -17.475 0.0000000000
18491  -39.112  -69.267  -17.769 0.0000000000
19531  -37.911  -68.587  -17.276 0.0000000000
18489  -37.260  -69.371  -17.483 0.0000000000
18488  -36.442  -69.394  -17.421 0.0000000000
18502  -35.776  -69.740  -17.724 0.0000000000
19520  -35.982  -68.264  -16.718 0.0000000000
20548  -35.305  -67.784  -16.622 0.0000000000
21586  -35.392  -66.905  -16.391 0.0000000000
15718  -41.116  -72.704  -29.035 0.0000000000
15719  -41.807  -72.628  -29.019 0.0000000000
15753  -43.703  -72.355  -29.538 0.0000000000
16640  -45.951  -72.541  -30.885 0.0000000000
24583  -43.077  -62.526  -29.854 0.0000000000
23658  -43.063  -63.583  -30.203 0.0000000000
23676  -42.214  -64.772  -30.303 0.0000000000
132800  -43.900  -64.426  -31.022 0.0000000000
22729  -44.610  -64.498  -31.560 0.0000000000
22740  -45.107  -64.762  -32.173 0.0000000000
21789  -46.296  -65.184  -33.240 0.0000000000
22766  -46.698  -64.214  -35.168 0.0000000000
17563  -34.907  -70.660  -25.757 0.0000000000
17547  -35.613  -69.841  -25.109 0.0000000000
18591  -36.816  -68.975  -23.739 0.0000000000
18585  -36.429  -68.371  -23.182 0.0000000000
18587  -38.324  -68.392  -23.715 0.0000000000
134921  -37.951  -67.909  -23.664 0.0000000000
122298  -37.421  -67.872  -25.140 0.0000000000
12247  -39.163  -76.267  -24.724 0.0000000000
13152  -38.685  -75.689  -24.418 0.0000000000
14010  -38.304  -75.077  -24.005 0.0000000000
14853  -38.096  -74.034  -22.992 0.0000000000
122541  -37.849  -73.626  -22.611 0.0000000000
18517  -42.744  -69.228  -19.225 0.0000000000
18516  -41.952  -69.600  -19.114 0.0000000000
17458  -41.138  -70.019  -18.979 0.0000000000
18508  -41.358  -69.209  -18.620 0.0000000000
19542  -40.755  -68.758  -18.178 0.0000000000
19533  -40.220  -68.291  -17.710 0.0000000000
129405  -41.125  -67.427  -17.505 0.0000000000
20565  -40.440  -67.534  -17.472 0.0000000000
20564  -39.545  -67.766  -17.406 0.0000000000
20552  -39.167  -67.012  -16.940 0.0000000000
21589  -38.816  -66.263  -16.687 0.0000000000
22551  -38.467  -65.523  -16.464 0.0000000000
17589  -43.854  -69.596  -26.744 0.0000000000
125694  -44.363  -71.002  -27.516 0.0000000000
16596  -45.349  -71.018  -27.643 0.0000000000
15723  -46.020  -71.528  -28.218 0.0000000000
16610  -46.903  -71.482  -28.827 0.0000000000
123514  -47.285  -72.462  -30.199 0.0000000000
133867  -46.855  -72.273  -32.131 0.0000000000
18709  -47.200  -69.232  -33.305 0.0000000000
18724  -46.923  -69.770  -33.801 0.0000000000
18739  -45.582  -69.736  -34.995 0.0000000000
18738  -44.635  -68.917  -35.676 0.0000000000
14901  -38.309  -74.044  -29.303 0.0000000000
14895  -38.752  -73.325  -29.111 0.0000000000
15716  -39.227  -72.578  -28.700 0.0000000000
16593  -40.808  -71.651  -28.129 0.0000000000
119072  -42.372  -70.422  -26.874 0.0000000000
17567  -39.467  -69.640  -25.094 0.0000000000
17584  -39.612  -70.204  -25.929 0.0000000000
17588  -42.819  -69.311  -26.181 0.0000000000
18624  -43.748  -68.796  -26.812 0.0000000000
18641  -44.038  -69.093  -27.097 0.0000000000
118773  -41.912  -68.805  -27.015 0.0000000000
18670  -43.699  -69.615  -29.662 0.0000000000
18684  -43.140  -69.198  -30.884 0.0000000000
13186  -37.146  -75.434  -29.123 0.0000000000
14038  -36.668  -74.599  -28.595 0.0000000000
12290  -36.251  -76.279  -28.372 0.0000000000
14893  -36.290  -73.493  -28.210 0.0000000000
136422  -35.712  -72.971  -27.660 0.0000000000
131484  -35.219  -72.994  -27.163 0.0000000000
15688  -34.972  -72.235  -26.694 0.0000000000
12259  -36.700  -76.263  -25.647 0.0000000000
13174  -35.890  -75.782  -26.091 0.0000000000
14021  -36.071  -74.773  -25.060 0.0000000000
13164  -35.723  -75.129  -25.759 0.0000000000
14878  -34.880  -73.183  -26.455 0.0000000000
16555  -34.455  -71.714  -25.889 0.0000000000
16546  -33.861  -70.958  -24.533 0.0000000000
17535  -33.770  -70.604  -23.779 0.0000000000
16534  -33.948  -71.599  -23.459 0.0000000000
16533  -33.691  -70.973  -23.249 0.0000000000
128374  -33.679  -70.375  -23.185 0.0000000000
124472  -33.527  -69.617  -21.388 0.0000000000
18558  -33.447  -69.133  -20.818 0.0000000000
15636  -40.902  -72.741  -21.928 0.0000000000
14844  -40.499  -73.287  -22.351 0.0000000000
13991  -39.608  -73.667  -22.502 0.0000000000
14828  -38.052  -73.239  -22.038 0.0000000000
15633  -37.390  -72.697  -21.583 0.0000000000
132571  -40.433  -70.425  -18.962 0.0000000000
17474  -40.041  -70.911  -19.318 0.0000000000
17473  -39.230  -71.004  -19.175 0.0000000000
18505  -38.560  -69.999  -17.994 0.0000000000
17472  -38.364  -71.065  -19.038 0.0000000000
16476  -38.789  -71.451  -19.670 0.0000000000
16498  -37.481  -71.832  -20.268 0.0000000000
15610  -37.075  -72.238  -20.875 0.0000000000
16516  -35.969  -72.026  -20.977 0.0000000000
16496  -35.485  -71.522  -20.441 0.0000000000
16472  -34.874  -70.929  -19.764 0.0000000000
17452  -35.127  -70.056  -18.302 0.0000000000
17468  -34.586  -70.340  -18.994 0.0000000000
133488  -34.182  -70.399  -19.605 0.0000000000
18500  -33.654  -69.118  -18.874 0.0000000000
116025  -33.551  -68.270  -18.492 0.0000000000
14904  -40.388  -73.507  -30.021 0.0000000000
15750  -40.812  -72.795  -30.134 0.0000000000
16617  -40.901  -71.788  -30.706 0.0000000000
133037  -44.034  -72.125  -28.506 0.0000000000
15738  -44.297  -72.507  -29.000 0.0000000000
16620  -43.658  -71.811  -30.389 0.0000000000
16639  -44.617  -71.728  -30.869 0.0000000000
132049  -43.564  -71.379  -31.164 0.0000000000
20640  -34.401  -66.748  -21.459 0.0000000000
20683  -35.964  -67.498  -24.199 0.0000000000
138002  -36.284  -67.617  -24.675 0.0000000000
128529  -37.308  -68.604  -27.897 0.0000000000
135559  -38.667  -69.066  -28.655 0.0000000000
20732  -38.432  -67.547  -29.376 0.0000000000
19667  -39.338  -68.551  -29.802 0.0000000000
18667  -40.734  -69.314  -29.949 0.0000000000
19687  -42.668  -68.479  -31.489 0.0000000000
134806  -42.599  -65.166  -30.656 0.0000000000
21765  -42.094  -65.846  -30.738 0.0000000000
21776  -41.769  -66.763  -31.017 0.0000000000
19695  -43.154  -68.048  -32.046 0.0000000000
133667  -43.855  -68.272  -32.202 0.0000000000
122433  -47.209  -66.499  -33.766 0.0000000000
20801  -47.388  -66.663  -34.204 0.0000000000
20816  -46.820  -67.142  -34.947 0.0000000000
10454  -37.742  -78.921  -26.763 0.0000000000
10455  -38.594  -78.947  -26.536 0.0000000000
12245  -37.466  -76.139  -25.108 0.0000000000
12276  -35.727  -76.151  -27.704 0.0000000000
13996  -37.573  -74.626  -23.804 0.0000000000
13997  -38.266  -74.497  -23.457 0.0000000000
13998  -39.839  -74.247  -23.205 0.0000000000
14008  -36.757  -74.632  -24.263 0.0000000000
14027  -35.270  -74.348  -27.144 0.0000000000
14871  -35.017  -73.662  -25.774 0.0000000000
15634  -38.405  -72.758  -21.400 0.0000000000
15657  -36.458  -72.692  -22.050 0.0000000000
15687  -34.595  -72.529  -26.096 0.0000000000
15739  -46.723  -71.944  -28.729 0.0000000000
15754  -46.533  -72.458  -29.265 0.0000000000
15784  -46.148  -72.895  -32.206 0.0000000000
16499  -38.368  -71.856  -20.247 0.0000000000
16513  -33.826  -70.834  -21.898 0.0000000000
16515  -35.117  -71.739  -21.240 0.0000000000
16536  -33.757  -71.179  -23.891 0.0000000000
16572  -39.632  -70.801  -27.115 0.0000000000
16577  -45.736  -70.649  -27.748 0.0000000000
16597  -46.448  -71.193  -28.307 0.0000000000
16622  -47.267  -72.125  -29.399 0.0000000000
17471  -37.441  -71.067  -18.939 0.0000000000
17532  -33.672  -70.496  -22.528 0.0000000000
17548  -36.642  -69.620  -24.815 0.0000000000
17597  -45.996  -70.582  -28.012 0.0000000000
17610  -46.279  -70.668  -28.467 0.0000000000
18501  -34.271  -69.622  -18.473 0.0000000000
18515  -33.865  -69.875  -19.238 0.0000000000
18584  -34.372  -70.142  -24.713 0.0000000000
18622  -42.299  -68.827  -25.797 0.0000000000
18640  -43.264  -68.802  -26.557 0.0000000000
18652  -39.208  -69.248  -28.879 0.0000000000
18657  -44.415  -69.557  -28.093 0.0000000000
19616  -36.872  -67.793  -22.929 0.0000000000
19676  -40.923  -68.410  -30.805 0.0000000000
19709  -47.357  -68.249  -33.780 0.0000000000
20559  -34.105  -67.777  -17.059 0.0000000000
20561  -36.743  -67.856  -16.692 0.0000000000
20656  -36.439  -67.572  -22.914 0.0000000000
20668  -35.807  -67.342  -23.543 0.0000000000
20716  -37.284  -68.049  -28.565 0.0000000000
20768  -41.907  -67.391  -31.352 0.0000000000
20817  -47.275  -66.873  -34.559 0.0000000000
22719  -43.134  -64.512  -30.591 0.0000000000
22757  -47.223  -64.503  -34.347 0.0000000000
22767  -47.225  -64.561  -35.057 0.0000000000
23728  -46.621  -63.804  -34.366 0.0000000000
24561  -41.927  -62.171  -29.021 0.0000000000
24651  -45.427  -62.991  -32.821 0.0000000000
120044  -45.643  -68.754  -35.094 0.0000000000
120298  -42.298  -69.584  -29.155 0.0000000000
122927  -33.685  -69.911  -22.809 0.0000000000
123652  -40.841  -70.726  -19.429 0.0000000000
128808  -35.791  -69.040  -17.177 0.0000000000
130117  -35.973  -74.302  -24.561 0.0000000000
132668  -39.477  -75.727  -24.399 0.0000000000
132770  -37.124  -67.663  -24.301 0.0000000000
136206  -34.882  -68.341  -22.284 0.0000000000
136363  -39.944  -68.709  -24.596 0.0000000000
138000  -33.474  -67.861  -19.920 0.0000000000
138019  -36.536  -72.135  -20.899 0.0000000000
