#!ascii label  , from subject sub-v2s9x29172_ses-1 vox2ras=TkReg
1806
59819  48.549  -25.268  10.312 0.0000000000
40985  40.458  -46.031  24.673 0.0000000000
35305  26.776  -52.482  25.814 0.0000000000
31475  22.195  -56.967  27.787 0.0000000000
132829  37.157  -53.843  29.466 0.0000000000
38220  31.499  -50.112  19.744 0.0000000000
57058  40.699  -28.546  12.996 0.0000000000
65140  55.625  -19.486  8.722 0.0000000000
53333  46.621  -32.734  22.757 0.0000000000
47239  40.298  -39.290  17.783 0.0000000000
43856  32.255  -43.375  13.528 0.0000000000
34310  28.748  -54.071  30.635 0.0000000000
34363  22.934  -53.593  27.481 0.0000000000
118951  25.197  -53.392  32.078 0.0000000000
35269  31.808  -52.366  27.701 0.0000000000
56073  48.898  -28.747  21.094 0.0000000000
39986  43.108  -47.277  30.572 0.0000000000
43685  44.750  -43.532  26.625 0.0000000000
48024  44.797  -38.920  23.348 0.0000000000
43764  40.877  -43.599  21.320 0.0000000000
45522  36.915  -42.038  16.129 0.0000000000
119572  36.999  -45.344  18.762 0.0000000000
38257  25.466  -49.565  18.300 0.0000000000
39237  27.424  -48.298  14.773 0.0000000000
62443  52.172  -22.431  9.744 0.0000000000
65215  49.881  -19.776  4.099 0.0000000000
35370  23.308  -52.321  20.593 0.0000000000
32521  20.905  -55.184  21.510 0.0000000000
37169  39.339  -50.988  26.633 0.0000000000
39134  36.006  -49.151  22.050 0.0000000000
36225  34.660  -51.789  24.183 0.0000000000
37214  28.752  -50.857  23.436 0.0000000000
58879  44.400  -26.429  11.680 0.0000000000
32423  23.052  -55.928  33.993 0.0000000000
27386  22.078  -60.061  29.352 0.0000000000
60650  54.723  -24.188  15.240 0.0000000000
59754  49.468  -26.053  15.412 0.0000000000
57926  46.038  -27.151  16.815 0.0000000000
54284  43.199  -30.956  18.105 0.0000000000
51662  42.030  -34.870  17.001 0.0000000000
49857  49.871  -36.085  23.923 0.0000000000
48093  46.740  -38.198  18.490 0.0000000000
48190  42.841  -38.918  12.511 0.0000000000
48208  36.889  -38.712  12.091 0.0000000000
41102  31.674  -46.710  17.091 0.0000000000
116602  29.221  -53.970  32.718 0.0000000000
116789  26.637  -53.617  31.539 0.0000000000
34259  27.838  -53.123  33.830 0.0000000000
34288  31.500  -54.404  31.938 0.0000000000
40952  41.895  -46.693  27.574 0.0000000000
41885  42.503  -45.304  25.549 0.0000000000
43734  42.820  -43.533  23.913 0.0000000000
42798  40.887  -45.116  22.387 0.0000000000
42842  39.041  -45.061  19.107 0.0000000000
41036  38.213  -45.850  21.888 0.0000000000
36333  23.295  -51.387  16.819 0.0000000000
37355  24.294  -50.322  14.986 0.0000000000
61617  49.827  -24.000  9.303 0.0000000000
62477  49.106  -22.123  6.897 0.0000000000
61637  47.627  -23.691  7.444 0.0000000000
35336  25.311  -52.156  23.882 0.0000000000
34419  22.531  -53.308  21.877 0.0000000000
34399  23.407  -53.110  24.150 0.0000000000
32453  22.176  -54.874  27.934 0.0000000000
31511  21.140  -55.888  25.120 0.0000000000
30555  20.994  -57.973  25.021 0.0000000000
28444  20.907  -59.476  25.375 0.0000000000
37121  40.687  -50.913  30.291 0.0000000000
35263  38.536  -52.855  27.485 0.0000000000
36200  37.642  -52.201  25.255 0.0000000000
138078  36.296  -52.953  27.062 0.0000000000
35289  29.037  -52.239  26.826 0.0000000000
36206  30.294  -51.561  25.718 0.0000000000
36209  27.781  -51.659  24.615 0.0000000000
36287  26.095  -51.088  22.026 0.0000000000
57965  42.471  -27.343  12.606 0.0000000000
58934  42.119  -27.003  8.645 0.0000000000
57117  40.082  -28.390  8.566 0.0000000000
26390  20.786  -61.640  30.604 0.0000000000
59742  47.003  -26.272  16.060 0.0000000000
58815  47.682  -26.107  18.350 0.0000000000
55139  47.734  -30.581  22.822 0.0000000000
55181  46.404  -30.081  19.879 0.0000000000
54238  44.849  -31.897  21.327 0.0000000000
131734  42.150  -32.906  18.806 0.0000000000
51615  44.450  -34.511  19.495 0.0000000000
47205  42.383  -39.376  20.848 0.0000000000
48055  44.851  -37.778  20.987 0.0000000000
48123  43.810  -38.515  17.587 0.0000000000
136093  44.740  -38.246  15.331 0.0000000000
48141  41.566  -38.588  15.327 0.0000000000
48192  39.714  -38.535  13.414 0.0000000000
48160  39.023  -38.770  15.113 0.0000000000
46424  34.824  -41.067  12.950 0.0000000000
38219  33.857  -50.046  20.284 0.0000000000
118523  33.888  -47.791  19.521 0.0000000000
39183  31.795  -48.960  18.097 0.0000000000
40204  27.717  -47.756  12.581 0.0000000000
120335  56.943  -19.464  4.138 0.0000000000
116761  54.687  -19.318  5.280 0.0000000000
35256  27.945  -52.766  27.908 0.0000000000
136337  24.623  -52.985  26.382 0.0000000000
34348  26.056  -53.245  28.648 0.0000000000
138054  24.269  -53.201  29.935 0.0000000000
33398  22.790  -54.410  30.322 0.0000000000
34284  35.143  -53.815  31.592 0.0000000000
35249  34.823  -53.354  28.756 0.0000000000
34327  32.632  -53.896  29.983 0.0000000000
35238  30.354  -53.399  29.277 0.0000000000
58788  49.104  -25.727  20.874 0.0000000000
54204  50.014  -30.882  24.595 0.0000000000
45414  44.762  -41.405  25.309 0.0000000000
45440  42.505  -41.369  22.394 0.0000000000
46360  40.279  -40.577  19.620 0.0000000000
46386  38.523  -40.501  17.215 0.0000000000
44653  38.766  -42.703  18.512 0.0000000000
42897  37.248  -44.377  17.059 0.0000000000
42900  34.503  -44.435  16.300 0.0000000000
116810  28.110  -49.348  19.096 0.0000000000
39201  28.920  -49.174  17.435 0.0000000000
39223  26.073  -48.575  16.335 0.0000000000
64222  53.566  -20.501  9.431 0.0000000000
65183  52.611  -19.464  6.497 0.0000000000
64249  50.939  -20.983  7.179 0.0000000000
33456  22.031  -53.895  24.200 0.0000000000
38086  41.027  -49.271  28.710 0.0000000000
39073  39.240  -48.373  25.762 0.0000000000
40057  38.066  -47.373  23.828 0.0000000000
38167  37.728  -50.186  24.297 0.0000000000
36273  35.822  -51.351  22.395 0.0000000000
37230  32.897  -50.705  21.903 0.0000000000
36184  33.328  -51.883  26.271 0.0000000000
37196  31.878  -51.074  24.328 0.0000000000
37248  29.781  -50.185  21.919 0.0000000000
37265  27.134  -50.198  21.007 0.0000000000
37282  24.609  -50.746  19.499 0.0000000000
134017  46.421  -26.031  10.682 0.0000000000
59854  46.165  -25.334  7.908 0.0000000000
136117  44.524  -26.281  8.372 0.0000000000
33367  24.737  -54.208  34.420 0.0000000000
126892  22.370  -56.152  31.208 0.0000000000
30491  22.948  -58.045  31.336 0.0000000000
29445  22.404  -58.595  28.698 0.0000000000
63248  54.679  -21.583  11.853 0.0000000000
61583  53.279  -23.252  12.059 0.0000000000
60674  50.979  -25.042  12.112 0.0000000000
59779  49.502  -25.568  13.120 0.0000000000
59781  46.945  -25.950  13.711 0.0000000000
58849  44.701  -26.738  14.207 0.0000000000
57038  43.202  -28.414  15.366 0.0000000000
127900  47.672  -28.232  19.272 0.0000000000
56112  44.640  -29.493  17.712 0.0000000000
55231  42.293  -29.652  16.007 0.0000000000
54299  40.416  -31.733  16.386 0.0000000000
51679  39.655  -34.406  15.234 0.0000000000
131939  49.712  -34.573  22.498 0.0000000000
48941  46.853  -37.607  23.413 0.0000000000
48960  47.999  -37.128  20.573 0.0000000000
50760  46.873  -35.771  19.611 0.0000000000
49928  45.462  -36.989  16.946 0.0000000000
122190  43.158  -37.196  14.116 0.0000000000
47283  36.806  -39.621  14.221 0.0000000000
41039  35.808  -46.838  21.028 0.0000000000
42006  33.572  -45.636  18.204 0.0000000000
42918  31.688  -44.501  15.637 0.0000000000
40161  29.948  -48.132  15.560 0.0000000000
41123  29.331  -46.335  13.947 0.0000000000
34274  28.646  -53.505  33.313 0.0000000000
35194  28.749  -52.300  33.998 0.0000000000
40973  40.604  -46.303  25.562 0.0000000000
41876  42.159  -45.717  26.070 0.0000000000
40984  41.225  -45.764  24.900 0.0000000000
41911  41.755  -45.150  24.095 0.0000000000
41913  40.873  -45.457  23.294 0.0000000000
41929  40.023  -45.530  22.246 0.0000000000
41012  39.270  -45.790  22.886 0.0000000000
60724  49.396  -24.530  9.789 0.0000000000
61627  48.838  -23.943  8.350 0.0000000000
60732  48.438  -24.611  8.737 0.0000000000
35322  25.581  -52.382  24.673 0.0000000000
35338  23.793  -52.734  23.447 0.0000000000
35307  24.971  -52.762  25.159 0.0000000000
32449  22.170  -55.927  28.104 0.0000000000
119161  21.793  -56.346  26.659 0.0000000000
31481  21.966  -57.096  26.999 0.0000000000
29488  21.189  -58.675  25.552 0.0000000000
30535  21.766  -57.863  26.647 0.0000000000
35225  37.173  -53.515  31.107 0.0000000000
35234  38.188  -53.515  30.146 0.0000000000
35233  39.090  -53.091  29.658 0.0000000000
35246  38.414  -53.483  29.156 0.0000000000
116990  37.775  -53.003  26.962 0.0000000000
34343  36.913  -53.622  28.692 0.0000000000
35291  27.527  -52.413  26.315 0.0000000000
36189  28.805  -51.949  26.072 0.0000000000
36210  27.199  -52.100  25.102 0.0000000000
36233  26.110  -51.944  24.138 0.0000000000
57070  41.057  -28.082  12.587 0.0000000000
130030  41.059  -27.506  10.572 0.0000000000
57082  39.902  -28.280  11.043 0.0000000000
129012  50.259  -24.407  20.869 0.0000000000
59711  48.561  -25.550  18.683 0.0000000000
59692  48.917  -25.364  19.863 0.0000000000
54215  47.301  -31.377  23.157 0.0000000000
54236  46.248  -31.292  21.990 0.0000000000
53341  45.608  -32.503  22.121 0.0000000000
135276  44.187  -33.079  20.988 0.0000000000
51597  45.389  -33.899  20.982 0.0000000000
48098  41.579  -39.142  19.449 0.0000000000
48096  43.287  -38.407  19.457 0.0000000000
48125  41.575  -38.702  17.778 0.0000000000
122452  42.390  -38.560  16.840 0.0000000000
118049  41.284  -38.631  16.743 0.0000000000
48159  39.923  -38.634  15.239 0.0000000000
47253  39.534  -39.195  16.645 0.0000000000
37280  32.257  -50.316  19.751 0.0000000000
38234  32.609  -49.899  19.423 0.0000000000
38235  31.884  -50.109  19.078 0.0000000000
65180  56.508  -19.441  6.807 0.0000000000
116931  54.984  -19.230  7.008 0.0000000000
34331  28.447  -53.582  29.656 0.0000000000
138955  26.698  -53.219  28.457 0.0000000000
131811  27.621  -53.450  29.332 0.0000000000
34292  25.959  -53.403  32.160 0.0000000000
117273  25.608  -53.313  30.221 0.0000000000
34312  25.018  -53.176  30.817 0.0000000000
34314  23.428  -53.702  30.435 0.0000000000
34295  23.706  -53.715  31.227 0.0000000000
34285  34.415  -53.853  31.772 0.0000000000
34326  33.995  -54.106  30.410 0.0000000000
34287  32.972  -54.317  31.615 0.0000000000
34309  29.707  -54.320  30.960 0.0000000000
34329  30.939  -54.009  30.219 0.0000000000
117069  29.265  -53.789  29.928 0.0000000000
35255  28.748  -52.776  28.195 0.0000000000
42727  44.734  -44.395  27.762 0.0000000000
126223  45.732  -43.477  28.258 0.0000000000
45395  46.225  -42.172  27.344 0.0000000000
45405  46.009  -41.452  26.595 0.0000000000
44548  44.916  -42.121  25.898 0.0000000000
43753  41.789  -43.873  22.562 0.0000000000
44575  42.733  -42.731  23.357 0.0000000000
45450  41.562  -41.859  21.672 0.0000000000
46338  41.639  -40.836  21.295 0.0000000000
45463  40.610  -41.838  20.736 0.0000000000
45479  39.515  -41.821  19.508 0.0000000000
44627  39.636  -42.669  19.830 0.0000000000
41984  38.435  -45.391  19.434 0.0000000000
42860  38.049  -45.039  18.211 0.0000000000
42861  37.342  -45.149  18.088 0.0000000000
42899  35.664  -44.449  16.353 0.0000000000
42015  35.826  -44.908  17.673 0.0000000000
38256  26.293  -49.366  18.539 0.0000000000
39186  26.847  -49.000  17.848 0.0000000000
38274  25.915  -49.061  17.721 0.0000000000
63271  52.441  -21.670  9.380 0.0000000000
64237  52.581  -20.434  8.198 0.0000000000
138725  51.400  -21.962  8.467 0.0000000000
63316  48.704  -21.359  5.973 0.0000000000
35382  23.148  -52.325  19.781 0.0000000000
34447  22.341  -53.695  19.429 0.0000000000
34361  24.314  -52.972  27.085 0.0000000000
123117  23.486  -53.262  25.792 0.0000000000
34375  22.993  -53.475  26.492 0.0000000000
31530  20.570  -56.830  23.856 0.0000000000
32498  20.609  -56.103  23.539 0.0000000000
37159  40.426  -50.666  28.361 0.0000000000
38087  40.971  -50.128  29.080 0.0000000000
38108  40.207  -49.987  27.597 0.0000000000
39053  40.378  -48.324  27.318 0.0000000000
38131  39.353  -49.293  26.161 0.0000000000
39074  38.811  -48.982  25.373 0.0000000000
38155  38.786  -49.980  25.551 0.0000000000
35320  36.109  -52.274  24.323 0.0000000000
36223  36.604  -52.094  23.827 0.0000000000
36224  35.613  -52.004  23.660 0.0000000000
36274  34.606  -51.423  22.557 0.0000000000
36251  33.784  -51.307  23.161 0.0000000000
35250  33.281  -52.817  28.426 0.0000000000
35267  33.506  -52.456  27.589 0.0000000000
36168  32.132  -52.012  27.011 0.0000000000
132377  29.543  -51.128  24.342 0.0000000000
36228  31.479  -51.266  24.925 0.0000000000
120888  30.230  -50.618  23.358 0.0000000000
122473  31.014  -50.524  23.074 0.0000000000
37233  29.432  -50.497  22.830 0.0000000000
139327  28.562  -50.083  21.462 0.0000000000
116255  28.162  -50.398  21.948 0.0000000000
36288  24.636  -51.505  21.266 0.0000000000
36299  25.172  -50.994  20.897 0.0000000000
135259  23.570  -51.869  20.079 0.0000000000
118854  45.685  -26.196  10.814 0.0000000000
58914  45.259  -26.305  9.522 0.0000000000
58897  44.584  -26.361  10.105 0.0000000000
137457  42.432  -27.948  6.165 0.0000000000
33368  24.288  -54.614  35.189 0.0000000000
33383  23.050  -55.003  32.212 0.0000000000
32429  22.772  -55.785  32.766 0.0000000000
121405  22.664  -60.424  31.193 0.0000000000
127392  22.873  -59.222  30.347 0.0000000000
126393  22.665  -58.724  29.588 0.0000000000
28411  22.341  -59.388  29.042 0.0000000000
27409  21.282  -59.974  27.157 0.0000000000
27400  21.079  -60.551  28.355 0.0000000000
63247  55.547  -21.111  12.364 0.0000000000
61562  54.840  -23.229  13.614 0.0000000000
139326  53.260  -24.118  13.015 0.0000000000
60687  52.145  -24.281  12.007 0.0000000000
60662  52.368  -25.083  13.609 0.0000000000
132819  50.977  -26.021  15.209 0.0000000000
117666  50.823  -25.598  13.714 0.0000000000
135182  49.457  -25.691  13.911 0.0000000000
59780  47.915  -25.753  13.407 0.0000000000
136215  48.384  -25.847  14.183 0.0000000000
58827  46.457  -26.568  16.462 0.0000000000
58837  46.308  -26.463  15.689 0.0000000000
57936  45.011  -27.225  15.740 0.0000000000
57945  44.138  -27.223  14.655 0.0000000000
57928  44.550  -27.907  16.100 0.0000000000
57859  49.415  -26.819  21.548 0.0000000000
56984  48.381  -28.058  19.957 0.0000000000
56966  48.413  -28.791  20.216 0.0000000000
55183  44.731  -30.706  19.418 0.0000000000
56098  45.632  -29.548  18.606 0.0000000000
55199  44.165  -30.084  17.935 0.0000000000
55213  43.233  -29.867  16.900 0.0000000000
55201  42.611  -30.411  17.062 0.0000000000
134661  41.241  -30.563  16.003 0.0000000000
55202  41.860  -31.027  17.223 0.0000000000
52526  41.932  -33.751  18.023 0.0000000000
52542  40.931  -33.799  16.983 0.0000000000
51663  41.314  -34.537  16.685 0.0000000000
50823  40.845  -35.492  15.282 0.0000000000
50734  50.106  -35.081  22.804 0.0000000000
116486  45.816  -38.848  24.366 0.0000000000
134828  47.266  -38.333  25.082 0.0000000000
48023  45.505  -38.510  23.612 0.0000000000
48094  46.378  -38.364  18.877 0.0000000000
48979  46.999  -37.805  20.115 0.0000000000
49000  47.196  -37.798  19.411 0.0000000000
49880  47.956  -36.810  20.201 0.0000000000
49908  46.989  -37.462  18.651 0.0000000000
50777  45.718  -36.083  18.570 0.0000000000
49927  46.137  -37.747  17.063 0.0000000000
48173  43.359  -38.519  13.710 0.0000000000
49069  43.983  -38.194  14.184 0.0000000000
49081  43.222  -38.455  12.758 0.0000000000
49082  43.118  -38.328  12.142 0.0000000000
49090  42.917  -38.670  11.645 0.0000000000
48204  41.882  -38.981  11.574 0.0000000000
48206  38.763  -38.461  12.706 0.0000000000
48226  39.174  -38.498  11.252 0.0000000000
45521  37.474  -41.373  16.532 0.0000000000
46399  37.536  -40.512  16.023 0.0000000000
139653  36.587  -41.055  15.293 0.0000000000
46430  35.253  -40.259  12.501 0.0000000000
39132  37.000  -48.112  23.036 0.0000000000
40079  37.207  -47.224  22.766 0.0000000000
40100  36.247  -47.654  21.886 0.0000000000
40136  32.889  -47.399  18.572 0.0000000000
40123  34.235  -46.845  19.485 0.0000000000
41100  32.765  -45.991  17.872 0.0000000000
42017  33.316  -45.169  17.526 0.0000000000
42027  31.715  -45.752  16.756 0.0000000000
118869  27.602  -48.449  15.625 0.0000000000
39220  29.474  -48.669  15.915 0.0000000000
39236  28.350  -48.265  14.957 0.0000000000
137806  28.993  -46.818  13.817 0.0000000000
42947  29.866  -44.936  13.535 0.0000000000
65203  51.609  -19.636  5.499 0.0000000000
65212  52.337  -19.439  4.591 0.0000000000
60744  45.258  -24.588  6.477 0.0000000000
117107  29.017  -54.347  31.672 0.0000000000
116681  28.155  -54.169  31.279 0.0000000000
34290  28.415  -54.069  32.364 0.0000000000
116791  27.852  -53.643  33.039 0.0000000000
133645  27.293  -53.383  33.613 0.0000000000
116998  29.880  -54.345  32.169 0.0000000000
40943  42.734  -46.899  28.801 0.0000000000
41840  43.998  -45.961  29.679 0.0000000000
40950  43.181  -46.114  28.225 0.0000000000
41874  43.379  -45.243  26.859 0.0000000000
42759  43.475  -44.476  25.776 0.0000000000
42758  43.795  -43.764  25.553 0.0000000000
42772  42.818  -44.252  24.468 0.0000000000
42796  41.973  -44.436  23.143 0.0000000000
134275  40.940  -44.274  21.621 0.0000000000
42826  40.074  -44.529  20.435 0.0000000000
41961  40.158  -45.171  21.024 0.0000000000
41963  38.733  -45.485  20.351 0.0000000000
41964  37.782  -45.570  20.273 0.0000000000
37309  24.246  -50.348  17.609 0.0000000000
38276  24.606  -49.695  17.121 0.0000000000
37325  23.631  -50.774  16.309 0.0000000000
61615  51.215  -23.436  9.806 0.0000000000
62456  50.541  -22.847  8.480 0.0000000000
62457  49.843  -23.104  8.234 0.0000000000
62471  47.845  -23.073  7.076 0.0000000000
35357  23.899  -52.307  22.102 0.0000000000
35359  22.927  -52.804  21.188 0.0000000000
35348  23.533  -52.714  22.668 0.0000000000
120864  22.498  -53.451  22.763 0.0000000000
34410  22.004  -53.824  23.299 0.0000000000
33414  22.466  -54.126  27.742 0.0000000000
33439  21.774  -54.583  25.455 0.0000000000
32464  21.710  -55.648  26.363 0.0000000000
30569  21.130  -56.971  25.296 0.0000000000
131789  20.654  -59.466  24.605 0.0000000000
36160  39.996  -52.070  29.260 0.0000000000
36180  39.456  -51.769  27.348 0.0000000000
36199  38.176  -51.684  25.509 0.0000000000
35284  38.290  -52.564  26.570 0.0000000000
35301  36.800  -52.618  25.538 0.0000000000
35303  34.906  -52.158  25.734 0.0000000000
36170  30.411  -52.069  26.912 0.0000000000
36169  31.301  -52.034  26.988 0.0000000000
36188  29.694  -51.882  26.359 0.0000000000
36230  29.115  -51.398  24.773 0.0000000000
36253  28.225  -51.270  23.947 0.0000000000
37236  26.880  -50.930  22.278 0.0000000000
36255  26.632  -51.566  23.574 0.0000000000
36277  25.545  -51.529  22.528 0.0000000000
58868  43.717  -26.686  12.283 0.0000000000
127272  43.051  -26.596  9.874 0.0000000000
58899  42.425  -26.811  10.248 0.0000000000
58010  41.303  -27.387  8.793 0.0000000000
27368  22.366  -60.907  31.464 0.0000000000
26402  21.464  -60.957  30.223 0.0000000000
27388  20.528  -61.088  28.791 0.0000000000
26404  19.883  -61.646  29.182 0.0000000000
59739  49.606  -26.103  16.479 0.0000000000
59740  48.611  -26.087  16.290 0.0000000000
59726  48.375  -25.787  17.484 0.0000000000
59727  47.595  -26.047  17.480 0.0000000000
58816  46.838  -26.592  17.346 0.0000000000
56057  48.915  -29.184  21.833 0.0000000000
56074  48.032  -29.293  20.498 0.0000000000
55155  47.395  -29.905  20.954 0.0000000000
55173  45.799  -30.631  20.391 0.0000000000
54258  44.270  -31.364  19.888 0.0000000000
54260  42.964  -31.882  19.144 0.0000000000
53357  43.446  -32.544  20.177 0.0000000000
52512  42.926  -33.777  19.074 0.0000000000
51642  43.180  -34.948  17.916 0.0000000000
47194  43.379  -39.416  21.968 0.0000000000
48054  44.609  -38.098  21.920 0.0000000000
48078  43.379  -38.386  20.352 0.0000000000
116566  44.255  -38.202  19.577 0.0000000000
48109  45.546  -38.543  17.868 0.0000000000
48137  45.414  -38.335  16.423 0.0000000000
124325  44.583  -38.589  16.565 0.0000000000
130269  43.536  -38.571  15.396 0.0000000000
119025  41.753  -38.628  14.399 0.0000000000
119030  41.604  -38.823  12.567 0.0000000000
48175  40.712  -38.599  14.448 0.0000000000
48177  38.820  -38.641  14.298 0.0000000000
48178  37.994  -38.768  14.087 0.0000000000
44682  36.088  -42.832  15.211 0.0000000000
45537  36.157  -41.437  14.830 0.0000000000
45539  35.050  -42.260  13.876 0.0000000000
45558  34.313  -41.738  12.583 0.0000000000
44745  33.721  -42.241  10.328 0.0000000000
38205  35.132  -50.213  21.247 0.0000000000
121880  34.795  -48.497  20.464 0.0000000000
39158  33.786  -49.400  19.841 0.0000000000
39182  32.488  -48.451  18.451 0.0000000000
39197  31.953  -48.252  17.874 0.0000000000
39268  27.289  -48.280  13.071 0.0000000000
39286  27.334  -48.394  12.253 0.0000000000
117893  57.070  -19.409  5.662 0.0000000000
65210  55.400  -19.460  4.718 0.0000000000
65223  54.491  -19.462  3.420 0.0000000000
35273  26.871  -52.769  26.877 0.0000000000
35292  26.029  -52.831  26.373 0.0000000000
35274  26.093  -53.009  27.149 0.0000000000
119196  25.633  -53.090  27.803 0.0000000000
34349  25.037  -53.078  28.558 0.0000000000
34333  26.251  -53.418  29.593 0.0000000000
34334  25.347  -53.199  29.389 0.0000000000
34351  23.503  -53.279  28.049 0.0000000000
34337  22.894  -53.818  28.981 0.0000000000
33404  22.633  -54.380  29.349 0.0000000000
32443  22.358  -55.157  29.749 0.0000000000
34302  36.513  -54.013  30.548 0.0000000000
34344  35.757  -53.638  28.893 0.0000000000
118597  34.873  -54.091  30.186 0.0000000000
136547  33.369  -53.912  29.914 0.0000000000
35236  32.063  -53.292  29.242 0.0000000000
34307  31.659  -54.360  30.990 0.0000000000
35237  31.202  -53.352  29.266 0.0000000000
35253  30.618  -52.834  28.469 0.0000000000
35271  29.285  -52.491  27.599 0.0000000000
35272  28.494  -52.498  27.362 0.0000000000
56162  39.592  -29.598  13.143 0.0000000000
56195  39.136  -28.836  10.600 0.0000000000
56190  38.264  -29.909  11.144 0.0000000000
130536  49.857  -24.614  21.161 0.0000000000
56937  49.746  -28.367  22.186 0.0000000000
56043  49.230  -29.316  22.710 0.0000000000
55126  48.127  -30.946  23.657 0.0000000000
53320  47.859  -31.814  23.683 0.0000000000
47143  45.914  -39.976  25.500 0.0000000000
46305  44.861  -40.115  24.410 0.0000000000
44560  43.783  -42.355  24.709 0.0000000000
46317  43.420  -40.985  23.327 0.0000000000
46328  43.304  -40.250  22.564 0.0000000000
46337  42.321  -40.192  21.497 0.0000000000
120344  41.281  -39.774  20.129 0.0000000000
46372  40.028  -40.196  18.918 0.0000000000
47241  38.975  -39.790  17.028 0.0000000000
46373  39.334  -40.669  18.442 0.0000000000
46374  38.622  -41.157  17.915 0.0000000000
45506  37.664  -42.036  17.082 0.0000000000
42858  39.206  -44.377  19.041 0.0000000000
43811  38.057  -43.534  17.671 0.0000000000
44675  36.980  -42.893  16.320 0.0000000000
42913  35.910  -44.164  15.853 0.0000000000
43833  34.830  -44.006  15.048 0.0000000000
138115  33.541  -44.090  15.451 0.0000000000
119460  29.618  -49.536  19.741 0.0000000000
38236  30.106  -49.639  18.881 0.0000000000
39184  28.568  -49.283  18.414 0.0000000000
39202  27.342  -48.777  17.115 0.0000000000
39238  26.554  -48.441  15.495 0.0000000000
38300  24.962  -49.013  15.943 0.0000000000
38317  25.197  -49.285  14.566 0.0000000000
65125  54.080  -19.723  9.004 0.0000000000
65158  54.414  -19.280  7.576 0.0000000000
65143  53.084  -19.667  7.861 0.0000000000
64247  52.191  -19.815  6.921 0.0000000000
64272  50.369  -20.229  5.618 0.0000000000
63294  50.522  -21.733  7.520 0.0000000000
63315  49.149  -20.950  5.749 0.0000000000
117560  24.277  -53.011  25.618 0.0000000000
34400  22.705  -53.498  24.631 0.0000000000
33466  21.328  -54.437  22.871 0.0000000000
33448  21.583  -54.513  24.634 0.0000000000
32497  20.855  -55.152  23.295 0.0000000000
39034  42.340  -48.190  29.717 0.0000000000
40004  41.541  -47.591  28.124 0.0000000000
40013  40.443  -47.446  26.880 0.0000000000
40974  39.803  -46.621  25.289 0.0000000000
40987  38.811  -46.765  24.201 0.0000000000
40035  38.529  -47.665  24.533 0.0000000000
39097  37.917  -49.127  24.238 0.0000000000
38180  36.810  -50.114  23.222 0.0000000000
37182  37.628  -51.692  24.726 0.0000000000
37209  37.116  -50.809  23.657 0.0000000000
37227  36.073  -50.874  22.270 0.0000000000
37243  34.632  -50.729  21.217 0.0000000000
127537  33.244  -50.615  20.895 0.0000000000
37245  32.383  -50.397  21.161 0.0000000000
35248  35.103  -53.045  28.032 0.0000000000
125090  34.958  -52.398  26.606 0.0000000000
36183  33.987  -51.884  25.840 0.0000000000
118637  32.008  -51.501  25.748 0.0000000000
116235  32.223  -51.353  25.056 0.0000000000
36227  32.691  -51.241  24.321 0.0000000000
122086  31.979  -50.598  22.797 0.0000000000
37231  31.236  -50.362  22.248 0.0000000000
38206  31.019  -49.976  20.748 0.0000000000
38222  29.493  -49.659  20.502 0.0000000000
38224  27.689  -49.777  20.477 0.0000000000
38241  25.784  -49.809  19.133 0.0000000000
37250  26.620  -50.650  21.523 0.0000000000
37267  25.653  -50.541  20.446 0.0000000000
37296  24.409  -50.519  18.512 0.0000000000
37297  23.821  -50.932  18.102 0.0000000000
125332  47.835  -25.590  10.489 0.0000000000
59846  47.278  -25.470  8.852 0.0000000000
59836  46.772  -25.889  9.362 0.0000000000
58933  42.839  -26.729  8.240 0.0000000000
58028  43.044  -27.383  5.978 0.0000000000
57118  39.525  -28.978  8.576 0.0000000000
35183  27.386  -52.279  34.504 0.0000000000
34246  27.125  -52.697  34.447 0.0000000000
34261  25.929  -53.557  34.092 0.0000000000
34249  25.408  -53.775  34.554 0.0000000000
34262  25.066  -53.777  33.591 0.0000000000
33389  23.350  -54.281  31.729 0.0000000000
32439  22.414  -55.387  30.726 0.0000000000
125404  22.273  -55.983  30.077 0.0000000000
31450  22.784  -56.610  33.339 0.0000000000
31460  22.518  -57.023  31.392 0.0000000000
29438  22.516  -57.872  29.123 0.0000000000
30509  22.354  -57.719  28.328 0.0000000000
28431  21.455  -59.319  26.766 0.0000000000
127502  56.154  -19.784  10.370 0.0000000000
64206  54.625  -20.516  10.640 0.0000000000
63258  54.220  -21.278  10.996 0.0000000000
62430  53.193  -22.255  10.961 0.0000000000
62408  55.051  -22.714  13.357 0.0000000000
62420  53.623  -22.588  11.738 0.0000000000
62431  52.505  -22.673  10.530 0.0000000000
61602  51.529  -23.711  10.538 0.0000000000
60705  50.443  -24.562  10.770 0.0000000000
60690  50.098  -25.038  11.323 0.0000000000
59777  51.602  -25.418  13.664 0.0000000000
59789  50.444  -25.327  12.392 0.0000000000
138001  48.955  -25.465  11.619 0.0000000000
59805  47.861  -25.640  11.446 0.0000000000
59806  47.109  -25.757  11.907 0.0000000000
122629  45.686  -26.126  12.271 0.0000000000
59756  47.040  -26.206  15.187 0.0000000000
58856  46.144  -26.202  14.067 0.0000000000
58858  44.571  -26.597  13.394 0.0000000000
58850  43.977  -26.967  13.897 0.0000000000
57947  42.812  -27.700  14.007 0.0000000000
57048  41.765  -28.476  14.041 0.0000000000
58789  48.518  -26.118  19.987 0.0000000000
57909  47.382  -27.570  18.757 0.0000000000
57910  46.891  -27.845  18.231 0.0000000000
56087  46.889  -29.500  19.540 0.0000000000
57003  45.825  -29.008  18.176 0.0000000000
57016  45.922  -28.459  17.707 0.0000000000
57028  44.129  -28.624  16.415 0.0000000000
56136  42.745  -29.041  15.665 0.0000000000
56148  41.433  -29.043  14.507 0.0000000000
55250  40.474  -30.176  14.700 0.0000000000
54336  39.341  -31.464  14.731 0.0000000000
53380  40.857  -32.560  17.338 0.0000000000
52544  39.856  -33.095  16.108 0.0000000000
53318  50.195  -32.574  23.892 0.0000000000
52471  47.915  -33.536  22.567 0.0000000000
48939  48.499  -36.973  23.930 0.0000000000
48952  45.975  -37.609  22.315 0.0000000000
135925  48.051  -36.955  22.191 0.0000000000
49865  48.626  -36.526  22.283 0.0000000000
50742  48.681  -35.951  21.410 0.0000000000
51595  48.053  -34.904  21.056 0.0000000000
51596  46.483  -34.282  20.914 0.0000000000
51614  45.937  -35.009  19.737 0.0000000000
50778  44.838  -35.506  18.571 0.0000000000
50812  43.388  -35.988  16.757 0.0000000000
48153  45.365  -37.935  15.756 0.0000000000
120098  44.413  -37.210  15.412 0.0000000000
49947  42.544  -36.380  15.283 0.0000000000
49957  42.027  -36.785  13.761 0.0000000000
48225  40.468  -38.656  11.391 0.0000000000
136730  39.898  -38.875  10.153 0.0000000000
47254  38.802  -39.517  16.356 0.0000000000
47282  37.509  -39.321  14.546 0.0000000000
47290  37.266  -39.015  13.746 0.0000000000
46423  35.445  -40.533  13.393 0.0000000000
47292  35.841  -39.730  12.971 0.0000000000
41014  37.587  -46.447  22.416 0.0000000000
41037  37.370  -46.088  21.653 0.0000000000
41946  36.723  -45.714  20.361 0.0000000000
40113  35.261  -47.606  20.714 0.0000000000
41077  35.210  -46.101  19.807 0.0000000000
41987  35.493  -45.564  19.335 0.0000000000
131785  34.147  -45.007  17.739 0.0000000000
42901  33.465  -44.391  16.207 0.0000000000
42917  32.089  -43.866  14.996 0.0000000000
38272  30.647  -49.341  17.538 0.0000000000
39218  30.956  -48.442  16.698 0.0000000000
40149  31.222  -47.517  16.632 0.0000000000
40171  28.900  -47.815  14.517 0.0000000000
41115  30.209  -47.301  15.440 0.0000000000
42035  30.459  -46.277  15.492 0.0000000000
42034  30.832  -45.212  15.484 0.0000000000
122894  31.077  -44.345  14.754 0.0000000000
65200  54.035  -19.199  5.859 0.0000000000
116929  52.872  -19.427  3.916 0.0000000000
65238  52.906  -19.192  2.371 0.0000000000
60738  46.516  -24.654  7.537 0.0000000000
40972  41.442  -46.002  25.789 0.0000000000
41899  41.041  -45.586  24.049 0.0000000000
40997  40.290  -45.779  23.851 0.0000000000
41914  40.161  -45.604  23.053 0.0000000000
40998  39.399  -46.082  23.689 0.0000000000
60707  49.038  -24.933  10.204 0.0000000000
60725  48.668  -24.875  9.575 0.0000000000
35306  25.838  -52.598  25.500 0.0000000000
122031  22.046  -56.386  27.327 0.0000000000
30518  22.102  -57.823  27.444 0.0000000000
34322  37.328  -53.863  30.156 0.0000000000
35224  37.926  -53.007  31.076 0.0000000000
34342  37.700  -53.720  29.310 0.0000000000
132263  27.468  -52.225  25.674 0.0000000000
35321  26.419  -52.249  24.923 0.0000000000
57967  41.034  -27.857  12.020 0.0000000000
57071  40.374  -28.315  12.035 0.0000000000
59691  50.290  -23.950  21.851 0.0000000000
54216  46.513  -31.806  22.721 0.0000000000
53334  46.106  -32.416  22.496 0.0000000000
52481  45.424  -33.246  21.718 0.0000000000
52472  46.128  -33.177  22.218 0.0000000000
47226  41.184  -39.069  18.691 0.0000000000
48110  42.038  -38.687  18.647 0.0000000000
137372  40.847  -39.059  18.068 0.0000000000
47252  40.278  -38.948  17.051 0.0000000000
119440  31.094  -49.925  18.973 0.0000000000
117271  55.964  -19.496  7.956 0.0000000000
65157  55.229  -19.326  7.835 0.0000000000
119817  27.895  -53.825  30.288 0.0000000000
34293  25.281  -53.309  31.493 0.0000000000
34294  24.539  -53.417  31.522 0.0000000000
35202  34.184  -52.173  32.585 0.0000000000
34286  33.661  -53.919  32.054 0.0000000000
34269  33.000  -53.854  32.262 0.0000000000
117592  44.785  -43.922  27.122 0.0000000000
43673  45.338  -43.710  27.752 0.0000000000
43684  45.294  -43.351  27.129 0.0000000000
44530  45.877  -43.017  27.772 0.0000000000
44539  45.653  -42.786  27.040 0.0000000000
44547  45.537  -42.165  26.551 0.0000000000
44540  45.015  -42.875  26.453 0.0000000000
43763  41.307  -43.662  21.891 0.0000000000
44591  41.704  -42.830  22.140 0.0000000000
44608  41.200  -42.793  21.579 0.0000000000
45451  41.024  -42.105  21.264 0.0000000000
44609  40.731  -42.768  21.017 0.0000000000
44626  40.175  -42.707  20.431 0.0000000000
42002  37.844  -45.316  18.718 0.0000000000
42003  36.516  -45.154  18.159 0.0000000000
38275  25.182  -49.322  17.463 0.0000000000
63272  51.766  -22.124  9.048 0.0000000000
35371  22.754  -52.871  20.330 0.0000000000
34362  23.572  -53.197  27.230 0.0000000000
130408  20.481  -57.355  22.804 0.0000000000
37160  39.854  -50.824  27.447 0.0000000000
38109  39.674  -50.101  26.821 0.0000000000
38130  39.911  -49.147  27.070 0.0000000000
38132  39.226  -50.273  26.184 0.0000000000
36201  35.251  -52.089  24.664 0.0000000000
36250  34.632  -51.638  23.399 0.0000000000
35251  32.369  -52.759  28.458 0.0000000000
35268  32.661  -52.391  27.684 0.0000000000
37213  29.521  -50.832  23.724 0.0000000000
37198  30.256  -50.948  24.196 0.0000000000
37234  28.482  -50.610  22.677 0.0000000000
139986  24.136  -51.936  21.555 0.0000000000
36301  23.941  -51.755  20.761 0.0000000000
122684  44.864  -26.320  10.878 0.0000000000
131559  44.050  -26.424  10.786 0.0000000000
32422  23.618  -55.308  34.605 0.0000000000
32428  23.300  -55.230  33.305 0.0000000000
27375  22.376  -60.167  30.315 0.0000000000
28394  22.859  -59.854  30.752 0.0000000000
28403  22.546  -59.611  29.886 0.0000000000
28412  21.938  -59.766  28.505 0.0000000000
118803  21.621  -60.195  28.678 0.0000000000
63238  56.317  -21.517  13.456 0.0000000000
63237  57.027  -21.377  14.043 0.0000000000
61530  54.896  -23.726  14.381 0.0000000000
60651  53.876  -24.361  14.375 0.0000000000
60661  53.146  -24.539  13.603 0.0000000000
139006  50.252  -25.979  15.147 0.0000000000
116771  49.810  -25.827  14.529 0.0000000000
116770  49.068  -25.843  14.452 0.0000000000
58828  45.719  -26.852  16.113 0.0000000000
57927  45.271  -27.579  16.439 0.0000000000
127266  48.921  -28.035  20.821 0.0000000000
55190  44.334  -30.513  18.662 0.0000000000
55191  43.726  -30.604  18.184 0.0000000000
55200  43.378  -30.371  17.576 0.0000000000
54285  42.613  -31.002  17.707 0.0000000000
51677  41.049  -34.988  16.031 0.0000000000
50814  41.769  -35.212  16.353 0.0000000000
50727  50.275  -35.461  23.464 0.0000000000
47166  45.153  -39.280  24.035 0.0000000000
48075  46.930  -38.152  19.125 0.0000000000
138038  47.048  -38.073  18.865 0.0000000000
48999  47.223  -37.741  19.076 0.0000000000
49019  46.898  -38.019  18.465 0.0000000000
49926  46.569  -37.707  17.934 0.0000000000
48107  46.377  -38.129  17.685 0.0000000000
48189  43.107  -38.665  12.824 0.0000000000
48188  43.436  -38.381  13.515 0.0000000000
48202  43.030  -38.752  12.149 0.0000000000
48203  42.724  -38.921  11.796 0.0000000000
48207  37.660  -38.536  12.413 0.0000000000
121518  38.377  -38.456  11.856 0.0000000000
48227  37.522  -38.590  11.614 0.0000000000
45528  36.967  -41.188  15.848 0.0000000000
39133  36.495  -48.741  22.581 0.0000000000
138582  36.237  -48.349  22.141 0.0000000000
120498  35.835  -48.423  21.671 0.0000000000
41101  32.214  -46.796  17.675 0.0000000000
41091  32.660  -46.819  18.173 0.0000000000
42018  32.152  -46.090  17.368 0.0000000000
129726  28.580  -48.597  15.732 0.0000000000
65214  50.719  -19.625  4.233 0.0000000000
65227  50.382  -19.470  3.465 0.0000000000
34258  28.719  -52.819  33.773 0.0000000000
116790  26.976  -53.625  32.672 0.0000000000
34273  29.955  -53.640  33.055 0.0000000000
34256  30.453  -53.114  33.328 0.0000000000
40003  42.181  -47.049  28.280 0.0000000000
40951  42.565  -46.408  27.859 0.0000000000
41875  42.786  -45.506  26.415 0.0000000000
41884  43.113  -45.060  26.010 0.0000000000
42744  43.727  -44.705  26.558 0.0000000000
118625  43.260  -44.189  25.116 0.0000000000
42760  42.773  -44.824  25.123 0.0000000000
41927  41.138  -45.223  23.036 0.0000000000
42785  41.720  -44.963  23.524 0.0000000000
42797  41.447  -44.813  22.805 0.0000000000
42810  41.197  -44.523  22.144 0.0000000000
42811  40.671  -44.912  21.698 0.0000000000
41942  40.369  -45.298  21.900 0.0000000000
41930  39.122  -45.657  22.058 0.0000000000
41943  39.811  -45.454  21.447 0.0000000000
41944  38.954  -45.544  21.218 0.0000000000
41945  38.036  -45.649  21.086 0.0000000000
37310  23.687  -50.812  17.203 0.0000000000
36346  23.302  -51.464  15.959 0.0000000000
61616  50.521  -23.716  9.553 0.0000000000
61625  50.223  -23.456  8.853 0.0000000000
61636  48.495  -23.364  7.630 0.0000000000
61642  47.133  -23.265  6.819 0.0000000000
35347  24.245  -52.333  22.844 0.0000000000
35324  24.114  -52.739  24.100 0.0000000000
34409  23.045  -53.149  23.228 0.0000000000
138741  22.538  -53.480  23.268 0.0000000000
33415  22.160  -54.634  27.227 0.0000000000
31492  21.598  -57.082  26.224 0.0000000000
116589  21.464  -56.237  25.899 0.0000000000
30570  20.716  -57.302  24.413 0.0000000000
29506  20.659  -58.185  24.233 0.0000000000
29489  20.852  -58.818  24.801 0.0000000000
27447  20.520  -60.017  24.856 0.0000000000
36142  39.691  -51.527  31.004 0.0000000000
117244  38.855  -53.108  28.495 0.0000000000
35232  39.665  -52.507  29.671 0.0000000000
36166  39.218  -52.516  27.883 0.0000000000
36165  39.792  -52.023  28.327 0.0000000000
130455  38.892  -52.380  27.080 0.0000000000
136220  37.022  -53.226  27.523 0.0000000000
35285  36.960  -52.924  26.481 0.0000000000
35302  35.981  -52.403  25.162 0.0000000000
35286  35.914  -52.616  26.248 0.0000000000
129945  29.699  -52.227  27.067 0.0000000000
36208  28.474  -51.709  25.246 0.0000000000
36231  28.500  -51.440  24.536 0.0000000000
36254  27.440  -51.423  23.787 0.0000000000
36256  25.828  -51.734  23.336 0.0000000000
36257  25.020  -51.983  23.071 0.0000000000
36278  24.674  -51.818  22.170 0.0000000000
58869  42.953  -26.920  12.055 0.0000000000
58881  42.704  -26.805  11.197 0.0000000000
57989  41.918  -27.126  10.936 0.0000000000
57990  40.422  -27.793  9.849 0.0000000000
57999  41.124  -27.414  9.634 0.0000000000
58000  40.571  -27.772  9.023 0.0000000000
133513  41.193  -28.601  7.009 0.0000000000
57129  40.573  -28.598  7.631 0.0000000000
26389  21.747  -61.229  31.132 0.0000000000
27376  22.107  -60.660  30.728 0.0000000000
26403  20.704  -61.266  29.656 0.0000000000
59725  49.371  -25.690  17.639 0.0000000000
56044  48.330  -29.838  22.284 0.0000000000
56058  48.187  -29.535  21.354 0.0000000000
118124  47.554  -30.224  21.835 0.0000000000
54237  45.496  -31.711  21.715 0.0000000000
55157  45.994  -30.916  21.214 0.0000000000
54246  45.253  -31.301  20.916 0.0000000000
54257  44.992  -30.980  20.157 0.0000000000
54247  44.447  -31.742  20.697 0.0000000000
54248  43.842  -31.936  20.286 0.0000000000
53350  43.958  -32.513  20.704 0.0000000000
52500  44.000  -33.959  20.099 0.0000000000
52490  43.791  -33.253  20.513 0.0000000000
51616  43.707  -34.231  19.348 0.0000000000
51628  43.484  -34.582  18.613 0.0000000000
47195  42.872  -39.405  21.408 0.0000000000
48056  43.452  -38.638  21.271 0.0000000000
48057  42.899  -38.862  20.854 0.0000000000
116689  43.038  -38.468  18.581 0.0000000000
136454  44.313  -38.435  18.452 0.0000000000
48122  45.073  -38.594  17.272 0.0000000000
139382  41.382  -38.576  16.001 0.0000000000
48140  42.435  -38.579  15.701 0.0000000000
48157  42.671  -38.623  14.473 0.0000000000
48176  39.730  -38.583  14.423 0.0000000000
48193  38.570  -38.561  13.588 0.0000000000
132238  35.680  -43.436  15.080 0.0000000000
44683  35.619  -42.901  14.738 0.0000000000
44687  35.129  -42.919  14.283 0.0000000000
44723  33.458  -42.375  11.590 0.0000000000
45578  33.767  -41.871  11.005 0.0000000000
119209  33.259  -42.492  10.884 0.0000000000
38218  34.485  -50.125  20.747 0.0000000000
39157  34.366  -49.364  20.309 0.0000000000
38251  32.175  -49.535  18.705 0.0000000000
39169  32.897  -49.046  19.078 0.0000000000
39198  31.417  -48.544  17.411 0.0000000000
116764  55.637  -19.384  6.454 0.0000000000
65199  55.527  -19.408  5.590 0.0000000000
116760  54.568  -19.437  4.370 0.0000000000
34358  27.289  -52.862  27.612 0.0000000000
122505  24.722  -53.009  27.760 0.0000000000
34311  27.318  -53.887  30.878 0.0000000000
117846  26.470  -53.559  30.507 0.0000000000
119490  24.782  -53.165  30.038 0.0000000000
34335  24.382  -53.122  29.317 0.0000000000
34336  23.514  -53.358  28.960 0.0000000000
122527  23.798  -53.332  29.820 0.0000000000
34315  23.155  -53.781  29.656 0.0000000000
32448  22.276  -55.055  28.813 0.0000000000
36123  35.832  -52.067  32.228 0.0000000000
35213  35.870  -53.230  31.756 0.0000000000
35226  36.406  -53.721  31.219 0.0000000000
34303  35.633  -54.126  30.944 0.0000000000
34324  35.756  -54.054  29.973 0.0000000000
121998  33.198  -54.238  30.661 0.0000000000
35235  32.958  -53.305  29.235 0.0000000000
117377  32.199  -54.373  31.564 0.0000000000
35254  29.670  -52.891  28.512 0.0000000000
117077  27.725  -52.563  27.114 0.0000000000
56178  38.455  -29.925  11.884 0.0000000000
56042  50.213  -28.549  23.182 0.0000000000
55124  50.206  -29.565  24.286 0.0000000000
55125  49.270  -30.358  24.124 0.0000000000
54214  48.743  -31.274  24.171 0.0000000000
41853  43.802  -45.730  28.641 0.0000000000
45413  45.384  -41.408  25.916 0.0000000000
46295  45.865  -40.743  25.993 0.0000000000
46296  45.241  -40.568  25.235 0.0000000000
120601  44.636  -40.838  24.734 0.0000000000
43717  43.397  -43.394  24.726 0.0000000000
43716  44.048  -42.963  25.345 0.0000000000
44574  43.253  -42.582  24.009 0.0000000000
45432  42.656  -41.906  22.868 0.0000000000
125952  43.122  -41.876  23.435 0.0000000000
139063  43.032  -41.465  23.082 0.0000000000
45439  42.918  -41.102  22.743 0.0000000000
46329  42.680  -40.678  22.173 0.0000000000
134055  40.819  -41.199  20.707 0.0000000000
46348  41.105  -40.619  20.642 0.0000000000
46359  40.763  -40.313  20.046 0.0000000000
47217  40.760  -39.734  19.397 0.0000000000
46361  39.621  -41.004  19.203 0.0000000000
44642  39.223  -42.671  19.118 0.0000000000
45491  39.060  -41.700  18.705 0.0000000000
45492  38.511  -42.002  18.205 0.0000000000
45505  38.110  -41.945  17.681 0.0000000000
44654  38.303  -42.726  17.960 0.0000000000
42841  39.533  -44.593  19.710 0.0000000000
42878  37.567  -44.756  17.650 0.0000000000
42877  38.152  -44.352  17.908 0.0000000000
133907  37.742  -44.189  17.462 0.0000000000
43812  37.610  -43.603  17.140 0.0000000000
43823  37.110  -43.726  16.580 0.0000000000
43824  36.521  -43.679  16.051 0.0000000000
42898  36.488  -44.380  16.543 0.0000000000
141069  35.118  -44.464  16.318 0.0000000000
42914  35.161  -44.293  15.745 0.0000000000
43834  34.050  -43.894  14.919 0.0000000000
42915  34.308  -44.200  15.558 0.0000000000
38237  29.033  -49.402  19.206 0.0000000000
139741  27.970  -49.243  18.547 0.0000000000
39203  26.436  -48.729  17.065 0.0000000000
39222  26.953  -48.510  16.365 0.0000000000
37337  24.108  -50.177  15.836 0.0000000000
38290  24.527  -49.574  16.265 0.0000000000
38318  24.713  -49.850  14.600 0.0000000000
39254  25.781  -48.696  14.943 0.0000000000
64236  53.296  -20.094  8.644 0.0000000000
64248  51.830  -20.621  7.570 0.0000000000
119635  51.409  -20.254  6.705 0.0000000000
64271  51.112  -19.938  5.936 0.0000000000
119438  50.609  -20.564  6.415 0.0000000000
62469  50.162  -22.454  7.842 0.0000000000
63282  50.855  -22.211  8.146 0.0000000000
63295  49.754  -21.940  7.208 0.0000000000
34427  22.356  -53.389  20.919 0.0000000000
34439  22.334  -53.516  20.087 0.0000000000
34440  21.898  -54.015  20.597 0.0000000000
34373  25.199  -52.900  25.989 0.0000000000
34388  22.809  -53.523  25.514 0.0000000000
33457  21.408  -54.468  23.774 0.0000000000
125215  21.345  -55.105  25.038 0.0000000000
31555  20.479  -56.534  22.743 0.0000000000
32512  20.587  -55.771  22.794 0.0000000000
38070  40.903  -50.221  30.798 0.0000000000
38076  41.403  -49.493  29.624 0.0000000000
39035  41.926  -48.878  30.059 0.0000000000
39041  41.668  -48.530  29.071 0.0000000000
39040  42.202  -47.665  28.923 0.0000000000
39048  40.953  -48.405  28.138 0.0000000000
39054  39.751  -48.100  26.468 0.0000000000
40022  40.029  -46.985  26.123 0.0000000000
40023  39.445  -47.485  25.637 0.0000000000
40034  39.139  -47.111  24.910 0.0000000000
40024  38.888  -48.019  25.181 0.0000000000
38166  38.313  -49.610  24.848 0.0000000000
38179  37.318  -49.626  23.726 0.0000000000
36249  36.136  -51.731  23.042 0.0000000000
36248  36.633  -51.513  23.326 0.0000000000
36272  36.241  -51.315  22.762 0.0000000000
37210  36.542  -50.870  22.909 0.0000000000
37242  35.411  -50.928  21.756 0.0000000000
37229  33.814  -51.136  22.251 0.0000000000
37244  33.911  -50.906  21.388 0.0000000000
35288  33.652  -52.213  26.916 0.0000000000
35266  34.417  -52.514  27.302 0.0000000000
35287  34.185  -52.155  26.457 0.0000000000
36187  30.869  -51.743  26.323 0.0000000000
36186  31.668  -51.706  26.350 0.0000000000
36205  31.249  -51.479  25.619 0.0000000000
37197  31.105  -50.986  24.305 0.0000000000
116595  33.134  -51.487  24.992 0.0000000000
36252  33.058  -51.164  23.664 0.0000000000
37212  32.330  -50.919  23.642 0.0000000000
37232  30.377  -50.378  22.525 0.0000000000
37247  30.660  -50.156  21.667 0.0000000000
37246  31.523  -50.212  21.398 0.0000000000
38207  30.110  -49.852  21.052 0.0000000000
38208  29.236  -49.950  21.303 0.0000000000
38209  27.905  -50.075  21.248 0.0000000000
38225  26.883  -49.902  20.212 0.0000000000
36300  24.565  -51.182  20.420 0.0000000000
37268  25.058  -50.733  20.192 0.0000000000
37281  25.369  -50.325  19.672 0.0000000000
37283  23.930  -51.088  18.991 0.0000000000
117066  46.988  -25.874  10.170 0.0000000000
58930  45.182  -26.247  8.712 0.0000000000
117912  44.197  -26.237  7.706 0.0000000000
58917  42.556  -26.750  9.370 0.0000000000
58916  43.275  -26.550  9.115 0.0000000000
58037  43.486  -27.564  5.252 0.0000000000
57104  38.829  -29.257  9.750 0.0000000000
140449  39.230  -28.721  9.909 0.0000000000
56204  39.097  -29.385  8.946 0.0000000000
123541  28.183  -52.089  33.979 0.0000000000
120802  26.839  -52.473  34.815 0.0000000000
34260  26.738  -53.177  34.295 0.0000000000
34247  26.287  -52.919  34.952 0.0000000000
33374  24.303  -54.126  33.150 0.0000000000
33381  23.954  -53.883  32.115 0.0000000000
33382  23.596  -54.503  32.682 0.0000000000
32434  22.588  -55.553  31.723 0.0000000000
33390  22.825  -54.724  31.292 0.0000000000
140094  22.291  -55.999  30.653 0.0000000000
29424  23.395  -58.690  32.188 0.0000000000
30486  22.831  -57.493  32.513 0.0000000000
127791  22.542  -56.436  32.151 0.0000000000
134759  22.642  -57.898  29.808 0.0000000000
137832  22.424  -57.335  28.893 0.0000000000
29446  22.177  -58.590  27.908 0.0000000000
29459  21.833  -58.626  27.117 0.0000000000
132217  20.413  -61.041  27.911 0.0000000000
65111  56.943  -20.507  11.027 0.0000000000
65113  55.329  -19.813  10.277 0.0000000000
64205  55.345  -20.266  11.028 0.0000000000
64191  55.018  -20.797  11.457 0.0000000000
63259  53.531  -21.620  10.578 0.0000000000
63249  53.914  -21.928  11.382 0.0000000000
62407  55.892  -22.507  13.970 0.0000000000
62393  56.552  -23.773  13.852 0.0000000000
61563  53.740  -23.532  12.854 0.0000000000
62409  54.119  -22.908  12.637 0.0000000000
62421  52.838  -22.923  11.317 0.0000000000
61601  52.209  -23.388  10.856 0.0000000000
61584  52.523  -23.641  11.622 0.0000000000
60673  51.653  -24.826  12.433 0.0000000000
60688  51.428  -24.551  11.701 0.0000000000
60689  50.759  -24.786  11.458 0.0000000000
140081  50.442  -25.142  11.844 0.0000000000
59764  52.146  -25.524  14.354 0.0000000000
59767  50.072  -25.661  13.801 0.0000000000
59778  50.311  -25.508  13.066 0.0000000000
139501  49.895  -25.460  12.526 0.0000000000
59802  49.925  -25.339  11.926 0.0000000000
116803  49.268  -25.482  12.165 0.0000000000
118840  48.547  -25.538  11.897 0.0000000000
59792  47.060  -25.769  12.805 0.0000000000
125578  46.445  -25.900  12.323 0.0000000000
58865  46.104  -26.045  13.113 0.0000000000
133448  47.704  -26.157  15.692 0.0000000000
139329  47.694  -26.119  15.077 0.0000000000
58848  45.451  -26.527  14.545 0.0000000000
58847  46.212  -26.358  14.893 0.0000000000
58857  45.342  -26.385  13.703 0.0000000000
58859  43.855  -26.796  13.096 0.0000000000
57938  43.628  -27.761  15.059 0.0000000000
57946  43.465  -27.474  14.322 0.0000000000
57046  43.000  -28.029  14.677 0.0000000000
57056  42.208  -27.958  13.677 0.0000000000
57895  47.938  -27.272  19.468 0.0000000000
57001  47.063  -28.475  18.719 0.0000000000
55171  47.208  -29.700  20.173 0.0000000000
56086  47.696  -29.203  19.862 0.0000000000
56111  45.240  -29.359  18.083 0.0000000000
57017  45.189  -28.837  17.549 0.0000000000
57027  44.846  -28.363  16.787 0.0000000000
56125  44.398  -29.066  17.083 0.0000000000
137391  42.624  -29.944  16.547 0.0000000000
56127  43.016  -29.448  16.313 0.0000000000
56137  41.946  -29.229  15.234 0.0000000000
56138  41.160  -29.692  14.983 0.0000000000
56149  40.750  -29.449  14.256 0.0000000000
55232  41.577  -29.982  15.682 0.0000000000
55214  40.655  -31.025  15.910 0.0000000000
55233  40.107  -30.980  15.231 0.0000000000
54314  40.112  -31.563  15.840 0.0000000000
54315  39.594  -31.897  15.482 0.0000000000
53369  42.503  -32.435  19.000 0.0000000000
53370  41.983  -32.349  18.468 0.0000000000
53379  41.418  -32.440  17.898 0.0000000000
52561  40.013  -33.929  15.895 0.0000000000
52543  40.394  -33.492  16.545 0.0000000000
52562  39.387  -33.508  15.346 0.0000000000
52469  50.097  -33.926  22.944 0.0000000000
52459  49.601  -33.295  23.263 0.0000000000
52460  48.589  -33.219  23.154 0.0000000000
52470  49.098  -33.941  22.451 0.0000000000
48008  47.217  -37.883  24.340 0.0000000000
48925  48.100  -37.872  25.215 0.0000000000
48933  48.048  -37.478  24.379 0.0000000000
48940  47.695  -37.330  23.637 0.0000000000
48034  45.203  -38.122  22.693 0.0000000000
48962  45.616  -37.659  21.541 0.0000000000
48961  47.627  -37.380  20.774 0.0000000000
124614  47.535  -37.224  21.786 0.0000000000
49866  48.139  -37.014  21.421 0.0000000000
49871  49.073  -36.027  22.074 0.0000000000
49872  48.423  -36.560  21.422 0.0000000000
50759  47.667  -36.263  20.023 0.0000000000
50743  48.165  -35.812  20.660 0.0000000000
50750  47.366  -35.528  20.202 0.0000000000
51603  47.384  -34.923  20.640 0.0000000000
51604  46.649  -34.959  20.210 0.0000000000
124628  45.895  -34.494  20.353 0.0000000000
49909  46.087  -36.984  17.686 0.0000000000
49910  45.030  -36.196  17.984 0.0000000000
50798  44.467  -36.143  17.538 0.0000000000
50799  43.684  -35.684  17.443 0.0000000000
49929  44.331  -36.451  16.853 0.0000000000
138672  45.000  -38.404  15.882 0.0000000000
48154  45.279  -38.102  15.764 0.0000000000
49061  44.974  -38.007  15.251 0.0000000000
49956  43.973  -37.800  14.186 0.0000000000
49946  44.513  -37.863  14.768 0.0000000000
117360  43.731  -37.145  14.874 0.0000000000
49938  43.230  -36.366  15.912 0.0000000000
49948  41.712  -36.254  14.819 0.0000000000
49981  42.622  -37.834  11.710 0.0000000000
48205  40.269  -38.578  12.277 0.0000000000
48243  38.816  -38.721  10.613 0.0000000000
47332  39.113  -39.145  10.082 0.0000000000
46385  39.126  -40.237  17.695 0.0000000000
125240  38.477  -40.054  16.695 0.0000000000
46414  37.094  -39.873  14.876 0.0000000000
47269  37.693  -39.731  15.392 0.0000000000
47291  36.557  -39.354  13.375 0.0000000000
45544  35.195  -41.449  13.707 0.0000000000
46416  35.769  -40.952  14.205 0.0000000000
46447  35.320  -40.066  11.542 0.0000000000
47300  35.765  -39.549  12.146 0.0000000000
40999  38.574  -46.433  23.447 0.0000000000
41000  37.838  -46.808  23.129 0.0000000000
41015  36.769  -46.850  22.069 0.0000000000
41038  36.572  -46.293  21.221 0.0000000000
139246  37.270  -45.781  20.958 0.0000000000
41058  36.021  -46.190  20.644 0.0000000000
40114  34.630  -47.514  20.050 0.0000000000
41089  33.996  -46.096  18.887 0.0000000000
41060  34.811  -46.633  19.820 0.0000000000
41078  34.708  -46.062  19.408 0.0000000000
42005  34.794  -45.476  18.808 0.0000000000
42016  34.911  -44.992  18.083 0.0000000000
137271  34.258  -45.397  18.367 0.0000000000
42902  32.322  -44.782  16.419 0.0000000000
42883  33.092  -44.764  16.913 0.0000000000
42916  32.693  -44.181  15.644 0.0000000000
124254  30.206  -49.545  18.027 0.0000000000
38273  29.932  -49.371  17.406 0.0000000000
39219  30.254  -48.599  16.229 0.0000000000
40160  30.598  -47.879  16.054 0.0000000000
40191  27.880  -47.778  13.417 0.0000000000
139090  28.590  -47.314  13.782 0.0000000000
40180  29.213  -47.102  14.289 0.0000000000
41116  29.827  -46.556  14.762 0.0000000000
41109  30.806  -46.948  16.025 0.0000000000
42028  31.050  -45.965  16.105 0.0000000000
124249  30.249  -45.687  14.976 0.0000000000
42964  29.700  -44.812  12.774 0.0000000000
119410  30.358  -44.658  14.078 0.0000000000
42945  30.885  -44.043  13.749 0.0000000000
65159  53.610  -19.316  7.327 0.0000000000
65181  54.190  -19.175  6.731 0.0000000000
65182  53.327  -19.260  6.433 0.0000000000
65211  53.147  -19.374  4.710 0.0000000000
138106  53.231  -19.424  3.494 0.0000000000
60734  46.933  -25.100  8.183 0.0000000000
34257  29.913  -52.843  33.559 0.0000000000
116257  29.331  -53.235  33.465 0.0000000000
40963  41.660  -46.304  26.694 0.0000000000
40962  42.368  -46.025  26.975 0.0000000000
41886  41.888  -45.523  25.192 0.0000000000
41897  42.122  -45.193  24.737 0.0000000000
41898  41.588  -45.393  24.379 0.0000000000
41912  41.344  -45.292  23.669 0.0000000000
41928  40.629  -45.345  22.631 0.0000000000
60723  50.110  -24.274  10.040 0.0000000000
60731  49.154  -24.334  9.018 0.0000000000
61628  48.091  -24.170  8.053 0.0000000000
35337  24.525  -52.416  23.638 0.0000000000
35323  24.769  -52.571  24.389 0.0000000000
34386  24.175  -52.910  24.760 0.0000000000
32454  21.967  -55.509  27.146 0.0000000000
30554  21.408  -57.873  25.831 0.0000000000
29473  21.504  -58.606  26.319 0.0000000000
35223  38.721  -52.731  30.811 0.0000000000
35222  39.435  -52.370  30.494 0.0000000000
35264  37.942  -53.358  28.210 0.0000000000
35290  28.266  -52.287  26.588 0.0000000000
35304  28.047  -52.084  25.867 0.0000000000
140073  27.784  -51.946  25.304 0.0000000000
36232  26.922  -51.809  24.361 0.0000000000
57966  41.678  -27.652  12.434 0.0000000000
57978  41.426  -27.513  11.527 0.0000000000
130581  40.331  -27.923  10.566 0.0000000000
57102  40.015  -28.154  9.344 0.0000000000
25403  21.339  -61.880  31.625 0.0000000000
121361  50.127  -24.848  19.484 0.0000000000
135036  49.200  -25.296  18.720 0.0000000000
54226  46.962  -30.950  22.370 0.0000000000
54227  45.914  -31.902  22.306 0.0000000000
53342  45.023  -32.499  21.675 0.0000000000
53349  44.466  -32.488  21.188 0.0000000000
52482  44.730  -33.231  21.338 0.0000000000
51605  45.028  -34.388  20.075 0.0000000000
47216  41.972  -39.229  20.176 0.0000000000
48079  42.656  -38.749  20.228 0.0000000000
48097  42.385  -38.703  19.451 0.0000000000
48124  42.674  -38.525  17.729 0.0000000000
48158  40.844  -38.600  15.146 0.0000000000
48142  40.440  -38.678  16.052 0.0000000000
47267  39.334  -38.990  15.863 0.0000000000
37262  33.307  -50.390  20.305 0.0000000000
38233  33.272  -49.998  19.865 0.0000000000
37279  32.824  -50.311  19.911 0.0000000000
38252  31.503  -49.618  18.448 0.0000000000
116765  55.814  -19.420  7.274 0.0000000000
116763  54.811  -19.238  6.160 0.0000000000
34346  28.172  -53.146  28.738 0.0000000000
34347  27.302  -53.132  28.398 0.0000000000
118841  26.835  -53.376  29.039 0.0000000000
116942  25.797  -53.365  31.104 0.0000000000
34313  24.193  -53.312  30.542 0.0000000000
35214  34.954  -52.893  32.172 0.0000000000
34304  34.661  -54.216  31.040 0.0000000000
34305  33.823  -54.230  31.275 0.0000000000
34289  30.561  -54.469  31.639 0.0000000000
34308  31.035  -54.429  31.158 0.0000000000
122813  30.457  -54.314  30.769 0.0000000000
34330  30.061  -53.936  30.039 0.0000000000
35239  29.663  -53.438  29.336 0.0000000000
34345  28.989  -53.230  29.047 0.0000000000
41852  44.289  -45.105  28.168 0.0000000000
42704  45.343  -44.002  28.378 0.0000000000
43663  45.779  -43.557  28.852 0.0000000000
45404  46.696  -41.306  27.217 0.0000000000
117735  42.347  -43.662  23.213 0.0000000000
44590  42.237  -42.836  22.737 0.0000000000
45441  42.131  -41.989  22.293 0.0000000000
45449  42.145  -41.158  21.890 0.0000000000
45462  41.115  -41.386  21.076 0.0000000000
45478  40.489  -41.061  20.279 0.0000000000
134645  39.964  -41.240  19.792 0.0000000000
45464  39.992  -41.841  20.173 0.0000000000
42001  38.459  -45.177  18.743 0.0000000000
42879  36.774  -44.856  17.377 0.0000000000
42880  36.023  -44.692  16.933 0.0000000000
42881  34.999  -44.618  17.090 0.0000000000
38255  27.303  -49.293  18.723 0.0000000000
39204  25.607  -48.867  16.940 0.0000000000
63270  53.162  -21.270  9.805 0.0000000000
64223  52.802  -20.870  9.023 0.0000000000
63280  52.010  -21.341  8.499 0.0000000000
63281  51.263  -21.505  7.889 0.0000000000
63307  47.999  -22.101  6.361 0.0000000000
63306  48.601  -21.854  6.423 0.0000000000
34428  21.862  -53.904  21.457 0.0000000000
34374  23.841  -53.100  26.436 0.0000000000
33447  22.156  -53.943  25.064 0.0000000000
31529  20.800  -56.392  24.433 0.0000000000
31540  20.491  -56.869  23.299 0.0000000000
37141  40.726  -50.871  29.423 0.0000000000
38077  41.120  -50.268  29.968 0.0000000000
140637  40.651  -49.869  28.285 0.0000000000
120628  40.523  -49.174  27.831 0.0000000000
37181  38.127  -50.761  25.018 0.0000000000
35319  36.723  -52.373  24.687 0.0000000000
36222  37.203  -52.165  24.533 0.0000000000
129046  35.413  -51.624  22.803 0.0000000000
136100  35.250  -51.351  22.181 0.0000000000
117962  34.185  -52.899  28.234 0.0000000000
36167  32.939  -52.117  26.962 0.0000000000
127792  29.882  -51.320  24.909 0.0000000000
36229  30.711  -51.271  24.937 0.0000000000
139241  30.817  -50.735  23.729 0.0000000000
136609  31.510  -50.768  23.663 0.0000000000
37249  28.939  -50.266  22.041 0.0000000000
129287  25.331  -51.296  21.701 0.0000000000
36313  24.006  -51.369  19.853 0.0000000000
36314  23.521  -51.705  19.365 0.0000000000
35390  23.090  -52.218  18.931 0.0000000000
58895  46.072  -26.161  9.958 0.0000000000
58896  45.278  -26.287  10.263 0.0000000000
58915  44.355  -26.400  9.156 0.0000000000
58024  41.970  -27.537  7.337 0.0000000000
122538  42.227  -28.628  6.028 0.0000000000
33375  23.954  -54.706  33.864 0.0000000000
28387  23.197  -60.180  31.606 0.0000000000
29428  23.250  -59.233  31.194 0.0000000000
126563  22.865  -58.440  30.433 0.0000000000
127944  22.164  -59.189  28.347 0.0000000000
28422  21.798  -59.428  27.678 0.0000000000
27399  21.499  -60.099  27.966 0.0000000000
64190  55.827  -20.434  11.760 0.0000000000
64176  56.668  -20.958  12.611 0.0000000000
63239  55.212  -21.926  12.940 0.0000000000
61547  56.015  -23.638  13.871 0.0000000000
61548  54.187  -23.760  13.726 0.0000000000
61564  52.873  -23.895  12.380 0.0000000000
60672  52.462  -24.573  12.845 0.0000000000
60663  51.842  -25.090  13.069 0.0000000000
59765  51.319  -25.737  14.422 0.0000000000
59766  50.536  -25.800  14.474 0.0000000000
59790  48.658  -25.586  12.762 0.0000000000
116769  48.834  -25.685  13.639 0.0000000000
59768  47.620  -25.999  14.421 0.0000000000
58838  45.562  -26.681  15.348 0.0000000000
58839  44.820  -26.934  15.006 0.0000000000
57937  44.319  -27.527  15.394 0.0000000000
57037  43.870  -28.182  15.742 0.0000000000
57876  48.850  -26.910  20.770 0.0000000000
57894  48.455  -26.907  20.123 0.0000000000
124946  47.940  -28.758  19.700 0.0000000000
55182  45.558  -30.384  19.634 0.0000000000
56088  46.057  -29.795  19.228 0.0000000000
55189  45.217  -30.130  18.952 0.0000000000
56099  44.867  -29.838  18.328 0.0000000000
56113  43.918  -29.684  17.318 0.0000000000
123959  41.911  -30.375  16.449 0.0000000000
54298  41.137  -31.174  16.608 0.0000000000
52527  41.223  -33.285  17.641 0.0000000000
51644  41.587  -34.126  17.364 0.0000000000
51664  40.650  -34.263  16.318 0.0000000000
51678  40.346  -34.720  15.641 0.0000000000
51585  50.495  -34.483  23.110 0.0000000000
47154  46.168  -39.214  25.071 0.0000000000
48000  46.872  -38.860  25.435 0.0000000000
48009  46.569  -38.533  24.694 0.0000000000
48022  46.303  -38.197  23.926 0.0000000000
48077  45.328  -38.068  19.827 0.0000000000
140530  46.361  -37.654  20.863 0.0000000000
48076  46.441  -38.108  19.615 0.0000000000
127318  47.526  -37.527  20.043 0.0000000000
48978  47.540  -37.407  19.783 0.0000000000
49892  47.466  -36.955  19.414 0.0000000000
50776  46.655  -36.452  18.924 0.0000000000
118761  46.531  -36.948  18.265 0.0000000000
48172  43.865  -38.359  14.237 0.0000000000
48171  44.409  -38.172  14.757 0.0000000000
49070  43.652  -38.086  13.520 0.0000000000
49967  43.188  -37.780  13.029 0.0000000000
136606  39.349  -38.471  11.913 0.0000000000
127855  38.209  -38.541  11.213 0.0000000000
46398  38.017  -40.589  16.657 0.0000000000
46410  37.047  -40.441  15.385 0.0000000000
46415  36.506  -40.470  14.690 0.0000000000
46431  34.642  -40.915  11.942 0.0000000000
40080  36.638  -47.781  22.450 0.0000000000
118780  36.215  -47.015  21.545 0.0000000000
40124  33.531  -47.089  19.056 0.0000000000
41090  33.216  -46.481  18.494 0.0000000000
42026  32.527  -45.379  17.173 0.0000000000
117710  31.461  -45.178  16.141 0.0000000000
116509  28.795  -48.921  16.499 0.0000000000
39200  29.688  -49.076  16.652 0.0000000000
39235  29.212  -48.263  15.192 0.0000000000
40203  28.022  -47.144  12.053 0.0000000000
40190  28.237  -47.158  12.931 0.0000000000
42049  29.340  -45.571  13.256 0.0000000000
42043  29.880  -45.506  14.212 0.0000000000
64260  51.951  -19.618  6.126 0.0000000000
118929  52.689  -19.371  5.874 0.0000000000
59861  44.965  -25.275  6.851 0.0000000000
60739  45.692  -24.928  7.235 0.0000000000
60745  44.664  -25.037  6.031 0.0000000000
34291  27.551  -53.971  31.948 0.0000000000
34275  26.487  -53.496  33.429 0.0000000000
34272  30.774  -53.874  32.714 0.0000000000
40937  43.121  -47.150  29.720 0.0000000000
40942  43.427  -46.437  29.173 0.0000000000
41864  43.607  -45.464  27.735 0.0000000000
41865  42.991  -45.764  27.315 0.0000000000
42728  44.002  -44.880  27.348 0.0000000000
119640  44.315  -44.426  27.016 0.0000000000
42743  44.210  -44.073  26.359 0.0000000000
43697  44.425  -43.356  26.000 0.0000000000
42773  42.219  -44.847  24.284 0.0000000000
43735  42.326  -44.345  23.748 0.0000000000
43777  40.408  -43.625  20.693 0.0000000000
42825  40.556  -44.435  21.105 0.0000000000
131275  39.697  -45.096  20.322 0.0000000000
41962  39.475  -45.347  20.664 0.0000000000
41983  39.202  -45.275  19.878 0.0000000000
41985  37.402  -45.461  19.489 0.0000000000
38258  24.802  -49.896  17.989 0.0000000000
37324  24.116  -50.217  16.708 0.0000000000
37338  23.740  -50.898  15.452 0.0000000000
36355  23.518  -51.762  15.150 0.0000000000
62444  51.511  -22.811  9.420 0.0000000000
62455  51.174  -22.556  8.753 0.0000000000
62445  50.891  -23.171  9.107 0.0000000000
62470  49.292  -22.698  7.552 0.0000000000
61626  49.533  -23.717  8.630 0.0000000000
61635  49.219  -23.381  8.071 0.0000000000
62478  48.423  -22.542  6.919 0.0000000000
35358  23.569  -52.313  21.377 0.0000000000
35349  23.240  -52.751  21.951 0.0000000000
34418  22.978  -53.068  22.486 0.0000000000
34420  21.896  -53.871  22.388 0.0000000000
33471  21.293  -54.461  21.969 0.0000000000
33426  22.410  -54.041  26.902 0.0000000000
33427  21.916  -54.778  26.404 0.0000000000
32474  21.530  -55.360  25.695 0.0000000000
30581  20.537  -57.560  23.578 0.0000000000
129538  20.612  -59.033  24.048 0.0000000000
36154  39.985  -51.954  30.168 0.0000000000
36153  40.434  -51.520  29.799 0.0000000000
36159  40.287  -51.463  28.854 0.0000000000
137752  39.991  -51.378  28.036 0.0000000000
36181  38.736  -51.846  26.393 0.0000000000
36182  38.102  -52.259  25.895 0.0000000000
35300  37.578  -52.658  25.913 0.0000000000
35318  37.215  -52.434  25.140 0.0000000000
35270  30.947  -52.397  27.690 0.0000000000
137870  30.312  -51.786  26.333 0.0000000000
36207  29.370  -51.613  25.518 0.0000000000
37199  28.941  -51.161  24.121 0.0000000000
37215  27.954  -51.028  23.225 0.0000000000
36275  27.160  -51.202  23.017 0.0000000000
36276  26.360  -51.353  22.791 0.0000000000
58880  43.512  -26.609  11.438 0.0000000000
58918  41.856  -27.056  9.473 0.0000000000
134764  41.679  -27.162  10.179 0.0000000000
119280  41.556  -27.427  8.013 0.0000000000
133633  41.279  -27.992  7.452 0.0000000000
27367  22.895  -60.857  32.092 0.0000000000
124211  21.890  -60.456  29.981 0.0000000000
27387  21.343  -60.614  29.290 0.0000000000
25419  20.101  -61.779  29.897 0.0000000000
59741  47.649  -26.094  16.602 0.0000000000
59728  47.051  -26.282  16.769 0.0000000000
55172  46.614  -30.294  20.638 0.0000000000
55156  46.774  -30.568  21.494 0.0000000000
54272  44.078  -31.102  19.248 0.0000000000
54274  42.621  -31.618  18.477 0.0000000000
54259  43.514  -31.755  19.637 0.0000000000
53358  42.975  -32.506  19.573 0.0000000000
52502  42.568  -33.087  19.275 0.0000000000
52501  43.259  -33.389  19.809 0.0000000000
52513  42.275  -33.422  18.686 0.0000000000
51629  42.670  -34.188  18.336 0.0000000000
50800  42.823  -35.266  17.254 0.0000000000
49850  50.261  -36.254  24.981 0.0000000000
47181  43.857  -39.422  22.606 0.0000000000
48035  44.417  -38.764  22.642 0.0000000000
48036  43.909  -38.690  22.006 0.0000000000
125830  44.123  -38.171  21.382 0.0000000000
117484  44.135  -38.035  20.588 0.0000000000
48095  45.443  -38.470  18.726 0.0000000000
48108  46.257  -38.399  18.057 0.0000000000
48121  45.915  -38.355  17.204 0.0000000000
48138  44.150  -38.572  15.816 0.0000000000
123355  43.435  -38.589  16.793 0.0000000000
48156  43.506  -38.540  14.610 0.0000000000
48174  42.824  -38.750  13.405 0.0000000000
119031  41.810  -38.730  13.485 0.0000000000
48191  40.647  -38.614  13.714 0.0000000000
48194  37.819  -38.604  13.263 0.0000000000
45529  36.446  -41.917  15.456 0.0000000000
45530  35.998  -42.228  14.907 0.0000000000
45538  35.550  -42.008  14.380 0.0000000000
45545  34.660  -41.949  13.338 0.0000000000
45559  34.049  -41.752  11.748 0.0000000000
39147  35.496  -49.316  21.430 0.0000000000
39148  34.962  -49.375  20.819 0.0000000000
39167  34.200  -48.563  19.907 0.0000000000
119291  33.239  -49.434  19.515 0.0000000000
39168  33.559  -48.717  19.470 0.0000000000
39181  33.196  -48.067  19.054 0.0000000000
40137  32.324  -47.570  18.026 0.0000000000
40148  31.723  -47.642  17.384 0.0000000000
39269  26.662  -48.632  13.554 0.0000000000
39252  27.349  -48.228  13.920 0.0000000000
39304  27.453  -48.619  11.412 0.0000000000
40216  27.659  -47.828  11.738 0.0000000000
116762  56.380  -19.454  5.038 0.0000000000
65198  56.374  -19.437  5.979 0.0000000000
116944  56.019  -19.523  4.244 0.0000000000
65222  55.315  -19.506  3.853 0.0000000000
117128  53.606  -19.393  2.975 0.0000000000
65228  49.364  -19.553  3.287 0.0000000000
34360  25.261  -53.002  26.925 0.0000000000
34359  26.573  -53.076  27.832 0.0000000000
127907  24.012  -52.982  27.736 0.0000000000
34332  27.072  -53.663  29.914 0.0000000000
34350  24.156  -53.029  28.419 0.0000000000
34352  22.926  -53.684  28.313 0.0000000000
33409  22.519  -54.281  28.530 0.0000000000
35212  36.647  -52.975  31.669 0.0000000000
34323  36.589  -53.934  29.637 0.0000000000
137013  35.052  -53.736  29.417 0.0000000000
34325  34.065  -53.545  29.305 0.0000000000
34306  32.419  -54.286  30.833 0.0000000000
34328  31.809  -53.887  30.079 0.0000000000
35252  31.491  -52.781  28.460 0.0000000000
116829  30.098  -52.459  27.698 0.0000000000
56176  39.893  -28.918  12.604 0.0000000000
57083  39.488  -28.797  11.645 0.0000000000
56177  39.160  -29.425  12.221 0.0000000000
56196  38.495  -29.588  10.524 0.0000000000
129134  38.332  -29.906  9.946 0.0000000000
58774  49.575  -25.263  21.677 0.0000000000
56952  49.625  -27.828  21.661 0.0000000000
56951  50.192  -27.448  22.503 0.0000000000
55138  48.617  -30.139  23.261 0.0000000000
56028  49.665  -29.521  23.630 0.0000000000
53321  47.131  -32.270  23.238 0.0000000000
53332  47.214  -33.000  22.986 0.0000000000
47142  46.562  -39.547  25.775 0.0000000000
47155  45.514  -39.660  24.746 0.0000000000
47167  44.549  -39.743  23.685 0.0000000000
44559  44.372  -42.175  25.289 0.0000000000
45423  44.222  -41.514  24.683 0.0000000000
45424  43.629  -41.630  24.048 0.0000000000
46316  44.195  -40.696  24.005 0.0000000000
47168  43.925  -40.065  23.236 0.0000000000
136645  44.308  -39.387  23.110 0.0000000000
46336  42.921  -40.004  21.918 0.0000000000
46347  41.751  -39.972  20.800 0.0000000000
47227  40.477  -39.510  18.530 0.0000000000
47240  39.629  -39.509  17.407 0.0000000000
47228  39.772  -39.852  18.152 0.0000000000
45520  38.047  -41.244  17.202 0.0000000000
127463  37.286  -42.222  16.600 0.0000000000
43778  39.870  -43.611  20.074 0.0000000000
43788  39.445  -43.591  19.404 0.0000000000
43799  39.041  -43.601  18.753 0.0000000000
42859  38.700  -44.560  18.517 0.0000000000
43800  38.536  -43.579  18.201 0.0000000000
44663  37.855  -42.763  17.412 0.0000000000
44664  37.438  -42.879  16.839 0.0000000000
44676  36.521  -42.819  15.768 0.0000000000
43831  36.059  -43.571  15.487 0.0000000000
43832  35.465  -43.945  15.296 0.0000000000
38221  30.437  -49.687  19.982 0.0000000000
38254  29.470  -49.421  18.227 0.0000000000
39185  27.871  -49.075  17.880 0.0000000000
127949  28.151  -48.929  17.066 0.0000000000
39221  27.883  -48.683  16.407 0.0000000000
39253  26.606  -48.480  14.486 0.0000000000
38289  24.979  -49.140  16.666 0.0000000000
39224  25.393  -48.806  16.323 0.0000000000
38301  24.667  -49.545  15.363 0.0000000000
123944  25.184  -48.982  15.316 0.0000000000
39239  25.601  -48.679  15.732 0.0000000000
65124  54.944  -19.569  9.329 0.0000000000
65141  54.668  -19.417  8.444 0.0000000000
65142  53.831  -19.491  8.168 0.0000000000
65160  52.858  -19.454  7.132 0.0000000000
134699  52.513  -19.928  7.535 0.0000000000
65204  51.031  -19.716  5.063 0.0000000000
64261  50.153  -21.240  6.830 0.0000000000
63305  49.338  -21.466  6.462 0.0000000000
64262  49.836  -20.774  6.101 0.0000000000
116331  49.549  -20.444  5.293 0.0000000000
34387  23.496  -53.210  25.068 0.0000000000
116507  22.603  -53.482  23.792 0.0000000000
33438  22.280  -53.987  25.968 0.0000000000
32487  21.006  -55.333  24.285 0.0000000000
32511  20.819  -55.129  22.413 0.0000000000
130618  41.486  -49.575  30.389 0.0000000000
39987  42.743  -47.831  30.788 0.0000000000
39993  42.817  -47.820  30.168 0.0000000000
125422  42.666  -47.576  29.480 0.0000000000
40005  40.836  -47.730  27.563 0.0000000000
40012  41.148  -47.015  27.274 0.0000000000
40964  40.823  -46.615  26.428 0.0000000000
40986  39.598  -46.358  24.471 0.0000000000
39096  38.420  -48.616  24.724 0.0000000000
39118  38.061  -48.230  24.220 0.0000000000
39119  37.507  -48.432  23.682 0.0000000000
39120  36.864  -49.140  23.175 0.0000000000
38194  36.339  -49.932  22.560 0.0000000000
37170  38.759  -50.941  25.861 0.0000000000
37195  37.543  -51.094  24.324 0.0000000000
36247  37.173  -51.711  23.972 0.0000000000
38204  35.744  -50.171  21.835 0.0000000000
37228  34.661  -51.154  21.804 0.0000000000
37261  33.928  -50.550  20.758 0.0000000000
37263  32.697  -50.443  20.315 0.0000000000
37264  31.913  -50.273  20.483 0.0000000000
35247  36.083  -53.263  27.876 0.0000000000
35265  35.453  -52.759  27.199 0.0000000000
36202  34.145  -51.732  25.051 0.0000000000
36185  32.459  -51.756  26.350 0.0000000000
134818  31.733  -51.394  25.335 0.0000000000
36204  32.747  -51.589  25.682 0.0000000000
36203  33.448  -51.688  25.586 0.0000000000
36226  33.694  -51.477  24.133 0.0000000000
37211  32.964  -50.904  22.939 0.0000000000
121246  31.988  -50.407  21.925 0.0000000000
120333  28.999  -49.511  20.037 0.0000000000
38238  28.298  -49.506  19.887 0.0000000000
38223  28.579  -49.749  20.726 0.0000000000
38239  27.470  -49.549  19.645 0.0000000000
121241  26.618  -49.638  19.380 0.0000000000
37235  27.669  -50.773  22.493 0.0000000000
122616  27.394  -50.512  21.756 0.0000000000
37266  26.376  -50.367  20.734 0.0000000000
37251  25.872  -50.822  21.235 0.0000000000
38240  26.099  -50.065  19.942 0.0000000000
37295  25.049  -50.117  18.861 0.0000000000
36323  23.365  -51.437  17.682 0.0000000000
118956  23.448  -51.548  18.534 0.0000000000
36334  23.013  -51.991  17.282 0.0000000000
59834  48.134  -25.338  9.809 0.0000000000
59835  47.521  -25.572  9.626 0.0000000000
59847  46.504  -25.681  8.600 0.0000000000
59837  45.978  -26.172  9.039 0.0000000000
59848  45.721  -25.868  8.318 0.0000000000
59855  45.358  -25.572  7.619 0.0000000000
123397  43.757  -26.460  9.955 0.0000000000
58932  43.761  -26.433  8.348 0.0000000000
58946  42.658  -27.068  7.394 0.0000000000
58955  43.146  -26.946  6.728 0.0000000000
58945  43.409  -26.604  7.525 0.0000000000
58954  43.513  -26.758  6.133 0.0000000000
57103  39.437  -28.679  9.296 0.0000000000
56215  39.909  -28.963  8.044 0.0000000000
56230  40.276  -29.548  7.580 0.0000000000
34245  28.007  -52.528  34.041 0.0000000000
34276  25.555  -53.535  32.965 0.0000000000
34248  25.798  -53.404  34.842 0.0000000000
34277  24.708  -53.624  32.538 0.0000000000
33397  23.168  -54.100  31.009 0.0000000000
123103  22.246  -55.960  29.158 0.0000000000
31474  22.316  -56.807  28.628 0.0000000000
30496  22.619  -57.488  30.492 0.0000000000
31464  22.394  -56.580  30.561 0.0000000000
30502  22.418  -56.981  29.575 0.0000000000
28443  21.245  -59.225  26.046 0.0000000000
26430  20.302  -60.939  27.071 0.0000000000
136452  56.430  -19.835  9.394 0.0000000000
65123  55.698  -19.596  9.627 0.0000000000
64221  54.351  -20.153  9.824 0.0000000000
64207  53.862  -20.873  10.225 0.0000000000
63260  52.788  -21.959  10.191 0.0000000000
63225  56.579  -22.128  14.196 0.0000000000
62419  54.394  -22.276  12.285 0.0000000000
62432  51.877  -23.103  10.119 0.0000000000
61603  50.837  -24.003  10.271 0.0000000000
61585  51.847  -24.000  11.261 0.0000000000
60704  51.170  -24.309  10.973 0.0000000000
60706  49.639  -24.858  10.593 0.0000000000
59818  49.040  -25.242  10.714 0.0000000000
118459  53.611  -25.035  15.148 0.0000000000
59788  51.109  -25.330  12.897 0.0000000000
59803  49.368  -25.323  11.342 0.0000000000
59804  48.609  -25.476  11.103 0.0000000000
59820  47.104  -25.828  11.023 0.0000000000
59791  47.864  -25.644  12.363 0.0000000000
58877  46.261  -25.996  11.517 0.0000000000
58878  45.296  -26.239  11.566 0.0000000000
120361  44.979  -26.315  12.201 0.0000000000
59755  48.392  -26.047  15.041 0.0000000000
59769  46.796  -26.148  14.467 0.0000000000
58866  45.167  -26.310  12.880 0.0000000000
58867  44.442  -26.508  12.586 0.0000000000
57964  43.156  -27.061  12.835 0.0000000000
57954  43.321  -27.252  13.579 0.0000000000
57955  42.673  -27.497  13.310 0.0000000000
57956  42.108  -27.708  13.075 0.0000000000
57057  41.515  -28.160  13.251 0.0000000000
56160  41.070  -28.785  13.789 0.0000000000
58804  47.804  -26.517  19.015 0.0000000000
58805  47.117  -26.972  18.152 0.0000000000
124760  46.411  -27.620  17.602 0.0000000000
56985  47.335  -28.978  19.290 0.0000000000
56097  46.496  -29.164  18.818 0.0000000000
57002  46.451  -28.497  18.201 0.0000000000
57918  45.610  -28.031  17.123 0.0000000000
56126  43.702  -29.282  16.675 0.0000000000
56135  43.439  -28.840  16.047 0.0000000000
56147  42.525  -28.583  15.007 0.0000000000
137573  41.998  -28.701  14.635 0.0000000000
56161  40.357  -29.199  13.471 0.0000000000
55271  40.045  -29.876  13.958 0.0000000000
127075  40.888  -30.393  15.409 0.0000000000
55251  39.727  -30.614  14.399 0.0000000000
54275  41.907  -31.665  17.901 0.0000000000
54286  41.246  -31.778  17.376 0.0000000000
54287  40.689  -31.949  16.964 0.0000000000
52528  40.681  -33.169  17.109 0.0000000000
53391  40.351  -32.628  16.687 0.0000000000
53412  39.899  -32.280  16.093 0.0000000000
53413  39.524  -32.683  15.634 0.0000000000
54213  49.619  -31.691  24.303 0.0000000000
53319  48.802  -32.370  23.786 0.0000000000
52461  47.819  -32.740  23.363 0.0000000000
127166  46.938  -33.389  22.425 0.0000000000
49851  49.357  -36.638  24.400 0.0000000000
48942  46.012  -37.834  23.138 0.0000000000
48951  46.719  -37.432  22.514 0.0000000000
124284  46.731  -37.506  21.401 0.0000000000
48950  47.497  -37.183  22.753 0.0000000000
48949  48.201  -36.842  23.015 0.0000000000
49858  48.987  -36.486  23.387 0.0000000000
49864  49.401  -35.996  22.935 0.0000000000
135734  49.627  -35.572  22.656 0.0000000000
50741  49.314  -35.326  22.079 0.0000000000
49879  48.289  -36.534  20.833 0.0000000000
51594  48.636  -35.177  21.427 0.0000000000
51586  49.034  -34.674  21.964 0.0000000000
52479  48.278  -34.350  21.710 0.0000000000
135437  47.479  -33.888  21.885 0.0000000000
52480  46.718  -33.814  21.692 0.0000000000
50761  46.028  -35.649  19.213 0.0000000000
50762  45.170  -35.125  19.214 0.0000000000
51627  44.310  -34.870  18.874 0.0000000000
50779  44.109  -35.424  18.162 0.0000000000
50813  42.542  -35.554  16.573 0.0000000000
136089  45.766  -38.049  16.495 0.0000000000
49936  45.663  -37.756  16.340 0.0000000000
118487  45.097  -37.356  15.979 0.0000000000
49047  44.995  -37.796  15.357 0.0000000000
49937  44.085  -36.627  16.199 0.0000000000
50821  42.292  -35.791  15.988 0.0000000000
50822  41.646  -35.656  15.657 0.0000000000
49968  42.310  -37.306  12.706 0.0000000000
48242  40.294  -38.703  10.645 0.0000000000
47268  38.516  -39.315  15.641 0.0000000000
47255  38.141  -39.921  16.157 0.0000000000
47281  38.231  -39.056  14.874 0.0000000000
48195  37.025  -38.764  12.906 0.0000000000
46422  36.149  -40.090  13.824 0.0000000000
41013  38.393  -46.116  22.676 0.0000000000
41986  36.390  -45.480  19.537 0.0000000000
39156  35.344  -48.485  21.063 0.0000000000
41059  35.329  -46.634  20.332 0.0000000000
41965  35.816  -45.822  20.064 0.0000000000
126938  36.170  -45.281  18.912 0.0000000000
42004  35.609  -45.177  18.518 0.0000000000
42882  33.895  -44.623  17.021 0.0000000000
43835  33.104  -43.779  14.970 0.0000000000
43843  32.685  -43.564  14.272 0.0000000000
38253  30.802  -49.622  18.244 0.0000000000
38271  31.226  -49.223  17.775 0.0000000000
39199  30.485  -49.045  16.874 0.0000000000
122697  31.001  -48.978  17.187 0.0000000000
136054  31.336  -48.072  16.998 0.0000000000
40181  28.117  -47.964  14.198 0.0000000000
40170  29.580  -47.604  14.924 0.0000000000
41108  31.276  -46.591  16.522 0.0000000000
42932  30.423  -45.026  14.755 0.0000000000
42931  31.695  -43.732  14.137 0.0000000000
43857  31.456  -43.593  13.270 0.0000000000
65201  53.315  -19.291  5.520 0.0000000000
116930  53.900  -19.313  4.968 0.0000000000
116759  53.683  -19.452  3.977 0.0000000000
65242  49.139  -19.314  2.443 0.0000000000
60726  48.006  -25.213  9.126 0.0000000000
60733  47.676  -24.848  8.459 0.0000000000
60737  47.308  -24.414  7.798 0.0000000000
60743  46.027  -24.236  6.867 0.0000000000
35215  34.121  -53.157  32.227 0.0000000000
35245  39.513  -52.647  28.848 0.0000000000
36347  23.020  -52.035  16.499 0.0000000000
40058  37.511  -47.563  23.308 0.0000000000
40101  35.764  -47.641  21.347 0.0000000000
48126  40.818  -38.880  17.504 0.0000000000
48139  43.159  -38.586  16.129 0.0000000000
48155  44.146  -38.418  14.914 0.0000000000
48980  45.958  -37.821  20.483 0.0000000000
51643  42.363  -34.525  17.646 0.0000000000
52489  44.459  -33.647  20.706 0.0000000000
52514  41.709  -33.041  18.359 0.0000000000
54273  43.506  -31.205  18.754 0.0000000000
56189  38.787  -29.373  11.327 0.0000000000
56217  39.031  -29.993  8.708 0.0000000000
57047  42.384  -28.241  14.335 0.0000000000
57092  39.722  -28.284  10.072 0.0000000000
57977  42.205  -27.209  11.821 0.0000000000
57979  40.665  -27.865  11.303 0.0000000000
58011  40.816  -27.839  8.195 0.0000000000
58029  42.476  -27.516  6.685 0.0000000000
58898  43.249  -26.582  10.598 0.0000000000
58947  42.203  -27.127  7.909 0.0000000000
65224  52.778  -19.356  3.165 0.0000000000
116945  57.225  -19.493  6.361 0.0000000000
119447  46.006  -33.688  21.505 0.0000000000
125287  47.395  -34.367  21.277 0.0000000000
133286  37.674  -53.548  30.649 0.0000000000
136201  52.746  -19.382  5.225 0.0000000000
136620  44.563  -42.715  25.785 0.0000000000
140823  42.678  -26.726  8.835 0.0000000000
