#!ascii label  , from subject sub-v2s9x29172_ses-1 vox2ras=TkReg
235
76987  24.032  -6.944  -45.300 0.0000000000
70240  22.611  -14.814  -39.970 0.0000000000
81112  22.606  -1.692  -45.515 0.0000000000
88139  20.568  7.594  -46.582 0.0000000000
68395  20.940  -16.196  -40.366 0.0000000000
82756  24.090  0.425  -48.130 0.0000000000
84340  22.961  2.873  -48.828 0.0000000000
75312  22.348  -8.255  -44.449 0.0000000000
73631  22.812  -11.208  -42.824 0.0000000000
75293  24.346  -8.189  -42.184 0.0000000000
78686  25.792  -4.651  -45.081 0.0000000000
76960  24.732  -6.262  -42.038 0.0000000000
79506  23.407  -4.243  -45.666 0.0000000000
80322  25.782  -2.500  -47.020 0.0000000000
137021  21.627  5.073  -44.721 0.0000000000
86671  21.846  5.451  -49.276 0.0000000000
71933  23.532  -12.600  -39.848 0.0000000000
119711  22.907  1.992  -46.978 0.0000000000
136159  22.140  3.148  -46.952 0.0000000000
76157  23.139  -7.968  -44.704 0.0000000000
75300  23.752  -8.718  -44.074 0.0000000000
76145  24.281  -7.466  -43.812 0.0000000000
69358  21.373  -15.516  -40.692 0.0000000000
80318  23.108  -2.475  -45.757 0.0000000000
120217  24.738  -3.371  -46.562 0.0000000000
80324  24.217  -1.680  -47.020 0.0000000000
83505  24.608  1.716  -48.246 0.0000000000
83520  24.854  0.781  -47.613 0.0000000000
88847  20.877  7.684  -44.304 0.0000000000
115917  21.311  5.649  -43.779 0.0000000000
137968  21.243  6.424  -45.154 0.0000000000
89518  19.909  9.146  -49.988 0.0000000000
88873  21.289  8.028  -49.416 0.0000000000
87442  21.094  5.944  -49.900 0.0000000000
88151  21.844  6.345  -49.459 0.0000000000
87436  22.183  5.733  -49.142 0.0000000000
73616  23.597  -10.711  -40.853 0.0000000000
72814  23.210  -11.379  -41.063 0.0000000000
68387  19.708  -17.411  -40.367 0.0000000000
81923  23.627  -0.882  -46.828 0.0000000000
82739  23.647  0.493  -47.657 0.0000000000
83535  23.774  1.959  -48.898 0.0000000000
85164  23.911  2.971  -49.023 0.0000000000
73641  21.912  -11.058  -43.726 0.0000000000
74475  23.070  -10.232  -43.888 0.0000000000
129860  23.610  -9.741  -43.158 0.0000000000
74464  24.134  -9.291  -41.480 0.0000000000
135020  24.643  -5.826  -45.277 0.0000000000
76977  24.366  -6.629  -43.980 0.0000000000
77820  25.101  -5.234  -43.399 0.0000000000
77837  22.800  -6.064  -45.104 0.0000000000
78688  22.813  -4.757  -45.290 0.0000000000
77848  24.039  -5.745  -45.667 0.0000000000
78700  25.040  -4.886  -46.001 0.0000000000
79503  26.115  -3.807  -46.263 0.0000000000
80315  26.744  -2.467  -46.033 0.0000000000
81948  25.182  -0.947  -47.250 0.0000000000
81940  25.945  -1.002  -46.604 0.0000000000
85901  21.613  4.525  -45.318 0.0000000000
88146  19.903  7.112  -48.280 0.0000000000
87431  20.772  5.985  -47.410 0.0000000000
86667  21.012  5.225  -48.633 0.0000000000
85917  21.915  3.907  -47.619 0.0000000000
85927  22.356  4.741  -48.769 0.0000000000
85921  23.298  4.260  -48.671 0.0000000000
71113  21.871  -13.934  -41.076 0.0000000000
72825  22.260  -11.762  -42.727 0.0000000000
76125  24.532  -7.216  -41.860 0.0000000000
75272  24.469  -8.646  -40.793 0.0000000000
84307  22.473  2.520  -46.692 0.0000000000
85127  21.889  3.250  -45.665 0.0000000000
76156  23.776  -7.466  -44.949 0.0000000000
76146  23.845  -7.996  -44.440 0.0000000000
76978  24.092  -7.303  -44.803 0.0000000000
128418  19.664  -18.052  -39.838 0.0000000000
138788  22.007  -15.278  -40.185 0.0000000000
80317  24.029  -2.526  -46.451 0.0000000000
81111  23.438  -1.711  -46.156 0.0000000000
84318  24.755  2.442  -47.100 0.0000000000
88133  20.808  7.842  -45.160 0.0000000000
88126  20.941  7.169  -44.055 0.0000000000
87422  21.241  6.286  -44.316 0.0000000000
88138  20.964  6.854  -45.965 0.0000000000
126731  21.521  7.074  -49.486 0.0000000000
140738  22.320  7.119  -48.670 0.0000000000
73602  24.081  -10.316  -40.120 0.0000000000
73603  23.619  -11.158  -40.203 0.0000000000
69369  21.090  -15.071  -41.268 0.0000000000
82740  23.142  0.538  -46.559 0.0000000000
84332  23.155  2.506  -48.674 0.0000000000
83507  23.279  1.907  -48.185 0.0000000000
84331  23.339  2.412  -48.922 0.0000000000
84339  23.722  2.498  -49.024 0.0000000000
85165  23.313  2.931  -48.989 0.0000000000
140164  20.497  9.044  -45.543 0.0000000000
74483  22.566  -9.689  -44.313 0.0000000000
75294  24.207  -8.563  -43.159 0.0000000000
139132  23.853  -9.154  -43.399 0.0000000000
75284  24.041  -9.071  -42.443 0.0000000000
74465  23.679  -9.877  -42.167 0.0000000000
68386  20.524  -16.858  -40.113 0.0000000000
78679  25.113  -5.223  -44.599 0.0000000000
78678  25.630  -4.541  -43.861 0.0000000000
76989  22.149  -6.517  -44.642 0.0000000000
77849  23.258  -5.561  -45.406 0.0000000000
78701  24.292  -5.027  -45.790 0.0000000000
77847  24.596  -5.520  -45.631 0.0000000000
79505  24.510  -4.251  -46.151 0.0000000000
80316  25.621  -3.260  -46.736 0.0000000000
79502  26.380  -3.029  -46.602 0.0000000000
80321  26.357  -2.337  -46.696 0.0000000000
81941  23.987  -0.147  -47.725 0.0000000000
136722  24.232  -0.906  -47.337 0.0000000000
81949  24.409  -0.409  -47.518 0.0000000000
82738  25.239  -0.048  -47.117 0.0000000000
81922  26.353  -0.893  -45.710 0.0000000000
86649  21.604  5.323  -44.055 0.0000000000
116037  20.965  4.927  -43.085 0.0000000000
116179  21.805  4.691  -43.401 0.0000000000
116085  21.870  4.427  -43.931 0.0000000000
88874  20.241  8.069  -49.992 0.0000000000
89519  19.317  8.940  -50.196 0.0000000000
88152  19.729  7.285  -49.534 0.0000000000
126484  20.173  6.476  -49.328 0.0000000000
86672  21.202  5.666  -49.610 0.0000000000
85923  21.682  5.078  -49.060 0.0000000000
85918  21.548  4.630  -48.147 0.0000000000
85922  22.179  4.283  -48.643 0.0000000000
87435  23.215  5.797  -48.183 0.0000000000
86666  22.656  4.949  -48.843 0.0000000000
130524  23.390  4.951  -48.362 0.0000000000
85916  23.875  4.500  -47.950 0.0000000000
71126  21.226  -13.696  -41.674 0.0000000000
73640  22.662  -10.871  -43.595 0.0000000000
138460  22.310  -11.344  -43.305 0.0000000000
72805  23.264  -11.930  -40.353 0.0000000000
72806  22.786  -12.125  -41.178 0.0000000000
71949  22.898  -12.669  -40.508 0.0000000000
71112  22.432  -13.323  -40.720 0.0000000000
77821  24.719  -6.001  -43.085 0.0000000000
76970  24.609  -6.935  -42.951 0.0000000000
83494  22.734  1.253  -46.210 0.0000000000
137509  22.308  2.017  -45.831 0.0000000000
84319  22.825  2.638  -47.786 0.0000000000
140158  22.932  2.852  -48.640 0.0000000000
75301  23.004  -8.864  -44.502 0.0000000000
138733  23.442  -8.405  -44.494 0.0000000000
76137  24.168  -8.159  -43.717 0.0000000000
69350  21.720  -15.846  -39.892 0.0000000000
67433  21.330  -16.646  -39.504 0.0000000000
68385  22.297  -16.154  -39.209 0.0000000000
79492  26.305  -4.023  -45.432 0.0000000000
119325  22.705  -3.256  -45.475 0.0000000000
121367  23.749  -3.363  -46.017 0.0000000000
80323  24.960  -2.422  -47.106 0.0000000000
83521  24.311  0.966  -48.322 0.0000000000
82755  24.548  0.148  -47.676 0.0000000000
83504  25.011  1.533  -46.880 0.0000000000
87427  21.218  5.960  -45.996 0.0000000000
88159  20.622  7.179  -49.900 0.0000000000
134513  20.429  6.769  -49.770 0.0000000000
88158  21.050  6.297  -49.915 0.0000000000
87441  21.423  5.855  -49.689 0.0000000000
88150  22.721  6.553  -48.436 0.0000000000
73630  23.285  -10.745  -41.849 0.0000000000
72815  22.769  -11.628  -41.974 0.0000000000
68396  20.156  -16.565  -40.713 0.0000000000
69359  20.522  -15.786  -41.087 0.0000000000
70241  21.839  -14.758  -40.760 0.0000000000
126511  22.967  -1.088  -45.906 0.0000000000
81924  22.857  -0.305  -45.988 0.0000000000
81942  23.483  -0.098  -46.996 0.0000000000
82757  23.925  0.626  -48.252 0.0000000000
121766  23.317  1.228  -47.365 0.0000000000
83506  23.675  1.195  -48.354 0.0000000000
82763  23.898  1.240  -48.550 0.0000000000
131137  24.131  1.626  -48.695 0.0000000000
85152  24.404  2.879  -48.266 0.0000000000
88856  20.776  8.390  -44.228 0.0000000000
88861  20.506  8.482  -45.948 0.0000000000
73652  22.227  -10.446  -44.110 0.0000000000
74482  23.391  -9.471  -44.028 0.0000000000
73639  23.264  -10.506  -42.995 0.0000000000
74453  23.880  -10.056  -41.185 0.0000000000
76986  24.302  -6.620  -45.097 0.0000000000
77829  24.594  -5.879  -44.196 0.0000000000
77807  25.220  -5.363  -42.169 0.0000000000
76158  22.310  -7.446  -44.512 0.0000000000
76988  23.240  -7.028  -45.029 0.0000000000
77836  23.715  -6.355  -45.448 0.0000000000
77835  24.266  -6.246  -45.474 0.0000000000
78687  25.155  -5.126  -45.559 0.0000000000
78699  25.702  -4.532  -45.906 0.0000000000
79504  25.373  -4.118  -46.361 0.0000000000
79491  26.670  -3.268  -45.750 0.0000000000
81121  24.754  -1.404  -47.283 0.0000000000
81120  25.318  -1.874  -47.232 0.0000000000
81119  25.884  -1.777  -46.988 0.0000000000
81110  26.462  -1.689  -46.293 0.0000000000
85900  21.607  3.814  -44.996 0.0000000000
88865  19.939  8.194  -47.338 0.0000000000
88868  19.284  7.928  -48.891 0.0000000000
88145  20.600  6.817  -47.210 0.0000000000
87437  20.594  5.853  -49.054 0.0000000000
86661  21.224  5.220  -47.072 0.0000000000
85910  21.550  4.519  -46.689 0.0000000000
85909  21.833  3.878  -46.199 0.0000000000
85153  22.613  3.356  -48.372 0.0000000000
85166  22.830  3.651  -48.765 0.0000000000
85926  22.876  4.169  -48.770 0.0000000000
85925  23.332  3.551  -48.864 0.0000000000
85920  23.894  3.663  -48.541 0.0000000000
70257  21.370  -14.422  -41.329 0.0000000000
71981  21.544  -12.147  -42.615 0.0000000000
71963  22.191  -12.395  -41.966 0.0000000000
71125  21.890  -13.166  -41.462 0.0000000000
76136  24.468  -7.783  -42.957 0.0000000000
128793  24.502  -7.958  -41.284 0.0000000000
75283  24.298  -8.624  -41.632 0.0000000000
78702  23.574  -5.065  -45.577 0.0000000000
81925  22.317  -0.933  -45.260 0.0000000000
83522  23.541  1.892  -48.710 0.0000000000
84330  24.131  2.267  -48.878 0.0000000000
85113  21.883  3.556  -43.938 0.0000000000
86654  21.482  5.229  -45.755 0.0000000000
86668  20.784  6.116  -49.801 0.0000000000
88875  19.484  8.524  -50.017 0.0000000000
115776  21.100  4.150  -43.044 0.0000000000
115780  21.456  5.183  -43.351 0.0000000000
117744  20.689  8.765  -44.915 0.0000000000
123923  22.157  2.731  -46.004 0.0000000000
124613  19.901  8.699  -50.044 0.0000000000
128420  21.432  5.757  -44.973 0.0000000000
132654  21.763  5.018  -43.670 0.0000000000
139597  25.581  -0.536  -46.808 0.0000000000
