#Insight Transform File V1.0
#Transform 0
Transform: AffineTransform_float_3_3
Parameters: 1 3.5506e-08 8.2e-05 3.5506e-08 1 -0.000433 -8.2e-05 0.000433 1 -0.0510512 -0.051193 0.0892926
FixedParameters: 0 0 0

#Transform 1
Transform: AffineTransform_float_3_3
Parameters: 1 0.000151077 -0.00029096 -0.000150923 1 0.000265044 0.00029104 -0.000264956 1 0.0321319 0.0103972 -0.11637
FixedParameters: 0 0 0

#Transform 2
Transform: AffineTransform_float_3_3
Parameters: 1 2.2345e-08 -0.000545 2.2345e-08 1 4.1e-05 0.000545 -4.1e-05 1 0.032748 0.0379316 -0.210407
FixedParameters: 0 0 0

#Transform 3
Transform: AffineTransform_float_3_3
Parameters: 1 1.44485e-07 -0.000407 1.44485e-07 1 0.000355 0.000407 -0.000355 1 0.0446527 0.0403651 -0.259767
FixedParameters: 0 0 0

#Transform 4
Transform: AffineTransform_float_3_3
Parameters: 0.999999 -1.87128e-07 -0.000903999 -1.87128e-07 1 -0.000207 0.000903999 0.000207 0.999999 0.0374333 0.0727639 -0.267536
FixedParameters: 0 0 0

#Transform 5
Transform: AffineTransform_float_3_3
Parameters: 1 0.000407237 -0.000902346 -0.000407764 0.999999 -0.000846632 0.000901656 0.000846367 0.999999 0.0267678 0.0895019 -0.318803
FixedParameters: 0 0 0

#Transform 6
Transform: AffineTransform_float_3_3
Parameters: 0.999999 0.00088281 -0.0016271 -0.000883191 0.999999 -0.000116563 0.0016269 0.000117436 0.999998 0.0240884 0.0947703 -0.293408
FixedParameters: 0 0 0

#Transform 7
Transform: AffineTransform_float_3_3
Parameters: 0.999995 0.00179642 -0.00254359 -0.00179358 0.999998 0.00134657 0.00254641 -0.00134243 0.999996 -0.0249438 0.073257 -0.212142
FixedParameters: 0 0 0

#Transform 8
Transform: AffineTransform_float_3_3
Parameters: 0.999995 0.00150316 -0.00254472 -0.00150083 0.999998 0.000852823 0.00254628 -0.000848176 0.999997 -0.0122746 0.0788063 -0.313009
FixedParameters: 0 0 0

#Transform 9
Transform: AffineTransform_float_3_3
Parameters: 0.999997 0.00166997 -0.00213803 -0.00167003 0.999998 -1.44295e-05 0.00213797 1.75704e-05 0.999997 -0.0183616 0.0807429 -0.24675
FixedParameters: 0 0 0

#Transform 10
Transform: AffineTransform_float_3_3
Parameters: 0.999996 0.00134956 -0.0025457 -0.00134944 0.999999 0.000222436 0.0025463 -0.000218564 0.999996 -0.015975 0.0761746 -0.269748
FixedParameters: 0 0 0

#Transform 11
Transform: AffineTransform_float_3_3
Parameters: 0.999997 0.0014101 -0.00199392 -0.00140989 0.999999 5.48114e-05 0.00199407 -5.11883e-05 0.999998 -0.0207967 0.0853768 -0.255258
FixedParameters: 0 0 0

#Transform 12
Transform: AffineTransform_float_3_3
Parameters: 0.999996 0.0013349 -0.0023945 -0.0013341 0.999999 0.000377196 0.0023955 -0.000374804 0.999997 -0.0162107 0.0744333 -0.260184
FixedParameters: 0 0 0

#Transform 13
Transform: AffineTransform_float_3_3
Parameters: 0.999997 0.00130542 -0.00238523 -0.00130358 0.999999 0.000595112 0.00238577 -0.000591888 0.999997 -0.0113063 0.0778619 -0.246057
FixedParameters: 0 0 0

#Transform 14
Transform: AffineTransform_float_3_3
Parameters: 0.999996 0.00135964 -0.002233 -0.00135736 0.999999 0.000737034 0.002234 -0.000733965 0.999997 -0.011731 0.095538 -0.234239
FixedParameters: 0 0 0

#Transform 15
Transform: AffineTransform_float_3_3
Parameters: 0.999991 0.00180201 -0.00370463 -0.00179298 0.999995 0.00243566 0.00370837 -0.00242834 0.99999 -0.00895233 0.0767555 -0.130737
FixedParameters: 0 0 0

#Transform 16
Transform: AffineTransform_float_3_3
Parameters: 0.999996 0.00128149 -0.00246219 -0.00127751 0.999998 0.00141715 0.00246381 -0.00141385 0.999996 -0.0169705 0.0936929 -0.223326
FixedParameters: 0 0 0

#Transform 17
Transform: AffineTransform_float_3_3
Parameters: 0.999996 0.00135933 -0.00246161 -0.00135566 0.999997 0.00176234 0.00246439 -0.00175866 0.999996 -0.0177109 0.0866073 -0.219332
FixedParameters: 0 0 0

#Transform 18
Transform: AffineTransform_float_3_3
Parameters: 0.999997 0.00106853 -0.00246247 -0.00106447 0.999999 0.00143463 0.00246353 -0.00143237 0.999996 -0.0147782 0.0782015 -0.241308
FixedParameters: 0 0 0

#Transform 19
Transform: AffineTransform_float_3_3
Parameters: 0.999997 0.00127586 -0.00209526 -0.00127314 0.999999 0.00136567 0.00209774 -0.00136233 0.999997 -0.000934311 0.0920365 -0.231971
FixedParameters: 0 0 0

#Transform 20
Transform: AffineTransform_float_3_3
Parameters: 0.999997 0.00111467 -0.00187742 -0.00111134 0.999999 0.00142009 0.00187858 -0.00141791 0.999997 -0.00443083 0.0825397 -0.21698
FixedParameters: 0 0 0

#Transform 21
Transform: AffineTransform_float_3_3
Parameters: 0.999998 0.000605031 -0.00190404 -0.000601971 0.999998 0.00159115 0.00190496 -0.00159085 0.999997 0.0145092 0.0841241 -0.232355
FixedParameters: 0 0 0

#Transform 22
Transform: AffineTransform_float_3_3
Parameters: 0.999998 0.000884121 -0.00172091 -0.000881881 0.999999 0.00123252 0.00172109 -0.00123148 0.999998 -0.00446765 0.0814659 -0.240067
FixedParameters: 0 0 0

#Transform 23
Transform: AffineTransform_float_3_3
Parameters: 0.999997 0.0011104 -0.0022123 -0.0011066 0.999998 0.00153845 0.0022137 -0.00153655 0.999997 -0.00803937 0.0966228 -0.249828
FixedParameters: 0 0 0

#Transform 24
Transform: AffineTransform_float_3_3
Parameters: 0.999998 0.00129626 -0.00192147 -0.00129374 0.999999 0.00117849 0.00192352 -0.00117651 0.999997 -0.0379548 0.0729514 -0.224763
FixedParameters: 0 0 0

#Transform 25
Transform: AffineTransform_float_3_3
Parameters: 0.999996 0.00129928 -0.00221207 -0.00129572 0.999998 0.00148487 0.00221392 -0.00148213 0.999996 -0.0198838 0.0754332 -0.220836
FixedParameters: 0 0 0

#Transform 26
Transform: AffineTransform_float_3_3
Parameters: 0.999997 0.00120838 -0.00221216 -0.00120562 0.999998 0.00152967 0.00221385 -0.00152733 0.999997 -0.0135324 0.0873733 -0.203961
FixedParameters: 0 0 0

#Transform 27
Transform: AffineTransform_float_3_3
Parameters: 0.999999 0.000976022 -0.00144631 -0.000974979 1 0.000707411 0.00144669 -0.000705589 0.999998 -0.00110387 0.0829474 -0.232268
FixedParameters: 0 0 0

#Transform 28
Transform: AffineTransform_float_3_3
Parameters: 0.999994 4.46542e-05 -0.00345794 -4.03452e-05 0.999999 0.00134615 0.00345806 -0.00134585 0.999993 0.0366844 0.0727947 -0.0964436
FixedParameters: 0 0 0

#Transform 29
Transform: AffineTransform_float_3_3
Parameters: 0.999994 0.00161459 -0.00304616 -0.00161241 0.999998 0.000523915 0.00304684 -0.000519084 0.999995 -0.0525017 0.0961861 -0.191052
FixedParameters: 0 0 0

#Transform 30
Transform: AffineTransform_float_3_3
Parameters: 0.999993 0.00150892 -0.00345672 -0.00150508 0.999998 0.000848208 0.00345827 -0.000842787 0.999993 -0.0472899 0.106882 -0.213837
FixedParameters: 0 0 0

#Transform 31
Transform: AffineTransform_float_3_3
Parameters: 0.999993 0.00166311 -0.00338747 -0.00165989 0.999998 0.000921629 0.00338953 -0.000916369 0.999994 -0.0504794 0.0972333 -0.177908
FixedParameters: 0 0 0

#Transform 32
Transform: AffineTransform_float_3_3
Parameters: 0.999992 0.00167613 -0.00345648 -0.00167287 0.999998 0.000908789 0.00345851 -0.00090321 0.999993 -0.0430914 0.0833217 -0.226093
FixedParameters: 0 0 0

#Transform 33
Transform: AffineTransform_float_3_3
Parameters: 0.999996 0.00165652 -0.00253171 -0.00165249 0.999997 0.00138919 0.0025333 -0.00138581 0.999996 -0.0520911 0.0765862 -0.188668
FixedParameters: 0 0 0

#Transform 34
Transform: AffineTransform_float_3_3
Parameters: 0.999991 0.00164549 -0.00389669 -0.0016405 0.999997 0.00141341 0.00389932 -0.0014066 0.999992 -0.0433897 0.109126 -0.150951
FixedParameters: 0 0 0

#Transform 35
Transform: AffineTransform_float_3_3
Parameters: 0.999992 0.00171227 -0.00345687 -0.00171073 0.999999 0.000659919 0.00345812 -0.000654084 0.999994 -0.0629174 0.11225 -0.191755
FixedParameters: 0 0 0

#Transform 36
Transform: AffineTransform_float_3_3
Parameters: 0.999992 0.00166622 -0.00345693 -0.00166377 0.999999 0.000646756 0.00345807 -0.000640243 0.999994 -0.0564304 0.121948 -0.191441
FixedParameters: 0 0 0

#Transform 37
Transform: AffineTransform_float_3_3
Parameters: 0.999992 0.000947326 -0.00392592 -0.00094667 0.999999 8.57172e-05 0.00392608 -8.12814e-05 0.999993 -0.015411 0.112562 -0.187697
FixedParameters: 0 0 0

#Transform 38
Transform: AffineTransform_float_3_3
Parameters: 0.999993 0.000903622 -0.00361284 -0.00090238 0.999999 0.000173261 0.00361315 -0.000170736 0.999993 -0.0237038 0.108835 -0.234508
FixedParameters: 0 0 0

#Transform 39
Transform: AffineTransform_float_3_3
Parameters: 0.999993 0.00109109 -0.00341065 -0.00109091 1 0.000320723 0.00341135 -0.00031728 0.999994 -0.0223588 0.103103 -0.230247
FixedParameters: 0 0 0

#Transform 40
Transform: AffineTransform_float_3_3
Parameters: 0.999993 0.000944418 -0.00347688 -0.00094358 0.999999 0.000122281 0.00347711 -0.000118717 0.999994 -0.0365217 0.0992752 -0.21454
FixedParameters: 0 0 0

#Transform 41
Transform: AffineTransform_float_3_3
Parameters: 0.999994 0.000971569 -0.00332283 -0.000970429 0.999999 0.000173226 0.00332317 -0.000169772 0.999995 -0.0327922 0.11691 -0.22968
FixedParameters: 0 0 0

#Transform 42
Transform: AffineTransform_float_3_3
Parameters: 0.999991 0.00152158 -0.003925 -0.00151842 0.999998 0.000659965 0.003926 -0.000654032 0.999992 -0.0516774 0.0985488 -0.182713
FixedParameters: 0 0 0

#Transform 43
Transform: AffineTransform_float_3_3
Parameters: 0.999986 0.00257156 -0.00452368 -0.00257043 0.999996 0.00013063 0.00452432 -0.000119367 0.99999 -0.0782415 0.099815 -0.1581
FixedParameters: 0 0 0

#Transform 44
Transform: AffineTransform_float_3_3
Parameters: 0.99999 0.00157008 -0.00400936 -0.00157092 0.999998 -0.000225704 0.00400864 0.000232296 0.999992 -0.0525381 0.10801 -0.243187
FixedParameters: 0 0 0

#Transform 45
Transform: AffineTransform_float_3_3
Parameters: 0.999989 0.00192511 -0.00428395 -0.00192489 0.999998 3.02465e-05 0.00428405 -2.1753e-05 0.999991 -0.071347 0.0915496 -0.173525
FixedParameters: 0 0 0

#Transform 46
Transform: AffineTransform_float_3_3
Parameters: 0.99999 0.00174384 -0.00414207 -0.00174416 0.999999 -3.5776e-05 0.00414193 4.22233e-05 0.999992 -0.0630955 0.0754594 -0.222768
FixedParameters: 0 0 0

#Transform 47
Transform: AffineTransform_float_3_3
Parameters: 0.999991 0.00154754 -0.00412318 -0.00154846 0.999999 -0.000108617 0.00412383 0.000115383 0.999992 -0.0523296 0.0956193 -0.18098
FixedParameters: 0 0 0

#Transform 48
Transform: AffineTransform_float_3_3
Parameters: 0.999988 0.00141306 -0.00463798 -0.00141294 0.999999 1.65534e-05 0.00463802 -9.44632e-06 0.999989 -0.0581798 0.119821 -0.161768
FixedParameters: 0 0 0

#Transform 49
Transform: AffineTransform_float_3_3
Parameters: 0.99999 0.00158808 -0.00402818 -0.00158592 0.999998 0.000519393 0.00402882 -0.000513606 0.999992 -0.0602191 0.109099 -0.184469
FixedParameters: 0 0 0

#Transform 50
Transform: AffineTransform_float_3_3
Parameters: 0.999988 0.00176763 -0.00458168 -0.00175837 0.999996 0.00188608 0.00458432 -0.00187792 0.999987 -0.0459479 0.0983033 -0.0555321
FixedParameters: 0 0 0

#Transform 51
Transform: AffineTransform_float_3_3
Parameters: 0.999988 0.00162815 -0.00449041 -0.00162085 0.999998 0.0015963 0.00449258 -0.0015887 0.999988 -0.0668937 0.0928006 -0.126986
FixedParameters: 0 0 0

#Transform 52
Transform: AffineTransform_float_3_3
Parameters: 0.999989 0.00189628 -0.00445391 -0.00188871 0.999997 0.00163943 0.00445709 -0.00163057 0.999988 -0.079235 0.109323 -0.121977
FixedParameters: 0 0 0

#Transform 53
Transform: AffineTransform_float_3_3
Parameters: 0.999988 0.00205746 -0.00439098 -0.00205054 0.999997 0.00147502 0.00439402 -0.00146598 0.99999 -0.0656966 0.090613 -0.160263
FixedParameters: 0 0 0

#Transform 54
Transform: AffineTransform_float_3_3
Parameters: 0.999988 0.00180081 -0.00451429 -0.00179319 0.999997 0.00151111 0.00451771 -0.00150288 0.999988 -0.0586512 0.0846482 -0.123664
FixedParameters: 0 0 0

#Transform 55
Transform: AffineTransform_float_3_3
Parameters: 0.999988 0.00206651 -0.00431788 -0.00206048 0.999996 0.00151291 0.00432111 -0.00150409 0.999989 -0.0891852 0.0927757 -0.0998955
FixedParameters: 0 0 0

#Transform 56
Transform: AffineTransform_float_3_3
Parameters: 0.999991 0.00195128 -0.00383081 -0.00194472 0.999997 0.00164247 0.00383419 -0.00163553 0.999992 -0.0977594 0.0929629 -0.11757
FixedParameters: 0 0 0

#Transform 57
Transform: AffineTransform_float_3_3
Parameters: 0.999987 0.00186769 -0.00461289 -0.00186031 0.999997 0.0016706 0.0046151 -0.0016614 0.999988 -0.0812939 0.0896147 -0.143798
FixedParameters: 0 0 0

#Transform 58
Transform: AffineTransform_float_3_3
Parameters: 0.999987 0.00222976 -0.00461515 -0.00222824 0.999998 0.000386289 0.00461585 -0.000375713 0.99999 -0.0921018 0.0999411 -0.127111
FixedParameters: 0 0 0

#Transform 59
Transform: AffineTransform_float_3_3
Parameters: 0.999987 0.00153784 -0.00486542 -0.00153615 0.999998 0.000383479 0.00486558 -0.000375522 0.999988 -0.0722822 0.0945163 -0.127732
FixedParameters: 0 0 0

#Transform 60
Transform: AffineTransform_float_3_3
Parameters: 0.999988 0.00170223 -0.00461555 -0.00170077 0.999998 0.000270853 0.00461546 -0.000263147 0.99999 -0.086613 0.0980336 -0.165688
FixedParameters: 0 0 0

#Transform 61
Transform: AffineTransform_float_3_3
Parameters: 0.99999 0.00154032 -0.00420052 -0.00153968 0.999999 0.000316471 0.00420048 -0.000310533 0.999991 -0.0687819 0.0982624 -0.168855
FixedParameters: 0 0 0

#Transform 62
Transform: AffineTransform_float_3_3
Parameters: 0.999988 0.00164048 -0.00461405 -0.00163552 0.999998 0.00119056 0.00461594 -0.00118344 0.999988 -0.0570698 0.086487 -0.13024
FixedParameters: 0 0 0

#Transform 63
Transform: AffineTransform_float_3_3
Parameters: 0.999988 0.00168488 -0.00461349 -0.00167712 0.999998 0.00149476 0.00461551 -0.00148724 0.999988 -0.0615753 0.0789678 -0.142105
FixedParameters: 0 0 0

#Transform 64
Transform: AffineTransform_float_3_3
Parameters: 0.999989 0.00160058 -0.00425891 -0.00159542 0.999998 0.00131381 0.00426109 -0.00130719 0.99999 -0.0633084 0.0687631 -0.164863
FixedParameters: 0 0 0

#Transform 65
Transform: AffineTransform_float_3_3
Parameters: 0.99999 0.00175619 -0.00398571 -0.00175181 0.999997 0.00130599 0.00398828 -0.00129801 0.999991 -0.0678011 0.0652468 -0.162833
FixedParameters: 0 0 0

#Transform 66
Transform: AffineTransform_float_3_3
Parameters: 0.99999 0.00201467 -0.00396012 -0.00200833 0.999997 0.00143597 0.00396288 -0.00142803 0.999991 -0.10353 0.0756328 -0.0424282
FixedParameters: 0 0 0

#Transform 67
Transform: AffineTransform_float_3_3
Parameters: 0.99999 0.00198331 -0.00398186 -0.00197869 0.999998 0.00108589 0.00398415 -0.00107811 0.999992 -0.104812 0.0667433 -0.111897
FixedParameters: 0 0 0

#Transform 68
Transform: AffineTransform_float_3_3
Parameters: 0.999989 0.00134558 -0.00452116 -0.00133542 0.999997 0.00212106 0.00452384 -0.00211494 0.999988 -0.083999 0.0704006 -0.0912526
FixedParameters: 0 0 0

#Transform 69
Transform: AffineTransform_float_3_3
Parameters: 0.999992 0.00142286 -0.00390015 -0.00141514 0.999997 0.00201654 0.00390386 -0.00201146 0.999991 -0.0912012 0.0806562 -0.124808
FixedParameters: 0 0 0

#Transform 70
Transform: AffineTransform_float_3_3
Parameters: 0.999994 0.00131426 -0.00340821 -0.00130675 0.999997 0.00212947 0.00341079 -0.00212553 0.999992 -0.0878964 0.0673672 -0.134215
FixedParameters: 0 0 0

#Transform 71
Transform: AffineTransform_float_3_3
Parameters: 0.999994 0.00125933 -0.00320813 -0.00125167 0.999996 0.00228503 0.00321087 -0.00228097 0.999992 -0.0971658 0.0585208 -0.125533
FixedParameters: 0 0 0

#Transform 72
Transform: AffineTransform_float_3_3
Parameters: 0.999991 0.00110195 -0.00411461 -0.00109305 0.999997 0.00217652 0.00411739 -0.00217248 0.999989 -0.0791129 0.0738287 -0.106524
FixedParameters: 0 0 0

#Transform 73
Transform: AffineTransform_float_3_3
Parameters: 0.99999 0.0011343 -0.00427428 -0.0011237 0.999997 0.00241083 0.00427772 -0.00240617 0.999988 -0.0863463 0.0781283 -0.111222
FixedParameters: 0 0 0

#Transform 74
Transform: AffineTransform_float_3_3
Parameters: 0.999992 0.000918494 -0.00370339 -0.000911504 0.999998 0.00175539 0.0037046 -0.00175161 0.999991 -0.0913674 0.103678 -0.161669
FixedParameters: 0 0 0

#Transform 75
Transform: AffineTransform_float_3_3
Parameters: 0.999988 0.00120504 -0.00472269 -0.00118796 0.999993 0.00360965 0.00472732 -0.00360435 0.999983 -0.0738661 0.123399 -0.131694
FixedParameters: 0 0 0

#Transform 76
Transform: AffineTransform_float_3_3
Parameters: 0.999988 0.00139397 -0.00472991 -0.00138002 0.999994 0.00295656 0.0047341 -0.00294944 0.999985 -0.081857 0.091308 -0.133504
FixedParameters: 0 0 0

#Transform 77
Transform: AffineTransform_float_3_3
Parameters: 0.999984 0.00143961 -0.00544638 -0.00142239 0.999994 0.0032348 0.00545162 -0.0032272 0.99998 -0.083719 0.107705 -0.120006
FixedParameters: 0 0 0

#Transform 78
Transform: AffineTransform_float_3_3
Parameters: 0.99999 0.00140263 -0.0040666 -0.00138136 0.999985 0.00531766 0.0040744 -0.00531133 0.999977 -0.0805742 0.098027 -0.066479
FixedParameters: 0 0 0

#Transform 79
Transform: AffineTransform_float_3_3
Parameters: 0.999989 0.00142676 -0.00448032 -0.00141124 0.999993 0.00329636 0.00448467 -0.00328963 0.999984 -0.085115 0.090168 -0.0904757
FixedParameters: 0 0 0

#Transform 80
Transform: AffineTransform_float_3_3
Parameters: 0.999989 0.00153021 -0.00447751 -0.00151779 0.999995 0.00295183 0.00448249 -0.00294417 0.999985 -0.086153 0.0927981 -0.0808208
FixedParameters: 0 0 0

#Transform 81
Transform: AffineTransform_float_3_3
Parameters: 0.999986 0.00191933 -0.00496242 -0.00189667 0.999988 0.00450047 0.00497058 -0.00449152 0.999977 -0.0936897 0.0827359 -0.00966915
FixedParameters: 0 0 0

#Transform 82
Transform: AffineTransform_float_3_3
Parameters: 0.999986 0.00216777 -0.00477663 -0.00214723 0.999988 0.00434932 0.00478537 -0.00433869 0.999979 -0.109735 0.0750141 0.0297702
FixedParameters: 0 0 0

#Transform 83
Transform: AffineTransform_float_3_3
Parameters: 0.999985 0.00172459 -0.00517115 -0.00171341 0.999996 0.00224389 0.00517585 -0.00223511 0.999984 -0.104978 0.0877138 -0.0176358
FixedParameters: 0 0 0

#Transform 84
Transform: AffineTransform_float_3_3
Parameters: 0.999986 0.0014416 -0.00496706 -0.0014214 0.999991 0.00414912 0.00497293 -0.00414189 0.999979 -0.0893138 0.0915559 0.0522352
FixedParameters: 0 0 0

#Transform 85
Transform: AffineTransform_float_3_3
Parameters: 0.999995 0.00292265 4.52609e-05 -0.00292334 0.999901 0.0137739 -4.73414e-06 -0.0137741 0.999905 -0.191651 0.0619556 0.400976
FixedParameters: 0 0 0

#Transform 86
Transform: AffineTransform_float_3_3
Parameters: 0.999999 -0.000839911 -0.000298085 0.000841088 0.999993 0.00367075 0.000294914 -0.00367125 0.999993 -0.0535701 0.100276 0.161229
FixedParameters: 0 0 0

#Transform 87
Transform: AffineTransform_float_3_3
Parameters: 0.999999 0.000250771 -0.00153423 -0.000246229 0.999995 0.00310938 0.00153477 -0.00310862 0.999994 -0.0698685 0.134778 0.0261618
FixedParameters: 0 0 0

#Transform 88
Transform: AffineTransform_float_3_3
Parameters: 0.999998 0.000512593 -0.00188676 -0.000508409 0.999997 0.00243396 0.00188724 -0.00243304 0.999996 -0.0913212 0.152437 -0.00714557
FixedParameters: 0 0 0

#Transform 89
Transform: AffineTransform_float_3_3
Parameters: 0.999996 0.00104881 -0.00285487 -0.0010432 0.999998 0.00203399 0.00285713 -0.00203101 0.999994 -0.123922 0.12004 0.0343186
FixedParameters: 0 0 0

#Transform 90
Transform: AffineTransform_float_3_3
Parameters: 0.999999 0.000559702 -0.00170079 -0.000556299 0.999998 0.00217595 0.00170222 -0.00217505 0.999996 -0.112643 0.102257 0.00358592
FixedParameters: 0 0 0

#Transform 91
Transform: AffineTransform_float_3_3
Parameters: 0.999996 0.000501669 -0.00277963 -0.000494332 0.999996 0.00275839 0.00278138 -0.00275762 0.999993 -0.0951527 0.127108 0.0292164
FixedParameters: 0 0 0

#Transform 92
Transform: AffineTransform_float_3_3
Parameters: 0.999994 0.0005929 -0.0032231 -0.0005881 0.999998 0.0015209 0.0032239 -0.0015191 0.999993 -0.0964278 0.108963 0.0161055
FixedParameters: 0 0 0

#Transform 93
Transform: AffineTransform_float_3_3
Parameters: 0.999992 0.00164243 -0.00344905 -0.00163157 0.999994 0.00302365 0.00345394 -0.00301835 0.999989 -0.128602 0.0960583 0.171171
FixedParameters: 0 0 0

#Transform 94
Transform: AffineTransform_float_3_3
Parameters: 0.99999 0.00209043 -0.00391945 -0.00207957 0.999995 0.00266318 0.00392454 -0.00265482 0.999989 -0.128524 0.118041 0.110717
FixedParameters: 0 0 0

#Transform 95
Transform: AffineTransform_float_3_3
Parameters: 0.999989 0.0014852 -0.00442326 -0.0014768 0.999997 0.00185655 0.00442575 -0.00185045 0.999989 -0.10946 0.121594 0.0711473
FixedParameters: 0 0 0

#Transform 96
Transform: AffineTransform_float_3_3
Parameters: 0.999988 0.0014951 -0.00451031 -0.0014899 0.999998 0.00113473 0.00451269 -0.00112727 0.999989 -0.093686 0.1096 0.0683911
FixedParameters: 0 0 0

#Transform 97
Transform: AffineTransform_float_3_3
Parameters: 0.999993 0.00147841 -0.00344554 -0.00147459 0.999998 0.000992087 0.00344746 -0.000986909 0.999993 -0.110109 0.0908 0.0314253
FixedParameters: 0 0 0

#Transform 98
Transform: AffineTransform_float_3_3
Parameters: 0.999991 0.00127746 -0.00388253 -0.00127254 0.999998 0.00115095 0.00388446 -0.00114605 0.999992 -0.112104 0.12171 0.0268796
FixedParameters: 0 0 0

#Transform 99
Transform: AffineTransform_float_3_3
Parameters: 0.999991 0.00159792 -0.0037449 -0.00159308 0.999998 0.00131598 0.00374709 -0.00131002 0.999992 -0.118213 0.10515 0.0177403
FixedParameters: 0 0 0

#Transform 100
Transform: AffineTransform_float_3_3
Parameters: 0.999991 0.00150211 -0.00413179 -0.00149689 0.999998 0.0014812 0.00413422 -0.0014748 0.999991 -0.12355 0.109974 0.0745094
FixedParameters: 0 0 0

#Transform 101
Transform: AffineTransform_float_3_3
Parameters: 0.99999 0.0016759 -0.00412001 -0.0016711 0.999998 0.0011929 0.00412199 -0.0011861 0.999991 -0.118015 0.0911584 0.0377246
FixedParameters: 0 0 0

#Transform 102
Transform: AffineTransform_float_3_3
Parameters: 0.999994 0.00209298 -0.00299497 -0.00208003 0.999989 0.00432926 0.00300403 -0.00432274 0.999986 -0.140134 0.0845788 0.189778
FixedParameters: 0 0 0

#Transform 103
Transform: AffineTransform_float_3_3
Parameters: 0.999995 0.00209056 -0.00264669 -0.00208043 0.99999 0.00398853 0.00265531 -0.00398247 0.999988 -0.144864 0.0919834 0.179015
FixedParameters: 0 0 0

#Transform 104
Transform: AffineTransform_float_3_3
Parameters: 0.999995 0.00151734 -0.00276481 -0.00150567 0.999991 0.00409718 0.00277119 -0.00409282 0.999988 -0.139655 0.0779886 0.187249
FixedParameters: 0 0 0

#Transform 105
Transform: AffineTransform_float_3_3
Parameters: 0.999995 0.00162477 -0.00248163 -0.00161422 0.999991 0.00393602 0.00248837 -0.00393197 0.999989 -0.138052 0.0946752 0.167649
FixedParameters: 0 0 0

#Transform 106
Transform: AffineTransform_float_3_3
Parameters: 0.999996 0.00152524 -0.00239715 -0.00151577 0.999992 0.00384965 0.00240285 -0.00384635 0.999989 -0.13025 0.0825044 0.13419
FixedParameters: 0 0 0

#Transform 107
Transform: AffineTransform_float_3_3
Parameters: 0.999995 0.00154703 -0.00277077 -0.00153397 0.999988 0.00469827 0.00277823 -0.00469373 0.999985 -0.138335 0.0660565 0.179197
FixedParameters: 0 0 0

#Transform 108
Transform: AffineTransform_float_3_3
Parameters: 0.999993 0.00227222 -0.00297394 -0.00225878 0.999987 0.00444175 0.00298405 -0.00443425 0.999985 -0.176081 0.0843028 0.190832
FixedParameters: 0 0 0

#Transform 109
Transform: AffineTransform_float_3_3
Parameters: 0.999994 0.00201278 -0.00286345 -0.00200122 0.999991 0.00376175 0.00287054 -0.00375524 0.999989 -0.17165 0.0885518 0.142741
FixedParameters: 0 0 0

#Transform 110
Transform: AffineTransform_float_3_3
Parameters: 0.999994 0.00221316 -0.00244373 -0.00220383 0.99999 0.0037474 0.00245227 -0.00374159 0.99999 -0.174066 0.0918178 0.154761
FixedParameters: 0 0 0

#Transform 111
Transform: AffineTransform_float_3_3
Parameters: 0.999993 0.00241412 -0.00264078 -0.00240388 0.99999 0.00382937 0.00264922 -0.00382363 0.999989 -0.177964 0.0745384 0.199558
FixedParameters: 0 0 0

#Transform 112
Transform: AffineTransform_float_3_3
Parameters: 0.999994 0.00241505 -0.00276539 -0.00240395 0.999989 0.00399268 0.00277461 -0.00398633 0.999988 -0.176816 0.0824188 0.169323
FixedParameters: 0 0 0

#Transform 113
Transform: AffineTransform_float_3_3
Parameters: 0.999993 0.00300115 -0.00187469 -0.00298885 0.999974 0.00644964 0.00189431 -0.00644436 0.999978 -0.19561 0.0587104 0.276525
FixedParameters: 0 0 0

#Transform 114
Transform: AffineTransform_float_3_3
Parameters: 0.999993 0.00279086 -0.00248261 -0.00277813 0.999983 0.00516993 0.00249739 -0.00516306 0.999983 -0.197306 0.100723 0.26047
FixedParameters: 0 0 0

#Transform 115
Transform: AffineTransform_float_3_3
Parameters: 0.999994 0.00230483 -0.00265879 -0.00229317 0.999988 0.00444412 0.00266921 -0.00443788 0.999986 -0.177687 0.0933549 0.221995
FixedParameters: 0 0 0

#Transform 116
Transform: AffineTransform_float_3_3
Parameters: 0.999993 0.00278972 -0.00252465 -0.00277329 0.999975 0.00660105 0.00254235 -0.00659396 0.999975 -0.19381 0.0727606 0.280979
FixedParameters: 0 0 0

#Transform 117
Transform: AffineTransform_float_3_3
Parameters: 0.999993 0.00256192 -0.00278233 -0.00254708 0.999983 0.00535413 0.00279567 -0.00534688 0.999982 -0.188532 0.0800723 0.223582
FixedParameters: 0 0 0

#Transform 118
Transform: AffineTransform_float_3_3
Parameters: 0.999994 0.00241719 -0.00251133 -0.00240481 0.999986 0.00484507 0.00252367 -0.00483893 0.999985 -0.205332 0.0879654 0.229306
FixedParameters: 0 0 0

#Transform 119
Transform: AffineTransform_float_3_3
Parameters: 0.999993 0.00296441 -0.00248829 -0.0029516 0.999984 0.00497538 0.0025027 -0.00496762 0.999984 -0.210435 0.0832558 0.221582
FixedParameters: 0 0 0

#Transform 120
Transform: AffineTransform_float_3_3
Parameters: 0.999991 0.00311846 -0.00285118 -0.00310253 0.99998 0.00541089 0.00286882 -0.0054021 0.999982 -0.21393 0.0943762 0.2375
FixedParameters: 0 0 0

#Transform 121
Transform: AffineTransform_float_3_3
Parameters: 0.999991 0.0033564 -0.00251123 -0.0033396 0.999974 0.00650644 0.00253277 -0.00649756 0.999975 -0.217115 0.0669253 0.284076
FixedParameters: 0 0 0

#Transform 122
Transform: AffineTransform_float_3_3
Parameters: 0.999993 0.0029629 -0.00198987 -0.0029521 0.99998 0.00545791 0.00200613 -0.00545209 0.999983 -0.208247 0.0853597 0.240142
FixedParameters: 0 0 0

#Transform 123
Transform: AffineTransform_float_3_3
Parameters: 0.999992 0.00296446 -0.00239063 -0.00295253 0.999982 0.00520009 0.00240637 -0.0051929 0.999983 -0.20655 0.0902639 0.215528
FixedParameters: 0 0 0

#Transform 124
Transform: AffineTransform_float_3_3
Parameters: 0.999994 0.00281971 -0.00226372 -0.00280929 0.999985 0.00472139 0.00227728 -0.00471561 0.999987 -0.228153 0.134378 0.0904485
FixedParameters: 0 0 0

#Transform 125
Transform: AffineTransform_float_3_3
Parameters: 0.999971 0.00537664 -0.00547839 -0.00554338 0.999509 -0.0308185 0.00531061 0.0308475 0.99951 -0.378112 0.171304 -1.15825
FixedParameters: 0 0 0

#Transform 126
Transform: AffineTransform_float_3_3
Parameters: 0.999972 0.00434962 -0.00618451 -0.00446637 0.999811 -0.0189299 0.00610049 0.0189571 0.999801 -0.31843 0.139713 -0.315724
FixedParameters: 0 0 0

#Transform 127
Transform: AffineTransform_float_3_3
Parameters: 0.999986 0.00367348 -0.00396737 -0.00369053 0.999985 -0.00416642 0.00395264 0.00418059 0.999984 -0.29685 0.0758339 -0.0639207
FixedParameters: 0 0 0

#Transform 128
Transform: AffineTransform_float_3_3
Parameters: 0.99998 0.00359351 -0.00519436 -0.0036075 0.99999 -0.00259131 0.00518564 0.00260969 0.999983 -0.291725 0.135329 0.00438427
FixedParameters: 0 0 0

#Transform 129
Transform: AffineTransform_float_3_3
Parameters: 0.999984 0.00413271 -0.00401491 -0.00415129 0.999981 -0.00455841 0.00399608 0.00457559 0.999981 -0.31758 0.14801 -0.0372585
FixedParameters: 0 0 0

#Transform 130
Transform: AffineTransform_float_3_3
Parameters: 0.999983 0.00391733 -0.00428683 -0.00393968 0.999978 -0.0052942 0.00426617 0.0053108 0.999977 -0.31243 0.146363 -0.0827886
FixedParameters: 0 0 0

#Transform 131
Transform: AffineTransform_float_3_3
Parameters: 0.999981 0.0040791 -0.00448278 -0.0041039 0.999976 -0.00555871 0.00446022 0.0055773 0.999975 -0.302521 0.153566 -0.0779804
FixedParameters: 0 0 0

#Transform 132
Transform: AffineTransform_float_3_3
Parameters: 0.99998 0.0040923 -0.00470073 -0.00411669 0.999979 -0.00504175 0.00468026 0.00506125 0.999976 -0.307722 0.12564 -0.0716439
FixedParameters: 0 0 0

#Transform 133
Transform: AffineTransform_float_3_3
Parameters: 0.999982 0.00406897 -0.00456463 -0.00409203 0.999979 -0.00504741 0.00454336 0.00506658 0.999977 -0.32279 0.121984 -0.0537875
FixedParameters: 0 0 0

#Transform 134
Transform: AffineTransform_float_3_3
Parameters: 0.999981 0.0042735 -0.00444109 -0.0042855 0.999988 -0.00258302 0.0044299 0.00260198 0.999987 -0.31516 0.119091 0.0179923
FixedParameters: 0 0 0

#Transform 135
Transform: AffineTransform_float_3_3
Parameters: 0.999981 0.00461462 -0.00424668 -0.00461738 0.999989 -0.000786407 0.00424332 0.000806597 0.99999 -0.328426 0.0931057 0.0836634
FixedParameters: 0 0 0

#Transform 136
Transform: AffineTransform_float_3_3
Parameters: 0.99998 0.00462421 -0.00445108 -0.0046318 0.999988 -0.00151841 0.00444393 0.00153858 0.999989 -0.334834 0.112505 0.11632
FixedParameters: 0 0 0

#Transform 137
Transform: AffineTransform_float_3_3
Parameters: 0.99998 0.00450835 -0.00457755 -0.00451565 0.999989 -0.00166236 0.00457046 0.00168264 0.999988 -0.332215 0.124335 0.0857511
FixedParameters: 0 0 0

#Transform 138
Transform: AffineTransform_float_3_3
Parameters: 0.999981 0.00412811 -0.00457413 -0.00413589 0.99999 -0.00171611 0.00456687 0.00173589 0.999988 -0.328671 0.106189 0.0881999
FixedParameters: 0 0 0

#Transform 139
Transform: AffineTransform_float_3_3
Parameters: 0.999979 0.00465903 -0.00462404 -0.00466697 0.999987 -0.00171346 0.00461596 0.00173554 0.999988 -0.333404 0.106084 0.0746137
FixedParameters: 0 0 0

#Transform 140
Transform: AffineTransform_float_3_3
Parameters: 0.99998 0.00439497 -0.00470764 -0.00440104 0.99999 -0.00127231 0.00470236 0.00129269 0.999988 -0.315666 0.101166 0.109851
FixedParameters: 0 0 0

#Transform 141
Transform: AffineTransform_float_3_3
Parameters: 0.999982 0.00421514 -0.0043167 -0.00422185 0.99999 -0.0015798 0.0043103 0.0015982 0.99999 -0.311506 0.10463 0.0907495
FixedParameters: 0 0 0

#Transform 142
Transform: AffineTransform_float_3_3
Parameters: 0.999983 0.00451937 -0.00367969 -0.00452463 0.999989 -0.00125037 0.00367431 0.00126663 0.999993 -0.329439 0.100903 0.114383
FixedParameters: 0 0 0

#Transform 143
Transform: AffineTransform_float_3_3
Parameters: 0.99998 0.00455766 -0.00424074 -0.00456233 0.999989 -0.00124968 0.00423526 0.00126833 0.99999 -0.312175 0.110865 0.118693
FixedParameters: 0 0 0

#Transform 144
Transform: AffineTransform_float_3_3
Parameters: 0.999982 0.00427429 -0.00425773 -0.0042797 0.99999 -0.0013318 0.00425126 0.0013502 0.99999 -0.288749 0.101754 0.112813
FixedParameters: 0 0 0

#Transform 145
Transform: AffineTransform_float_3_3
Parameters: 0.99998 0.00433559 -0.00475511 -0.00433941 0.999991 -0.000706381 0.00475189 0.000727618 0.999989 -0.299151 0.113783 0.150136
FixedParameters: 0 0 0

#Transform 146
Transform: AffineTransform_float_3_3
Parameters: 0.999981 0.00447419 -0.00429393 -0.00447681 0.99999 -0.000644789 0.00429107 0.000664211 0.99999 -0.309961 0.126474 0.123325
FixedParameters: 0 0 0

#Transform 147
Transform: AffineTransform_float_3_3
Parameters: 0.999984 0.00437431 -0.00369337 -0.00437869 0.99999 -0.000990844 0.00368863 0.00100715 0.999992 -0.313086 0.115653 0.113744
FixedParameters: 0 0 0

#Transform 148
Transform: AffineTransform_float_3_3
Parameters: 0.999978 0.00456572 -0.00468037 -0.00456228 0.99999 0.00080537 0.00468362 -0.000783633 0.999988 -0.314226 0.0965494 0.190973
FixedParameters: 0 0 0

#Transform 149
Transform: AffineTransform_float_3_3
Parameters: 0.999984 0.00427485 -0.00386764 -0.00427015 0.99999 0.00126254 0.00387336 -0.00124546 0.999991 -0.259776 0.0925763 0.182142
FixedParameters: 0 0 0

#Transform 150
Transform: AffineTransform_float_3_3
Parameters: 0.999979 0.00486924 -0.00440883 -0.00485977 0.999986 0.00210247 0.00441918 -0.00208153 0.999988 -0.276052 0.127657 0.167071
FixedParameters: 0 0 0

#Transform 151
Transform: AffineTransform_float_3_3
Parameters: 0.999972 0.00534449 -0.00519097 -0.00532252 0.999977 0.00414374 0.00521303 -0.00411625 0.999978 -0.319939 0.127218 0.296396
FixedParameters: 0 0 0

#Transform 152
Transform: AffineTransform_float_3_3
Parameters: 0.999978 0.00533906 -0.00412028 -0.00532294 0.999978 0.00389802 0.00414172 -0.00387598 0.999984 -0.331654 0.101385 0.311449
FixedParameters: 0 0 0

#Transform 153
Transform: AffineTransform_float_3_3
Parameters: 0.999976 0.00533629 -0.0042855 -0.00532271 0.999981 0.00310688 0.0043015 -0.00308412 0.999986 -0.321587 0.1336 0.284644
FixedParameters: 0 0 0

#Transform 154
Transform: AffineTransform_float_3_3
Parameters: 0.999977 0.00533671 -0.00435827 -0.00532329 0.999981 0.00315127 0.00437473 -0.00312773 0.999985 -0.329047 0.111159 0.296916
FixedParameters: 0 0 0

#Transform 155
Transform: AffineTransform_float_3_3
Parameters: 0.999971 0.00569325 -0.00516424 -0.00565576 0.999958 0.00719842 0.00520476 -0.00716858 0.999961 -0.324151 0.101987 0.42079
FixedParameters: 0 0 0

#Transform 156
Transform: AffineTransform_float_3_3
Parameters: 0.999971 0.00538513 -0.00540885 -0.00532288 0.999921 0.0114351 0.00547015 -0.0114059 0.99992 -0.3243 0.0997885 0.525837
FixedParameters: 0 0 0

#Transform 157
Transform: AffineTransform_float_3_3
Parameters: 0.999969 0.00538887 -0.00585766 -0.00534813 0.999962 0.00697055 0.00589533 -0.00693845 0.999958 -0.320566 0.118924 0.390314
FixedParameters: 0 0 0

#Transform 158
Transform: AffineTransform_float_3_3
Parameters: 0.999977 0.00549513 -0.00415188 -0.00547287 0.999971 0.00532185 0.00418113 -0.00529915 0.999977 -0.342489 0.133721 0.359722
FixedParameters: 0 0 0

#Transform 159
Transform: AffineTransform_float_3_3
Parameters: 0.999969 0.00594573 -0.00528397 -0.00590928 0.999959 0.00693845 0.00532504 -0.00690756 0.999962 -0.356677 0.118835 0.411867
FixedParameters: 0 0 0

#Transform 160
Transform: AffineTransform_float_3_3
Parameters: 0.999973 0.00566852 -0.0046541 -0.00564349 0.999969 0.00547741 0.00468491 -0.00545059 0.999974 -0.342717 0.130235 0.352707
FixedParameters: 0 0 0

#Transform 161
Transform: AffineTransform_float_3_3
Parameters: 0.999974 0.00536473 -0.00477827 -0.00533927 0.999972 0.00538065 0.00480773 -0.00535435 0.999974 -0.335969 0.119868 0.386094
FixedParameters: 0 0 0

#Transform 162
Transform: AffineTransform_float_3_3
Parameters: 0.999974 0.005869 -0.00434879 -0.005845 0.999967 0.00551257 0.00438021 -0.00548644 0.999976 -0.365993 0.127763 0.387618
FixedParameters: 0 0 0

#Transform 163
Transform: AffineTransform_float_3_3
Parameters: 0.999949 0.00707557 -0.00721582 -0.00699542 0.999915 0.010994 0.00729317 -0.010943 0.999913 -0.362266 0.136668 0.570075
FixedParameters: 0 0 0

#Transform 164
Transform: AffineTransform_float_3_3
Parameters: 0.999964 0.00606666 -0.00582429 -0.00603733 0.999969 0.00492634 0.0058547 -0.00489065 0.999971 -0.34981 0.152881 0.380289
FixedParameters: 0 0 0

#Transform 165
Transform: AffineTransform_float_3_3
Parameters: 0.999996 0.000414246 -0.00254098 -0.000454754 0.999871 -0.0160589 0.00253402 0.0160601 0.999868 -0.27933 0.197867 -0.714575
FixedParameters: 0 0 0

#Transform 166
Transform: AffineTransform_float_3_3
Parameters: 0.999982 -0.00352531 -0.00487414 0.0032937 0.998896 -0.0468739 0.00503389 0.0468571 0.998889 -0.0672591 0.238464 -1.34429
FixedParameters: 0 0 0

#Transform 167
Transform: AffineTransform_float_3_3
Parameters: 0.99999 0.00303674 -0.0032746 -0.00306225 0.999966 -0.00773605 0.00325039 0.00774595 0.999964 -0.264544 0.158808 -0.0533256
FixedParameters: 0 0 0

#Transform 168
Transform: AffineTransform_float_3_3
Parameters: 0.999981 0.00406345 -0.00450997 -0.00407955 0.999985 -0.00366667 0.00449503 0.00368533 0.999983 -0.297907 0.204163 -0.0336529
FixedParameters: 0 0 0

#Transform 169
Transform: AffineTransform_float_3_3
Parameters: 0.999986 0.00357359 -0.00372768 -0.00359341 0.999979 -0.00548468 0.00370732 0.00549732 0.999978 -0.315673 0.181717 -0.0958652
FixedParameters: 0 0 0

#Transform 170
Transform: AffineTransform_float_3_3
Parameters: 0.999989 0.00331127 -0.00344918 -0.00332774 0.999984 -0.00456657 0.00343382 0.00457742 0.999983 -0.316981 0.191161 -0.0702509
FixedParameters: 0 0 0

#Transform 171
Transform: AffineTransform_float_3_3
Parameters: 0.999988 0.0032803 -0.00359248 -0.0032947 0.999986 -0.00409321 0.00357953 0.00410479 0.999985 -0.312184 0.170032 -0.0355719
FixedParameters: 0 0 0

#Transform 172
Transform: AffineTransform_float_3_3
Parameters: 0.999986 0.00356523 -0.00408311 -0.00358677 0.99998 -0.00533644 0.00406389 0.00535157 0.999978 -0.338455 0.178976 -0.0581614
FixedParameters: 0 0 0

#Transform 173
Transform: AffineTransform_float_3_3
Parameters: 0.999985 0.00304145 -0.00457807 -0.00306654 0.999979 -0.00558304 0.00456093 0.00559695 0.999974 -0.328025 0.170371 -0.0473051
FixedParameters: 0 0 0

#Transform 174
Transform: AffineTransform_float_3_3
Parameters: 0.999987 0.00279594 -0.00409783 -0.00281906 0.99998 -0.00563252 0.00408217 0.00564448 0.999975 -0.314859 0.170727 -0.0290017
FixedParameters: 0 0 0

#Transform 175
Transform: AffineTransform_float_3_3
Parameters: 0.999986 0.00311055 -0.0043045 -0.00313644 0.999977 -0.00591758 0.0042855 0.00593041 0.999973 -0.320288 0.160011 -0.0197812
FixedParameters: 0 0 0

#Transform 176
Transform: AffineTransform_float_3_3
Parameters: 0.999983 0.0031088 -0.00478777 -0.0031362 0.999979 -0.00568308 0.00477023 0.00569792 0.999973 -0.317347 0.16036 -0.0207474
FixedParameters: 0 0 0

#Transform 177
Transform: AffineTransform_float_3_3
Parameters: 0.999973 0.00357014 -0.0064468 -0.00361086 0.999974 -0.0063379 0.0064242 0.00636111 0.999959 -0.363223 0.141787 -0.0659161
FixedParameters: 0 0 0

#Transform 178
Transform: AffineTransform_float_3_3
Parameters: 0.999954 0.00354721 -0.00883557 -0.0036848 0.999871 -0.0156281 0.00877942 0.0156599 0.999839 -0.405033 0.0975432 -0.241039
FixedParameters: 0 0 0

#Transform 179
Transform: AffineTransform_float_3_3
Parameters: 0.999962 0.00394995 -0.00784489 -0.00403407 0.999935 -0.0107288 0.00780211 0.0107592 0.999911 -0.423306 0.124294 -0.134438
FixedParameters: 0 0 0
