#!ascii label  , from subject sub-v2s9x29165_ses-1 vox2ras=TkReg
706
19100  21.492  -58.077  -46.745 0.6000000238
17527  22.604  -59.430  -39.518 0.6999999881
124574  22.573  -58.693  -41.744 0.6999999881
17585  22.233  -59.708  -44.920 0.8999999762
17598  21.610  -59.713  -45.961 0.8000000119
17605  21.237  -59.410  -46.778 0.8000000119
117411  21.236  -57.252  -46.343 0.6000000238
19836  22.352  -57.105  -46.209 0.6999999881
114599  22.862  -56.234  -46.120 0.6999999881
18279  22.165  -58.751  -39.641 0.6999999881
17518  21.973  -59.438  -38.275 0.6999999881
126729  21.486  -58.299  -40.846 0.6999999881
18301  21.517  -58.265  -41.562 0.6000000238
18310  22.284  -58.560  -42.450 0.6999999881
18329  22.037  -58.538  -43.276 0.6999999881
18330  21.330  -58.328  -43.853 0.8000000119
18345  21.093  -58.759  -44.874 0.8000000119
17586  21.537  -59.290  -45.197 0.8000000119
18354  20.799  -59.097  -46.018 0.8000000119
18361  20.635  -58.405  -46.574 0.6000000238
117286  21.587  -56.420  -46.233 0.6000000238
20567  21.997  -55.553  -46.417 0.6999999881
114629  23.972  -56.044  -46.179 0.6999999881
19031  20.489  -57.695  -39.816 0.5000000000
18270  21.400  -58.457  -38.447 0.6000000238
128697  19.905  -57.299  -40.319 0.4000000060
18290  20.420  -57.860  -40.681 0.6000000238
18302  20.159  -57.727  -41.602 0.5000000000
122436  19.768  -57.268  -43.245 0.6000000238
120970  20.399  -57.784  -43.494 0.8000000119
18331  20.448  -58.157  -44.527 0.6999999881
19095  19.466  -57.462  -45.742 0.6999999881
19102  19.877  -57.511  -46.285 0.6999999881
119330  20.560  -55.795  -46.631 0.5000000000
21337  22.338  -54.712  -46.705 0.6000000238
20566  23.165  -55.330  -46.316 0.6000000238
20565  24.985  -55.729  -46.313 0.5000000000
128279  20.575  -57.206  -38.742 0.5000000000
18998  20.781  -57.713  -38.304 0.6000000238
18263  20.799  -58.355  -36.942 0.6000000238
19014  20.760  -57.697  -39.038 0.5000000000
18312  19.976  -57.499  -42.493 0.5000000000
19079  19.430  -56.893  -43.717 0.6000000238
19829  18.827  -56.436  -45.268 0.6000000238
19103  19.226  -56.882  -46.002 0.6000000238
20568  19.162  -55.882  -46.847 0.5000000000
21339  19.428  -55.189  -47.335 0.5000000000
21338  20.990  -54.936  -47.023 0.6000000238
21342  21.561  -54.131  -47.326 0.6000000238
21336  23.315  -54.454  -46.555 0.5000000000
118293  24.049  -54.205  -46.445 0.5000000000
22154  25.544  -53.981  -46.386 0.5000000000
21335  24.856  -54.586  -46.331 0.5000000000
18999  20.611  -57.065  -38.068 0.5000000000
18979  20.418  -57.475  -36.808 0.5000000000
19771  19.772  -56.919  -40.502 0.5000000000
19785  19.643  -56.725  -41.243 0.4000000060
20543  20.996  -55.437  -43.333 0.3000000119
20531  19.947  -56.040  -42.719 0.4000000060
20544  19.867  -55.714  -43.845 0.3000000119
21324  20.620  -54.819  -44.476 0.3000000119
19817  19.444  -56.393  -43.760 0.5000000000
119111  18.763  -56.028  -44.959 0.5000000000
20554  18.667  -55.606  -45.640 0.5000000000
20569  18.538  -55.658  -46.633 0.5000000000
20572  18.420  -55.207  -47.180 0.5000000000
21343  19.976  -54.243  -47.787 0.6000000238
126728  22.598  -54.012  -46.974 0.5000000000
22156  23.382  -53.584  -46.856 0.5000000000
22155  24.494  -53.502  -46.536 0.5000000000
19760  20.796  -56.304  -39.169 0.5000000000
116441  20.837  -55.988  -40.439 0.5000000000
20515  20.939  -55.841  -41.215 0.4000000060
119229  20.995  -55.690  -42.237 0.5000000000
20530  22.173  -55.088  -42.791 0.4000000060
21314  21.759  -54.810  -43.671 0.3000000119
21325  19.226  -54.902  -45.493 0.4000000060
110482  18.217  -55.189  -46.990 0.5000000000
123137  18.347  -54.717  -47.290 0.4000000060
109746  21.012  -53.586  -47.832 0.5000000000
23028  21.268  -52.953  -48.182 0.5000000000
22161  22.215  -53.366  -47.497 0.5000000000
23019  25.399  -52.990  -46.481 0.5000000000
23020  24.479  -52.508  -46.755 0.4000000060
23021  23.758  -52.878  -46.944 0.5000000000
19747  20.900  -55.864  -38.411 0.5000000000
20486  21.439  -55.449  -39.069 0.5000000000
20497  21.970  -55.400  -40.613 0.5000000000
21307  22.757  -54.799  -42.068 0.4000000060
21313  22.596  -54.363  -43.481 0.4000000060
127573  21.315  -53.993  -44.958 0.3000000119
22141  20.281  -54.121  -45.471 0.4000000060
22149  19.013  -54.295  -46.302 0.4000000060
23014  19.020  -53.569  -46.956 0.4000000060
21330  18.387  -55.101  -46.412 0.4000000060
109040  18.355  -54.499  -47.191 0.4000000060
21345  18.524  -54.099  -47.641 0.5000000000
22169  19.250  -52.989  -48.310 0.5000000000
22162  20.045  -53.383  -48.336 0.6000000238
23895  22.467  -51.905  -47.920 0.4000000060
116741  23.425  -52.109  -47.391 0.5000000000
21268  22.508  -54.371  -39.776 0.4000000060
21297  23.317  -54.269  -41.840 0.4000000060
21282  22.707  -54.657  -40.478 0.4000000060
22129  23.347  -53.732  -43.284 0.4000000060
22128  23.424  -53.017  -43.877 0.4000000060
21322  22.150  -53.367  -44.921 0.4000000060
23012  21.802  -52.660  -45.559 0.4000000060
22140  21.184  -53.402  -45.502 0.4000000060
118196  20.161  -53.457  -46.153 0.4000000060
23013  20.193  -52.581  -46.742 0.4000000060
23022  18.703  -52.628  -47.968 0.5000000000
23029  18.812  -52.371  -48.006 0.5000000000
125897  19.508  -52.340  -48.447 0.6000000238
23903  20.927  -51.570  -48.605 0.5000000000
23902  22.048  -51.437  -48.297 0.4000000060
22109  23.106  -53.939  -40.328 0.4000000060
22119  23.764  -53.564  -41.613 0.4000000060
22108  23.588  -53.362  -40.848 0.4000000060
108512  23.986  -53.052  -43.063 0.4000000060
22138  22.907  -52.982  -44.572 0.4000000060
23881  21.345  -52.059  -46.148 0.4000000060
114030  20.662  -51.325  -46.788 0.4000000060
23887  19.455  -51.886  -47.564 0.4000000060
23896  19.013  -51.945  -47.905 0.5000000000
23905  19.062  -51.601  -47.983 0.4000000060
125901  20.033  -51.904  -48.650 0.6000000238
22984  24.376  -52.098  -41.829 0.4000000060
22990  24.329  -52.239  -42.772 0.4000000060
22998  23.898  -52.245  -43.663 0.4000000060
23006  23.286  -52.291  -44.506 0.4000000060
23876  22.976  -51.594  -45.118 0.4000000060
24730  22.500  -50.904  -45.619 0.5000000000
24731  21.740  -51.128  -46.159 0.4000000060
24732  21.241  -50.486  -46.509 0.3000000119
24737  20.437  -50.252  -47.044 0.3000000119
124467  19.837  -50.879  -47.462 0.4000000060
24746  19.155  -50.972  -47.954 0.4000000060
25665  19.458  -49.732  -48.268 0.4000000060
24754  19.747  -50.394  -48.519 0.5000000000
22977  23.203  -53.046  -40.173 0.4000000060
23868  24.257  -51.387  -43.362 0.4000000060
23869  23.666  -51.301  -44.302 0.4000000060
24724  23.178  -50.656  -45.072 0.3000000119
116845  22.685  -50.086  -45.559 0.3000000119
25631  21.098  -49.561  -46.569 0.3000000119
25659  19.303  -49.209  -48.041 0.4000000060
26595  19.559  -49.025  -48.339 0.4000000060
23855  24.480  -51.229  -41.468 0.3000000119
23862  24.476  -51.325  -42.431 0.3000000119
24714  24.114  -50.649  -43.826 0.3000000119
25624  23.256  -49.769  -45.088 0.3000000119
25629  23.255  -49.055  -45.173 0.3000000119
117136  22.012  -49.370  -46.131 0.4000000060
27435  21.855  -47.888  -46.187 0.4000000060
26563  21.409  -48.679  -46.387 0.3000000119
26568  20.406  -48.594  -46.814 0.3000000119
26569  19.631  -48.299  -47.488 0.3000000119
25638  19.310  -48.967  -47.896 0.4000000060
26590  19.263  -48.466  -48.037 0.4000000060
124477  19.630  -47.753  -48.301 0.4000000060
26562  22.196  -48.733  -46.029 0.4000000060
27436  20.660  -47.848  -46.581 0.4000000060
27444  19.422  -47.425  -47.494 0.4000000060
28396  19.358  -46.680  -47.417 0.4000000060
28402  19.377  -46.032  -47.217 0.4000000060
27449  19.275  -47.272  -47.782 0.4000000060
28403  19.356  -46.834  -47.676 0.4000000060
110851  20.951  -47.048  -46.420 0.4000000060
28387  20.209  -46.235  -46.624 0.5000000000
28395  19.406  -46.032  -47.033 0.4000000060
29315  19.528  -45.363  -47.195 0.4000000060
27461  19.805  -47.111  -48.209 0.3000000119
29322  19.440  -45.309  -47.148 0.3000000119
18360  21.239  -58.937  -47.091 0.6999999881
18344  22.133  -58.937  -44.178 0.8000000119
19101  20.635  -57.910  -46.569 0.6000000238
18355  20.163  -58.313  -46.128 0.6999999881
113939  24.100  -55.050  -46.279 0.6000000238
19044  19.691  -57.254  -40.943 0.4000000060
19800  19.650  -56.503  -42.988 0.4000000060
19078  19.770  -57.508  -44.200 0.6999999881
19091  19.133  -57.146  -44.906 0.6999999881
19837  20.154  -56.777  -46.441 0.6999999881
19770  20.332  -56.472  -40.020 0.5000000000
20561  18.483  -55.637  -46.323 0.5000000000
20553  19.286  -55.535  -44.745 0.4000000060
21344  18.684  -54.528  -47.561 0.6000000238
23033  20.367  -52.518  -48.532 0.6000000238
23880  22.209  -51.807  -45.635 0.3000000119
22975  24.259  -51.896  -40.983 0.4000000060
25637  20.053  -49.286  -47.274 0.3000000119
27443  19.873  -47.804  -46.994 0.3000000119
27437  19.772  -47.050  -46.851 0.3000000119
28416  19.843  -46.053  -47.670 0.3000000119
14069  24.064  -63.344  -43.189 0.6000000238
14068  25.183  -63.296  -43.067 0.6000000238
14087  27.682  -63.351  -43.755 0.6000000238
14954  27.994  -62.193  -44.766 0.6000000238
11657  23.107  -66.035  -42.474 0.5000000000
14054  23.855  -64.121  -42.711 0.6000000238
14919  23.629  -62.631  -43.449 0.6999999881
13246  24.564  -64.806  -42.550 0.6000000238
14938  24.496  -62.085  -44.233 0.6000000238
14937  25.544  -62.168  -43.945 0.6000000238
15822  26.045  -61.696  -44.593 0.6000000238
15821  27.039  -61.851  -44.615 0.6000000238
15838  27.512  -61.532  -45.356 0.6000000238
15852  27.755  -61.184  -46.173 0.6000000238
16759  27.935  -60.831  -47.168 0.6999999881
13248  22.532  -64.707  -42.326 0.6000000238
14902  23.108  -63.157  -42.604 0.6999999881
116979  23.068  -65.155  -42.465 0.5000000000
14055  22.797  -63.932  -42.453 0.6999999881
14070  23.344  -63.376  -42.859 0.6999999881
120217  23.790  -62.105  -44.107 0.6999999881
15823  24.988  -61.708  -44.685 0.5000000000
125298  27.043  -61.089  -45.858 0.6000000238
15853  26.930  -60.721  -46.685 0.6000000238
16773  27.180  -60.405  -47.629 0.6999999881
16771  28.301  -60.880  -47.905 0.6999999881
16796  26.960  -59.895  -49.490 0.6999999881
17646  32.438  -59.689  -53.503 0.4000000060
17642  28.786  -59.525  -53.080 0.5000000000
17634  27.954  -60.086  -52.343 0.6000000238
16816  27.534  -59.936  -51.836 0.6000000238
17621  26.830  -59.646  -50.544 0.6999999881
13234  20.452  -64.796  -40.944 0.5000000000
14032  21.964  -63.913  -41.211 0.5000000000
14891  23.128  -62.611  -41.840 0.6000000238
13233  21.406  -64.660  -41.393 0.5000000000
14043  22.630  -63.576  -41.930 0.5000000000
15808  23.413  -61.943  -43.306 0.6999999881
14920  23.360  -62.610  -43.134 0.6999999881
14939  23.537  -61.966  -43.739 0.6999999881
15841  24.420  -61.338  -45.427 0.6999999881
15854  26.150  -60.942  -45.975 0.6000000238
120454  25.588  -60.670  -46.913 0.6000000238
117629  26.338  -60.437  -47.417 0.6999999881
16786  27.137  -60.154  -48.521 0.6999999881
17629  26.990  -59.495  -51.435 0.6000000238
17630  26.028  -59.100  -51.068 0.6000000238
14869  20.814  -62.705  -39.503 0.5000000000
14034  19.596  -63.300  -40.388 0.4000000060
115795  21.711  -63.342  -40.521 0.5000000000
14033  20.686  -63.259  -40.170 0.5000000000
13218  21.101  -64.049  -40.690 0.5000000000
14878  22.937  -62.233  -40.749 0.6000000238
14031  22.538  -63.117  -41.043 0.6000000238
16711  23.516  -60.743  -42.175 0.6999999881
15807  23.448  -60.999  -43.190 0.6999999881
15826  23.389  -61.138  -44.173 0.6999999881
15842  23.493  -61.068  -45.476 0.6999999881
15855  25.018  -60.937  -46.079 0.6999999881
16774  25.444  -60.372  -47.861 0.6999999881
16787  25.252  -59.985  -48.696 0.8000000119
17622  25.808  -59.435  -50.127 0.6999999881
18393  27.592  -58.819  -52.431 0.5000000000
17636  26.686  -58.965  -51.723 0.6000000238
128443  25.442  -59.002  -50.553 0.6000000238
14024  19.745  -62.709  -39.874 0.4000000060
14868  21.785  -62.434  -39.658 0.6000000238
14879  21.436  -62.896  -40.041 0.6000000238
15774  23.120  -61.380  -40.337 0.6000000238
15773  23.350  -60.644  -40.672 0.6000000238
17554  23.402  -59.832  -41.859 0.6000000238
17573  22.907  -59.582  -43.956 0.6999999881
16726  23.289  -60.328  -43.826 0.6999999881
15843  23.031  -60.819  -45.137 0.6999999881
15825  23.541  -61.425  -44.548 0.6999999881
111972  22.712  -60.547  -46.044 0.8000000119
16752  23.193  -60.666  -46.341 0.8000000119
16761  23.436  -60.560  -46.975 0.6000000238
116230  24.724  -60.506  -47.555 0.6000000238
126299  24.449  -59.198  -49.421 0.8000000119
121182  25.054  -59.534  -49.481 0.6999999881
119869  28.391  -58.257  -52.529 0.5000000000
18381  26.838  -58.329  -51.845 0.6000000238
17631  25.422  -58.536  -50.695 0.6999999881
19127  27.683  -57.787  -52.067 0.6000000238
15761  21.158  -62.005  -38.161 0.5000000000
14859  19.863  -62.665  -38.235 0.4000000060
14844  19.270  -63.009  -38.000 0.4000000060
15767  22.129  -61.769  -39.247 0.5000000000
14857  21.402  -62.222  -38.954 0.5000000000
118027  22.737  -61.194  -39.579 0.6000000238
17535  23.351  -59.870  -41.027 0.6000000238
17545  23.084  -59.160  -41.439 0.6000000238
110113  22.771  -59.003  -43.188 0.6999999881
16739  22.901  -60.304  -44.676 0.8000000119
16753  22.378  -60.237  -45.603 0.8000000119
16762  22.494  -60.293  -47.000 0.6000000238
17608  22.724  -59.492  -47.794 0.6000000238
17607  23.453  -59.611  -48.062 0.6999999881
120478  23.872  -58.635  -48.721 0.6999999881
19115  25.069  -57.625  -49.640 0.6999999881
19128  26.216  -57.673  -51.400 0.6000000238
19857  25.769  -57.076  -50.062 0.6000000238
19849  26.509  -56.482  -49.499 0.6000000238
113804  27.010  -57.288  -51.597 0.6000000238
19856  26.424  -56.558  -50.479 0.6000000238
16676  22.146  -60.363  -38.359 0.5000000000
128085  21.536  -61.437  -37.936 0.5000000000
14842  20.432  -62.365  -37.585 0.5000000000
14006  18.876  -63.442  -37.317 0.5000000000
17517  22.377  -59.718  -38.883 0.5000000000
128922  21.926  -61.052  -38.204 0.5000000000
17536  23.148  -59.871  -40.151 0.6000000238
16763  21.935  -60.053  -46.547 0.6999999881
17604  21.748  -59.678  -47.250 0.6000000238
18365  22.657  -58.978  -47.709 0.6000000238
18358  23.516  -58.517  -47.702 0.6000000238
19107  24.255  -58.077  -48.215 0.6999999881
19098  24.546  -57.906  -46.968 0.6000000238
19110  25.007  -57.598  -48.585 0.6000000238
19850  25.826  -57.067  -48.983 0.6999999881
19864  27.891  -56.696  -51.639 0.5000000000
20580  27.025  -55.845  -50.046 0.4000000060
117284  21.849  -59.971  -37.641 0.5000000000
16645  21.148  -60.642  -36.505 0.5000000000
15731  20.115  -61.995  -35.866 0.5000000000
14817  19.355  -62.140  -35.391 0.5000000000
13977  18.096  -63.354  -35.625 0.5000000000
112596  17.197  -63.646  -35.371 0.5000000000
19099  22.759  -57.859  -46.603 0.6000000238
119727  24.431  -57.389  -46.511 0.6000000238
19097  25.098  -57.280  -46.675 0.4000000060
19847  25.888  -57.098  -47.759 0.5000000000
112111  27.047  -55.882  -47.810 0.4000000060
20576  27.187  -55.898  -48.897 0.4000000060
19846  26.592  -56.507  -48.329 0.5000000000
17506  21.503  -59.091  -37.454 0.6000000238
117895  21.086  -59.967  -36.300 0.5000000000
16626  20.097  -60.755  -35.221 0.5000000000
112492  18.503  -61.703  -34.786 0.5000000000
116376  17.650  -61.983  -34.723 0.5000000000
14820  16.517  -62.950  -35.043 0.5000000000
13980  15.207  -63.605  -35.385 0.4000000060
13981  14.269  -63.335  -35.653 0.5000000000
13995  12.907  -63.291  -36.196 0.4000000060
13996  12.275  -63.548  -36.694 0.4000000060
13185  12.326  -64.721  -37.314 0.4000000060
19834  24.630  -56.697  -46.351 0.6000000238
19833  25.324  -56.553  -46.524 0.4000000060
124247  26.705  -55.758  -47.051 0.4000000060
20575  27.457  -55.180  -48.333 0.4000000060
17495  20.653  -59.496  -35.850 0.5000000000
16627  19.571  -60.388  -34.823 0.4000000060
16615  17.953  -60.373  -34.682 0.4000000060
123509  16.872  -61.089  -34.942 0.5000000000
16630  15.679  -60.468  -35.875 0.4000000060
15723  15.086  -61.365  -35.662 0.5000000000
16631  14.864  -60.409  -36.260 0.4000000060
16648  13.944  -60.136  -36.715 0.5000000000
14823  13.899  -62.519  -35.782 0.5000000000
16665  12.970  -60.271  -37.024 0.3000000119
126870  12.005  -62.014  -36.601 0.3000000119
120145  11.198  -62.171  -37.788 0.3000000119
20564  25.735  -54.969  -46.419 0.4000000060
18254  19.944  -58.140  -35.487 0.5000000000
18240  19.250  -59.106  -34.695 0.5000000000
17475  17.509  -59.831  -34.889 0.4000000060
117432  20.457  -56.860  -37.324 0.4000000060
18980  19.959  -57.370  -36.113 0.4000000060
18971  19.359  -57.275  -35.318 0.4000000060
19716  18.012  -56.660  -35.398 0.4000000060
123196  20.324  -56.049  -37.128 0.4000000060
19720  19.814  -55.939  -36.518 0.4000000060
19715  18.826  -56.540  -35.475 0.4000000060
21259  21.043  -54.384  -37.857 0.4000000060
20446  18.676  -55.191  -36.174 0.4000000060
20447  17.761  -55.293  -36.246 0.4000000060
20448  16.933  -55.382  -36.621 0.4000000060
20445  19.487  -55.210  -36.424 0.4000000060
20473  21.367  -55.009  -38.403 0.3000000119
22053  19.440  -53.924  -36.667 0.4000000060
22055  18.087  -53.853  -36.728 0.4000000060
21243  17.462  -54.170  -36.884 0.4000000060
113551  22.208  -53.951  -39.147 0.4000000060
21245  16.072  -54.913  -37.715 0.4000000060
124929  16.487  -53.600  -38.144 0.4000000060
127996  22.233  -53.214  -39.237 0.3000000119
22965  21.783  -52.528  -39.054 0.4000000060
122254  20.591  -52.881  -37.923 0.4000000060
22936  19.915  -52.740  -37.555 0.4000000060
22938  18.069  -52.884  -37.512 0.4000000060
22071  16.925  -53.872  -37.519 0.4000000060
22947  18.493  -52.362  -37.840 0.3000000119
18359  22.041  -58.698  -47.281 0.6000000238
16675  22.692  -60.337  -39.326 0.5000000000
19835  23.643  -57.055  -46.217 0.6000000238
19832  25.990  -55.956  -46.607 0.4000000060
14935  27.309  -62.539  -43.973 0.6000000238
17614  26.138  -59.855  -49.076 0.6999999881
17649  29.729  -59.347  -53.206 0.5000000000
18391  29.047  -58.736  -52.953 0.5000000000
16828  28.613  -60.147  -52.783 0.5000000000
18392  28.281  -59.028  -52.882 0.4000000060
17635  27.376  -59.425  -52.166 0.6000000238
13219  20.360  -63.958  -40.528 0.5000000000
16751  23.926  -60.952  -46.213 0.6999999881
18382  26.032  -58.455  -51.389 0.6000000238
15782  23.389  -61.444  -41.327 0.6000000238
16760  24.413  -60.738  -46.913 0.6999999881
115075  24.364  -60.011  -48.322 0.8000000119
17623  24.883  -58.950  -50.045 0.6999999881
117863  19.867  -62.581  -39.124 0.4000000060
16775  23.850  -60.301  -47.622 0.6000000238
19111  24.363  -58.120  -49.238 0.6999999881
18373  24.807  -58.287  -49.949 0.6999999881
19126  28.606  -57.291  -52.121 0.5000000000
19121  25.893  -57.267  -50.880 0.6000000238
17609  22.042  -59.316  -47.495 0.6999999881
17615  23.302  -59.060  -48.172 0.6999999881
19866  26.538  -56.832  -51.155 0.6000000238
19855  27.027  -56.055  -50.846 0.6000000238
15747  21.107  -61.699  -37.380 0.5000000000
14830  20.503  -62.047  -36.615 0.5000000000
14831  19.740  -62.491  -36.196 0.4000000060
121908  22.951  -58.404  -47.140 0.6000000238
19106  25.213  -57.579  -47.275 0.6000000238
12367  12.845  -64.867  -36.816 0.3000000119
19843  25.782  -56.953  -46.889 0.5000000000
20571  27.116  -55.200  -47.335 0.4000000060
15722  16.091  -61.231  -35.308 0.5000000000
15734  12.589  -61.745  -36.439 0.4000000060
14009  11.734  -63.537  -37.321 0.4000000060
21242  20.022  -53.959  -36.928 0.4000000060
9290  36.073  -69.635  -48.649 0.3000000119
114841  37.544  -70.013  -48.718 0.3000000119
14997  33.880  -62.491  -50.641 0.4000000060
15010  35.638  -62.155  -51.198 0.4000000060
14159  35.576  -63.135  -51.187 0.4000000060
122658  36.941  -63.536  -51.949 0.4000000060
14998  32.368  -62.288  -50.843 0.4000000060
14144  32.302  -63.095  -50.406 0.4000000060
14999  31.532  -62.566  -50.781 0.4000000060
15000  30.601  -62.689  -50.540 0.5000000000
14133  30.547  -63.579  -49.417 0.5000000000
14134  29.812  -63.272  -49.161 0.5000000000
16813  34.997  -60.868  -51.747 0.4000000060
15885  33.873  -61.752  -51.050 0.5000000000
109162  33.039  -62.609  -50.540 0.5000000000
14117  30.038  -64.123  -47.897 0.5000000000
15898  35.760  -61.287  -51.550 0.5000000000
14996  34.731  -61.775  -51.068 0.5000000000
15009  36.620  -61.570  -51.716 0.5000000000
14158  36.571  -62.654  -51.603 0.4000000060
14157  37.569  -62.940  -52.143 0.4000000060
13364  37.929  -63.921  -52.497 0.4000000060
11776  39.078  -65.707  -53.242 0.3000000119
10979  39.101  -67.052  -53.192 0.4000000060
16824  32.434  -60.621  -53.011 0.4000000060
108630  31.119  -61.486  -51.963 0.4000000060
15902  30.328  -61.522  -51.854 0.4000000060
109999  33.201  -60.648  -52.738 0.4000000060
15900  33.338  -61.259  -51.709 0.4000000060
15913  31.822  -61.385  -51.941 0.4000000060
15012  30.847  -62.104  -51.323 0.4000000060
15887  30.011  -62.015  -51.154 0.5000000000
14986  30.097  -63.032  -49.889 0.5000000000
16814  34.146  -60.626  -52.365 0.4000000060
15899  34.199  -61.249  -51.525 0.4000000060
15886  33.174  -61.978  -50.903 0.4000000060
15001  29.705  -62.403  -50.353 0.5000000000
14987  29.426  -62.642  -49.546 0.5000000000
14977  29.201  -62.802  -48.687 0.6000000238
14978  28.796  -62.170  -48.088 0.6000000238
14970  29.012  -62.942  -47.768 0.6000000238
16795  27.675  -60.124  -49.964 0.6000000238
16784  28.301  -60.744  -48.629 0.6000000238
14971  28.727  -62.218  -47.119 0.5000000000
14172  38.894  -62.728  -52.490 0.4000000060
15837  28.243  -61.753  -45.654 0.5000000000
114282  38.729  -64.845  -52.963 0.4000000060
110750  39.911  -64.904  -52.865 0.4000000060
12568  40.194  -65.762  -52.817 0.4000000060
15915  29.989  -61.054  -52.345 0.4000000060
16827  29.379  -60.632  -52.547 0.5000000000
15903  29.442  -61.293  -51.774 0.5000000000
15889  28.697  -61.055  -51.251 0.5000000000
15876  28.997  -62.000  -49.918 0.5000000000
16804  28.222  -60.535  -50.558 0.5000000000
113850  28.635  -61.313  -49.261 0.6000000238
16805  27.581  -60.009  -51.000 0.6000000238
16794  28.283  -60.631  -49.547 0.6000000238
9278  35.969  -69.896  -47.656 0.3000000119
9288  38.689  -70.084  -48.266 0.3000000119
11753  39.243  -68.146  -50.292 0.3000000119
16831  33.068  -60.175  -53.375 0.4000000060
16832  31.996  -60.310  -53.331 0.4000000060
16833  31.075  -60.374  -53.186 0.4000000060
126652  30.877  -60.722  -52.856 0.4000000060
16826  30.258  -60.533  -52.866 0.4000000060
16815  28.644  -60.660  -52.141 0.5000000000
114092  28.101  -60.405  -51.590 0.5000000000
15864  28.499  -61.466  -47.511 0.6000000238
14962  28.660  -62.244  -46.124 0.5000000000
15011  31.674  -61.921  -51.370 0.4000000060
14124  29.588  -63.464  -48.308 0.5000000000
11752  39.934  -67.362  -51.488 0.3000000119
16825  31.534  -60.902  -52.729 0.4000000060
15888  29.227  -61.744  -50.830 0.5000000000
15877  28.665  -61.231  -50.235 0.6000000238
24738  19.535  -50.022  -47.688 0.3000000119
11775  39.714  -66.503  -53.060 0.4000000060
12383  12.846  -65.438  -37.212 0.3000000119
13157  13.603  -63.919  -35.954 0.5000000000
13171  12.565  -64.292  -36.739 0.3000000119
13232  22.193  -64.349  -41.970 0.6000000238
13247  23.710  -64.818  -42.485 0.5000000000
13978  16.897  -64.293  -35.647 0.5000000000
13992  19.298  -62.998  -36.681 0.4000000060
13997  11.794  -62.965  -36.927 0.3000000119
14008  12.067  -64.084  -37.169 0.4000000060
14017  18.654  -63.218  -38.257 0.4000000060
14053  24.829  -63.969  -42.720 0.6000000238
14066  27.017  -63.128  -43.446 0.6000000238
14145  31.406  -63.229  -50.271 0.4000000060
14818  18.364  -62.537  -35.128 0.5000000000
14819  17.441  -62.796  -35.005 0.5000000000
14821  15.813  -62.190  -35.163 0.5000000000
14822  14.879  -62.555  -35.471 0.4000000060
14832  18.944  -62.907  -35.887 0.5000000000
14833  13.086  -62.515  -36.097 0.4000000060
14834  12.271  -62.626  -36.502 0.4000000060
14843  19.616  -62.841  -37.433 0.5000000000
14845  11.452  -62.869  -37.498 0.4000000060
14858  20.612  -62.407  -38.591 0.5000000000
14867  22.555  -61.969  -39.952 0.6000000238
14917  25.619  -62.770  -43.412 0.6000000238
14918  24.561  -62.608  -43.614 0.6000000238
14934  28.049  -62.857  -44.220 0.6000000238
14961  28.937  -63.019  -46.767 0.5000000000
15718  20.579  -61.295  -35.981 0.5000000000
15719  19.956  -61.537  -35.431 0.5000000000
15720  19.306  -61.167  -34.897 0.5000000000
15721  16.774  -61.991  -34.800 0.5000000000
15724  14.276  -61.835  -35.764 0.5000000000
15730  21.052  -61.333  -36.753 0.5000000000
15732  14.149  -61.067  -36.153 0.5000000000
15733  13.514  -61.763  -36.076 0.5000000000
15735  11.637  -62.224  -36.982 0.3000000119
15748  11.907  -61.512  -36.831 0.3000000119
15759  22.314  -61.050  -38.848 0.5000000000
15760  21.755  -61.595  -38.561 0.5000000000
15762  11.435  -61.454  -37.432 0.3000000119
15791  23.403  -61.776  -42.470 0.6999999881
15792  23.290  -62.511  -42.780 0.6999999881
15824  23.997  -61.702  -44.762 0.6999999881
15839  26.579  -61.370  -45.264 0.6000000238
15840  25.541  -61.304  -45.312 0.6999999881
15851  28.360  -61.538  -46.572 0.5000000000
15870  28.588  -61.405  -48.377 0.6000000238
15901  32.454  -61.631  -51.462 0.4000000060
15912  32.443  -61.087  -52.284 0.4000000060
15914  30.670  -61.062  -52.479 0.4000000060
16614  18.814  -60.401  -34.642 0.4000000060
16628  17.155  -60.387  -34.953 0.5000000000
16646  20.671  -60.333  -35.762 0.5000000000
16647  15.426  -59.865  -36.330 0.4000000060
16649  13.240  -60.965  -36.507 0.5000000000
16650  12.405  -60.920  -36.810 0.3000000119
16664  21.633  -60.831  -37.409 0.5000000000
16692  23.127  -60.685  -39.970 0.6000000238
16702  23.459  -60.524  -41.387 0.6000000238
16772  27.893  -60.485  -48.081 0.6999999881
16776  22.934  -60.097  -47.588 0.6000000238
16777  22.281  -59.838  -47.520 0.6999999881
16785  27.766  -60.297  -48.973 0.6999999881
17473  19.266  -59.852  -34.678 0.4000000060
17474  18.351  -59.624  -34.670 0.4000000060
17484  20.095  -59.705  -34.995 0.4000000060
17485  18.372  -58.676  -34.712 0.4000000060
17486  16.140  -59.631  -36.032 0.4000000060
17494  21.068  -59.268  -36.589 0.6000000238
17555  23.071  -59.078  -42.267 0.6999999881
17572  23.364  -59.845  -42.939 0.6999999881
17624  23.890  -59.171  -48.854 0.6999999881
17641  29.468  -60.070  -53.119 0.4000000060
17643  28.034  -59.559  -52.711 0.4000000060
18245  19.838  -58.771  -34.942 0.5000000000
18253  20.527  -58.690  -36.123 0.5000000000
18262  20.986  -58.260  -37.742 0.6000000238
18269  22.110  -58.978  -38.993 0.6999999881
18280  21.428  -58.304  -39.345 0.5000000000
18288  22.634  -58.957  -40.184 0.6999999881
18289  21.587  -58.343  -40.201 0.6000000238
18300  22.369  -58.656  -40.969 0.6999999881
18311  21.119  -58.097  -42.674 0.6999999881
18346  20.387  -58.468  -45.459 0.8000000119
18374  24.322  -58.685  -49.392 0.8000000119
18383  25.657  -57.924  -51.098 0.6000000238
18972  18.616  -57.265  -35.006 0.4000000060
18989  20.654  -57.630  -37.535 0.5000000000
19015  20.228  -57.037  -39.558 0.5000000000
19057  19.592  -57.115  -41.731 0.4000000060
19058  19.561  -56.968  -42.613 0.5000000000
19090  19.755  -57.900  -45.251 0.6999999881
19721  19.154  -55.854  -35.993 0.4000000060
19722  18.289  -55.899  -35.822 0.4000000060
19723  17.280  -56.146  -36.064 0.4000000060
19784  20.043  -56.413  -40.822 0.5000000000
19799  19.642  -56.544  -42.046 0.4000000060
19827  19.088  -56.486  -44.472 0.6000000238
19838  19.226  -56.416  -46.303 0.5000000000
19839  18.734  -56.244  -45.990 0.5000000000
19842  26.439  -56.413  -47.315 0.4000000060
20444  20.164  -55.243  -36.874 0.4000000060
20474  20.725  -55.334  -37.644 0.4000000060
20485  22.084  -55.099  -39.787 0.5000000000
20498  21.292  -55.759  -39.762 0.5000000000
20514  22.048  -55.320  -41.711 0.4000000060
20516  19.995  -56.245  -41.652 0.4000000060
20532  19.609  -56.141  -43.475 0.5000000000
20545  19.245  -56.049  -44.180 0.5000000000
21224  19.811  -54.533  -36.689 0.4000000060
21225  19.078  -54.510  -36.407 0.4000000060
21226  18.159  -54.500  -36.456 0.4000000060
21227  17.385  -54.787  -36.634 0.4000000060
21241  20.398  -54.499  -37.220 0.4000000060
21244  16.731  -54.677  -37.181 0.4000000060
21258  21.654  -54.197  -38.530 0.4000000060
21260  16.244  -54.255  -37.936 0.4000000060
21269  21.913  -54.706  -39.135 0.3000000119
21281  23.328  -54.169  -41.045 0.4000000060
21298  22.807  -54.813  -41.275 0.4000000060
21323  21.946  -54.190  -44.276 0.3000000119
22054  18.727  -53.894  -36.582 0.4000000060
22067  20.449  -53.606  -37.479 0.4000000060
22068  19.685  -53.410  -37.102 0.4000000060
22069  18.456  -53.388  -36.971 0.4000000060
22070  17.678  -53.522  -37.216 0.4000000060
22077  21.734  -53.371  -38.745 0.3000000119
22078  21.147  -53.517  -38.132 0.4000000060
22079  17.154  -53.092  -37.962 0.4000000060
22092  22.688  -53.554  -39.704 0.4000000060
22123  23.700  -53.693  -42.448 0.4000000060
22139  22.778  -53.635  -44.087 0.3000000119
22157  18.640  -53.595  -47.730 0.5000000000
22160  23.057  -52.885  -47.335 0.5000000000
22163  18.936  -53.743  -48.042 0.6000000238
22164  18.671  -53.170  -47.983 0.5000000000
22170  18.943  -52.623  -48.171 0.5000000000
22937  19.019  -52.857  -37.313 0.4000000060
22944  21.084  -52.677  -38.525 0.4000000060
22964  22.568  -52.579  -39.587 0.3000000119
22976  23.735  -52.484  -40.627 0.4000000060
22985  24.064  -52.756  -41.322 0.4000000060
22991  24.192  -52.962  -42.193 0.4000000060
23007  22.622  -52.475  -45.120 0.4000000060
23027  22.347  -52.549  -47.762 0.5000000000
23032  21.601  -52.184  -48.309 0.5000000000
23034  19.121  -52.095  -48.211 0.5000000000
23039  19.534  -51.769  -48.464 0.6000000238
23814  19.336  -51.584  -38.736 0.3000000119
23904  19.965  -51.269  -48.658 0.5000000000
23909  19.393  -51.227  -48.340 0.4000000060
24755  19.265  -50.527  -48.092 0.4000000060
25630  22.017  -50.183  -46.104 0.4000000060
25649  19.229  -49.940  -47.962 0.4000000060
26578  19.234  -48.056  -47.940 0.4000000060
27462  19.290  -47.670  -48.052 0.4000000060
27468  19.611  -48.284  -48.348 0.4000000060
107997  23.098  -64.305  -42.580 0.6999999881
108681  36.182  -63.731  -51.615 0.4000000060
108952  26.309  -60.169  -48.167 0.6999999881
108982  20.808  -58.833  -46.609 0.8000000119
110221  23.698  -50.247  -44.445 0.3000000119
111939  20.335  -58.003  -36.320 0.5000000000
112070  40.406  -64.951  -52.378 0.4000000060
112470  19.162  -58.079  -34.775 0.5000000000
112500  22.676  -49.308  -45.637 0.4000000060
112660  23.079  -54.395  -42.672 0.4000000060
113796  23.034  -59.252  -40.748 0.6000000238
113802  20.127  -56.702  -36.636 0.4000000060
114472  25.341  -57.775  -50.481 0.6999999881
115527  17.499  -59.153  -34.990 0.4000000060
116342  21.543  -59.986  -36.903 0.6000000238
116917  19.533  -56.599  -35.989 0.4000000060
119765  18.606  -56.002  -45.663 0.5000000000
120027  22.206  -62.667  -40.321 0.5000000000
120679  23.777  -57.898  -46.684 0.6000000238
120738  19.959  -62.597  -36.873 0.5000000000
120904  19.090  -53.459  -36.839 0.4000000060
121628  13.523  -63.125  -35.895 0.4000000060
121657  18.449  -60.960  -34.647 0.4000000060
122140  11.371  -63.435  -37.885 0.4000000060
122189  12.868  -63.931  -36.329 0.4000000060
122194  20.646  -56.698  -38.615 0.5000000000
122360  17.673  -61.140  -34.686 0.4000000060
122620  20.630  -56.303  -37.833 0.4000000060
124208  19.034  -56.830  -45.576 0.6999999881
124541  28.909  -62.077  -48.994 0.6000000238
126475  19.283  -49.830  -48.076 0.4000000060
126789  19.244  -51.690  -48.252 0.4000000060
126902  15.724  -63.064  -35.179 0.4000000060
126961  19.224  -48.636  -47.989 0.4000000060
127046  21.004  -52.825  -45.994 0.4000000060
127555  20.924  -58.430  -46.792 0.6000000238
127609  22.371  -49.733  -45.859 0.3000000119
127613  24.529  -59.589  -49.011 0.8000000119
127693  17.246  -61.557  -34.748 0.5000000000
128537  27.090  -58.925  -52.087 0.6000000238
128839  20.278  -58.961  -35.398 0.5000000000
128936  19.126  -52.865  -47.471 0.4000000060
