#!ascii label  , from subject sub-v2s9x29165_ses-1 vox2ras=TkReg
1610
6723  19.890  -75.059  -49.792 0.6999999881
127550  19.627  -74.627  -49.019 0.8000000119
6698  19.672  -73.546  -48.399 0.8000000119
5640  20.370  -75.935  -48.679 0.6000000238
5641  20.003  -75.931  -48.797 0.6000000238
6167  19.316  -74.785  -48.339 0.6000000238
6152  21.071  -75.659  -48.389 0.6000000238
7286  20.229  -72.470  -48.463 0.8000000119
7900  20.128  -71.831  -47.866 0.6999999881
7901  19.661  -71.677  -47.519 0.6999999881
6176  20.342  -75.881  -50.057 0.6000000238
124571  20.430  -72.846  -49.399 0.6999999881
7276  19.800  -72.534  -47.858 0.6999999881
6697  21.408  -74.721  -47.372 0.6000000238
6686  21.810  -74.021  -46.418 0.6000000238
124509  21.471  -74.108  -45.738 0.6000000238
5072  21.533  -76.143  -42.935 0.6000000238
5587  21.249  -75.373  -43.280 0.6000000238
8560  20.681  -70.789  -49.148 0.8000000119
8551  20.414  -70.335  -48.288 0.8000000119
125477  19.997  -70.233  -47.510 0.6999999881
9281  19.431  -69.708  -47.084 0.6999999881
9268  18.928  -69.609  -46.754 0.6999999881
7920  20.673  -71.828  -49.376 0.8000000119
8539  20.121  -71.025  -47.691 0.6999999881
8540  19.414  -70.711  -47.090 0.6999999881
7912  20.434  -71.361  -48.409 0.8000000119
7296  20.697  -72.851  -50.189 0.6999999881
113249  20.724  -76.015  -49.208 0.6999999881
6151  21.970  -74.623  -48.065 0.6000000238
6165  21.374  -75.623  -49.136 0.6000000238
5594  21.852  -74.991  -43.903 0.6000000238
6105  21.765  -74.517  -44.435 0.6000000238
5071  22.234  -76.644  -43.478 0.6000000238
3966  22.170  -78.427  -42.606 0.6999999881
4515  21.620  -77.925  -42.123 0.6000000238
3450  22.274  -79.733  -41.881 0.5000000000
3967  21.894  -78.828  -41.992 0.6000000238
2998  22.235  -80.298  -41.438 0.5000000000
10084  20.047  -68.834  -49.367 0.8999999762
9280  20.017  -69.514  -47.847 0.8000000119
10066  19.398  -68.906  -47.567 0.6999999881
8570  20.849  -70.254  -49.928 0.6999999881
9318  20.507  -69.491  -49.594 0.8999999762
10067  18.607  -68.481  -47.433 0.6999999881
7927  20.987  -71.846  -50.391 0.8000000119
8559  20.909  -71.085  -49.874 0.8000000119
7307  20.954  -73.053  -51.120 0.8000000119
6739  20.770  -75.437  -51.391 0.6999999881
7308  20.547  -74.241  -50.960 0.6999999881
6194  20.734  -76.021  -50.890 0.8000000119
122356  21.510  -75.632  -49.924 0.8000000119
6696  22.322  -73.983  -47.111 0.6999999881
6119  22.430  -74.161  -45.048 0.6999999881
5593  22.488  -75.396  -44.136 0.6000000238
4521  22.131  -77.851  -42.833 0.6999999881
112857  22.476  -79.131  -42.762 0.6999999881
10100  20.263  -68.939  -50.222 0.8999999762
10085  19.766  -68.824  -48.445 0.8000000119
124219  18.277  -67.882  -47.989 0.6999999881
9336  21.034  -70.034  -50.981 0.8000000119
118761  20.659  -69.551  -50.329 0.8000000119
8569  21.175  -70.956  -50.623 0.6999999881
7318  21.274  -73.689  -52.182 0.6999999881
119742  20.827  -74.505  -51.671 0.8000000119
6208  21.149  -75.680  -51.459 0.8000000119
6711  22.489  -74.327  -48.903 0.8000000119
113785  23.014  -73.770  -47.006 0.6999999881
5600  23.154  -74.553  -45.286 0.8000000119
5081  23.431  -76.345  -45.559 0.8000000119
3978  22.920  -78.196  -44.548 0.6999999881
126355  22.650  -77.861  -43.958 0.6999999881
5592  23.135  -75.507  -44.745 0.6999999881
3462  22.871  -79.365  -43.654 0.6999999881
3467  22.605  -78.438  -43.545 0.6999999881
107743  13.560  -62.488  -52.043 0.6000000238
15017  13.829  -61.335  -51.589 0.6000000238
15018  11.802  -61.106  -51.234 0.6000000238
15893  10.694  -60.796  -51.076 0.6999999881
10101  19.633  -68.311  -50.129 0.8999999762
10102  19.324  -68.235  -49.179 0.6999999881
8582  21.375  -70.922  -51.538 0.6000000238
7329  21.654  -73.540  -53.070 0.6000000238
7944  21.539  -71.995  -52.380 0.6000000238
6751  21.212  -75.228  -51.995 0.6999999881
123637  22.386  -74.948  -51.827 0.6999999881
6750  21.737  -75.314  -52.166 0.6999999881
12564  17.883  -65.105  -51.371 0.6999999881
12547  17.489  -65.345  -50.467 0.6999999881
116764  22.980  -74.194  -50.571 0.8000000119
6738  21.811  -75.443  -51.368 0.8000000119
13356  18.367  -64.794  -52.285 0.6000000238
13340  17.127  -64.599  -50.835 0.6999999881
111028  22.853  -73.803  -47.787 0.6999999881
13341  16.319  -64.384  -50.538 0.6999999881
6135  23.900  -74.636  -46.879 0.8000000119
6150  23.509  -73.960  -46.924 0.8000000119
13357  17.626  -64.134  -51.835 0.5000000000
13369  17.803  -63.324  -52.565 0.5000000000
4527  23.172  -77.706  -45.239 0.6999999881
14175  18.397  -62.586  -53.149 0.5000000000
15032  18.998  -61.691  -53.214 0.6000000238
14176  17.650  -62.498  -52.788 0.5000000000
14177  16.902  -62.400  -52.462 0.6000000238
15016  16.067  -62.324  -52.291 0.6999999881
14167  14.625  -63.330  -52.085 0.6999999881
15025  17.638  -61.447  -52.784 0.5000000000
15026  16.688  -61.480  -52.559 0.6000000238
14178  15.054  -62.436  -52.222 0.6000000238
15028  14.351  -62.253  -52.132 0.6000000238
15033  18.547  -61.205  -52.870 0.6000000238
15027  15.846  -61.441  -52.351 0.6000000238
15919  14.949  -61.420  -52.114 0.6000000238
15917  17.945  -60.718  -52.435 0.5000000000
15918  16.601  -60.546  -52.302 0.5000000000
15908  14.815  -60.423  -51.402 0.6000000238
15909  12.621  -60.665  -51.033 0.6000000238
15892  11.851  -60.732  -50.838 0.6999999881
14992  12.237  -61.252  -49.920 0.6000000238
13343  11.632  -62.985  -50.182 0.6999999881
16830  16.528  -59.984  -51.902 0.6000000238
16818  15.818  -59.761  -51.330 0.6000000238
16819  13.641  -60.211  -50.774 0.6000000238
125600  13.273  -60.176  -50.115 0.6999999881
14991  12.952  -61.495  -49.005 0.5000000000
9354  21.171  -70.144  -51.913 0.6000000238
10929  18.971  -67.617  -49.960 0.8000000119
10904  17.588  -67.381  -48.180 0.6999999881
11744  18.294  -66.848  -49.797 0.6999999881
10944  18.775  -67.116  -50.726 0.8000000119
12546  18.179  -65.916  -51.011 0.8000000119
12563  18.467  -65.733  -51.970 0.6999999881
120286  18.898  -64.512  -53.030 0.6000000238
6149  24.139  -74.077  -47.512 0.8000000119
6721  24.308  -73.606  -48.878 0.8000000119
114786  24.398  -75.043  -47.690 0.8000000119
13368  18.465  -63.716  -52.867 0.5000000000
5607  24.186  -75.785  -47.026 0.8000000119
15023  20.374  -62.286  -53.086 0.5000000000
15031  19.762  -61.754  -53.123 0.6000000238
14186  19.274  -62.585  -53.387 0.6000000238
15904  19.397  -61.440  -52.934 0.6000000238
15906  18.337  -60.840  -52.190 0.6000000238
13330  13.040  -63.564  -48.921 0.5000000000
16829  17.285  -60.148  -52.081 0.5000000000
14138  12.831  -62.633  -49.229 0.5000000000
124716  12.793  -63.337  -49.327 0.6000000238
16817  16.616  -60.003  -51.662 0.6000000238
110213  14.776  -59.738  -50.679 0.6999999881
16807  14.087  -59.753  -50.295 0.6999999881
15881  12.911  -60.531  -49.634 0.6999999881
15890  17.697  -60.561  -51.701 0.6000000238
16800  13.503  -60.168  -49.231 0.6000000238
15879  16.153  -60.499  -50.116 0.6999999881
16798  14.940  -59.531  -50.029 0.6000000238
107427  14.544  -59.910  -49.201 0.5000000000
10112  20.468  -69.171  -51.035 0.6999999881
10113  19.874  -68.466  -51.030 0.6999999881
10943  19.227  -67.743  -51.012 0.8000000119
126357  18.926  -67.256  -51.318 0.6999999881
11781  18.776  -66.289  -52.725 0.6999999881
10958  18.688  -66.675  -51.619 0.6999999881
13310  13.651  -64.334  -47.470 0.5000000000
14163  20.244  -62.640  -52.125 0.5000000000
15014  19.895  -61.869  -52.678 0.6000000238
107074  13.277  -63.872  -48.206 0.5000000000
14148  19.700  -63.255  -51.159 0.5000000000
13339  20.072  -64.038  -50.531 0.5000000000
15015  19.310  -61.538  -52.370 0.6000000238
15872  13.262  -60.609  -48.640 0.5000000000
14135  19.303  -63.708  -50.175 0.5000000000
14149  18.934  -62.819  -50.818 0.6000000238
15003  17.791  -61.555  -50.884 0.6000000238
14988  18.138  -62.497  -50.431 0.6000000238
10127  20.104  -68.672  -51.925 0.6999999881
118367  19.524  -67.951  -51.952 0.6999999881
121053  19.057  -67.356  -51.908 0.6999999881
14990  16.550  -61.736  -49.574 0.5000000000
13327  19.695  -64.448  -49.691 0.5000000000
124550  15.042  -60.289  -48.691 0.5000000000
14136  18.511  -63.424  -49.861 0.5000000000
14137  17.704  -63.154  -49.514 0.5000000000
15878  17.032  -61.064  -50.630 0.5000000000
14980  16.313  -62.257  -48.606 0.5000000000
14972  16.259  -62.488  -47.674 0.5000000000
13317  17.813  -64.379  -48.281 0.5000000000
14127  16.747  -63.171  -48.231 0.5000000000
15871  15.736  -61.086  -48.905 0.5000000000
13328  18.883  -64.230  -49.406 0.5000000000
14126  17.382  -63.632  -48.682 0.5000000000
14979  16.925  -62.812  -49.138 0.5000000000
14125  18.097  -63.983  -49.087 0.5000000000
11713  14.129  -66.742  -46.993 0.6000000238
11724  13.559  -66.359  -47.614 0.6000000238
12501  14.477  -65.934  -46.701 0.5000000000
10892  14.290  -67.287  -46.344 0.6999999881
10893  13.761  -67.574  -46.769 0.6000000238
10908  12.704  -67.548  -47.741 0.6000000238
9273  12.361  -69.298  -46.373 0.6999999881
10040  14.476  -68.322  -45.302 0.6000000238
10041  13.724  -68.621  -45.665 0.6999999881
10053  13.405  -68.274  -46.430 0.6999999881
10072  12.401  -68.307  -47.473 0.6999999881
9262  12.645  -69.650  -45.611 0.8000000119
10032  15.210  -68.338  -44.082 0.5000000000
10873  15.282  -67.323  -45.006 0.5000000000
9272  13.017  -68.936  -46.020 0.8000000119
10034  14.118  -69.046  -44.937 0.6000000238
8490  11.596  -70.778  -42.985 0.6999999881
10822  15.506  -68.063  -42.716 0.5000000000
110654  15.504  -67.167  -43.821 0.5000000000
8514  12.346  -70.431  -44.344 0.6999999881
8515  11.587  -70.731  -44.681 0.6999999881
9257  12.928  -70.008  -44.843 0.6999999881
9255  14.351  -69.288  -44.073 0.6999999881
122844  10.488  -71.039  -42.166 0.6999999881
8489  12.232  -70.417  -42.347 0.6999999881
9237  14.833  -69.275  -42.385 0.6000000238
9249  13.756  -69.827  -43.415 0.8000000119
14091  9.654  -62.982  -45.469 0.6999999881
14090  10.075  -63.991  -45.016 0.8000000119
10778  14.847  -67.898  -39.157 0.4000000060
114000  10.327  -70.037  -41.357 0.6999999881
9998  15.147  -68.319  -40.651 0.5000000000
122454  11.230  -70.728  -42.068 0.6999999881
10017  15.290  -68.670  -42.199 0.6000000238
9223  14.335  -69.434  -41.791 0.6000000238
8502  13.011  -70.214  -42.992 0.6999999881
108255  13.984  -69.744  -42.456 0.8000000119
8488  13.127  -70.047  -42.251 0.8000000119
19009  1.816  -57.029  -37.949 0.5000000000
19008  1.583  -57.562  -38.602 0.5000000000
18284  1.530  -58.257  -39.868 0.5000000000
17589  5.832  -59.307  -46.008 0.5000000000
16740  8.106  -60.407  -45.551 0.6000000238
110764  6.836  -59.076  -44.518 0.6000000238
18349  5.347  -59.205  -45.963 0.6000000238
17558  3.124  -59.661  -42.448 0.6000000238
16754  8.240  -61.002  -46.300 0.6999999881
16741  7.182  -60.077  -46.202 0.6999999881
15846  8.552  -61.774  -46.334 0.6999999881
15859  7.990  -61.861  -46.703 0.6999999881
10824  10.660  -67.591  -42.416 0.6999999881
11663  10.427  -66.982  -43.111 0.6999999881
12469  10.582  -66.180  -43.642 0.8000000119
10779  14.195  -67.970  -38.904 0.5000000000
9226  11.109  -69.431  -41.359 0.6999999881
10000  13.905  -68.761  -40.202 0.6000000238
8476  11.801  -70.307  -41.746 0.8000000119
9224  13.490  -69.622  -41.591 0.6999999881
125386  12.021  -69.037  -41.270 0.8000000119
9238  12.552  -70.032  -41.724 0.8000000119
19742  2.246  -56.263  -37.645 0.5000000000
19755  2.188  -56.840  -38.217 0.6000000238
19754  3.410  -56.906  -38.338 0.5000000000
19007  2.422  -57.267  -38.981 0.6000000238
19025  1.557  -57.847  -39.464 0.6000000238
18294  1.738  -58.383  -41.017 0.6000000238
19037  2.349  -57.805  -40.944 0.6000000238
18306  1.510  -58.531  -41.961 0.5000000000
18332  6.509  -58.455  -44.135 0.5000000000
18348  5.295  -58.742  -45.609 0.5000000000
17574  8.163  -59.754  -43.156 0.6000000238
18350  4.870  -58.722  -45.493 0.6000000238
16744  4.454  -59.593  -45.003 0.6999999881
17548  2.108  -59.403  -42.117 0.6000000238
16728  8.513  -60.347  -44.148 0.6000000238
128308  8.757  -60.882  -44.682 0.6999999881
16767  7.330  -60.956  -46.569 0.6999999881
17600  5.967  -59.741  -46.256 0.6999999881
16743  5.066  -60.011  -45.606 0.8000000119
123875  3.894  -59.248  -44.237 0.6999999881
15795  9.490  -61.615  -43.600 0.6999999881
14924  9.597  -62.247  -44.454 0.6999999881
14907  9.792  -62.423  -43.394 0.6999999881
14076  9.897  -63.130  -44.196 0.8000000119
13253  10.477  -64.548  -43.031 0.8000000119
13266  10.427  -64.740  -44.214 0.8000000119
9978  13.516  -68.295  -39.486 0.5000000000
11616  11.460  -66.007  -39.995 0.6000000238
10823  11.037  -67.189  -42.381 0.8000000119
12455  10.959  -65.957  -42.756 0.8000000119
10001  13.073  -68.614  -40.233 0.6000000238
9979  12.775  -68.099  -39.904 0.6999999881
10805  11.530  -67.424  -41.683 0.8000000119
10792  12.447  -68.082  -40.586 0.6999999881
10804  12.011  -68.131  -41.263 0.6999999881
118835  12.692  -69.469  -41.266 0.8000000119
20466  2.696  -55.530  -37.360 0.4000000060
19741  2.898  -56.103  -37.895 0.5000000000
19006  4.086  -57.386  -38.760 0.4000000060
19023  3.552  -57.585  -40.266 0.5000000000
19049  2.215  -57.823  -41.981 0.5000000000
17575  7.237  -59.013  -43.515 0.5000000000
19092  5.147  -58.173  -44.958 0.6000000238
19083  4.189  -58.089  -43.985 0.6000000238
19062  2.368  -58.117  -42.698 0.6000000238
128253  3.851  -59.003  -44.250 0.6999999881
17577  3.133  -59.033  -43.595 0.6999999881
16712  9.315  -60.985  -42.821 0.6000000238
14075  10.193  -63.896  -43.693 0.8000000119
126588  11.102  -65.400  -40.420 0.6999999881
11644  11.602  -66.836  -41.324 0.6999999881
12454  11.272  -66.564  -42.067 0.8000000119
108977  10.778  -65.189  -42.393 0.8000000119
11631  11.797  -66.739  -40.542 0.6999999881
20465  3.611  -55.458  -37.464 0.4000000060
21250  4.128  -54.697  -37.048 0.4000000060
21234  3.740  -54.049  -36.690 0.4000000060
19005  5.261  -57.502  -38.576 0.5000000000
19740  4.176  -56.386  -37.829 0.4000000060
22062  3.368  -53.593  -36.260 0.5000000000
19036  3.412  -57.492  -41.266 0.5000000000
124770  5.095  -56.479  -42.288 0.5000000000
19048  3.329  -57.477  -42.353 0.5000000000
20521  5.712  -55.821  -42.488 0.5000000000
19084  3.103  -58.316  -43.342 0.6999999881
108692  9.704  -61.812  -42.649 0.6000000238
14060  10.261  -63.712  -42.619 0.8000000119
12415  11.213  -65.163  -39.596 0.6000000238
13223  10.861  -64.636  -40.273 0.6000000238
122563  10.429  -63.376  -40.868 0.6999999881
110732  10.344  -63.510  -41.662 0.6999999881
13239  10.853  -65.094  -41.272 0.6999999881
22903  4.367  -52.742  -35.208 0.3000000119
19738  6.354  -56.868  -37.572 0.4000000060
20464  4.877  -55.602  -37.295 0.3000000119
21249  4.942  -54.630  -36.946 0.4000000060
110252  4.551  -53.839  -36.803 0.4000000060
22061  4.231  -53.088  -36.607 0.4000000060
22917  3.770  -52.967  -36.131 0.5000000000
115004  5.761  -57.614  -39.230 0.4000000060
22916  4.188  -52.482  -35.872 0.3000000119
19022  5.428  -57.604  -39.969 0.4000000060
19806  5.261  -56.468  -43.162 0.5000000000
19035  5.500  -57.312  -40.695 0.4000000060
20537  5.937  -55.979  -43.571 0.6000000238
19034  6.157  -57.454  -39.954 0.4000000060
20536  6.318  -55.408  -43.013 0.4000000060
19790  5.545  -56.447  -41.612 0.5000000000
14906  10.017  -62.771  -42.345 0.6999999881
108088  10.559  -64.355  -41.973 0.6999999881
126923  3.143  -53.391  -35.206 0.4000000060
22928  4.378  -52.444  -36.548 0.4000000060
22915  4.706  -51.786  -35.995 0.3000000119
19004  6.172  -57.423  -38.467 0.3000000119
19776  6.397  -56.669  -40.832 0.4000000060
21311  6.708  -54.951  -42.437 0.4000000060
20520  6.194  -55.730  -41.689 0.4000000060
20455  5.773  -55.160  -36.838 0.3000000119
21233  5.552  -54.022  -36.734 0.3000000119
22060  5.125  -52.972  -37.039 0.4000000060
23788  4.662  -51.695  -36.868 0.3000000119
20454  6.074  -56.134  -37.159 0.3000000119
19020  7.207  -57.242  -38.984 0.3000000119
20503  7.631  -55.551  -40.823 0.3000000119
19775  7.312  -56.383  -40.376 0.3000000119
107277  7.236  -55.106  -41.487 0.3000000119
22059  5.748  -52.884  -36.863 0.3000000119
22927  5.120  -51.857  -37.260 0.3000000119
21232  6.385  -54.768  -36.586 0.3000000119
19764  8.313  -56.611  -39.017 0.3000000119
20502  8.407  -55.399  -40.401 0.3000000119
21288  7.856  -54.734  -41.312 0.3000000119
22902  5.330  -52.583  -34.660 0.3000000119
115376  6.743  -55.637  -36.721 0.3000000119
21231  7.213  -54.952  -36.365 0.3000000119
20490  8.775  -55.979  -39.450 0.3000000119
13358  16.691  -63.894  -51.287 0.6000000238
14165  16.357  -63.175  -51.883 0.6999999881
14150  15.984  -63.755  -51.089 0.6999999881
14166  15.604  -63.124  -51.925 0.6999999881
19047  4.534  -57.089  -41.631 0.4000000060
19823  4.711  -57.201  -43.648 0.6000000238
23787  4.849  -50.859  -36.977 0.3000000119
5642  19.675  -75.501  -48.241 0.6999999881
7902  18.952  -71.480  -47.202 0.6999999881
4522  21.749  -77.097  -42.708 0.6000000238
4528  22.757  -77.268  -44.241 0.6999999881
7936  21.312  -71.930  -51.314 0.6000000238
10930  18.460  -67.536  -48.884 0.6999999881
6710  23.513  -73.660  -48.356 0.8000000119
5076  23.158  -76.707  -44.910 0.6999999881
120346  23.356  -77.212  -45.708 0.8000000119
15004  11.518  -60.886  -51.022 0.6999999881
14164  17.166  -63.278  -52.093 0.5000000000
13331  11.734  -64.250  -50.140 0.6000000238
16797  15.653  -59.733  -50.580 0.6999999881
11757  18.397  -66.521  -50.637 0.8000000119
13380  19.420  -63.659  -53.422 0.5000000000
126237  18.631  -61.528  -51.614 0.6000000238
10010  11.506  -68.528  -41.467 0.8000000119
960  25.072  -86.346  -40.015 0.4000000060
958  26.202  -86.243  -39.748 0.4000000060
1535  24.038  -84.445  -40.684 0.3000000119
1212  24.403  -85.894  -39.759 0.4000000060
124748  24.696  -86.347  -39.301 0.4000000060
959  25.668  -86.346  -39.863 0.4000000060
1919  25.823  -83.879  -44.148 0.4000000060
1559  26.189  -84.326  -43.255 0.5000000000
1920  25.162  -83.736  -44.057 0.3000000119
1560  25.439  -84.353  -43.316 0.4000000060
1232  25.587  -85.475  -41.504 0.4000000060
1912  24.825  -83.997  -43.151 0.3000000119
1233  25.001  -85.630  -41.349 0.3000000119
1224  24.780  -85.851  -40.591 0.3000000119
1901  24.044  -83.729  -41.157 0.3000000119
1926  24.765  -83.023  -44.731 0.4000000060
1925  25.470  -83.396  -45.003 0.4000000060
2264  26.482  -82.822  -45.328 0.5000000000
125222  24.700  -83.285  -43.645 0.3000000119
125231  23.739  -82.303  -41.858 0.4000000060
2254  23.818  -81.936  -42.521 0.3000000119
2618  22.625  -80.977  -41.444 0.4000000060
2617  23.202  -81.693  -41.622 0.4000000060
2272  25.006  -82.367  -46.327 0.4000000060
2650  24.585  -81.817  -46.523 0.4000000060
2644  24.548  -82.281  -45.729 0.4000000060
2655  24.107  -81.384  -46.777 0.4000000060
3478  24.604  -80.345  -47.701 0.5000000000
2638  24.250  -82.163  -44.471 0.4000000060
3032  23.640  -80.808  -46.365 0.4000000060
3010  23.279  -80.739  -42.982 0.5000000000
3026  23.520  -80.861  -45.228 0.4000000060
3011  22.795  -80.476  -42.175 0.4000000060
3451  21.488  -79.319  -41.387 0.6000000238
119278  21.826  -79.966  -41.253 0.4000000060
3998  24.799  -79.592  -48.548 0.6000000238
127356  24.292  -79.507  -48.072 0.6000000238
3472  23.670  -80.256  -47.033 0.6000000238
3999  23.806  -78.925  -47.454 0.6000000238
3989  23.518  -79.270  -46.724 0.6000000238
4541  23.898  -77.901  -47.182 0.6999999881
3461  23.190  -80.057  -44.308 0.5000000000
3466  23.117  -79.215  -44.686 0.6000000238
111615  23.591  -77.115  -46.345 0.6999999881
4558  25.191  -77.812  -49.746 0.6999999881
5110  25.040  -76.685  -49.695 0.6999999881
4009  24.821  -78.353  -49.155 0.6000000238
117791  24.505  -77.736  -48.385 0.6999999881
6173  24.901  -74.210  -49.190 0.6999999881
6164  24.572  -74.353  -48.411 0.6999999881
6722  23.388  -73.708  -49.353 0.6999999881
4540  24.261  -77.592  -47.706 0.6999999881
5623  24.477  -76.106  -47.998 0.6999999881
5088  24.036  -76.901  -46.988 0.6999999881
126217  25.454  -74.989  -50.040 0.5000000000
6735  25.690  -73.957  -50.393 0.6000000238
5639  24.754  -75.784  -48.694 0.6999999881
6720  24.904  -73.730  -49.730 0.6000000238
122871  25.031  -73.330  -50.312 0.6999999881
7306  24.500  -72.995  -50.835 0.6999999881
5098  24.377  -76.855  -47.797 0.6999999881
6736  24.206  -73.292  -49.961 0.6999999881
6737  23.506  -73.562  -51.091 0.6000000238
7316  24.752  -72.739  -51.678 0.6000000238
7317  23.861  -73.186  -51.640 0.6000000238
110410  23.893  -73.483  -52.763 0.6000000238
7943  21.763  -72.472  -53.532 0.5000000000
118898  18.469  -72.684  -47.678 0.6000000238
6700  18.796  -73.481  -47.765 0.6000000238
6749  22.848  -74.611  -52.366 0.6000000238
110374  22.268  -75.031  -52.782 0.6000000238
7328  22.141  -74.122  -53.963 0.5000000000
7903  18.078  -71.269  -47.221 0.6000000238
8541  18.527  -70.696  -46.822 0.6000000238
7278  18.365  -71.960  -47.549 0.6000000238
6762  22.532  -74.897  -53.675 0.5000000000
6763  21.810  -74.890  -52.923 0.5000000000
9282  16.527  -69.472  -46.955 0.6000000238
126165  17.456  -68.704  -46.865 0.6000000238
8531  17.155  -69.880  -46.721 0.6000000238
117087  16.939  -70.493  -47.106 0.6000000238
8530  18.059  -70.043  -46.574 0.6000000238
110419  17.672  -68.096  -47.395 0.6000000238
9270  17.686  -69.349  -46.637 0.6000000238
9355  20.683  -69.433  -51.903 0.6000000238
6761  22.979  -74.885  -53.465 0.6000000238
10069  16.364  -68.759  -47.201 0.6000000238
10917  16.740  -66.763  -48.452 0.6000000238
10905  16.870  -67.556  -47.736 0.6000000238
10931  17.681  -66.781  -48.943 0.6000000238
11758  17.826  -66.057  -50.008 0.5000000000
126638  17.755  -66.444  -49.491 0.5000000000
8544  15.717  -70.271  -47.556 0.6999999881
10070  15.764  -68.566  -47.769 0.6000000238
11745  17.101  -66.113  -49.223 0.6000000238
12532  17.114  -65.536  -49.779 0.6000000238
10945  13.653  -67.768  -50.557 0.6000000238
10906  16.319  -67.979  -47.641 0.6000000238
10918  16.191  -67.256  -48.163 0.6000000238
12533  16.328  -65.448  -49.482 0.5000000000
11734  15.475  -67.254  -48.730 0.6000000238
11759  14.698  -66.055  -50.074 0.6000000238
11748  14.181  -67.129  -50.146 0.6000000238
11760  13.733  -66.645  -50.904 0.6000000238
10919  15.675  -67.889  -48.243 0.6000000238
12548  16.704  -64.983  -50.104 0.6000000238
109496  15.659  -65.938  -49.275 0.6000000238
12534  15.560  -65.252  -49.915 0.5000000000
124049  14.036  -65.872  -50.896 0.5000000000
13342  15.616  -64.474  -50.593 0.6000000238
12549  14.774  -65.233  -50.684 0.6000000238
12565  13.952  -65.334  -51.486 0.6000000238
13361  13.765  -64.613  -52.072 0.6999999881
12566  13.198  -65.600  -52.378 0.6999999881
12572  12.747  -65.391  -52.902 0.6999999881
13373  11.355  -64.491  -52.752 0.6999999881
13359  15.264  -63.856  -51.477 0.6000000238
125806  14.381  -63.996  -51.930 0.6999999881
14180  13.182  -63.494  -52.454 0.6999999881
13371  13.101  -64.552  -52.715 0.6999999881
13372  12.549  -64.021  -52.742 0.6999999881
111988  11.625  -63.799  -52.566 0.6000000238
14179  14.102  -63.058  -52.258 0.6000000238
8602  21.722  -71.301  -54.110 0.5000000000
7951  21.588  -71.351  -53.154 0.5000000000
109201  21.169  -70.313  -54.916 0.5000000000
108535  21.279  -70.449  -53.629 0.5000000000
9388  20.559  -69.663  -54.428 0.6000000238
10180  20.829  -68.595  -56.433 0.6000000238
9398  20.053  -69.816  -55.753 0.6000000238
126021  20.292  -69.073  -53.920 0.6000000238
9374  20.249  -68.910  -52.906 0.6000000238
11001  20.161  -68.031  -56.007 0.5000000000
10172  19.685  -68.454  -55.596 0.6000000238
10143  19.684  -68.172  -52.948 0.6000000238
10997  19.868  -67.471  -55.372 0.6000000238
10998  19.519  -67.529  -54.788 0.5000000000
10160  19.470  -67.773  -53.993 0.6000000238
10970  19.199  -67.458  -52.971 0.6000000238
11796  20.262  -66.675  -54.972 0.5000000000
10989  19.234  -67.213  -53.944 0.6000000238
12571  18.828  -65.391  -52.895 0.5000000000
12583  19.475  -64.868  -53.573 0.5000000000
10971  18.890  -66.948  -52.561 0.6000000238
11780  19.021  -66.771  -53.420 0.6000000238
3021  22.897  -80.030  -43.088 0.6000000238
3983  23.260  -78.700  -45.604 0.6999999881
8592  21.411  -70.740  -52.511 0.5000000000
13329  16.074  -64.797  -49.978 0.6000000238
13370  13.783  -63.827  -52.323 0.6999999881
9373  20.804  -69.763  -52.981 0.6000000238
11795  19.120  -65.991  -53.649 0.6000000238
1534  24.538  -85.240  -40.906 0.3000000119
1555  25.000  -84.659  -42.523 0.3000000119
1239  25.707  -84.865  -42.362 0.4000000060
2242  23.929  -82.952  -41.598 0.3000000119
2260  24.306  -82.420  -43.516 0.4000000060
2639  23.756  -81.499  -43.507 0.4000000060
2654  24.463  -81.342  -46.924 0.4000000060
2645  23.864  -81.554  -44.919 0.3000000119
3039  24.003  -80.991  -47.194 0.5000000000
3479  23.876  -79.798  -47.603 0.6000000238
118993  23.342  -80.141  -45.315 0.5000000000
3020  23.405  -80.770  -44.011 0.5000000000
4547  24.440  -78.708  -48.291 0.6000000238
11733  15.906  -66.560  -48.679 0.6000000238
9399  19.704  -69.292  -55.908 0.6000000238
10996  20.512  -67.172  -55.356 0.5000000000
119620  19.700  -69.005  -55.164 0.6000000238
128288  19.506  -68.248  -54.897 0.6000000238
10988  21.408  -66.821  -54.920 0.5000000000
11794  19.339  -66.685  -54.214 0.5000000000
12585  19.647  -65.827  -54.187 0.5000000000
49  16.356  -92.237  -28.590 0.4000000060
146  16.946  -91.800  -28.440 0.4000000060
2  17.884  -92.149  -28.656 0.5000000000
19  14.980  -92.736  -30.258 0.5000000000
70  14.847  -92.277  -30.948 0.5000000000
285  14.203  -90.375  -31.640 0.5000000000
17  16.446  -92.648  -30.082 0.5000000000
5  15.601  -92.689  -28.876 0.5000000000
154  17.256  -90.756  -28.786 0.4000000060
272  17.655  -89.761  -29.236 0.4000000060
153  18.202  -90.734  -28.604 0.5000000000
674  26.694  -87.393  -36.226 0.3000000119
666  27.214  -87.187  -35.600 0.3000000119
682  26.444  -87.297  -37.093 0.3000000119
691  26.212  -86.927  -37.925 0.3000000119
12  14.939  -92.896  -29.169 0.4000000060
63  14.335  -92.438  -30.609 0.5000000000
71  13.924  -91.961  -31.134 0.5000000000
6  14.753  -92.870  -28.362 0.4000000060
50  15.309  -92.492  -28.484 0.4000000060
155  16.268  -90.843  -28.910 0.3000000119
156  15.177  -90.858  -28.684 0.3000000119
122683  20.165  -89.492  -28.308 0.4000000060
421  17.057  -88.861  -29.771 0.3000000119
420  18.066  -88.823  -29.543 0.4000000060
271  18.627  -89.749  -28.939 0.5000000000
930  27.594  -86.827  -36.097 0.3000000119
659  27.412  -87.189  -34.852 0.3000000119
937  26.758  -86.832  -37.639 0.3000000119
944  26.528  -86.676  -38.369 0.3000000119
122092  25.758  -86.889  -38.248 0.3000000119
114212  14.388  -92.951  -28.654 0.3000000119
21  13.417  -92.478  -29.817 0.4000000060
51  14.477  -92.703  -28.052 0.3000000119
422  15.949  -88.885  -29.821 0.3000000119
616  19.437  -87.743  -29.434 0.4000000060
414  19.814  -88.710  -28.810 0.4000000060
617  18.475  -87.929  -29.834 0.4000000060
627  16.031  -87.311  -30.221 0.3000000119
1185  29.157  -85.376  -35.201 0.4000000060
124354  28.835  -86.114  -35.108 0.4000000060
112645  29.272  -86.029  -33.871 0.4000000060
897  29.579  -85.949  -33.063 0.4000000060
109059  29.767  -85.980  -31.480 0.4000000060
1146  29.466  -85.869  -29.929 0.5000000000
1194  27.966  -85.749  -37.484 0.3000000119
931  27.123  -86.929  -36.864 0.3000000119
936  27.378  -86.457  -37.378 0.3000000119
945  26.047  -86.649  -38.950 0.3000000119
1223  26.014  -85.782  -41.011 0.3000000119
52  13.620  -92.388  -27.628 0.3000000119
866  18.584  -86.356  -30.326 0.3000000119
855  19.367  -86.679  -29.803 0.3000000119
607  21.250  -87.395  -27.906 0.4000000060
598  21.946  -87.752  -27.336 0.4000000060
869  15.691  -86.751  -29.926 0.3000000119
625  17.873  -87.012  -30.395 0.3000000119
868  16.280  -86.515  -30.300 0.3000000119
618  17.497  -87.982  -30.107 0.3000000119
835  26.600  -86.532  -27.338 0.5000000000
110212  25.868  -86.409  -27.165 0.5000000000
1842  28.184  -83.697  -36.522 0.3000000119
1495  28.550  -84.343  -35.391 0.3000000119
1841  29.164  -83.974  -36.598 0.3000000119
110396  29.123  -84.673  -34.918 0.3000000119
1175  29.492  -85.030  -34.719 0.4000000060
1446  28.570  -84.770  -30.007 0.5000000000
1435  28.276  -84.987  -28.964 0.5000000000
1494  29.190  -84.750  -35.518 0.3000000119
1485  29.719  -85.056  -33.249 0.4000000060
1470  29.701  -84.936  -32.214 0.4000000060
1445  29.464  -85.262  -30.373 0.5000000000
1147  29.153  -85.495  -29.384 0.5000000000
1199  27.861  -85.609  -38.189 0.3000000119
943  27.193  -86.339  -38.196 0.3000000119
1211  26.817  -85.931  -39.663 0.3000000119
1222  26.395  -85.854  -40.371 0.3000000119
118665  26.646  -85.409  -40.979 0.4000000060
854  19.901  -86.055  -29.537 0.3000000119
128068  20.928  -85.930  -27.602 0.4000000060
1134  15.603  -85.890  -28.810 0.3000000119
1151  16.531  -85.710  -30.314 0.3000000119
127822  17.807  -86.096  -30.567 0.3000000119
837  21.384  -86.616  -27.429 0.4000000060
1152  15.937  -85.991  -29.952 0.3000000119
588  23.583  -87.451  -26.651 0.4000000060
827  24.782  -86.827  -26.804 0.5000000000
1424  24.083  -84.955  -27.153 0.4000000060
1122  24.189  -85.874  -26.788 0.5000000000
1852  25.876  -83.422  -37.317 0.3000000119
1139  26.750  -85.360  -28.010 0.5000000000
1121  25.063  -85.926  -27.172 0.5000000000
1496  27.141  -84.290  -35.271 0.3000000119
1448  25.910  -84.417  -30.059 0.4000000060
128731  25.421  -85.046  -28.331 0.5000000000
1850  29.051  -83.646  -37.006 0.3000000119
1486  28.064  -84.468  -34.545 0.4000000060
126260  28.251  -84.573  -33.873 0.4000000060
1447  27.211  -84.517  -29.966 0.5000000000
1436  26.858  -84.774  -28.926 0.5000000000
1502  28.961  -84.357  -36.451 0.3000000119
120587  29.237  -84.775  -33.975 0.4000000060
1479  28.480  -84.591  -33.242 0.5000000000
1459  28.776  -84.648  -31.097 0.5000000000
1209  28.364  -85.068  -38.669 0.3000000119
1524  28.204  -84.758  -39.659 0.4000000060
1532  28.478  -84.216  -40.374 0.3000000119
1533  27.145  -85.440  -40.195 0.4000000060
121650  27.479  -84.835  -40.697 0.4000000060
110397  19.405  -77.954  -42.664 0.5000000000
1554  26.511  -84.644  -42.362 0.3000000119
1126  15.940  -85.493  -28.090 0.3000000119
1142  16.294  -85.145  -29.842 0.3000000119
1124  20.767  -85.178  -27.506 0.3000000119
125978  15.830  -85.665  -29.440 0.3000000119
1425  21.710  -84.834  -26.503 0.3000000119
1418  23.312  -84.594  -26.612 0.5000000000
1864  26.002  -83.057  -38.092 0.3000000119
120317  24.385  -84.728  -28.165 0.5000000000
1505  26.420  -84.062  -35.918 0.3000000119
114388  25.175  -84.292  -30.827 0.4000000060
1437  24.567  -84.448  -29.176 0.4000000060
1487  26.477  -84.467  -34.600 0.4000000060
1480  27.116  -84.561  -33.591 0.4000000060
1473  26.544  -84.442  -31.961 0.4000000060
1461  26.083  -84.403  -31.099 0.4000000060
1849  29.299  -83.970  -37.093 0.3000000119
1860  29.628  -83.391  -38.163 0.3000000119
110531  26.906  -84.517  -32.650 0.4000000060
1460  27.436  -84.511  -31.013 0.5000000000
1876  29.250  -83.867  -39.384 0.3000000119
1882  29.427  -83.528  -40.172 0.4000000060
1546  27.790  -84.285  -41.259 0.4000000060
5073  19.371  -76.085  -42.964 0.5000000000
1230  26.932  -84.826  -41.557 0.4000000060
1899  28.209  -83.701  -41.712 0.5000000000
1133  16.023  -85.028  -28.911 0.3000000119
7280  17.112  -71.435  -48.407 0.5000000000
1430  23.838  -83.855  -27.673 0.3000000119
113088  23.572  -83.878  -26.827 0.3000000119
122164  17.644  -71.608  -47.736 0.5000000000
7288  16.849  -71.361  -49.034 0.6000000238
2213  25.681  -82.478  -38.804 0.3000000119
1844  25.063  -83.578  -36.892 0.3000000119
2223  26.387  -82.112  -39.427 0.3000000119
1506  25.228  -84.034  -36.046 0.3000000119
1498  24.935  -84.278  -35.275 0.3000000119
1450  24.057  -84.036  -30.024 0.4000000060
1438  23.918  -84.143  -29.000 0.4000000060
122701  18.970  -74.325  -47.808 0.5000000000
7300  15.304  -72.328  -49.527 0.5000000000
117028  25.743  -84.434  -33.954 0.3000000119
1482  24.986  -84.199  -33.448 0.3000000119
1474  24.997  -84.172  -32.534 0.3000000119
1814  24.305  -83.870  -32.099 0.3000000119
6153  18.954  -74.993  -47.676 0.5000000000
2209  30.065  -83.021  -38.637 0.3000000119
1875  30.164  -83.059  -39.256 0.3000000119
5610  19.454  -75.372  -46.927 0.5000000000
1881  30.147  -82.901  -40.115 0.3000000119
5595  19.136  -75.277  -44.932 0.5000000000
2240  30.346  -82.402  -40.701 0.4000000060
113359  19.374  -75.274  -44.073 0.6000000238
2241  29.710  -82.483  -41.741 0.4000000060
1909  28.673  -83.063  -42.148 0.5000000000
5582  19.954  -75.796  -42.646 0.5000000000
2258  28.030  -82.579  -43.311 0.4000000060
1910  27.733  -83.563  -42.580 0.3000000119
1911  26.965  -84.105  -43.061 0.4000000060
5057  20.054  -76.915  -41.976 0.6000000238
3464  26.160  -80.374  -44.677 0.3000000119
2642  27.002  -82.534  -44.768 0.4000000060
4497  20.179  -77.536  -41.759 0.6000000238
3949  19.790  -78.101  -41.788 0.5000000000
3977  25.559  -78.578  -44.950 0.3000000119
3025  25.620  -80.495  -45.745 0.5000000000
3030  26.063  -81.445  -45.608 0.4000000060
2270  26.048  -82.611  -45.847 0.4000000060
3948  20.396  -78.321  -41.525 0.6000000238
4533  25.740  -77.604  -45.725 0.3000000119
115084  25.549  -79.683  -45.930 0.5000000000
3031  25.284  -81.478  -46.457 0.4000000060
3982  25.681  -78.851  -46.193 0.4000000060
3471  25.167  -80.665  -46.821 0.5000000000
3037  24.731  -81.147  -46.976 0.4000000060
3477  24.760  -80.532  -47.482 0.5000000000
7913  16.731  -71.205  -48.105 0.6000000238
2592  25.234  -81.038  -39.846 0.3000000119
2200  24.321  -82.774  -38.036 0.3000000119
1854  24.124  -83.286  -37.172 0.3000000119
115180  24.421  -83.696  -36.433 0.3000000119
7914  15.937  -71.119  -47.935 0.6000000238
2591  26.078  -81.427  -40.016 0.3000000119
1829  24.310  -84.056  -34.843 0.3000000119
1824  24.302  -83.842  -33.936 0.3000000119
7915  14.952  -71.324  -48.228 0.6000000238
2986  28.317  -80.540  -40.577 0.3000000119
120974  24.896  -84.241  -34.302 0.3000000119
1819  24.296  -83.844  -33.031 0.3000000119
120162  14.363  -70.881  -48.449 0.6000000238
2220  30.219  -82.505  -39.298 0.3000000119
121600  13.757  -69.778  -49.337 0.6000000238
8554  13.676  -70.654  -49.035 0.6000000238
8561  12.945  -70.684  -49.703 0.6000000238
128266  12.791  -70.003  -50.314 0.5000000000
3018  28.719  -81.121  -43.359 0.4000000060
3024  26.828  -81.310  -44.542 0.4000000060
110065  26.031  -78.432  -46.920 0.4000000060
3988  25.573  -79.519  -47.827 0.5000000000
2978  25.091  -80.136  -40.278 0.3000000119
2593  24.399  -80.658  -39.625 0.3000000119
2214  24.688  -82.174  -38.764 0.3000000119
2201  23.501  -82.650  -37.603 0.3000000119
1845  23.623  -83.478  -36.250 0.3000000119
1837  22.985  -83.179  -34.910 0.3000000119
1831  22.953  -83.097  -34.019 0.3000000119
8543  16.393  -70.088  -47.117 0.5000000000
2604  25.872  -80.553  -40.399 0.3000000119
2603  26.740  -80.936  -40.488 0.3000000119
124471  15.269  -69.830  -47.823 0.5000000000
8552  14.976  -70.485  -48.059 0.6000000238
2987  26.611  -79.898  -40.635 0.3000000119
1820  23.617  -83.513  -32.616 0.3000000119
3411  28.226  -79.273  -39.967 0.3000000119
8553  14.241  -70.138  -48.643 0.6000000238
2635  29.795  -80.790  -42.764 0.3000000119
2628  30.442  -81.136  -42.356 0.3000000119
8571  13.253  -69.891  -49.872 0.6000000238
9356  12.307  -68.958  -51.360 0.6000000238
9301  14.744  -69.634  -48.351 0.6000000238
10088  14.763  -68.829  -48.749 0.5000000000
10104  14.190  -68.549  -49.530 0.6000000238
9319  13.558  -69.068  -50.011 0.6000000238
10115  13.128  -68.566  -50.914 0.6000000238
9337  12.995  -69.302  -50.627 0.6000000238
10129  12.619  -68.168  -51.632 0.6000000238
10116  12.774  -68.746  -51.207 0.6000000238
10130  11.969  -68.338  -51.749 0.5000000000
10087  15.290  -68.475  -48.385 0.5000000000
120120  14.786  -67.387  -49.364 0.5000000000
10114  13.604  -68.300  -50.379 0.5000000000
10128  12.880  -68.091  -51.469 0.6000000238
111422  9.584  -66.771  -52.336 0.5000000000
13374  10.227  -64.315  -52.449 0.6000000238
11785  9.804  -65.937  -52.502 0.6000000238
11786  8.687  -66.161  -52.343 0.5000000000
112530  8.621  -65.224  -52.160 0.6000000238
12577  7.688  -65.664  -51.948 0.6000000238
10932  14.186  -67.856  -49.811 0.5000000000
10972  12.826  -67.089  -52.160 0.5000000000
10973  12.524  -67.046  -52.444 0.5000000000
10960  12.720  -67.584  -51.900 0.6000000238
11782  12.688  -66.308  -52.705 0.6000000238
11783  12.083  -66.393  -52.877 0.5000000000
10975  10.624  -66.942  -52.403 0.5000000000
12573  12.095  -65.506  -53.032 0.6000000238
14181  12.044  -63.168  -52.221 0.6000000238
12574  11.192  -65.087  -52.785 0.6000000238
12576  7.971  -64.862  -51.605 0.5000000000
9241  7.438  -69.887  -42.412 0.5000000000
11747  15.172  -66.680  -49.324 0.5000000000
110508  13.386  -67.433  -51.077 0.5000000000
11771  13.010  -66.542  -52.221 0.6000000238
10035  7.314  -68.105  -44.815 0.5000000000
10042  6.866  -67.430  -45.576 0.6000000238
10028  7.582  -68.549  -43.733 0.6000000238
9240  8.324  -69.653  -42.082 0.6000000238
9250  7.130  -69.267  -43.187 0.5000000000
7847  8.345  -70.942  -41.961 0.5000000000
7858  8.534  -71.400  -42.371 0.5000000000
12553  7.676  -64.913  -50.787 0.5000000000
13347  7.681  -64.693  -50.986 0.5000000000
12478  10.401  -65.562  -44.573 0.6000000238
12479  9.887  -65.261  -45.424 0.6999999881
11688  9.872  -66.128  -45.025 0.6000000238
11701  9.105  -65.653  -45.669 0.6999999881
11702  8.167  -65.991  -45.836 0.6000000238
11703  7.348  -66.227  -45.913 0.6000000238
10855  9.344  -66.867  -44.589 0.6000000238
11689  8.889  -66.451  -45.457 0.6000000238
11677  10.040  -66.550  -44.078 0.6000000238
10838  9.639  -67.262  -43.570 0.6000000238
10856  8.498  -67.177  -45.032 0.6000000238
10875  7.966  -66.682  -45.749 0.5000000000
108094  6.841  -66.305  -45.859 0.6000000238
10825  9.992  -67.768  -42.697 0.6000000238
10839  8.832  -67.569  -43.964 0.6000000238
10840  8.043  -67.855  -44.374 0.5000000000
10857  7.665  -67.381  -45.384 0.6000000238
10019  9.578  -68.614  -42.171 0.6000000238
10027  8.347  -68.300  -43.346 0.6000000238
9239  9.182  -69.466  -41.777 0.6000000238
10020  8.727  -68.861  -42.474 0.6000000238
8479  8.871  -70.308  -41.665 0.6000000238
7857  9.294  -71.437  -42.427 0.5000000000
123928  9.004  -71.803  -43.962 0.5000000000
7886  10.347  -71.229  -45.369 0.5000000000
7895  10.038  -71.076  -46.165 0.5000000000
8545  9.941  -70.226  -47.483 0.5000000000
12490  8.397  -65.201  -45.767 0.6000000238
13293  8.185  -64.893  -45.569 0.6999999881
10012  10.135  -69.269  -41.547 0.5000000000
8478  9.688  -70.548  -41.572 0.6000000238
7856  10.085  -71.362  -42.651 0.6000000238
7867  9.565  -71.610  -43.347 0.5000000000
7875  10.756  -71.172  -44.572 0.6000000238
108790  10.621  -70.771  -45.979 0.5000000000
8532  11.224  -70.292  -46.162 0.6000000238
9286  10.654  -69.765  -47.396 0.6000000238
114252  9.722  -61.485  -41.266 0.4000000060
14959  7.854  -62.455  -46.526 0.6999999881
15813  6.906  -61.913  -44.556 0.5000000000
14925  7.286  -62.432  -43.737 0.5000000000
14885  10.030  -62.027  -40.848 0.6000000238
14896  9.884  -62.002  -41.742 0.5000000000
14945  7.419  -62.648  -44.766 0.6000000238
13267  7.831  -64.108  -44.071 0.5000000000
14884  10.373  -62.766  -40.259 0.5000000000
14966  8.384  -62.573  -46.469 0.6000000238
113700  7.774  -62.924  -45.856 0.8000000119
107805  9.624  -63.729  -45.871 0.6999999881
13292  8.658  -64.289  -45.936 0.8000000119
13280  7.938  -64.433  -44.972 0.6999999881
7865  11.164  -70.994  -43.755 0.6000000238
8525  11.052  -70.818  -45.405 0.6000000238
15796  6.940  -61.878  -43.255 0.5000000000
15785  9.543  -61.286  -41.954 0.5000000000
15847  7.433  -61.613  -46.444 0.6999999881
14908  7.404  -62.722  -42.634 0.5000000000
15768  10.356  -61.367  -38.982 0.4000000060
15775  10.150  -61.799  -39.944 0.4000000060
14028  10.688  -63.273  -39.389 0.4000000060
13213  10.997  -64.227  -39.318 0.5000000000
12414  11.756  -65.766  -39.010 0.4000000060
15814  6.274  -61.321  -44.101 0.5000000000
116578  7.144  -61.874  -42.127 0.5000000000
16693  9.175  -60.004  -40.508 0.3000000119
16694  8.796  -59.942  -41.387 0.3000000119
15830  6.252  -61.262  -45.608 0.6000000238
14020  11.077  -63.606  -38.572 0.4000000060
12398  11.443  -64.860  -38.710 0.4000000060
11615  12.184  -66.749  -39.456 0.4000000060
16729  5.536  -60.743  -45.074 0.6000000238
16742  5.731  -60.535  -46.066 0.6000000238
11605  12.460  -66.393  -38.423 0.4000000060
16714  5.674  -60.734  -43.615 0.5000000000
15797  6.422  -61.230  -42.651 0.5000000000
18291  10.344  -57.772  -40.221 0.3000000119
17538  8.842  -59.240  -40.698 0.3000000119
17546  8.409  -59.023  -41.334 0.3000000119
17557  7.615  -58.856  -42.520 0.4000000060
11587  12.929  -66.207  -37.647 0.3000000119
10762  12.896  -67.247  -38.625 0.4000000060
10761  13.845  -67.411  -38.241 0.4000000060
110951  8.611  -57.508  -41.590 0.4000000060
16730  4.898  -60.237  -44.520 0.6000000238
116557  5.756  -60.642  -42.551 0.4000000060
18305  7.555  -58.107  -42.302 0.4000000060
19032  11.204  -57.398  -40.360 0.3000000119
126056  11.249  -56.976  -41.130 0.3000000119
16715  5.079  -60.265  -43.187 0.5000000000
19060  7.158  -57.495  -43.273 0.4000000060
18314  6.417  -57.629  -44.032 0.4000000060
19822  5.555  -56.770  -43.984 0.5000000000
19080  6.562  -56.732  -44.083 0.4000000060
19821  6.334  -56.486  -44.012 0.4000000060
22134  9.272  -53.413  -43.363 0.3000000119
22135  8.556  -53.647  -43.076 0.3000000119
21318  8.391  -54.361  -43.639 0.3000000119
21310  7.241  -54.510  -42.668 0.3000000119
22126  7.661  -53.942  -42.053 0.3000000119
21252  2.519  -55.090  -36.817 0.4000000060
22124  8.816  -52.911  -42.536 0.3000000119
1815  23.621  -83.572  -31.680 0.3000000119
2636  29.383  -81.487  -42.855 0.4000000060
19820  7.136  -56.095  -44.056 0.3000000119
9263  11.966  -69.943  -45.925 0.6000000238
22042  2.751  -53.790  -35.124 0.4000000060
13214  10.648  -63.736  -40.175 0.5000000000
111241  7.233  -55.534  -43.824 0.3000000119
1918  26.584  -83.716  -43.972 0.3000000119
2643  26.565  -82.244  -45.338 0.4000000060
10946  13.210  -67.995  -51.113 0.5000000000
127585  16.074  -91.909  -28.401 0.4000000060
11  16.614  -92.599  -29.196 0.5000000000
169  14.504  -91.536  -31.369 0.5000000000
263  20.136  -90.445  -28.075 0.5000000000
912  28.499  -86.565  -34.463 0.4000000060
147  15.277  -92.342  -28.189 0.4000000060
419  19.011  -88.771  -29.246 0.4000000060
413  20.607  -88.755  -28.267 0.4000000060
921  28.529  -86.089  -35.753 0.4000000060
898  28.572  -86.704  -33.264 0.4000000060
883  29.267  -86.313  -32.251 0.4000000060
14  12.898  -92.347  -29.316 0.3000000119
628  15.482  -87.499  -29.784 0.3000000119
113806  18.790  -87.171  -30.038 0.3000000119
609  20.173  -87.956  -28.865 0.4000000060
412  21.321  -88.316  -27.864 0.4000000060
1190  28.898  -85.178  -35.975 0.3000000119
1198  28.667  -84.969  -37.702 0.4000000060
615  20.183  -86.974  -29.129 0.4000000060
589  22.741  -87.589  -26.841 0.4000000060
5074  18.971  -75.842  -43.732 0.5000000000
1210  27.365  -85.862  -38.908 0.4000000060
111604  16.815  -84.965  -30.332 0.3000000119
1123  21.337  -85.598  -26.916 0.4000000060
829  22.854  -86.603  -26.528 0.4000000060
828  23.825  -86.597  -26.588 0.5000000000
1429  24.971  -85.372  -27.671 0.5000000000
1497  25.860  -84.322  -35.327 0.3000000119
2210  29.659  -83.034  -38.134 0.3000000119
1513  29.254  -84.263  -38.028 0.3000000119
1523  29.030  -84.263  -38.772 0.3000000119
5068  19.765  -76.520  -42.391 0.6000000238
1419  22.363  -84.170  -26.440 0.3000000119
107859  22.540  -84.958  -26.439 0.4000000060
111848  25.042  -84.206  -31.633 0.3000000119
6138  19.954  -75.157  -46.247 0.5000000000
1898  29.355  -83.170  -41.093 0.4000000060
2152  23.550  -82.679  -27.639 0.3000000119
115798  23.566  -83.631  -30.729 0.3000000119
3459  26.835  -80.265  -43.788 0.4000000060
2637  27.491  -81.842  -44.110 0.4000000060
1917  27.410  -83.277  -43.523 0.4000000060
128996  25.535  -77.884  -45.132 0.3000000119
2191  23.342  -83.021  -36.902 0.3000000119
112704  14.199  -69.302  -49.117 0.6000000238
3019  27.689  -80.904  -43.692 0.3000000119
2186  22.519  -82.744  -35.477 0.3000000119
2182  22.260  -82.557  -34.495 0.3000000119
3923  29.162  -78.338  -39.525 0.3000000119
10144  12.348  -67.631  -52.121 0.5000000000
11784  11.112  -66.274  -52.661 0.6000000238
12489  9.164  -64.784  -45.855 0.6999999881
14092  7.796  -63.523  -44.864 0.6999999881
14106  8.489  -63.410  -46.176 0.6999999881
15829  7.213  -61.940  -45.896 0.6000000238
17537  9.364  -59.266  -40.016 0.3000000119
19033  9.653  -57.919  -40.593 0.3000000119
6121  20.662  -74.523  -45.364 0.5000000000
5609  20.077  -75.455  -47.162 0.5000000000
11761  13.162  -67.023  -51.700 0.4000000060
11770  13.439  -66.185  -51.604 0.5000000000
13375  9.296  -64.042  -52.048 0.5000000000
15030  11.302  -61.975  -51.492 0.5000000000
14182  10.807  -62.704  -51.835 0.5000000000
14183  9.517  -63.297  -51.843 0.5000000000
13363  8.142  -64.263  -51.153 0.5000000000
14169  9.143  -62.690  -51.201 0.5000000000
15029  12.507  -62.410  -51.827 0.5000000000
13346  8.302  -64.114  -50.975 0.4000000060
15019  10.083  -61.558  -51.179 0.5000000000
14168  9.677  -62.290  -51.419 0.5000000000
122243  8.772  -63.350  -51.020 0.5000000000
108868  8.370  -65.507  -50.424 0.5000000000
15005  10.076  -61.510  -51.144 0.6000000238
125150  9.430  -61.869  -51.066 0.5000000000
12551  9.431  -64.260  -50.487 0.5000000000
9302  10.062  -69.473  -47.998 0.5000000000
14152  10.359  -61.884  -50.731 0.6000000238
10935  9.179  -67.484  -49.830 0.5000000000
10090  10.176  -68.718  -48.562 0.5000000000
129008  9.716  -63.599  -50.545 0.6000000238
11762  9.441  -65.486  -50.337 0.6000000238
11751  9.312  -66.487  -50.184 0.5000000000
14151  11.322  -61.579  -50.474 0.6000000238
13344  10.859  -63.247  -50.341 0.6000000238
12550  10.566  -64.190  -50.329 0.6000000238
111501  10.840  -67.373  -49.256 0.6000000238
12536  11.518  -65.256  -50.007 0.6000000238
10089  11.082  -68.177  -48.517 0.5000000000
9285  11.356  -69.360  -47.295 0.5000000000
12537  10.490  -65.364  -50.191 0.6000000238
11750  10.459  -66.469  -49.922 0.6000000238
12481  6.986  -65.874  -45.368 0.5000000000
12471  7.073  -65.592  -44.300 0.5000000000
12480  7.543  -65.327  -45.191 0.5000000000
9284  12.068  -69.014  -47.100 0.6000000238
11749  12.137  -66.010  -49.335 0.6000000238
10073  11.641  -68.637  -47.738 0.6000000238
10933  11.458  -66.735  -49.338 0.6000000238
10921  11.694  -67.395  -48.756 0.6000000238
124070  12.128  -66.781  -48.896 0.6000000238
19805  7.419  -56.568  -43.698 0.3000000119
20467  2.168  -55.746  -37.149 0.3000000119
3485  24.849  -79.932  -48.086 0.4000000060
122503  24.958  -79.133  -49.049 0.5000000000
3947  21.179  -78.504  -41.534 0.5000000000
4496  20.847  -77.732  -41.716 0.5000000000
125648  21.175  -77.235  -42.097 0.4000000060
5657  25.872  -76.170  -50.447 0.4000000060
6107  20.011  -74.845  -44.591 0.4000000060
5588  20.423  -75.272  -43.152 0.4000000060
6095  20.236  -74.916  -43.775 0.4000000060
5067  20.281  -76.406  -42.282 0.4000000060
5066  21.009  -76.562  -42.340 0.4000000060
6746  27.304  -74.428  -52.259 0.4000000060
6747  26.494  -73.787  -51.663 0.4000000060
6748  25.613  -73.238  -50.968 0.4000000060
5625  19.919  -75.737  -47.938 0.4000000060
115186  27.035  -74.770  -51.581 0.4000000060
6734  26.433  -74.431  -51.054 0.4000000060
123694  24.931  -72.666  -52.545 0.4000000060
7327  24.755  -72.975  -53.527 0.5000000000
12535  12.304  -65.053  -49.633 0.5000000000
13318  13.116  -64.344  -48.690 0.5000000000
11736  12.628  -66.361  -48.542 0.5000000000
12522  12.907  -65.287  -48.707 0.5000000000
12513  13.570  -65.414  -47.783 0.5000000000
11725  12.969  -66.778  -47.962 0.5000000000
11723  14.038  -65.939  -47.279 0.5000000000
117373  7.652  -64.536  -43.533 0.4000000060
14062  7.613  -63.717  -42.650 0.4000000060
11735  13.140  -66.051  -48.122 0.5000000000
114237  12.027  -67.912  -48.132 0.5000000000
5647  25.350  -76.189  -50.042 0.5000000000
6191  26.915  -75.439  -51.128 0.4000000060
6760  25.778  -72.963  -51.962 0.4000000060
117602  15.329  -90.942  -31.435 0.4000000060
470  16.600  -89.038  -35.095 0.4000000060
23  15.760  -92.468  -30.585 0.4000000060
168  16.191  -91.538  -31.153 0.4000000060
453  17.202  -88.271  -33.698 0.4000000060
283  16.280  -90.292  -31.527 0.4000000060
122022  18.572  -87.759  -32.790 0.4000000060
452  17.783  -88.033  -33.213 0.4000000060
107901  17.305  -92.645  -29.937 0.5000000000
22  16.472  -92.355  -30.520 0.5000000000
62  17.047  -92.360  -30.418 0.4000000060
68  16.750  -92.057  -30.704 0.4000000060
441  18.087  -88.660  -32.445 0.4000000060
10  17.586  -92.505  -29.195 0.5000000000
1  18.406  -92.386  -29.209 0.5000000000
16  18.130  -92.604  -29.889 0.5000000000
67  17.439  -91.930  -30.673 0.4000000060
167  16.991  -91.288  -31.137 0.4000000060
15  18.803  -92.493  -29.819 0.4000000060
60  18.563  -92.349  -30.213 0.4000000060
278  20.691  -90.321  -30.500 0.4000000060
115017  20.114  -89.447  -31.012 0.4000000060
120964  19.150  -90.288  -31.150 0.4000000060
436  18.488  -89.486  -31.715 0.4000000060
289  17.700  -89.408  -31.941 0.4000000060
435  19.305  -88.970  -31.635 0.4000000060
440  18.714  -88.575  -32.144 0.4000000060
58  20.243  -91.830  -29.780 0.5000000000
125469  18.929  -92.009  -30.421 0.4000000060
66  18.247  -91.815  -30.653 0.4000000060
166  17.776  -91.186  -31.098 0.4000000060
120848  20.846  -91.424  -29.754 0.5000000000
160  20.351  -91.222  -30.304 0.4000000060
164  19.552  -91.080  -30.662 0.4000000060
124089  18.534  -90.255  -31.355 0.4000000060
276  22.352  -89.866  -29.684 0.3000000119
428  22.677  -88.721  -29.857 0.3000000119
418  23.125  -89.579  -29.117 0.4000000060
269  21.902  -90.764  -29.420 0.3000000119
254  23.027  -89.800  -27.657 0.4000000060
268  22.631  -90.352  -28.915 0.4000000060
621  24.702  -87.247  -29.691 0.3000000119
622  24.032  -87.770  -29.441 0.4000000060
127648  24.197  -88.505  -28.750 0.4000000060
125234  23.850  -89.108  -28.169 0.4000000060
614  25.048  -87.924  -28.727 0.4000000060
416  24.525  -88.503  -28.249 0.4000000060
403  24.623  -88.284  -27.379 0.4000000060
397  23.475  -88.371  -26.939 0.3000000119
277  21.512  -90.104  -30.173 0.3000000119
118388  22.548  -89.538  -27.465 0.3000000119
136  22.120  -90.284  -27.770 0.4000000060
852  25.750  -87.346  -29.336 0.4000000060
405  23.267  -89.133  -27.296 0.3000000119
411  25.133  -88.079  -27.843 0.4000000060
595  25.540  -87.544  -27.500 0.4000000060
596  24.974  -87.584  -26.994 0.4000000060
152  21.614  -91.220  -28.957 0.4000000060
141  21.723  -90.861  -28.321 0.4000000060
862  24.940  -86.759  -30.432 0.4000000060
597  22.719  -88.635  -27.154 0.3000000119
861  27.729  -87.079  -29.125 0.4000000060
112410  26.327  -87.086  -29.833 0.4000000060
841  28.004  -86.276  -28.097 0.4000000060
842  27.186  -86.715  -27.813 0.4000000060
605  25.985  -87.501  -27.897 0.4000000060
57  20.899  -91.596  -29.209 0.4000000060
44  21.195  -91.324  -28.624 0.4000000060
123099  21.925  -89.784  -27.534 0.3000000119
137  21.446  -90.693  -27.934 0.4000000060
406  21.992  -88.970  -27.405 0.3000000119
860  28.438  -86.854  -29.710 0.4000000060
873  28.813  -86.627  -30.471 0.4000000060
849  29.154  -86.040  -29.217 0.4000000060
1138  27.841  -85.539  -28.177 0.4000000060
843  26.426  -87.043  -27.574 0.4000000060
46  18.707  -92.006  -28.645 0.4000000060
118246  20.781  -89.902  -27.880 0.3000000119
144  18.575  -91.558  -28.391 0.4000000060
9  19.191  -92.231  -29.269 0.4000000060
264  19.208  -90.826  -28.309 0.4000000060
45  20.500  -91.571  -28.624 0.4000000060
143  20.091  -91.316  -28.150 0.4000000060
6771  23.718  -74.318  -54.105 0.4000000060
604  27.008  -87.108  -28.127 0.4000000060
3  17.015  -92.276  -28.688 0.5000000000
4  16.147  -92.356  -28.719 0.4000000060
7  14.019  -92.839  -28.039 0.3000000119
13  13.699  -92.792  -28.881 0.4000000060
18  15.647  -92.780  -29.785 0.5000000000
20  14.203  -92.772  -29.729 0.4000000060
47  18.272  -91.956  -28.463 0.5000000000
48  17.444  -92.103  -28.541 0.5000000000
55  20.043  -92.004  -29.269 0.4000000060
59  19.391  -92.260  -29.924 0.4000000060
61  17.783  -92.339  -30.356 0.4000000060
69  16.177  -92.203  -30.777 0.5000000000
140  22.496  -90.382  -28.251 0.4000000060
142  20.982  -91.130  -28.153 0.4000000060
145  17.840  -91.668  -28.418 0.4000000060
151  22.125  -90.795  -28.747 0.4000000060
159  21.190  -90.952  -30.007 0.5000000000
161  19.589  -91.748  -30.322 0.4000000060
165  18.946  -91.411  -30.738 0.4000000060
170  13.386  -91.218  -31.548 0.5000000000
252  23.994  -88.855  -27.520 0.4000000060
253  23.652  -89.285  -27.817 0.4000000060
255  21.456  -90.213  -27.734 0.4000000060
260  24.298  -88.709  -27.830 0.4000000060
261  23.241  -89.779  -28.332 0.4000000060
262  20.854  -90.720  -27.909 0.4000000060
270  19.487  -89.659  -28.572 0.4000000060
280  19.946  -90.476  -30.726 0.4000000060
281  18.055  -90.279  -31.458 0.4000000060
282  17.312  -90.302  -31.516 0.4000000060
396  24.230  -88.087  -26.861 0.3000000119
404  23.903  -88.743  -27.186 0.3000000119
407  21.359  -89.358  -27.711 0.3000000119
417  23.731  -89.113  -28.580 0.4000000060
427  23.512  -88.625  -29.298 0.4000000060
430  16.493  -88.020  -30.158 0.3000000119
431  15.808  -87.992  -30.020 0.3000000119
606  25.431  -87.898  -28.154 0.4000000060
608  20.713  -87.671  -28.417 0.4000000060
613  26.229  -87.520  -28.303 0.4000000060
626  16.835  -87.185  -30.431 0.3000000119
830  22.004  -86.632  -26.818 0.4000000060
836  25.762  -86.970  -27.125 0.5000000000
844  20.797  -86.626  -28.258 0.4000000060
850  27.688  -86.841  -28.315 0.4000000060
851  26.951  -87.304  -28.697 0.4000000060
859  29.156  -86.300  -29.656 0.4000000060
867  17.054  -86.322  -30.578 0.3000000119
872  29.511  -86.132  -30.528 0.5000000000
882  29.787  -85.829  -32.285 0.4000000060
911  29.299  -85.658  -34.548 0.4000000060
922  28.026  -86.720  -35.349 0.3000000119
957  26.656  -86.391  -39.033 0.3000000119
968  25.920  -86.095  -40.396 0.3000000119
1115  25.190  -86.458  -27.005 0.5000000000
1116  23.156  -85.663  -26.480 0.5000000000
1117  22.173  -85.710  -26.494 0.4000000060
1130  27.296  -86.064  -27.569 0.4000000060
1131  26.123  -85.863  -27.415 0.5000000000
1137  28.688  -85.842  -28.644 0.5000000000
1143  15.527  -86.301  -29.423 0.3000000119
1150  17.277  -85.522  -30.549 0.3000000119
1154  29.749  -85.639  -30.902 0.5000000000
1159  29.676  -84.993  -31.399 0.4000000060
1164  29.784  -85.470  -32.831 0.4000000060
1174  29.592  -85.369  -33.779 0.4000000060
1191  28.098  -86.090  -36.639 0.3000000119
1193  28.822  -85.018  -36.853 0.4000000060
1231  26.194  -85.222  -41.654 0.3000000119
1449  24.842  -84.294  -30.117 0.4000000060
1462  24.295  -84.040  -31.043 0.3000000119
1469  29.835  -85.104  -32.657 0.4000000060
1471  28.924  -84.564  -32.200 0.5000000000
1472  27.738  -84.528  -32.749 0.4000000060
1478  29.432  -84.825  -32.933 0.4000000060
1481  25.929  -84.418  -32.895 0.4000000060
1488  25.405  -84.393  -34.743 0.3000000119
1503  28.880  -84.182  -36.087 0.3000000119
1504  27.777  -83.961  -35.891 0.3000000119
1508  29.214  -84.248  -37.244 0.3000000119
1512  29.479  -83.794  -37.737 0.3000000119
1522  29.668  -83.572  -38.466 0.3000000119
1547  27.310  -84.240  -42.128 0.4000000060
1548  25.199  -85.190  -41.910 0.4000000060
1549  24.635  -84.801  -41.584 0.3000000119
1825  23.615  -83.493  -33.529 0.3000000119
1826  22.959  -83.070  -33.125 0.3000000119
1830  23.617  -83.555  -34.433 0.3000000119
1835  24.289  -83.969  -35.726 0.3000000119
1836  23.611  -83.641  -35.321 0.3000000119
1843  26.007  -83.749  -36.594 0.3000000119
1846  22.886  -82.924  -36.291 0.3000000119
1853  25.019  -83.214  -37.695 0.3000000119
1861  29.431  -83.599  -37.618 0.3000000119
1865  25.094  -82.790  -38.316 0.3000000119
1900  24.496  -83.848  -42.105 0.3000000119
1916  28.131  -82.962  -42.867 0.4000000060
1923  26.927  -83.094  -44.562 0.4000000060
1924  26.216  -83.363  -44.909 0.5000000000
2212  26.811  -82.665  -38.678 0.3000000119
2215  23.779  -82.110  -38.334 0.3000000119
2224  25.417  -81.822  -39.380 0.3000000119
2225  24.735  -81.472  -39.319 0.3000000119
2243  23.250  -82.326  -41.161 0.4000000060
2251  30.067  -81.778  -42.172 0.3000000119
2252  28.915  -82.334  -42.709 0.4000000060
2253  24.345  -82.876  -42.569 0.3000000119
2259  27.497  -82.515  -43.958 0.4000000060
2265  25.832  -83.002  -45.671 0.4000000060
2266  25.185  -82.851  -45.790 0.4000000060
2271  25.434  -82.521  -46.112 0.4000000060
2579  24.075  -81.455  -38.961 0.3000000119
2629  23.272  -81.189  -42.347 0.5000000000
2648  25.737  -82.198  -46.120 0.4000000060
2649  24.992  -81.933  -46.565 0.4000000060
2651  23.976  -81.554  -46.100 0.4000000060
3009  29.317  -80.399  -42.924 0.3000000119
3038  24.471  -80.804  -47.340 0.4000000060
3047  24.153  -80.454  -47.595 0.5000000000
3465  25.727  -79.427  -44.768 0.3000000119
3486  24.481  -80.016  -48.015 0.6000000238
3924  28.550  -78.443  -39.131 0.3000000119
4008  25.340  -78.777  -49.369 0.5000000000
4498  19.733  -77.281  -42.095 0.6000000238
4523  19.331  -76.950  -42.802 0.5000000000
4524  18.936  -76.606  -43.548 0.5000000000
4534  23.481  -78.117  -46.346 0.6999999881
5077  22.694  -76.194  -44.138 0.6999999881
5089  23.713  -76.128  -46.247 0.8000000119
5111  24.695  -77.105  -48.877 0.6999999881
5581  20.700  -75.829  -42.666 0.4000000060
5586  22.051  -75.739  -43.582 0.6000000238
5589  19.665  -75.433  -43.289 0.5000000000
5608  23.639  -75.068  -46.155 0.8000000119
5624  20.531  -75.571  -47.763 0.6000000238
5648  20.260  -76.048  -49.416 0.6000000238
6094  21.064  -74.845  -43.767 0.4000000060
6104  22.536  -74.743  -44.531 0.6000000238
6106  20.938  -74.544  -44.408 0.6000000238
6120  21.648  -74.137  -45.023 0.6000000238
6122  19.778  -75.036  -45.381 0.5000000000
6136  23.351  -74.252  -46.206 0.8000000119
6137  20.797  -74.742  -46.577 0.5000000000
6163  25.058  -75.384  -49.386 0.6999999881
6166  19.851  -75.615  -49.156 0.6000000238
6174  22.267  -74.796  -50.154 0.8000000119
6175  20.784  -76.185  -50.057 0.6999999881
6192  26.173  -75.321  -50.697 0.4000000060
6193  21.230  -75.967  -50.820 0.8000000119
6674  22.850  -73.937  -45.750 0.6999999881
6675  22.183  -73.890  -45.650 0.6000000238
6684  23.055  -73.832  -46.426 0.6999999881
6685  22.572  -73.832  -46.356 0.6999999881
6694  24.123  -73.749  -48.059 0.8000000119
6695  23.584  -73.751  -47.578 0.8000000119
6699  19.289  -73.511  -47.941 0.6999999881
6740  20.345  -75.332  -50.663 0.6999999881
6772  23.109  -74.802  -54.326 0.6000000238
6773  22.733  -74.673  -54.435 0.5000000000
7277  19.216  -72.477  -47.600 0.6000000238
7279  17.616  -72.154  -48.071 0.5000000000
7297  20.315  -73.950  -50.041 0.6999999881
7845  9.838  -71.093  -41.932 0.6000000238
7846  9.083  -71.062  -41.817 0.5000000000
7855  10.844  -71.138  -42.804 0.6999999881
7866  10.389  -71.347  -43.606 0.6000000238
7868  8.715  -71.771  -43.032 0.5000000000
7876  9.832  -71.536  -44.468 0.5000000000
7904  17.212  -71.079  -47.578 0.5000000000
7905  16.455  -70.681  -47.558 0.6000000238
7916  14.114  -71.587  -48.575 0.6000000238
8477  10.452  -70.652  -41.684 0.6999999881
8503  12.343  -70.489  -43.400 0.6999999881
8504  11.797  -70.687  -43.841 0.6999999881
8513  13.035  -70.159  -43.930 0.6999999881
8523  12.233  -70.292  -45.182 0.8000000119
8524  11.628  -70.445  -45.503 0.6000000238
8529  18.805  -70.068  -46.670 0.6999999881
8533  10.497  -70.448  -46.736 0.6000000238
8542  17.655  -70.602  -46.877 0.6000000238
9203  14.242  -69.103  -41.038 0.6000000238
9204  13.351  -69.130  -40.820 0.6999999881
9205  12.613  -68.788  -40.861 0.6999999881
9225  11.907  -69.835  -41.410 0.8000000119
9227  9.617  -69.939  -41.477 0.6000000238
9228  8.074  -70.293  -41.973 0.5000000000
9248  14.617  -69.383  -43.229 0.8000000119
9256  13.617  -69.635  -44.431 0.6000000238
9261  13.372  -69.345  -45.282 0.8000000119
9269  18.441  -69.512  -46.667 0.6999999881
9271  16.971  -69.055  -46.743 0.6000000238
9274  11.686  -69.650  -46.631 0.6000000238
9275  11.101  -69.931  -46.861 0.6000000238
9283  15.845  -69.464  -47.408 0.6999999881
9299  20.322  -69.468  -48.732 0.8000000119
9300  15.251  -69.118  -48.052 0.5000000000
9389  19.819  -68.443  -54.032 0.6000000238
9409  20.065  -69.782  -56.125 0.6000000238
9976  15.033  -68.192  -39.855 0.5000000000
9977  14.444  -68.361  -39.605 0.5000000000
9999  14.647  -68.616  -40.357 0.6000000238
10008  15.237  -68.469  -41.437 0.6000000238
10009  14.902  -69.054  -41.628 0.6000000238
10011  10.869  -68.717  -41.569 0.8000000119
10018  10.401  -68.309  -41.992 0.6999999881
10021  7.881  -69.066  -42.772 0.6000000238
10024  15.233  -68.729  -43.148 0.6000000238
10025  14.914  -68.925  -43.840 0.6999999881
10026  9.152  -68.018  -42.985 0.6000000238
10033  14.741  -68.673  -44.540 0.6000000238
10051  18.156  -68.816  -46.855 0.6000000238
10052  14.068  -67.931  -46.031 0.6999999881
10054  12.727  -68.623  -46.782 0.6999999881
10068  16.911  -68.301  -47.168 0.6000000238
10071  13.097  -67.946  -47.149 0.6000000238
10074  10.837  -69.023  -47.909 0.5000000000
10086  19.014  -68.279  -48.226 0.6999999881
10103  14.921  -68.034  -48.978 0.5000000000
10181  19.856  -68.963  -56.241 0.6000000238
10183  20.439  -69.429  -56.436 0.6000000238
10760  14.691  -67.495  -38.503 0.4000000060
10780  12.775  -67.689  -39.334 0.5000000000
10793  11.957  -67.404  -40.983 0.6999999881
10806  11.144  -67.944  -41.903 0.8000000119
10837  15.460  -67.884  -43.553 0.5000000000
10853  15.375  -67.586  -44.338 0.5000000000
10854  15.106  -68.007  -44.872 0.5000000000
10874  14.752  -67.478  -45.615 0.6999999881
10876  7.145  -66.743  -45.831 0.6000000238
10907  13.412  -67.182  -47.419 0.6000000238
10920  12.390  -67.159  -48.355 0.5000000000
10934  10.024  -67.214  -49.719 0.5000000000
10959  12.961  -67.599  -51.651 0.5000000000
10974  11.806  -67.046  -52.594 0.5000000000
11604  13.137  -66.863  -38.034 0.4000000060
11630  12.335  -67.426  -40.184 0.6999999881
11687  10.290  -66.109  -44.407 0.6000000238
11746  16.267  -66.109  -48.918 0.6000000238
11764  7.251  -65.719  -50.709 0.5000000000
11797  19.775  -66.705  -54.747 0.5000000000
12426  11.308  -66.070  -41.095 0.6999999881
12438  11.096  -65.790  -41.948 0.8000000119
12470  7.610  -64.895  -44.256 0.4000000060
12488  14.880  -65.827  -45.904 0.5000000000
12491  7.581  -65.747  -45.764 0.5000000000
12492  6.965  -66.084  -45.849 0.5000000000
12552  8.478  -64.552  -50.652 0.5000000000
12567  7.387  -65.082  -51.242 0.5000000000
12575  9.470  -64.819  -52.360 0.6000000238
13202  12.119  -65.408  -37.988 0.4000000060
13278  10.240  -64.828  -45.092 0.8000000119
13279  9.748  -64.443  -45.688 0.6999999881
13303  9.087  -63.875  -46.151 0.6999999881
13316  18.558  -64.649  -48.660 0.5000000000
13319  12.638  -64.033  -49.520 0.5000000000
13345  9.910  -62.872  -50.653 0.6000000238
13360  14.646  -64.552  -51.353 0.6000000238
13362  8.854  -63.598  -51.478 0.5000000000
14048  10.603  -64.118  -41.015 0.6999999881
14061  10.020  -63.190  -43.212 0.8000000119
14077  7.604  -63.272  -43.680 0.5000000000
14105  9.161  -63.190  -46.245 0.6000000238
14107  8.305  -63.748  -45.749 0.8000000119
14113  8.587  -63.179  -46.309 0.6999999881
14114  8.092  -62.851  -46.446 0.6999999881
14139  12.390  -62.695  -49.773 0.6000000238
14153  9.153  -62.615  -51.118 0.5000000000
14154  8.736  -63.365  -51.043 0.5000000000
14862  11.083  -62.861  -38.177 0.4000000060
14863  10.758  -62.873  -38.782 0.4000000060
14873  10.473  -62.382  -39.298 0.4000000060
14895  10.181  -62.745  -41.281 0.6000000238
14944  9.222  -62.047  -45.447 0.6999999881
14958  9.111  -62.517  -46.119 0.6000000238
14967  7.854  -62.183  -46.602 0.6999999881
14981  15.813  -61.713  -48.012 0.5000000000
14989  17.324  -62.221  -50.022 0.5000000000
15002  19.510  -62.211  -51.775 0.6000000238
15006  9.528  -61.552  -51.033 0.5000000000
15024  20.027  -61.795  -53.017 0.6000000238
15769  9.930  -60.911  -39.770 0.4000000060
15776  9.794  -61.289  -40.548 0.4000000060
15812  9.185  -61.491  -44.545 0.6999999881
15828  8.733  -61.247  -45.490 0.6999999881
15848  6.572  -61.040  -46.337 0.6000000238
15860  7.603  -61.451  -46.548 0.6999999881
15861  6.956  -60.966  -46.537 0.6999999881
15880  15.290  -60.031  -49.617 0.5000000000
15882  12.376  -60.589  -50.476 0.6999999881
15891  16.597  -60.053  -51.287 0.6000000238
15905  18.858  -61.172  -52.468 0.6000000238
15907  15.794  -60.449  -52.008 0.6000000238
15916  18.544  -61.117  -52.582 0.6000000238
15920  19.154  -61.320  -52.987 0.6000000238
16703  9.374  -60.775  -41.137 0.3000000119
16705  5.281  -60.309  -42.086 0.4000000060
16713  8.773  -60.245  -42.416 0.3000000119
16716  4.260  -59.957  -42.781 0.5000000000
16727  9.070  -60.961  -43.812 0.6999999881
16731  4.206  -59.800  -43.972 0.6999999881
16755  7.557  -60.690  -46.436 0.6999999881
16756  6.197  -60.394  -46.320 0.6000000238
16766  7.863  -61.271  -46.596 0.6999999881
16799  14.135  -59.755  -49.712 0.5000000000
16806  15.368  -59.665  -50.587 0.6999999881
17524  1.672  -58.790  -39.225 0.5000000000
17547  7.994  -58.710  -41.862 0.3000000119
17549  1.644  -58.981  -42.307 0.6000000238
17556  8.283  -59.459  -42.064 0.3000000119
17559  2.215  -59.123  -42.846 0.6000000238
17560  1.820  -58.650  -42.461 0.6000000238
17576  3.284  -59.386  -43.465 0.6999999881
17587  7.652  -59.678  -44.540 0.6000000238
17588  6.789  -59.483  -45.611 0.5000000000
17590  4.898  -59.328  -45.710 0.6999999881
17591  4.398  -59.089  -44.993 0.6999999881
17599  6.768  -60.381  -46.426 0.6999999881
17601  5.489  -59.800  -46.079 0.8000000119
18283  9.928  -58.508  -39.832 0.3000000119
18292  9.190  -58.597  -40.470 0.3000000119
18293  8.728  -58.634  -41.006 0.3000000119
18304  8.264  -58.174  -41.576 0.4000000060
18313  7.037  -58.240  -43.161 0.5000000000
18315  2.508  -58.696  -43.088 0.6999999881
18333  5.692  -58.106  -44.754 0.5000000000
18334  4.305  -58.687  -44.626 0.6999999881
18335  3.476  -58.721  -43.785 0.6999999881
18347  6.088  -58.787  -45.230 0.5000000000
18993  5.779  -57.258  -37.970 0.4000000060
18994  4.779  -57.174  -38.120 0.5000000000
19021  6.574  -57.447  -39.083 0.3000000119
19024  2.239  -57.653  -39.938 0.6000000238
19038  1.738  -58.049  -40.472 0.6000000238
19045  10.391  -57.266  -41.026 0.3000000119
19050  1.730  -58.144  -41.556 0.5000000000
19061  3.621  -57.716  -43.167 0.5000000000
19063  1.747  -58.243  -42.151 0.5000000000
19081  5.688  -57.282  -44.287 0.4000000060
19082  5.065  -57.561  -44.439 0.6000000238
19093  4.775  -58.233  -44.848 0.6000000238
19729  7.013  -56.419  -37.125 0.3000000119
19739  5.402  -56.721  -37.629 0.4000000060
19765  7.629  -56.789  -39.434 0.3000000119
19766  6.935  -57.099  -39.785 0.3000000119
19774  11.912  -56.911  -40.990 0.3000000119
19791  4.433  -57.021  -42.723 0.5000000000
20468  1.924  -55.928  -36.962 0.3000000119
20491  8.057  -56.164  -39.927 0.3000000119
20504  6.908  -55.732  -41.221 0.3000000119
20519  6.675  -55.143  -41.838 0.4000000060
20551  6.661  -55.751  -43.795 0.6000000238
21251  3.236  -54.835  -37.000 0.4000000060
21301  7.171  -54.550  -41.913 0.4000000060
21319  7.645  -54.863  -43.627 0.3000000119
21320  6.919  -55.118  -43.297 0.3000000119
22041  3.577  -53.064  -35.385 0.4000000060
22050  3.174  -53.443  -35.670 0.4000000060
22136  7.891  -54.069  -42.859 0.3000000119
22995  8.963  -52.056  -42.161 0.3000000119
23798  4.978  -51.026  -37.209 0.3000000119
107334  26.678  -87.181  -27.902 0.4000000060
107627  18.901  -69.108  -46.927 0.6999999881
107800  10.458  -63.445  -52.203 0.5000000000
107810  10.655  -65.378  -43.450 0.8000000119
107987  25.433  -86.016  -40.746 0.3000000119
108095  15.482  -91.934  -31.119 0.4000000060
108128  9.179  -63.091  -50.879 0.6000000238
108287  8.698  -63.777  -50.852 0.5000000000
108472  4.637  -57.548  -40.497 0.4000000060
109049  25.325  -86.637  -39.043 0.4000000060
109426  28.361  -81.929  -43.461 0.4000000060
110208  11.143  -70.257  -41.451 0.6999999881
110390  10.582  -61.050  -51.014 0.6000000238
111082  20.026  -73.674  -49.161 0.6999999881
111139  7.696  -64.004  -43.310 0.4000000060
111252  19.090  -91.690  -28.398 0.4000000060
111425  25.541  -84.619  -29.262 0.5000000000
111624  12.339  -64.683  -52.925 0.6999999881
112324  16.041  -59.688  -51.099 0.6999999881
112789  11.270  -66.053  -49.807 0.6000000238
112938  27.650  -84.504  -31.957 0.4000000060
113641  6.442  -59.793  -46.269 0.6999999881
113830  4.703  -57.639  -39.524 0.4000000060
114005  22.379  -77.517  -43.445 0.6999999881
114697  17.289  -60.721  -52.465 0.5000000000
114831  10.151  -67.948  -49.203 0.5000000000
114917  25.277  -80.007  -47.238 0.5000000000
114971  23.362  -79.750  -46.001 0.5000000000
115147  28.618  -83.786  -40.938 0.4000000060
116124  19.593  -91.809  -28.643 0.4000000060
116530  10.564  -65.353  -52.634 0.6000000238
116607  17.814  -60.507  -52.191 0.5000000000
117805  8.193  -63.019  -46.364 0.8000000119
118214  6.272  -55.330  -42.247 0.4000000060
118554  28.561  -86.439  -28.838 0.4000000060
118691  4.705  -52.278  -36.934 0.4000000060
118820  23.462  -75.432  -45.525 0.8000000119
119216  11.615  -64.260  -37.911 0.4000000060
119812  26.985  -83.786  -36.370 0.3000000119
119864  14.840  -68.735  -41.014 0.6000000238
120015  27.648  -79.865  -40.584 0.3000000119
120026  1.370  -57.829  -38.194 0.5000000000
120360  27.344  -80.495  -40.631 0.3000000119
120434  30.107  -82.718  -38.782 0.3000000119
120495  8.824  -60.479  -43.257 0.6000000238
120810  18.450  -90.940  -31.095 0.4000000060
121572  29.938  -85.428  -31.949 0.4000000060
121648  24.321  -87.340  -26.703 0.4000000060
121811  6.507  -57.229  -37.955 0.3000000119
122423  27.541  -85.438  -39.446 0.4000000060
122512  10.855  -66.564  -42.809 0.8000000119
122780  13.438  -67.800  -38.845 0.4000000060
123322  9.310  -61.958  -51.010 0.5000000000
123968  11.497  -65.750  -52.856 0.6000000238
124487  20.633  -70.058  -49.101 0.8999999762
124782  25.670  -84.326  -32.041 0.3000000119
124846  17.242  -60.129  -51.890 0.5000000000
124912  3.448  -57.497  -39.486 0.5000000000
124977  12.635  -60.504  -50.556 0.6999999881
125128  21.336  -91.242  -29.462 0.5000000000
125223  12.889  -61.665  -51.519 0.5000000000
125447  20.530  -77.058  -41.968 0.6000000238
125485  14.701  -59.580  -50.216 0.6999999881
126206  18.281  -61.779  -53.102 0.6000000238
126304  11.570  -67.971  -41.605 0.8000000119
126392  9.176  -60.675  -41.955 0.5000000000
126396  11.268  -64.246  -38.614 0.4000000060
126681  7.732  -65.526  -50.542 0.5000000000
126951  12.455  -91.956  -29.649 0.3000000119
127001  26.122  -84.888  -28.642 0.5000000000
127120  7.467  -59.909  -45.569 0.6999999881
127174  23.091  -83.250  -35.668 0.3000000119
127529  13.476  -69.997  -42.756 0.8000000119
127724  8.657  -64.412  -51.802 0.5000000000
127738  13.354  -64.680  -48.163 0.5000000000
127916  23.551  -89.180  -27.487 0.3000000119
128071  22.202  -75.245  -52.372 0.6999999881
128097  22.143  -80.000  -41.517 0.4000000060
128219  16.081  -92.705  -29.456 0.5000000000
128508  24.842  -84.299  -34.808 0.3000000119
129084  7.601  -54.205  -41.824 0.3000000119
