#!ascii label  , from subject sub-v2s9x29155_ses-1 vox2ras=TkReg
780
24226  -34.491  -59.230  -53.284 0.5000000000
23296  -32.931  -60.105  -51.393 0.8000000119
25133  -31.409  -58.742  -49.646 0.8000000119
24204  -32.220  -59.483  -50.457 0.8000000119
130218  -32.830  -58.914  -51.442 0.8000000119
23318  -35.547  -59.874  -54.014 0.5000000000
24225  -33.843  -59.368  -52.452 0.5000000000
26119  -30.834  -57.593  -48.391 0.6999999881
127302  -31.481  -58.005  -49.608 0.6999999881
25158  -33.527  -58.454  -52.120 0.6999999881
23319  -36.483  -59.778  -54.425 0.6000000238
24234  -35.868  -58.808  -54.732 0.5000000000
25173  -35.433  -58.154  -54.548 0.6000000238
26069  -29.926  -57.321  -46.880 0.6999999881
25165  -34.822  -58.323  -54.079 0.6000000238
26097  -30.323  -57.405  -47.516 0.6999999881
25099  -30.078  -58.165  -47.997 0.6999999881
25134  -31.916  -58.170  -50.211 0.6999999881
25164  -34.242  -58.353  -53.196 0.6000000238
26167  -34.786  -57.423  -54.075 0.6000000238
126938  -32.464  -57.921  -50.844 0.8000000119
123488  -33.377  -57.435  -52.163 0.8000000119
127503  -33.989  -57.367  -53.181 0.6999999881
24240  -38.367  -58.874  -54.387 0.4000000060
25174  -36.326  -58.247  -54.676 0.6000000238
27150  -30.232  -56.296  -45.995 0.6999999881
26177  -35.618  -57.766  -54.351 0.6000000238
27163  -30.475  -56.665  -46.813 0.6999999881
26134  -31.424  -57.440  -49.135 0.6999999881
26135  -31.849  -57.362  -49.818 0.6999999881
26156  -32.830  -57.233  -51.394 0.6000000238
139278  -33.755  -56.635  -53.022 0.6999999881
29451  -33.974  -55.393  -52.887 0.5000000000
27201  -32.298  -56.488  -50.081 0.6000000238
27214  -32.764  -56.537  -51.083 0.6000000238
27223  -32.992  -56.542  -51.723 0.6000000238
136069  -33.846  -55.431  -52.852 0.6000000238
28317  -32.896  -55.728  -50.941 0.6000000238
28318  -33.426  -55.086  -51.816 0.5000000000
25176  -39.472  -58.082  -54.165 0.4000000060
25175  -37.893  -58.121  -54.390 0.5000000000
28239  -29.749  -55.841  -45.248 0.6999999881
26178  -37.333  -57.812  -54.216 0.6000000238
27178  -31.451  -56.177  -47.790 0.6999999881
116362  -34.803  -56.739  -53.695 0.6000000238
27189  -31.504  -56.680  -48.527 0.6999999881
27236  -34.606  -55.838  -53.183 0.5000000000
27190  -32.082  -56.117  -49.140 0.6999999881
139462  -34.103  -55.004  -52.514 0.5000000000
28340  -34.661  -55.171  -52.577 0.5000000000
28303  -33.119  -54.859  -50.868 0.5000000000
29341  -27.315  -54.643  -42.605 0.6000000238
29353  -28.390  -54.461  -43.401 0.6000000238
25177  -39.668  -58.343  -54.111 0.5000000000
26180  -39.777  -57.392  -53.967 0.5000000000
29364  -29.232  -54.761  -44.280 0.6999999881
28224  -28.793  -55.412  -44.252 0.6999999881
26179  -39.140  -57.408  -54.058 0.5000000000
26169  -38.602  -56.989  -53.650 0.5000000000
27227  -38.697  -56.734  -52.634 0.4000000060
28240  -30.397  -55.629  -45.669 0.6999999881
28256  -30.852  -55.862  -46.331 0.6999999881
28276  -31.660  -55.523  -47.472 0.6999999881
27237  -36.868  -57.002  -52.836 0.5000000000
28290  -31.849  -55.794  -48.291 0.6999999881
28291  -32.318  -55.271  -48.933 0.6000000238
27225  -35.541  -56.153  -52.442 0.5000000000
120236  -32.534  -55.528  -49.918 0.6000000238
28330  -35.300  -55.309  -51.903 0.5000000000
29427  -32.759  -54.645  -49.809 0.5000000000
29435  -33.883  -54.292  -51.998 0.5000000000
29445  -34.764  -54.496  -52.187 0.5000000000
29443  -34.239  -54.499  -52.272 0.5000000000
29436  -35.310  -54.611  -51.405 0.3000000119
26138  -39.721  -56.613  -50.388 0.3000000119
29327  -26.834  -54.149  -42.021 0.6000000238
119912  -27.408  -53.902  -42.318 0.6000000238
27239  -39.493  -56.834  -53.385 0.4000000060
27228  -39.259  -56.868  -52.229 0.4000000060
28226  -29.963  -54.648  -44.807 0.6000000238
124087  -30.551  -54.866  -45.412 0.6999999881
28241  -31.068  -55.111  -45.970 0.6999999881
27226  -37.103  -56.608  -51.833 0.5000000000
28277  -32.129  -54.995  -48.006 0.5000000000
27215  -36.073  -56.106  -51.480 0.5000000000
28319  -35.982  -55.681  -50.866 0.4000000060
30477  -34.459  -53.842  -52.135 0.5000000000
30478  -34.737  -53.804  -52.067 0.4000000060
30381  -26.363  -53.636  -41.481 0.6000000238
29342  -28.001  -54.019  -42.769 0.6000000238
30402  -28.650  -53.707  -43.232 0.6000000238
29365  -29.591  -54.065  -44.251 0.6000000238
27217  -38.616  -56.570  -51.321 0.3000000119
27202  -37.977  -56.198  -50.540 0.3000000119
29379  -31.094  -54.298  -45.675 0.6000000238
28257  -31.427  -55.326  -46.682 0.6999999881
28305  -36.917  -55.874  -50.162 0.3000000119
27216  -37.044  -56.250  -50.918 0.3000000119
29393  -31.578  -54.451  -46.402 0.6000000238
28292  -36.891  -55.485  -49.248 0.3000000119
29394  -32.061  -54.140  -46.938 0.5000000000
29408  -32.363  -54.095  -47.739 0.5000000000
29420  -32.528  -54.416  -48.775 0.5000000000
29429  -35.552  -54.315  -50.423 0.3000000119
28304  -35.971  -55.261  -50.109 0.3000000119
30463  -32.954  -53.798  -49.772 0.5000000000
30456  -32.734  -53.551  -48.786 0.5000000000
30470  -34.817  -53.082  -52.191 0.4000000060
30471  -35.135  -53.514  -51.872 0.3000000119
31335  -26.656  -52.871  -41.236 0.5000000000
30382  -27.105  -53.425  -41.836 0.6000000238
30394  -28.388  -53.230  -42.665 0.5000000000
29378  -30.590  -54.117  -45.137 0.6000000238
30416  -30.596  -53.451  -44.810 0.5000000000
28278  -37.212  -55.223  -48.237 0.3000000119
30426  -31.506  -53.641  -45.958 0.6000000238
29422  -36.238  -54.786  -48.554 0.3000000119
29421  -35.959  -54.878  -49.406 0.3000000119
30438  -31.901  -53.747  -46.549 0.6000000238
30457  -33.587  -52.519  -50.543 0.5000000000
31422  -34.331  -52.640  -51.864 0.4000000060
31336  -27.500  -52.644  -41.657 0.5000000000
31351  -28.195  -52.663  -42.185 0.5000000000
31353  -29.176  -52.264  -42.771 0.5000000000
30395  -28.934  -52.963  -43.058 0.5000000000
31362  -29.514  -52.586  -43.390 0.5000000000
29411  -37.387  -54.987  -47.306 0.3000000119
30425  -31.048  -53.564  -45.334 0.6000000238
31398  -32.040  -52.934  -46.381 0.6000000238
30439  -32.322  -53.474  -47.069 0.5000000000
31414  -33.060  -52.722  -49.098 0.5000000000
128621  -35.110  -52.683  -52.131 0.4000000060
32363  -35.446  -51.671  -52.144 0.4000000060
31337  -28.078  -52.144  -41.718 0.5000000000
32303  -29.766  -51.850  -43.135 0.5000000000
28242  -38.641  -55.044  -46.238 0.4000000060
29396  -37.492  -54.852  -46.427 0.4000000060
31379  -30.527  -52.727  -44.419 0.5000000000
31392  -31.464  -52.802  -45.509 0.5000000000
128541  -36.649  -54.600  -46.686 0.4000000060
29410  -36.362  -54.591  -47.487 0.3000000119
31380  -31.169  -52.328  -44.787 0.4000000060
119443  -35.730  -53.985  -48.178 0.3000000119
31393  -32.033  -52.218  -45.896 0.5000000000
125382  -32.540  -52.556  -47.209 0.4000000060
31420  -34.387  -51.939  -51.517 0.4000000060
32283  -28.252  -51.418  -41.302 0.5000000000
32296  -29.424  -51.507  -42.454 0.5000000000
29382  -38.505  -55.002  -45.314 0.4000000060
32315  -30.764  -51.881  -44.203 0.5000000000
32304  -30.419  -51.476  -43.541 0.4000000060
29380  -36.545  -54.379  -45.748 0.4000000060
117444  -36.070  -54.191  -46.597 0.4000000060
32316  -31.388  -51.489  -44.574 0.4000000060
29409  -35.841  -54.065  -47.198 0.4000000060
31399  -32.431  -52.015  -46.519 0.4000000060
32349  -32.811  -51.673  -47.292 0.4000000060
31407  -33.576  -51.401  -48.975 0.4000000060
31415  -33.528  -51.974  -49.748 0.4000000060
32360  -34.750  -51.258  -51.192 0.4000000060
32361  -36.351  -51.471  -51.924 0.4000000060
32364  -36.141  -51.202  -52.154 0.4000000060
32265  -28.060  -50.799  -40.630 0.5000000000
32284  -29.059  -51.074  -41.739 0.4000000060
29381  -37.411  -54.650  -44.962 0.4000000060
136830  -37.640  -54.807  -45.705 0.4000000060
32297  -30.085  -51.104  -42.818 0.5000000000
133756  -31.059  -51.108  -43.903 0.4000000060
32332  -32.396  -51.404  -45.836 0.4000000060
30440  -35.708  -53.664  -46.625 0.4000000060
138801  -32.737  -51.321  -46.629 0.4000000060
32342  -33.208  -50.919  -47.218 0.4000000060
31421  -35.760  -52.232  -50.921 0.3000000119
32359  -33.990  -51.430  -50.276 0.4000000060
33218  -29.433  -50.145  -41.384 0.4000000060
33237  -30.450  -50.338  -42.447 0.5000000000
33252  -30.755  -50.716  -43.175 0.4000000060
32305  -31.688  -50.672  -44.284 0.4000000060
33262  -32.370  -50.263  -44.655 0.4000000060
32317  -32.055  -51.037  -45.004 0.4000000060
32341  -32.913  -50.742  -46.304 0.4000000060
33298  -33.748  -50.750  -48.317 0.4000000060
32356  -34.160  -50.910  -49.736 0.4000000060
32362  -36.826  -50.832  -51.995 0.4000000060
33310  -35.723  -51.002  -52.101 0.4000000060
33314  -36.587  -50.700  -52.053 0.4000000060
33219  -30.115  -50.018  -41.849 0.4000000060
33238  -31.163  -49.960  -42.766 0.4000000060
33254  -32.046  -49.952  -43.906 0.4000000060
33276  -33.204  -50.109  -45.921 0.4000000060
33292  -33.464  -50.310  -46.698 0.4000000060
32358  -37.054  -51.162  -51.293 0.4000000060
33299  -34.227  -50.143  -47.970 0.4000000060
33305  -34.491  -50.346  -49.147 0.4000000060
34282  -34.901  -49.775  -48.595 0.4000000060
33306  -35.350  -49.961  -50.024 0.4000000060
33311  -36.061  -50.327  -51.583 0.4000000060
34197  -30.739  -49.438  -42.045 0.4000000060
34220  -31.785  -49.617  -43.191 0.4000000060
34229  -32.699  -49.453  -44.242 0.4000000060
34238  -33.526  -49.481  -45.585 0.4000000060
34237  -32.954  -49.832  -45.120 0.4000000060
34239  -33.985  -49.222  -45.982 0.4000000060
34257  -33.750  -49.718  -46.331 0.4000000060
34274  -34.630  -49.581  -47.518 0.4000000060
34275  -35.334  -49.208  -48.037 0.4000000060
33315  -37.067  -50.489  -51.918 0.3000000119
34290  -36.459  -49.654  -50.970 0.4000000060
34294  -37.004  -50.171  -51.935 0.4000000060
35226  -31.232  -48.571  -41.992 0.4000000060
34221  -32.157  -48.941  -43.006 0.4000000060
127413  -31.890  -48.414  -42.506 0.4000000060
35262  -33.145  -48.755  -44.142 0.4000000060
34230  -33.380  -49.141  -44.784 0.4000000060
34259  -35.044  -49.012  -47.082 0.4000000060
32352  -36.730  -51.239  -49.603 0.4000000060
34283  -35.785  -49.384  -49.333 0.4000000060
34295  -37.493  -50.234  -51.644 0.4000000060
34284  -36.912  -49.060  -50.328 0.5000000000
133133  -32.181  -47.719  -42.565 0.4000000060
35248  -33.126  -48.038  -43.683 0.4000000060
128809  -32.659  -48.793  -43.588 0.4000000060
36325  -34.319  -47.463  -44.638 0.4000000060
35263  -33.758  -48.277  -44.517 0.4000000060
35316  -36.174  -48.806  -48.668 0.4000000060
34291  -37.451  -49.656  -51.420 0.5000000000
138799  -31.818  -47.289  -42.292 0.4000000060
36308  -33.180  -47.219  -43.572 0.4000000060
36324  -33.694  -47.377  -44.072 0.4000000060
35325  -38.012  -48.905  -50.771 0.5000000000
37328  -31.737  -46.647  -42.352 0.4000000060
37345  -32.764  -46.595  -43.283 0.4000000060
37362  -34.151  -46.669  -44.367 0.4000000060
35318  -38.240  -48.264  -50.128 0.5000000000
39299  -32.582  -45.030  -43.847 0.4000000060
37329  -32.217  -46.360  -42.789 0.4000000060
38330  -32.390  -45.772  -43.235 0.4000000060
38347  -33.161  -45.803  -43.685 0.4000000060
133390  -34.154  -45.294  -44.502 0.4000000060
37363  -34.786  -45.939  -44.773 0.5000000000
38329  -31.627  -45.807  -42.666 0.4000000060
133679  -33.116  -53.129  -49.755 0.5000000000
31423  -35.123  -52.401  -52.155 0.4000000060
23317  -34.837  -59.999  -53.378 0.5000000000
24203  -31.752  -59.475  -49.874 0.8000000119
25132  -30.907  -58.853  -49.125 0.8000000119
127553  -30.533  -58.527  -48.655 0.6999999881
22436  -37.023  -60.841  -53.980 0.5000000000
26096  -29.689  -57.923  -47.268 0.6999999881
124043  -38.437  -60.798  -54.126 0.5000000000
26048  -29.163  -57.324  -45.808 0.6999999881
24236  -39.860  -59.181  -54.202 0.4000000060
23328  -38.675  -59.870  -54.326 0.4000000060
27149  -29.546  -56.520  -45.529 0.6999999881
28213  -28.191  -55.257  -43.642 0.6999999881
25167  -39.685  -57.999  -53.494 0.4000000060
29340  -26.570  -54.868  -42.214 0.6000000238
26148  -39.414  -56.847  -51.073 0.4000000060
30357  -24.975  -53.316  -40.840 0.6000000238
31313  -25.270  -52.448  -40.620 0.5000000000
31314  -26.139  -52.298  -40.657 0.5000000000
32282  -27.644  -51.927  -41.275 0.5000000000
32264  -27.416  -51.311  -40.626 0.4000000060
33203  -28.311  -50.149  -40.394 0.4000000060
34185  -28.625  -49.456  -40.302 0.4000000060
33204  -28.902  -49.929  -40.779 0.4000000060
34186  -29.353  -49.279  -40.780 0.4000000060
35225  -30.527  -48.658  -41.460 0.4000000060
36283  -30.931  -47.929  -41.537 0.4000000060
37315  -31.230  -47.153  -41.789 0.4000000060
37314  -30.505  -46.677  -41.381 0.4000000060
38346  -31.762  -45.175  -43.386 0.4000000060
23285  -32.581  -60.245  -50.742 0.8000000119
25148  -32.350  -58.746  -50.822 0.8000000119
24235  -36.878  -58.774  -54.661 0.5000000000
25117  -31.069  -58.212  -49.115 0.6999999881
27200  -31.817  -56.812  -49.339 0.6999999881
26166  -34.292  -56.499  -53.517 0.6999999881
26157  -33.311  -56.562  -52.294 0.6999999881
26168  -36.262  -57.393  -53.676 0.6000000238
27235  -34.232  -55.861  -53.191 0.6000000238
27234  -33.829  -55.857  -53.075 0.6000000238
28225  -29.483  -55.375  -44.730 0.6999999881
121529  -35.322  -56.600  -53.329 0.5000000000
29354  -28.962  -54.203  -43.783 0.6000000238
26158  -39.393  -57.229  -52.411 0.5000000000
27238  -39.425  -56.793  -53.381 0.5000000000
27218  -39.375  -56.647  -50.883 0.3000000119
29428  -33.385  -53.960  -50.915 0.5000000000
30403  -29.341  -53.399  -43.693 0.6000000238
30448  -32.631  -53.089  -47.973 0.5000000000
30464  -33.541  -53.153  -50.876 0.5000000000
31406  -32.968  -52.071  -48.287 0.4000000060
31424  -35.617  -51.911  -52.171 0.4000000060
125584  -35.010  -50.615  -50.667 0.4000000060
34196  -30.031  -49.373  -41.410 0.4000000060
38360  -33.888  -45.907  -44.206 0.4000000060
15349  -26.014  -68.112  -47.677 0.4000000060
15350  -26.962  -68.195  -47.924 0.4000000060
16329  -28.473  -67.579  -47.624 0.4000000060
16347  -28.703  -67.646  -48.899 0.4000000060
16304  -27.305  -67.404  -46.355 0.4000000060
16305  -28.232  -67.380  -46.670 0.4000000060
16330  -29.196  -67.254  -47.927 0.4000000060
17319  -29.634  -66.778  -47.312 0.4000000060
17342  -30.780  -66.203  -49.385 0.5000000000
132402  -28.027  -67.092  -45.969 0.4000000060
17299  -28.665  -66.860  -46.154 0.4000000060
17301  -29.974  -66.276  -46.961 0.5000000000
18315  -30.444  -65.800  -47.217 0.5000000000
19350  -31.023  -65.239  -47.573 0.6000000238
130557  -26.972  -66.773  -45.156 0.4000000060
17289  -28.193  -66.506  -45.492 0.4000000060
18308  -29.284  -65.721  -45.851 0.4000000060
18344  -31.362  -65.481  -48.627 0.5000000000
24228  -40.130  -59.544  -54.054 0.3000000119
24227  -39.776  -59.266  -53.592 0.4000000060
25160  -38.498  -57.947  -51.617 0.3000000119
18358  -31.292  -65.765  -49.950 0.5000000000
21478  -36.846  -62.432  -53.186 0.5000000000
118343  -38.945  -61.297  -53.789 0.4000000060
19308  -27.365  -64.702  -44.340 0.4000000060
18314  -29.891  -65.706  -46.497 0.5000000000
136489  -26.874  -65.289  -44.206 0.4000000060
18306  -27.978  -65.944  -45.001 0.4000000060
19384  -32.018  -64.902  -49.253 0.6000000238
19385  -32.479  -64.647  -50.214 0.6000000238
118838  -32.748  -64.006  -50.229 0.6999999881
22423  -36.385  -61.663  -53.395 0.5000000000
19397  -32.815  -64.488  -51.319 0.6999999881
20447  -33.685  -64.066  -52.901 0.6999999881
21477  -35.710  -62.589  -53.192 0.6999999881
118537  -33.601  -63.332  -51.971 0.6999999881
124652  -29.670  -64.856  -46.074 0.5000000000
19335  -30.400  -65.038  -46.794 0.6000000238
19351  -31.572  -64.494  -48.068 0.6000000238
20404  -32.165  -63.339  -48.943 0.6000000238
20350  -28.108  -64.184  -44.713 0.4000000060
19322  -29.147  -64.216  -45.576 0.5000000000
129803  -30.204  -64.198  -46.544 0.6000000238
127022  -32.072  -64.085  -48.719 0.6000000238
20423  -32.593  -63.180  -49.718 0.6000000238
20435  -33.057  -63.454  -50.954 0.6000000238
26147  -38.766  -57.436  -50.676 0.3000000119
19372  -32.442  -64.066  -49.429 0.6000000238
22422  -35.446  -61.669  -53.143 0.6000000238
22435  -35.957  -60.777  -53.730 0.5000000000
21368  -27.987  -63.269  -44.777 0.6000000238
21378  -28.443  -62.763  -45.344 0.6000000238
21379  -29.177  -63.237  -45.802 0.6999999881
20380  -30.561  -63.519  -46.950 0.6000000238
20381  -31.191  -63.579  -47.539 0.6000000238
138043  -32.202  -62.783  -49.142 0.6000000238
20349  -27.534  -63.778  -44.425 0.5000000000
19334  -29.643  -63.972  -46.055 0.6000000238
21446  -32.814  -62.302  -50.368 0.6000000238
21447  -33.321  -62.675  -51.248 0.6999999881
22407  -33.721  -61.410  -51.812 0.6999999881
21462  -33.872  -62.451  -51.957 0.6999999881
23309  -35.171  -60.790  -53.340 0.6000000238
22421  -34.747  -61.491  -52.873 0.6999999881
21385  -28.818  -62.345  -45.870 0.6999999881
21400  -29.869  -61.904  -47.072 0.6999999881
21387  -30.189  -62.663  -46.952 0.6999999881
21402  -31.239  -62.670  -47.910 0.6000000238
23307  -34.195  -60.153  -52.725 0.5000000000
22395  -32.720  -61.465  -50.426 0.6999999881
22396  -33.221  -61.751  -51.097 0.6999999881
23298  -34.161  -61.047  -52.433 0.6000000238
23253  -30.098  -60.428  -48.053 0.6999999881
23264  -31.172  -60.335  -49.080 0.6999999881
22353  -29.344  -61.301  -46.831 0.6999999881
22377  -31.179  -61.047  -48.699 0.6000000238
127313  -31.806  -61.088  -49.352 0.5000000000
21401  -30.554  -62.010  -47.603 0.6999999881
21416  -31.167  -61.813  -48.301 0.6000000238
22385  -32.457  -61.534  -49.849 0.6999999881
23297  -33.545  -60.357  -51.958 0.5000000000
21431  -32.237  -62.142  -49.372 0.6000000238
23286  -33.114  -60.808  -51.287 0.6999999881
24173  -30.245  -59.781  -48.455 0.6999999881
24191  -31.146  -59.525  -49.302 0.6999999881
24172  -29.932  -59.037  -48.244 0.6999999881
23284  -32.164  -60.025  -50.108 0.6999999881
22424  -37.804  -61.674  -53.605 0.5000000000
23275  -32.388  -60.774  -50.055 0.6000000238
16328  -27.597  -67.797  -47.300 0.4000000060
17320  -30.197  -66.397  -47.736 0.4000000060
17278  -27.288  -65.704  -44.581 0.4000000060
17290  -28.866  -66.293  -45.795 0.4000000060
126902  -28.945  -65.046  -45.437 0.4000000060
18297  -28.185  -65.148  -44.854 0.4000000060
121132  -34.173  -63.237  -52.955 0.6999999881
131382  -34.786  -62.493  -53.015 0.6999999881
21417  -31.745  -62.528  -48.676 0.6000000238
20358  -28.605  -63.690  -45.198 0.6999999881
20365  -29.875  -63.327  -46.442 0.6000000238
118247  -30.782  -62.868  -47.366 0.6000000238
22365  -29.912  -61.145  -47.494 0.6999999881
125067  -31.612  -61.700  -48.869 0.6000000238
23263  -30.658  -60.406  -48.570 0.6000000238
22352  -28.783  -61.603  -46.223 0.5000000000
21367  -27.200  -62.895  -44.354 0.4000000060
21377  -27.729  -62.320  -44.977 0.5000000000
122610  -28.668  -60.793  -46.540 0.6000000238
21360  -25.721  -63.182  -43.505 0.4000000060
21359  -25.361  -62.312  -43.353 0.5000000000
21366  -26.531  -62.228  -44.085 0.5000000000
22342  -27.504  -61.484  -45.153 0.5000000000
124886  -27.645  -60.726  -45.612 0.5000000000
119793  -27.536  -59.781  -45.946 0.5000000000
22343  -28.199  -61.738  -45.576 0.5000000000
23242  -29.075  -60.511  -47.064 0.6000000238
23251  -29.022  -59.736  -47.362 0.5000000000
23229  -28.049  -60.301  -46.285 0.5000000000
24160  -28.538  -59.419  -46.914 0.6999999881
23240  -28.064  -59.557  -46.466 0.6000000238
25078  -29.105  -58.375  -46.906 0.6000000238
22326  -24.895  -61.608  -43.037 0.5000000000
138670  -25.483  -61.481  -43.463 0.5000000000
134995  -26.458  -60.667  -44.356 0.5000000000
23221  -26.702  -60.125  -44.668 0.5000000000
126377  -26.997  -60.867  -44.864 0.5000000000
133306  -29.383  -59.212  -47.683 0.6000000238
24120  -27.335  -59.322  -45.369 0.6000000238
25064  -28.196  -58.404  -45.739 0.5000000000
26067  -28.795  -58.051  -46.157 0.6000000238
22319  -24.584  -60.898  -42.681 0.5000000000
22327  -25.253  -60.858  -43.263 0.5000000000
24097  -25.395  -59.432  -43.088 0.5000000000
23215  -26.173  -60.117  -44.104 0.5000000000
24107  -26.529  -59.437  -44.314 0.5000000000
25098  -29.490  -58.627  -47.586 0.6000000238
25063  -27.609  -58.640  -45.284 0.5000000000
26047  -28.529  -57.700  -45.432 0.6000000238
23207  -23.717  -60.932  -42.069 0.5000000000
23209  -25.016  -60.152  -42.895 0.5000000000
24096  -24.763  -59.423  -42.527 0.5000000000
25022  -24.526  -58.694  -42.137 0.5000000000
25988  -24.974  -58.041  -42.386 0.6000000238
25034  -25.741  -58.716  -43.232 0.4000000060
25979  -24.890  -57.249  -42.022 0.4000000060
124242  -25.478  -58.187  -42.864 0.5000000000
25035  -26.434  -58.587  -43.816 0.5000000000
24106  -25.973  -59.405  -43.688 0.4000000060
27075  -24.780  -56.290  -41.689 0.4000000060
27091  -25.593  -56.708  -42.395 0.5000000000
26001  -26.671  -57.652  -43.615 0.5000000000
28174  -24.161  -55.518  -41.393 0.4000000060
26019  -27.004  -58.084  -44.168 0.6000000238
26020  -27.535  -58.051  -44.671 0.6000000238
27148  -28.816  -56.969  -45.123 0.6000000238
27131  -29.026  -56.151  -44.774 0.6000000238
25989  -25.520  -57.534  -42.679 0.5000000000
28194  -25.684  -55.859  -42.102 0.5000000000
27092  -26.394  -56.204  -42.773 0.5000000000
25990  -26.182  -57.134  -43.038 0.5000000000
29324  -24.382  -54.642  -41.303 0.4000000060
28176  -25.867  -55.094  -41.877 0.5000000000
27093  -27.182  -56.021  -43.253 0.6000000238
27111  -26.924  -56.810  -43.425 0.6000000238
27113  -28.268  -56.108  -44.124 0.6000000238
28195  -26.293  -55.490  -42.347 0.5000000000
137857  -24.405  -53.141  -40.964 0.3000000119
30379  -24.193  -53.698  -41.156 0.4000000060
29325  -25.334  -54.576  -41.451 0.5000000000
28212  -27.522  -55.324  -43.170 0.5000000000
136214  -27.760  -55.849  -43.598 0.6000000238
135979  -26.805  -50.858  -40.187 0.3000000119
122043  -26.004  -50.839  -40.213 0.3000000119
32263  -26.487  -51.523  -40.447 0.4000000060
33182  -27.156  -49.538  -39.703 0.3000000119
35224  -29.418  -48.407  -40.491 0.3000000119
34168  -28.295  -48.917  -39.791 0.3000000119
36271  -29.355  -47.573  -40.343 0.3000000119
35214  -30.137  -47.959  -40.940 0.3000000119
132815  -30.562  -47.372  -41.287 0.3000000119
37301  -29.957  -47.094  -40.811 0.3000000119
37313  -29.777  -46.307  -40.947 0.3000000119
37327  -31.061  -46.269  -41.993 0.3000000119
30380  -25.579  -53.849  -41.255 0.5000000000
135283  -27.487  -50.376  -40.094 0.3000000119
24161  -29.671  -59.746  -47.909 0.5000000000
22335  -26.487  -61.362  -44.262 0.5000000000
25049  -27.059  -58.823  -44.628 0.5000000000
115817  -27.987  -56.807  -44.264 0.6000000238
21463  -35.117  -63.371  -53.334 0.6000000238
23288  -36.655  -60.282  -51.275 0.3000000119
22409  -37.605  -60.693  -51.719 0.3000000119
125765  -40.047  -60.874  -53.077 0.3000000119
23299  -38.602  -60.148  -52.623 0.3000000119
22410  -38.996  -61.283  -52.153 0.3000000119
22425  -40.087  -61.011  -53.223 0.3000000119
23321  -39.942  -60.469  -53.888 0.3000000119
20462  -36.245  -63.267  -53.242 0.6000000238
23287  -36.031  -60.348  -50.727 0.3000000119
24217  -37.282  -59.895  -51.719 0.3000000119
24218  -38.157  -59.456  -52.400 0.3000000119
22411  -40.036  -61.447  -52.839 0.3000000119
21490  -38.904  -61.998  -53.350 0.3000000119
21479  -38.243  -62.469  -53.114 0.4000000060
20348  -26.897  -63.872  -44.024 0.4000000060
23277  -35.359  -60.404  -49.996 0.3000000119
25149  -35.883  -59.139  -50.375 0.3000000119
25150  -36.511  -58.985  -50.799 0.3000000119
25159  -37.403  -59.083  -51.577 0.3000000119
124440  -29.854  -67.384  -50.112 0.5000000000
16378  -30.827  -67.042  -51.063 0.5000000000
16346  -27.873  -68.010  -48.308 0.4000000060
16361  -29.313  -67.568  -49.684 0.4000000060
125694  -29.446  -67.894  -50.080 0.5000000000
18391  -32.281  -66.065  -52.181 0.5000000000
17359  -31.498  -66.519  -51.554 0.5000000000
17341  -30.226  -66.845  -50.132 0.5000000000
17357  -30.567  -66.859  -50.840 0.5000000000
16348  -29.341  -67.269  -48.868 0.4000000060
18393  -33.662  -65.479  -52.976 0.6000000238
18392  -32.907  -65.655  -52.631 0.6000000238
18376  -32.493  -65.476  -52.203 0.5000000000
17331  -29.757  -66.891  -48.320 0.3000000119
17358  -30.707  -66.468  -50.620 0.5000000000
19413  -35.354  -64.835  -53.139 0.6000000238
19398  -33.073  -64.870  -52.769 0.6000000238
134683  -32.251  -65.133  -51.258 0.6000000238
18374  -31.133  -66.153  -51.156 0.5000000000
20449  -35.799  -64.029  -53.342 0.6000000238
136327  -39.716  -61.900  -52.341 0.3000000119
20464  -38.667  -62.930  -52.527 0.4000000060
18359  -31.757  -65.390  -50.663 0.4000000060
21464  -39.377  -62.346  -51.603 0.3000000119
22398  -38.218  -61.712  -51.299 0.3000000119
21480  -39.406  -62.263  -52.801 0.3000000119
20463  -37.378  -62.986  -52.985 0.5000000000
20436  -33.293  -64.048  -51.976 0.6000000238
20448  -34.581  -64.059  -53.288 0.6000000238
19412  -34.077  -64.779  -53.160 0.6000000238
21465  -39.510  -62.546  -51.945 0.3000000119
18394  -34.922  -65.506  -52.826 0.5000000000
18395  -36.079  -65.335  -52.393 0.5000000000
19414  -36.569  -64.593  -52.623 0.5000000000
19399  -37.116  -64.918  -51.673 0.4000000060
19415  -37.826  -64.198  -51.839 0.5000000000
18378  -36.618  -65.599  -51.407 0.5000000000
18377  -35.715  -65.957  -51.970 0.5000000000
18379  -37.578  -65.178  -50.696 0.4000000060
19400  -38.336  -64.448  -50.969 0.4000000060
19416  -39.009  -63.814  -51.246 0.4000000060
20450  -37.319  -63.682  -52.708 0.5000000000
17369  -32.896  -66.234  -52.436 0.5000000000
17371  -34.597  -66.158  -52.343 0.5000000000
20451  -38.919  -63.436  -51.901 0.4000000060
11538  -27.367  -71.861  -52.458 0.3000000119
11539  -28.180  -72.433  -52.352 0.3000000119
122953  -28.977  -72.664  -51.751 0.3000000119
11529  -29.787  -72.745  -51.230 0.3000000119
11531  -32.117  -73.866  -50.457 0.4000000060
12462  -29.130  -71.991  -51.048 0.3000000119
12461  -28.411  -71.818  -51.297 0.3000000119
11518  -33.843  -74.131  -49.682 0.4000000060
12456  -31.502  -72.264  -49.963 0.4000000060
12455  -29.754  -71.777  -50.427 0.3000000119
12454  -28.792  -71.361  -50.576 0.3000000119
12444  -34.285  -73.357  -49.514 0.4000000060
127122  -34.422  -72.246  -49.514 0.4000000060
134474  -30.578  -71.739  -50.015 0.4000000060
13421  -28.517  -70.466  -50.217 0.4000000060
12441  -30.018  -71.047  -49.752 0.4000000060
14359  -36.814  -70.678  -49.245 0.3000000119
12446  -35.658  -72.639  -49.709 0.4000000060
13416  -36.042  -71.819  -50.165 0.4000000060
127473  -33.145  -71.713  -49.392 0.4000000060
13413  -32.344  -70.486  -49.272 0.4000000060
13412  -31.288  -70.353  -49.334 0.4000000060
13410  -29.417  -70.317  -49.760 0.4000000060
15394  -37.329  -68.808  -49.018 0.3000000119
14374  -36.260  -70.942  -50.238 0.4000000060
14373  -35.395  -70.240  -50.163 0.4000000060
14372  -33.920  -69.805  -49.485 0.4000000060
15391  -33.248  -68.805  -49.538 0.4000000060
14371  -32.791  -69.567  -49.271 0.4000000060
14370  -31.711  -69.439  -49.281 0.4000000060
128311  -29.623  -69.469  -49.707 0.4000000060
15412  -36.243  -68.876  -50.487 0.4000000060
14384  -35.350  -69.090  -50.453 0.4000000060
15409  -33.670  -68.139  -50.414 0.4000000060
15390  -32.172  -68.646  -49.455 0.4000000060
14369  -30.532  -69.287  -49.499 0.4000000060
13409  -28.757  -69.509  -50.003 0.4000000060
15411  -35.573  -68.500  -50.735 0.4000000060
15410  -34.729  -68.275  -50.739 0.4000000060
15408  -32.563  -67.977  -50.162 0.4000000060
16363  -31.394  -67.765  -50.326 0.4000000060
134279  -29.666  -68.650  -49.870 0.4000000060
15407  -30.495  -67.572  -50.374 0.4000000060
122806  -34.896  -67.661  -51.293 0.4000000060
16396  -33.371  -66.875  -51.835 0.4000000060
16395  -32.313  -66.649  -51.953 0.4000000060
121077  -36.330  -66.229  -51.099 0.4000000060
16381  -34.822  -66.975  -51.756 0.4000000060
19386  -38.994  -64.627  -50.034 0.3000000119
19401  -39.634  -63.810  -50.364 0.3000000119
16379  -31.727  -67.203  -51.345 0.4000000060
17360  -35.498  -66.632  -51.541 0.4000000060
17370  -33.872  -66.530  -52.158 0.4000000060
12443  -32.650  -73.088  -49.804 0.4000000060
122522  -32.061  -71.544  -49.476 0.4000000060
12442  -30.918  -71.152  -49.565 0.4000000060
14386  -36.715  -70.608  -49.805 0.4000000060
12457  -36.266  -71.822  -50.031 0.4000000060
15370  -37.249  -69.151  -48.700 0.3000000119
13414  -33.467  -70.728  -49.351 0.4000000060
123954  -37.044  -68.092  -49.529 0.3000000119
129928  -36.655  -69.846  -50.129 0.4000000060
14385  -36.175  -69.711  -50.436 0.4000000060
15392  -34.343  -69.021  -49.928 0.4000000060
16383  -36.430  -68.032  -50.346 0.4000000060
16380  -34.024  -67.536  -51.282 0.4000000060
15389  -31.025  -68.435  -49.695 0.4000000060
126557  -32.923  -67.345  -51.222 0.4000000060
13405  -35.235  -72.301  -48.687 0.3000000119
10648  -33.694  -74.578  -49.150 0.3000000119
9766  -32.904  -75.419  -49.817 0.3000000119
10649  -33.943  -74.086  -48.823 0.3000000119
11507  -35.014  -73.697  -49.084 0.3000000119
11532  -33.198  -74.744  -50.125 0.3000000119
11519  -34.373  -74.045  -49.280 0.3000000119
130493  -35.934  -72.466  -48.972 0.3000000119
11508  -35.670  -72.981  -49.278 0.3000000119
132222  -36.315  -72.155  -49.619 0.3000000119
16364  -36.875  -67.141  -49.716 0.3000000119
17343  -36.911  -66.347  -50.109 0.3000000119
115759  -37.010  -65.797  -50.565 0.3000000119
126826  -36.771  -70.365  -48.880 0.3000000119
17361  -36.191  -66.964  -50.660 0.3000000119
10656  -33.157  -75.216  -49.633 0.3000000119
10657  -33.494  -74.736  -49.383 0.3000000119
11530  -30.805  -72.897  -50.659 0.3000000119
12431  -35.637  -73.084  -49.033 0.3000000119
12432  -36.028  -72.637  -49.291 0.3000000119
12445  -35.157  -73.433  -49.311 0.3000000119
12447  -36.124  -72.487  -49.782 0.4000000060
12453  -27.983  -71.074  -50.747 0.3000000119
13406  -35.706  -71.649  -48.721 0.3000000119
13407  -36.336  -71.654  -49.130 0.3000000119
13411  -30.304  -70.294  -49.493 0.4000000060
13415  -34.797  -71.218  -49.663 0.4000000060
13417  -36.553  -71.398  -49.655 0.4000000060
13422  -29.262  -70.995  -50.105 0.4000000060
14375  -37.041  -69.839  -49.402 0.4000000060
14383  -28.023  -69.564  -50.214 0.4000000060
15393  -36.836  -68.999  -49.888 0.4000000060
16306  -29.030  -67.180  -46.913 0.4000000060
16326  -25.261  -67.824  -47.508 0.4000000060
16327  -26.654  -67.834  -47.084 0.4000000060
16362  -30.334  -67.160  -50.518 0.5000000000
16382  -35.606  -67.706  -51.024 0.3000000119
17288  -27.461  -66.414  -45.027 0.4000000060
17300  -29.391  -66.459  -46.419 0.5000000000
17332  -30.269  -66.561  -48.830 0.5000000000
17340  -29.751  -67.081  -49.414 0.4000000060
18307  -28.590  -65.785  -45.377 0.4000000060
18331  -30.797  -66.000  -48.136 0.5000000000
18375  -31.746  -65.859  -51.733 0.5000000000
19321  -28.617  -64.468  -45.131 0.5000000000
20403  -31.681  -63.434  -48.283 0.6000000238
21386  -29.445  -62.345  -46.440 0.6999999881
21466  -39.778  -61.851  -52.727 0.3000000119
21491  -39.443  -61.980  -53.133 0.3000000119
22328  -25.971  -61.780  -43.781 0.5000000000
22376  -30.599  -61.123  -48.132 0.6000000238
22408  -34.326  -61.955  -52.403 0.6999999881
22426  -40.009  -61.510  -53.108 0.3000000119
22437  -39.754  -61.387  -53.411 0.3000000119
23214  -25.610  -60.144  -43.511 0.5000000000
23222  -27.154  -60.051  -45.278 0.5000000000
23241  -28.500  -60.047  -46.828 0.5000000000
23252  -29.522  -60.399  -47.536 0.6000000238
23274  -31.725  -60.199  -49.623 0.6999999881
23276  -34.831  -60.018  -49.463 0.3000000119
23308  -34.590  -60.729  -52.948 0.6000000238
23310  -40.028  -60.380  -53.652 0.3000000119
23320  -37.533  -60.176  -54.269 0.5000000000
23327  -37.455  -59.480  -54.461 0.4000000060
24119  -26.979  -59.564  -44.837 0.5000000000
24133  -27.715  -59.058  -46.010 0.6000000238
24134  -28.397  -58.830  -46.552 0.6000000238
24174  -30.724  -59.849  -48.869 0.6999999881
24190  -30.561  -59.263  -48.801 0.8000000119
24205  -35.714  -59.724  -50.424 0.3000000119
24206  -36.363  -59.616  -50.993 0.3000000119
24215  -32.625  -59.516  -51.115 0.8000000119
24216  -33.180  -59.484  -51.722 0.8000000119
24233  -35.139  -59.025  -54.145 0.6000000238
25023  -25.158  -58.745  -42.712 0.5000000000
25097  -28.881  -59.009  -47.262 0.6999999881
25147  -31.873  -58.922  -50.214 0.8000000119
25157  -32.864  -58.135  -51.436 0.8000000119
25978  -24.272  -57.913  -41.730 0.6000000238
26000  -26.007  -57.963  -43.210 0.5000000000
26002  -27.413  -57.326  -44.095 0.6000000238
26021  -28.142  -57.389  -44.725 0.6000000238
26046  -28.012  -58.042  -45.152 0.6000000238
26068  -29.407  -57.663  -46.538 0.6000000238
26146  -32.343  -57.294  -50.535 0.6999999881
26170  -39.524  -56.767  -53.809 0.5000000000
26171  -39.517  -57.218  -53.934 0.5000000000
27112  -27.605  -56.496  -43.787 0.6000000238
27130  -28.461  -56.699  -44.585 0.6000000238
27162  -29.793  -56.963  -46.250 0.6999999881
27177  -30.982  -56.771  -47.676 0.6999999881
27203  -39.029  -56.244  -50.549 0.3000000119
27224  -33.326  -55.766  -52.206 0.6000000238
28175  -25.053  -55.338  -41.578 0.5000000000
28196  -26.897  -55.437  -42.712 0.5000000000
28275  -31.199  -56.078  -47.076 0.6999999881
28329  -33.880  -55.033  -52.536 0.5000000000
28339  -34.223  -55.281  -52.758 0.5000000000
29326  -26.118  -54.379  -41.696 0.6000000238
29352  -27.872  -54.742  -43.126 0.6000000238
29366  -30.181  -53.930  -44.668 0.6000000238
29407  -31.897  -54.772  -47.161 0.6999999881
29444  -34.514  -54.233  -52.147 0.5000000000
29452  -34.357  -54.741  -52.317 0.5000000000
30358  -25.821  -53.092  -40.920 0.6000000238
30393  -27.766  -53.309  -42.268 0.6000000238
30415  -30.010  -53.390  -44.320 0.6000000238
30449  -35.635  -53.451  -47.365 0.4000000060
30469  -34.184  -53.365  -51.932 0.5000000000
31315  -26.988  -52.117  -40.919 0.5000000000
31352  -28.693  -51.961  -42.127 0.5000000000
31363  -30.146  -52.212  -43.799 0.5000000000
31378  -29.890  -52.849  -43.953 0.5000000000
31391  -31.003  -53.003  -44.943 0.5000000000
32331  -31.703  -51.881  -45.263 0.4000000060
32350  -33.232  -51.346  -47.974 0.4000000060
33202  -26.553  -50.148  -39.953 0.3000000119
33217  -28.676  -50.584  -41.053 0.5000000000
33236  -29.764  -50.710  -42.118 0.5000000000
33253  -31.414  -50.338  -43.537 0.4000000060
33275  -32.644  -50.552  -45.469 0.4000000060
33293  -34.024  -49.923  -47.073 0.4000000060
34184  -27.952  -49.615  -39.841 0.4000000060
34208  -31.520  -49.154  -42.549 0.4000000060
34258  -34.389  -49.304  -46.604 0.4000000060
35236  -32.480  -48.243  -43.042 0.4000000060
35278  -33.920  -48.839  -45.331 0.4000000060
36284  -31.574  -47.852  -42.092 0.4000000060
36295  -32.295  -47.017  -42.673 0.4000000060
36307  -32.673  -47.483  -43.148 0.4000000060
37361  -33.500  -46.578  -43.822 0.4000000060
115812  -28.882  -48.831  -40.245 0.3000000119
116421  -23.940  -52.920  -41.220 0.3000000119
116879  -24.882  -54.038  -41.158 0.5000000000
121563  -27.078  -61.837  -44.604 0.5000000000
124499  -37.089  -69.971  -48.948 0.3000000119
125212  -25.926  -60.909  -43.828 0.5000000000
125549  -30.088  -68.168  -50.054 0.4000000060
126464  -32.810  -61.000  -50.726 0.6999999881
127211  -30.884  -64.370  -47.180 0.6000000238
128288  -33.431  -66.002  -52.721 0.5000000000
129108  -26.447  -63.094  -43.840 0.4000000060
132121  -28.277  -61.023  -46.030 0.6000000238
132311  -28.675  -52.621  -42.572 0.5000000000
133100  -27.650  -49.031  -39.607 0.3000000119
134041  -33.720  -50.409  -47.436 0.4000000060
134119  -33.089  -72.636  -49.507 0.4000000060
134224  -36.490  -71.097  -50.055 0.4000000060
134607  -26.008  -62.505  -43.704 0.5000000000
135139  -34.225  -67.097  -51.695 0.4000000060
135263  -36.486  -70.485  -50.154 0.4000000060
135373  -28.694  -54.817  -43.881 0.6999999881
135635  -35.510  -53.086  -46.772 0.4000000060
137564  -32.298  -49.362  -43.548 0.4000000060
137881  -30.011  -67.528  -50.223 0.5000000000
137923  -30.893  -66.659  -51.131 0.5000000000
138409  -29.464  -60.842  -47.227 0.6000000238
138497  -34.293  -62.580  -52.639 0.6999999881
138548  -29.919  -48.731  -41.002 0.4000000060
138813  -30.036  -55.277  -45.186 0.6999999881
139444  -30.009  -56.072  -45.604 0.6999999881
