#!ascii label  , from subject sub-v2s9x29155_ses-1 vox2ras=TkReg
892
90964  46.362  16.659  -3.563 0.0000000000
89465  50.183  14.628  -12.794 0.0000000000
95903  56.509  22.151  -17.688 0.0000000000
86417  56.110  9.939  -18.089 0.0000000000
85403  47.705  9.734  -5.198 0.0000000000
94991  58.246  20.691  -9.860 0.0000000000
88782  54.151  13.094  -16.844 0.0000000000
91778  48.467  17.540  -13.598 0.0000000000
92542  53.925  18.123  -8.591 0.0000000000
130844  49.833  14.431  -6.679 0.0000000000
85449  51.823  9.670  -9.277 0.0000000000
96655  53.141  23.821  -14.056 0.0000000000
91801  49.073  17.731  -18.028 0.0000000000
92585  52.930  18.995  -15.029 0.0000000000
90295  51.655  15.891  -20.159 0.0000000000
93349  49.667  19.655  -12.258 0.0000000000
124942  50.859  16.956  -5.398 0.0000000000
90182  49.052  14.763  -5.138 0.0000000000
85420  49.691  9.116  -7.199 0.0000000000
97368  59.049  24.306  -14.533 0.0000000000
119681  56.778  24.667  -12.560 0.0000000000
95882  54.894  22.952  -15.808 0.0000000000
94197  51.670  20.239  -16.317 0.0000000000
94233  52.648  21.285  -19.795 0.0000000000
91761  50.656  17.233  -10.850 0.0000000000
139559  53.282  18.934  -11.456 0.0000000000
91047  51.067  16.987  -14.107 0.0000000000
88812  55.866  14.392  -20.020 0.0000000000
89521  52.617  15.305  -19.082 0.0000000000
88021  53.645  13.468  -20.662 0.0000000000
119717  52.184  12.928  -18.316 0.0000000000
86420  54.029  10.541  -17.770 0.0000000000
83639  53.588  7.015  -15.600 0.0000000000
89404  44.482  14.238  -3.846 0.0000000000
87850  47.036  12.739  -5.135 0.0000000000
95030  57.426  22.093  -14.301 0.0000000000
87181  53.102  11.741  -12.481 0.0000000000
88756  51.553  13.883  -14.448 0.0000000000
87957  55.353  12.529  -14.933 0.0000000000
88781  57.248  13.664  -16.883 0.0000000000
93299  55.675  19.436  -5.604 0.0000000000
127417  52.804  18.631  -5.583 0.0000000000
90982  51.943  16.201  -7.562 0.0000000000
90205  49.275  15.406  -9.874 0.0000000000
87856  48.491  12.110  -6.518 0.0000000000
87887  48.888  12.280  -8.935 0.0000000000
87169  50.938  11.869  -11.203 0.0000000000
86357  53.871  10.582  -10.191 0.0000000000
88622  42.050  13.759  -2.278 0.0000000000
126127  54.996  23.147  -11.034 0.0000000000
96636  50.912  24.101  -12.685 0.0000000000
94188  51.057  19.956  -14.197 0.0000000000
92603  48.840  17.908  -15.985 0.0000000000
88771  48.649  13.895  -15.304 0.0000000000
93323  56.133  19.949  -9.113 0.0000000000
94172  55.708  20.716  -12.730 0.0000000000
94205  54.723  20.289  -16.562 0.0000000000
90272  51.503  15.656  -16.218 0.0000000000
91799  51.946  17.622  -18.139 0.0000000000
93409  53.244  20.346  -21.326 0.0000000000
91081  49.978  16.981  -19.999 0.0000000000
88799  49.919  14.186  -17.250 0.0000000000
94168  48.835  20.240  -11.220 0.0000000000
95008  49.215  21.931  -11.627 0.0000000000
122783  48.604  17.081  -4.420 0.0000000000
128684  47.647  15.707  -4.514 0.0000000000
96661  57.889  23.410  -15.601 0.0000000000
97380  56.901  23.978  -15.361 0.0000000000
95894  56.429  22.645  -17.094 0.0000000000
95071  54.423  21.952  -18.239 0.0000000000
95083  54.938  22.158  -19.797 0.0000000000
91031  49.847  15.996  -11.901 0.0000000000
91773  50.863  17.211  -12.648 0.0000000000
90237  50.171  15.617  -12.953 0.0000000000
88012  55.967  12.730  -19.538 0.0000000000
88026  55.106  13.964  -20.842 0.0000000000
87238  55.414  12.213  -19.513 0.0000000000
87232  54.237  11.786  -18.894 0.0000000000
86427  54.907  10.391  -18.240 0.0000000000
85503  54.896  8.826  -17.290 0.0000000000
84542  55.895  8.490  -17.634 0.0000000000
87840  44.712  12.635  -4.339 0.0000000000
120479  59.463  22.763  -12.921 0.0000000000
95845  58.483  21.990  -12.120 0.0000000000
87930  54.434  11.758  -12.808 0.0000000000
87946  54.268  12.036  -13.700 0.0000000000
140508  55.783  12.321  -13.606 0.0000000000
88751  58.300  13.882  -15.306 0.0000000000
89507  59.095  14.228  -16.920 0.0000000000
129605  58.119  13.693  -17.442 0.0000000000
90180  51.172  15.279  -5.829 0.0000000000
90185  51.955  15.775  -6.607 0.0000000000
90189  50.791  15.365  -7.117 0.0000000000
90993  49.917  16.173  -9.027 0.0000000000
120875  49.355  15.051  -8.306 0.0000000000
87102  47.216  11.404  -5.285 0.0000000000
88646  47.922  13.045  -5.404 0.0000000000
87100  48.349  11.171  -6.329 0.0000000000
85430  50.599  9.415  -8.440 0.0000000000
86328  49.526  10.635  -8.600 0.0000000000
86347  49.920  10.716  -9.220 0.0000000000
87156  49.762  11.841  -10.098 0.0000000000
86360  50.939  10.799  -10.132 0.0000000000
87153  52.417  11.113  -10.888 0.0000000000
86343  52.997  10.258  -9.894 0.0000000000
86325  56.548  10.310  -8.602 0.0000000000
97361  54.647  24.765  -13.561 0.0000000000
137898  55.914  24.366  -12.307 0.0000000000
97350  53.263  24.717  -12.875 0.0000000000
97338  52.970  24.357  -12.221 0.0000000000
140231  52.219  24.529  -13.164 0.0000000000
95025  51.134  21.278  -12.963 0.0000000000
95035  52.069  21.074  -14.058 0.0000000000
93379  50.014  19.190  -16.807 0.0000000000
92595  49.879  18.973  -15.872 0.0000000000
91793  48.729  17.715  -17.024 0.0000000000
91063  48.277  16.210  -16.357 0.0000000000
133034  48.610  16.384  -17.142 0.0000000000
92533  54.763  18.488  -7.524 0.0000000000
132340  56.085  19.471  -7.239 0.0000000000
122310  54.867  19.221  -9.244 0.0000000000
92572  52.894  18.929  -13.071 0.0000000000
93340  54.310  19.705  -12.280 0.0000000000
93353  54.189  19.805  -14.141 0.0000000000
94184  55.458  20.734  -14.408 0.0000000000
93367  54.259  19.912  -15.759 0.0000000000
88769  52.634  13.654  -15.805 0.0000000000
89498  51.429  15.070  -15.576 0.0000000000
89509  52.438  14.391  -16.567 0.0000000000
90294  52.267  15.389  -20.099 0.0000000000
91068  51.898  16.404  -18.789 0.0000000000
91800  51.791  17.076  -19.105 0.0000000000
93399  52.888  19.126  -19.247 0.0000000000
92620  51.665  17.992  -20.667 0.0000000000
91824  50.811  18.624  -21.179 0.0000000000
90296  50.921  15.979  -20.331 0.0000000000
87989  52.218  11.809  -16.849 0.0000000000
88798  50.637  13.845  -17.748 0.0000000000
87975  51.139  11.954  -15.947 0.0000000000
87976  50.480  12.376  -15.588 0.0000000000
142277  58.186  20.426  -7.827 0.0000000000
92567  49.053  19.099  -11.909 0.0000000000
92575  49.360  18.820  -12.716 0.0000000000
92513  50.648  18.749  -4.607 0.0000000000
91717  49.991  18.083  -4.666 0.0000000000
90974  50.552  16.025  -5.356 0.0000000000
89413  50.028  14.362  -5.741 0.0000000000
85411  48.772  9.539  -6.325 0.0000000000
97359  57.401  24.743  -13.937 0.0000000000
97371  55.947  24.575  -14.404 0.0000000000
95869  54.381  23.243  -14.926 0.0000000000
95044  52.768  21.357  -15.256 0.0000000000
95059  53.004  21.332  -16.278 0.0000000000
94207  51.702  20.308  -17.439 0.0000000000
123949  50.496  19.569  -18.888 0.0000000000
91753  52.476  17.624  -9.417 0.0000000000
124135  53.643  18.812  -10.209 0.0000000000
92558  52.332  18.148  -10.835 0.0000000000
92574  51.821  18.150  -12.627 0.0000000000
92587  51.995  18.119  -14.046 0.0000000000
88795  55.077  13.730  -18.341 0.0000000000
88783  53.545  13.846  -17.491 0.0000000000
89529  54.559  14.692  -20.119 0.0000000000
89540  53.958  14.812  -20.842 0.0000000000
88815  52.859  14.433  -20.637 0.0000000000
89532  51.368  14.792  -19.754 0.0000000000
88013  52.747  12.919  -19.178 0.0000000000
120101  52.832  12.256  -18.118 0.0000000000
86409  52.841  10.453  -16.372 0.0000000000
120546  54.400  6.764  -17.246 0.0000000000
90172  45.332  15.586  -3.653 0.0000000000
89407  46.590  14.541  -4.576 0.0000000000
88636  45.339  13.336  -4.488 0.0000000000
87090  45.829  11.653  -4.616 0.0000000000
86285  47.014  9.936  -4.687 0.0000000000
96633  60.868  24.074  -12.644 0.0000000000
95858  58.930  23.467  -14.600 0.0000000000
95040  57.223  22.320  -16.109 0.0000000000
87933  51.426  12.780  -12.720 0.0000000000
88743  50.732  14.097  -13.344 0.0000000000
87960  52.740  12.633  -14.086 0.0000000000
125127  53.195  12.682  -14.788 0.0000000000
87973  54.679  12.529  -15.456 0.0000000000
88753  56.984  13.039  -14.230 0.0000000000
87971  56.157  12.869  -15.361 0.0000000000
87987  55.673  12.951  -16.903 0.0000000000
124298  56.698  13.722  -18.422 0.0000000000
88010  57.137  13.072  -18.461 0.0000000000
87222  56.835  11.255  -17.975 0.0000000000
86407  56.478  9.762  -17.417 0.0000000000
92518  54.431  18.854  -5.904 0.0000000000
91726  54.181  17.861  -7.114 0.0000000000
91722  52.206  18.167  -5.658 0.0000000000
128002  52.961  16.932  -6.692 0.0000000000
91744  52.766  17.340  -8.561 0.0000000000
91003  51.095  16.912  -9.217 0.0000000000
91011  50.079  16.666  -10.297 0.0000000000
90227  49.578  14.963  -11.446 0.0000000000
89415  48.153  13.844  -5.207 0.0000000000
88645  48.812  13.298  -5.721 0.0000000000
88662  49.231  13.791  -6.658 0.0000000000
86317  48.678  10.765  -7.098 0.0000000000
87863  48.553  12.117  -7.497 0.0000000000
88670  48.696  13.489  -8.355 0.0000000000
88681  49.035  13.377  -9.846 0.0000000000
88699  49.428  13.595  -10.667 0.0000000000
88715  50.181  13.375  -11.873 0.0000000000
87918  51.383  12.287  -12.054 0.0000000000
87167  53.069  11.462  -11.653 0.0000000000
87165  54.973  11.476  -11.455 0.0000000000
85446  54.649  9.842  -8.934 0.0000000000
87138  56.222  11.061  -9.823 0.0000000000
90173  44.152  14.815  -3.358 0.0000000000
89397  43.321  14.405  -2.995 0.0000000000
87053  40.989  11.909  -2.028 0.0000000000
124588  56.963  23.258  -10.023 0.0000000000
95833  53.992  22.591  -10.199 0.0000000000
95015  50.427  21.556  -12.530 0.0000000000
93348  50.262  19.936  -12.757 0.0000000000
92581  49.484  18.612  -13.612 0.0000000000
93361  51.035  19.834  -14.948 0.0000000000
92588  49.895  19.005  -14.974 0.0000000000
91782  48.433  17.406  -14.525 0.0000000000
94152  56.758  20.302  -9.591 0.0000000000
121110  54.401  19.500  -10.747 0.0000000000
94160  55.804  20.309  -10.666 0.0000000000
95007  56.913  21.218  -11.749 0.0000000000
95012  56.677  21.350  -12.693 0.0000000000
138233  56.129  21.295  -15.079 0.0000000000
94216  56.139  21.360  -18.235 0.0000000000
89487  50.683  15.199  -14.247 0.0000000000
91056  51.088  16.298  -15.187 0.0000000000
91786  51.761  17.638  -15.326 0.0000000000
90280  52.289  15.085  -17.458 0.0000000000
91062  51.584  16.230  -17.159 0.0000000000
92601  52.664  18.689  -16.597 0.0000000000
93377  53.398  19.336  -17.022 0.0000000000
93387  54.883  20.387  -19.236 0.0000000000
94243  55.563  21.505  -20.636 0.0000000000
94250  53.253  21.198  -21.536 0.0000000000
93401  50.475  19.309  -20.164 0.0000000000
91811  49.394  17.762  -19.085 0.0000000000
89533  50.611  14.867  -19.287 0.0000000000
89534  49.861  15.056  -18.578 0.0000000000
90283  48.947  15.813  -17.696 0.0000000000
89511  49.196  14.532  -16.824 0.0000000000
82788  52.748  6.551  -13.942 0.0000000000
95847  49.274  22.557  -11.289 0.0000000000
90963  47.110  16.973  -3.791 0.0000000000
90969  47.541  16.553  -4.231 0.0000000000
90970  46.863  16.217  -4.130 0.0000000000
95893  56.804  22.492  -16.765 0.0000000000
139525  56.597  23.009  -16.549 0.0000000000
95904  56.173  22.431  -17.963 0.0000000000
95070  55.658  22.186  -18.846 0.0000000000
95908  56.134  21.936  -18.902 0.0000000000
90238  49.840  15.284  -12.121 0.0000000000
143021  49.969  15.848  -12.350 0.0000000000
87230  55.816  11.596  -18.848 0.0000000000
87231  55.079  11.369  -18.832 0.0000000000
86426  55.647  10.542  -18.382 0.0000000000
131819  55.503  9.134  -17.697 0.0000000000
85510  56.052  9.170  -17.809 0.0000000000
94990  59.049  20.842  -9.574 0.0000000000
94998  59.101  21.255  -10.385 0.0000000000
95005  58.661  21.613  -11.267 0.0000000000
94999  58.017  21.060  -10.648 0.0000000000
87178  55.267  11.787  -12.332 0.0000000000
123529  55.161  12.003  -13.242 0.0000000000
121813  56.003  12.213  -12.844 0.0000000000
89495  59.637  14.495  -16.387 0.0000000000
89506  59.751  14.246  -16.809 0.0000000000
89519  58.935  14.022  -17.232 0.0000000000
135819  47.812  16.828  -13.969 0.0000000000
89417  50.614  14.734  -6.324 0.0000000000
90186  51.320  15.243  -6.280 0.0000000000
89423  49.902  15.025  -7.372 0.0000000000
90193  50.060  15.746  -8.211 0.0000000000
86300  47.417  10.581  -5.284 0.0000000000
87101  47.881  11.287  -5.705 0.0000000000
86299  48.060  10.442  -5.777 0.0000000000
85429  51.463  9.218  -8.645 0.0000000000
86327  50.196  10.116  -8.852 0.0000000000
85450  50.976  9.789  -9.140 0.0000000000
86346  50.580  10.441  -9.495 0.0000000000
86345  51.376  10.239  -9.702 0.0000000000
86344  52.183  10.144  -9.823 0.0000000000
85448  52.712  9.711  -9.321 0.0000000000
96645  53.279  24.434  -13.762 0.0000000000
97349  54.264  24.679  -12.965 0.0000000000
97363  52.782  24.656  -13.295 0.0000000000
130325  52.309  24.123  -13.544 0.0000000000
95860  51.922  22.947  -13.670 0.0000000000
95023  52.435  21.926  -14.010 0.0000000000
93392  49.571  18.809  -17.744 0.0000000000
92602  49.311  18.460  -16.634 0.0000000000
92611  49.132  18.190  -17.653 0.0000000000
91802  48.772  17.194  -17.484 0.0000000000
127179  54.453  18.386  -8.243 0.0000000000
93325  54.917  18.916  -8.419 0.0000000000
92541  54.386  18.642  -8.951 0.0000000000
92578  52.741  18.834  -13.966 0.0000000000
93354  53.507  19.375  -13.598 0.0000000000
93360  53.522  19.408  -14.519 0.0000000000
93359  54.227  19.835  -15.021 0.0000000000
93368  53.652  19.498  -15.411 0.0000000000
88768  53.373  13.327  -16.347 0.0000000000
88784  52.916  13.847  -16.746 0.0000000000
90288  52.130  15.843  -19.706 0.0000000000
91073  51.926  16.462  -20.140 0.0000000000
91809  52.014  17.738  -19.581 0.0000000000
91810  51.601  17.194  -20.572 0.0000000000
91079  51.317  16.590  -20.424 0.0000000000
87212  52.534  11.205  -16.594 0.0000000000
87990  51.620  12.362  -16.761 0.0000000000
87213  51.854  11.540  -16.243 0.0000000000
87204  51.442  11.195  -15.491 0.0000000000
94167  49.412  20.395  -11.716 0.0000000000
93342  49.164  19.752  -11.620 0.0000000000
92576  48.753  18.398  -12.301 0.0000000000
124672  49.946  18.725  -4.215 0.0000000000
92514  49.327  18.328  -4.163 0.0000000000
90967  49.027  16.421  -4.713 0.0000000000
90975  49.745  16.493  -4.955 0.0000000000
90175  49.716  15.435  -5.132 0.0000000000
90181  50.589  14.973  -5.627 0.0000000000
118297  59.834  24.645  -13.363 0.0000000000
97346  59.097  24.863  -13.318 0.0000000000
97358  58.565  24.719  -13.961 0.0000000000
96664  55.255  23.579  -15.409 0.0000000000
97381  56.295  24.250  -15.047 0.0000000000
96653  54.732  24.016  -14.603 0.0000000000
95043  53.546  21.884  -15.659 0.0000000000
95896  54.510  22.436  -16.309 0.0000000000
95084  53.611  21.591  -18.970 0.0000000000
94218  52.560  20.876  -18.116 0.0000000000
94219  51.757  20.509  -18.849 0.0000000000
93390  51.007  19.920  -18.161 0.0000000000
93400  51.111  19.979  -19.627 0.0000000000
91760  51.555  17.636  -10.561 0.0000000000
141521  51.813  17.904  -11.101 0.0000000000
91777  51.177  17.345  -13.372 0.0000000000
120871  51.381  17.686  -12.844 0.0000000000
92580  51.677  17.942  -13.348 0.0000000000
92579  52.312  18.490  -13.274 0.0000000000
122344  51.507  17.597  -13.867 0.0000000000
88805  55.958  14.159  -19.186 0.0000000000
88806  55.072  14.342  -19.314 0.0000000000
89528  55.362  14.549  -19.977 0.0000000000
88027  54.735  13.728  -20.944 0.0000000000
89548  54.134  14.633  -21.113 0.0000000000
88820  54.124  14.002  -21.220 0.0000000000
132798  53.442  14.708  -20.929 0.0000000000
88814  53.458  14.299  -21.114 0.0000000000
88022  52.923  13.671  -20.401 0.0000000000
135610  53.325  12.949  -19.709 0.0000000000
87223  53.538  11.438  -18.058 0.0000000000
86421  53.241  10.917  -17.110 0.0000000000
86408  53.637  10.113  -16.901 0.0000000000
85504  53.935  9.291  -16.763 0.0000000000
83654  55.640  7.442  -17.525 0.0000000000
83648  54.678  7.388  -17.180 0.0000000000
89403  44.905  14.883  -3.827 0.0000000000
89409  45.134  14.178  -4.238 0.0000000000
87839  45.568  12.475  -4.612 0.0000000000
126979  46.132  10.984  -4.589 0.0000000000
86286  46.175  10.149  -4.302 0.0000000000
95853  58.365  22.345  -13.027 0.0000000000
95852  59.332  23.193  -13.868 0.0000000000
95859  58.265  22.613  -13.997 0.0000000000
95868  58.108  22.745  -14.936 0.0000000000
121702  57.441  22.194  -15.327 0.0000000000
123730  51.931  12.384  -12.708 0.0000000000
87948  51.867  12.859  -13.411 0.0000000000
87932  52.694  12.189  -13.101 0.0000000000
87945  55.195  12.263  -14.073 0.0000000000
87959  53.643  12.341  -14.334 0.0000000000
87958  54.497  12.317  -14.597 0.0000000000
118478  53.864  12.514  -15.098 0.0000000000
87943  57.318  13.009  -13.406 0.0000000000
121637  57.879  13.527  -14.167 0.0000000000
88765  57.911  13.762  -16.296 0.0000000000
88766  56.988  13.261  -15.815 0.0000000000
88767  56.343  13.111  -16.371 0.0000000000
119475  56.621  13.512  -17.417 0.0000000000
87999  58.498  12.911  -17.471 0.0000000000
88792  57.277  13.489  -18.059 0.0000000000
88000  57.766  13.042  -17.886 0.0000000000
87228  57.319  12.192  -18.045 0.0000000000
138821  57.400  11.464  -17.572 0.0000000000
86416  56.999  10.762  -17.411 0.0000000000
93302  53.091  19.200  -5.175 0.0000000000
93301  53.978  19.262  -5.282 0.0000000000
92519  53.626  18.653  -5.825 0.0000000000
142206  54.155  18.523  -6.196 0.0000000000
92525  53.924  18.101  -6.501 0.0000000000
92521  50.729  17.864  -5.133 0.0000000000
92520  51.400  18.466  -5.191 0.0000000000
91723  51.577  17.341  -5.651 0.0000000000
90184  52.314  15.897  -6.992 0.0000000000
90978  52.580  16.268  -6.818 0.0000000000
90981  52.640  16.410  -7.231 0.0000000000
91735  53.051  17.018  -7.685 0.0000000000
90990  52.310  16.788  -8.072 0.0000000000
91745  51.942  17.142  -8.918 0.0000000000
90991  51.439  16.612  -8.407 0.0000000000
90194  49.469  15.622  -9.047 0.0000000000
91004  50.306  16.602  -9.492 0.0000000000
91005  49.665  16.138  -9.701 0.0000000000
91012  49.573  15.993  -10.505 0.0000000000
90217  49.381  15.185  -10.691 0.0000000000
88634  47.055  13.705  -4.906 0.0000000000
89406  47.532  14.654  -4.754 0.0000000000
124387  48.476  12.570  -5.861 0.0000000000
88654  48.839  12.997  -6.340 0.0000000000
88653  49.535  13.663  -5.975 0.0000000000
85410  49.216  9.050  -6.500 0.0000000000
86309  48.525  10.226  -6.409 0.0000000000
86308  49.054  9.863  -7.098 0.0000000000
87113  49.030  11.159  -8.371 0.0000000000
87126  48.766  11.813  -8.374 0.0000000000
87873  48.642  12.636  -8.291 0.0000000000
87888  48.790  13.060  -9.024 0.0000000000
88682  48.798  13.935  -9.181 0.0000000000
87902  50.163  12.228  -10.855 0.0000000000
87903  49.554  12.717  -10.398 0.0000000000
87920  49.889  13.002  -11.167 0.0000000000
88716  49.760  13.714  -11.353 0.0000000000
87919  50.536  12.603  -11.621 0.0000000000
130047  53.048  10.698  -10.439 0.0000000000
87152  53.470  11.094  -10.881 0.0000000000
87166  54.025  11.363  -11.512 0.0000000000
87151  54.376  11.153  -10.809 0.0000000000
119428  55.398  9.806  -8.506 0.0000000000
86340  56.166  10.608  -9.261 0.0000000000
87137  56.933  11.241  -9.690 0.0000000000
90164  44.364  15.621  -2.888 0.0000000000
89398  42.655  14.121  -2.597 0.0000000000
88621  42.860  13.529  -3.121 0.0000000000
87819  42.192  13.071  -2.746 0.0000000000
96623  55.617  23.749  -11.462 0.0000000000
96610  56.581  23.608  -10.762 0.0000000000
96611  55.636  23.042  -10.579 0.0000000000
96600  56.247  22.878  -9.953 0.0000000000
95832  54.817  22.725  -10.362 0.0000000000
135220  54.232  22.920  -11.007 0.0000000000
97339  51.486  24.318  -12.487 0.0000000000
96637  50.309  23.707  -12.243 0.0000000000
95854  49.972  22.877  -12.355 0.0000000000
95862  50.600  23.519  -12.826 0.0000000000
94180  51.363  20.653  -13.573 0.0000000000
94174  50.729  20.586  -12.861 0.0000000000
93355  50.594  19.807  -13.556 0.0000000000
93356  49.915  19.285  -13.154 0.0000000000
93363  49.996  19.088  -14.058 0.0000000000
94196  52.311  20.740  -15.777 0.0000000000
94186  52.215  20.798  -14.860 0.0000000000
120131  51.634  20.287  -15.374 0.0000000000
92596  49.368  18.468  -15.498 0.0000000000
92597  48.900  17.980  -15.022 0.0000000000
91788  48.471  17.368  -15.462 0.0000000000
91783  47.871  16.691  -15.074 0.0000000000
91057  48.230  16.795  -15.940 0.0000000000
89513  48.176  15.111  -16.154 0.0000000000
93308  55.919  19.330  -6.407 0.0000000000
93324  55.496  19.497  -8.721 0.0000000000
139149  56.246  19.792  -8.182 0.0000000000
94144  56.917  20.119  -8.799 0.0000000000
93336  53.780  19.185  -10.966 0.0000000000
139548  54.146  19.223  -10.345 0.0000000000
94173  54.971  20.249  -12.772 0.0000000000
94166  54.963  20.072  -11.845 0.0000000000
142850  55.484  20.449  -12.189 0.0000000000
94164  56.376  20.674  -11.225 0.0000000000
94171  56.125  20.831  -12.101 0.0000000000
95013  56.106  21.080  -13.202 0.0000000000
94195  54.847  20.346  -15.680 0.0000000000
94194  55.524  20.856  -15.461 0.0000000000
94204  55.705  21.030  -16.773 0.0000000000
95042  56.374  21.525  -16.246 0.0000000000
134297  55.391  20.719  -17.557 0.0000000000
89474  51.020  14.452  -14.178 0.0000000000
89486  51.478  14.425  -14.961 0.0000000000
90266  51.148  15.706  -15.403 0.0000000000
119302  51.351  16.256  -15.972 0.0000000000
91787  51.353  16.815  -15.553 0.0000000000
89520  53.319  14.751  -18.875 0.0000000000
89508  52.851  14.482  -17.658 0.0000000000
91792  51.670  16.957  -17.722 0.0000000000
134067  51.854  17.540  -17.116 0.0000000000
91791  52.075  17.935  -16.348 0.0000000000
130869  52.303  18.176  -17.314 0.0000000000
93389  52.837  18.875  -17.724 0.0000000000
143126  52.776  19.496  -20.693 0.0000000000
129030  53.949  20.023  -20.360 0.0000000000
94232  55.231  20.906  -20.498 0.0000000000
136581  54.377  21.105  -21.194 0.0000000000
94249  53.926  21.418  -21.472 0.0000000000
93418  53.503  21.057  -21.550 0.0000000000
91818  50.316  18.010  -20.854 0.0000000000
93411  50.944  19.219  -21.134 0.0000000000
92629  50.270  18.734  -20.724 0.0000000000
92630  49.717  18.272  -20.020 0.0000000000
91074  49.534  17.090  -19.248 0.0000000000
88807  51.546  14.153  -19.363 0.0000000000
88808  50.949  14.271  -18.760 0.0000000000
89522  50.224  14.497  -18.186 0.0000000000
90282  49.309  15.296  -17.897 0.0000000000
89523  49.489  14.782  -17.656 0.0000000000
88786  49.659  13.874  -16.406 0.0000000000
87205  50.778  11.601  -15.175 0.0000000000
87977  49.803  12.755  -15.249 0.0000000000
83650  53.423  7.777  -15.573 0.0000000000
82798  53.092  6.992  -14.520 0.0000000000
133494  49.008  21.120  -11.390 0.0000000000
133982  49.490  21.174  -11.795 0.0000000000
92515  48.641  17.794  -4.111 0.0000000000
91719  47.930  17.244  -4.074 0.0000000000
90968  48.211  16.463  -4.469 0.0000000000
90176  48.639  15.612  -4.766 0.0000000000
97378  58.494  23.977  -15.075 0.0000000000
97369  58.157  24.394  -14.703 0.0000000000
96662  57.245  23.427  -15.808 0.0000000000
96663  56.347  23.574  -15.728 0.0000000000
95895  55.622  22.696  -16.868 0.0000000000
95057  55.200  22.395  -17.598 0.0000000000
95091  53.843  21.842  -20.605 0.0000000000
91766  51.335  17.664  -11.334 0.0000000000
91767  50.678  17.216  -11.730 0.0000000000
91040  50.610  16.537  -13.367 0.0000000000
88018  55.967  13.865  -20.122 0.0000000000
88813  55.410  14.408  -20.452 0.0000000000
88019  55.289  13.143  -20.314 0.0000000000
87239  54.808  12.292  -19.716 0.0000000000
87240  53.988  12.563  -19.718 0.0000000000
86428  54.365  11.056  -18.357 0.0000000000
86419  54.621  9.677  -17.561 0.0000000000
84534  56.198  7.855  -17.378 0.0000000000
87830  43.941  12.813  -3.969 0.0000000000
88637  44.524  13.507  -4.140 0.0000000000
87078  44.168  11.863  -4.005 0.0000000000
95831  60.612  22.549  -11.650 0.0000000000
95844  59.501  22.298  -11.951 0.0000000000
87180  53.794  11.594  -12.287 0.0000000000
87931  53.611  11.856  -13.039 0.0000000000
89485  58.726  14.025  -14.459 0.0000000000
89496  59.122  14.369  -15.482 0.0000000000
88764  58.779  14.210  -16.381 0.0000000000
88779  58.497  14.070  -17.064 0.0000000000
88780  57.890  13.836  -17.176 0.0000000000
142349  58.663  13.631  -17.390 0.0000000000
90973  51.394  16.142  -5.739 0.0000000000
90179  51.676  15.605  -6.070 0.0000000000
90188  51.736  15.621  -6.970 0.0000000000
90983  51.000  16.069  -7.829 0.0000000000
90992  50.565  16.396  -8.706 0.0000000000
89432  49.018  14.822  -9.186 0.0000000000
132169  46.973  12.047  -5.182 0.0000000000
87849  47.750  12.153  -5.542 0.0000000000
87848  48.270  11.879  -5.949 0.0000000000
85419  50.333  8.983  -7.715 0.0000000000
85431  49.714  9.789  -8.026 0.0000000000
87125  49.374  11.473  -9.149 0.0000000000
124709  49.208  12.442  -9.603 0.0000000000
87139  50.135  11.087  -9.807 0.0000000000
87155  50.522  11.474  -10.489 0.0000000000
87154  51.381  11.242  -10.737 0.0000000000
86359  51.781  10.647  -10.283 0.0000000000
86358  52.470  10.561  -10.270 0.0000000000
85426  56.117  9.788  -8.128 0.0000000000
86324  57.264  10.529  -8.506 0.0000000000
142011  56.124  24.713  -12.815 0.0000000000
97348  55.395  24.783  -13.005 0.0000000000
97336  54.949  24.225  -12.318 0.0000000000
97337  53.930  24.251  -12.283 0.0000000000
96625  53.608  23.625  -11.600 0.0000000000
97351  52.307  24.605  -12.821 0.0000000000
96646  51.257  23.884  -13.217 0.0000000000
95861  51.110  23.064  -13.304 0.0000000000
95024  51.647  21.805  -13.434 0.0000000000
93378  50.927  19.687  -16.871 0.0000000000
125743  50.460  19.392  -16.129 0.0000000000
126730  48.518  17.366  -16.262 0.0000000000
123125  48.467  17.006  -16.733 0.0000000000
90273  48.482  15.527  -16.723 0.0000000000
142747  48.489  15.108  -16.632 0.0000000000
93309  55.202  18.992  -6.164 0.0000000000
92523  55.420  18.904  -6.961 0.0000000000
132056  55.469  19.223  -7.835 0.0000000000
92564  53.116  18.938  -12.144 0.0000000000
93341  53.726  19.301  -11.812 0.0000000000
93347  53.617  19.342  -12.669 0.0000000000
93346  54.232  19.769  -13.213 0.0000000000
94179  54.826  20.267  -13.777 0.0000000000
94178  55.508  20.686  -13.479 0.0000000000
94185  54.810  20.308  -14.726 0.0000000000
137460  52.030  13.775  -15.008 0.0000000000
89497  52.007  14.390  -15.684 0.0000000000
89510  51.875  15.008  -16.390 0.0000000000
89531  53.052  14.965  -20.333 0.0000000000
92610  52.394  18.358  -18.606 0.0000000000
92619  52.239  18.582  -20.394 0.0000000000
92627  52.072  19.554  -21.219 0.0000000000
92628  51.351  18.623  -21.163 0.0000000000
129774  50.908  17.283  -20.780 0.0000000000
91080  50.596  16.666  -20.423 0.0000000000
88002  52.261  12.341  -17.421 0.0000000000
88797  51.419  13.532  -18.372 0.0000000000
88003  51.717  12.850  -17.571 0.0000000000
88004  51.113  13.175  -17.212 0.0000000000
87991  50.813  12.760  -16.359 0.0000000000
88785  50.381  13.507  -16.798 0.0000000000
94150  58.446  20.525  -9.088 0.0000000000
93343  48.673  19.429  -11.227 0.0000000000
91774  48.431  17.702  -12.716 0.0000000000
92582  48.948  18.160  -13.172 0.0000000000
91724  50.168  17.182  -5.035 0.0000000000
91718  49.330  17.369  -4.605 0.0000000000
89412  50.767  14.698  -5.950 0.0000000000
89418  50.118  14.235  -6.037 0.0000000000
85402  48.341  9.616  -5.752 0.0000000000
85401  48.765  8.930  -5.799 0.0000000000
118417  49.355  8.387  -5.895 0.0000000000
84446  49.829  8.483  -6.553 0.0000000000
84455  50.230  8.586  -7.101 0.0000000000
84454  50.827  8.372  -7.324 0.0000000000
85418  51.114  8.729  -8.011 0.0000000000
85428  52.354  9.188  -8.711 0.0000000000
119036  58.754  25.005  -12.852 0.0000000000
97347  57.864  24.987  -13.186 0.0000000000
97370  56.966  24.422  -14.694 0.0000000000
122170  56.447  24.731  -13.960 0.0000000000
121078  56.490  24.870  -13.282 0.0000000000
97372  55.076  24.588  -14.181 0.0000000000
96644  54.168  24.571  -13.992 0.0000000000
95870  53.641  22.924  -14.486 0.0000000000
95033  53.157  22.026  -14.654 0.0000000000
95058  53.965  21.900  -16.895 0.0000000000
94206  52.446  20.710  -16.835 0.0000000000
93391  50.272  19.412  -17.830 0.0000000000
92622  49.433  18.349  -18.784 0.0000000000
91752  53.241  17.876  -9.033 0.0000000000
92550  53.739  18.437  -9.419 0.0000000000
92551  52.951  18.219  -9.985 0.0000000000
92557  53.105  18.663  -10.830 0.0000000000
92565  52.711  18.574  -11.546 0.0000000000
92566  51.952  18.154  -11.699 0.0000000000
92573  52.473  18.551  -12.373 0.0000000000
92586  52.311  18.322  -14.760 0.0000000000
142500  54.357  13.515  -17.710 0.0000000000
88796  54.199  14.296  -18.804 0.0000000000
89530  53.754  14.809  -19.930 0.0000000000
89539  54.718  14.708  -20.743 0.0000000000
89541  52.783  14.954  -20.201 0.0000000000
89542  51.913  15.336  -20.130 0.0000000000
88816  52.086  14.624  -20.044 0.0000000000
88014  52.153  13.735  -19.608 0.0000000000
87233  53.468  12.327  -18.816 0.0000000000
87224  52.757  11.627  -17.349 0.0000000000
85496  52.747  9.064  -15.528 0.0000000000
84536  54.149  8.482  -16.656 0.0000000000
83649  53.874  7.433  -16.377 0.0000000000
82803  53.883  5.826  -17.015 0.0000000000
90171  46.083  15.863  -3.910 0.0000000000
90177  46.707  15.348  -4.395 0.0000000000
89408  45.771  14.948  -4.236 0.0000000000
118537  45.994  13.991  -4.569 0.0000000000
88635  46.218  13.106  -4.786 0.0000000000
87838  46.357  12.281  -4.889 0.0000000000
87089  46.546  11.535  -4.898 0.0000000000
86301  46.747  10.763  -4.844 0.0000000000
97345  60.389  24.529  -12.946 0.0000000000
97356  59.954  24.351  -13.733 0.0000000000
122106  60.597  23.266  -12.665 0.0000000000
96643  59.799  24.024  -14.204 0.0000000000
96651  59.169  24.033  -14.740 0.0000000000
95867  58.409  23.491  -15.165 0.0000000000
96670  57.268  22.783  -16.176 0.0000000000
95055  56.790  22.132  -17.030 0.0000000000
88729  50.433  13.768  -12.590 0.0000000000
88728  51.123  13.362  -13.028 0.0000000000
88742  51.369  13.634  -13.782 0.0000000000
88741  52.011  13.305  -14.274 0.0000000000
87947  53.370  12.158  -13.677 0.0000000000
88755  52.631  13.177  -14.890 0.0000000000
88754  53.246  12.968  -15.472 0.0000000000
87974  54.002  12.756  -15.927 0.0000000000
87929  56.844  12.572  -12.714 0.0000000000
87944  56.493  12.608  -13.525 0.0000000000
87956  56.101  12.609  -14.377 0.0000000000
88752  57.447  13.420  -15.100 0.0000000000
128125  56.719  13.057  -14.945 0.0000000000
87972  55.494  12.715  -15.893 0.0000000000
87988  54.839  12.717  -16.396 0.0000000000
88001  54.981  13.044  -17.351 0.0000000000
88794  55.927  13.563  -17.948 0.0000000000
88793  57.332  13.620  -17.720 0.0000000000
119924  56.895  13.686  -18.466 0.0000000000
88804  56.491  13.956  -19.252 0.0000000000
88011  56.517  13.362  -19.136 0.0000000000
87229  56.569  12.141  -18.636 0.0000000000
86425  56.231  10.871  -18.342 0.0000000000
137089  56.493  10.423  -17.888 0.0000000000
86406  57.223  10.549  -16.827 0.0000000000
93300  54.862  19.309  -5.402 0.0000000000
92524  54.652  18.486  -6.654 0.0000000000
92534  54.120  17.922  -7.764 0.0000000000
92512  51.377  19.098  -4.717 0.0000000000
92511  52.141  19.097  -5.087 0.0000000000
90979  52.085  16.309  -6.220 0.0000000000
91728  52.423  17.201  -6.167 0.0000000000
92526  53.049  17.909  -6.211 0.0000000000
91727  53.578  17.384  -6.895 0.0000000000
91734  53.610  17.412  -7.350 0.0000000000
91743  53.505  17.572  -8.146 0.0000000000
91754  51.678  17.401  -9.716 0.0000000000
91755  50.838  17.137  -10.016 0.0000000000
91021  50.003  16.524  -11.280 0.0000000000
91022  49.636  15.685  -11.334 0.0000000000
89458  49.860  14.282  -11.929 0.0000000000
89414  48.413  14.442  -5.057 0.0000000000
88644  49.112  13.980  -5.511 0.0000000000
87109  48.560  11.488  -7.040 0.0000000000
86316  49.059  10.575  -7.867 0.0000000000
87114  48.700  11.307  -7.755 0.0000000000
140363  48.616  12.544  -6.904 0.0000000000
88663  48.657  13.045  -7.386 0.0000000000
136516  48.807  13.846  -7.693 0.0000000000
89424  49.256  14.446  -7.532 0.0000000000
89425  48.870  14.297  -8.416 0.0000000000
89437  49.044  14.433  -10.078 0.0000000000
89448  49.503  14.370  -11.029 0.0000000000
87934  50.821  13.007  -12.351 0.0000000000
87917  52.326  11.855  -12.165 0.0000000000
87168  51.782  11.609  -11.431 0.0000000000
141717  52.390  11.507  -11.518 0.0000000000
141176  55.721  11.721  -11.657 0.0000000000
85447  53.727  9.885  -9.343 0.0000000000
86342  54.658  10.359  -9.618 0.0000000000
131206  55.940  10.178  -8.733 0.0000000000
86341  55.515  10.735  -9.752 0.0000000000
86356  54.860  10.860  -10.261 0.0000000000
87150  55.668  11.181  -10.335 0.0000000000
87164  55.751  11.513  -10.999 0.0000000000
90965  45.640  16.338  -3.343 0.0000000000
142364  44.727  15.404  -3.399 0.0000000000
89396  43.674  15.218  -2.646 0.0000000000
88631  43.762  13.755  -3.610 0.0000000000
87831  43.241  12.847  -3.535 0.0000000000
88623  41.648  13.145  -2.277 0.0000000000
87820  41.614  12.451  -2.437 0.0000000000
135575  42.371  11.503  -2.906 0.0000000000
96612  53.268  22.829  -10.826 0.0000000000
95835  52.619  22.621  -10.202 0.0000000000
95846  49.802  23.137  -11.813 0.0000000000
95016  49.690  21.873  -12.080 0.0000000000
94175  50.005  20.695  -12.236 0.0000000000
95014  50.829  22.294  -12.902 0.0000000000
92590  48.975  18.028  -14.084 0.0000000000
95034  52.523  21.416  -14.532 0.0000000000
94187  51.556  20.388  -14.494 0.0000000000
93370  50.432  19.393  -15.356 0.0000000000
93362  50.497  19.487  -14.507 0.0000000000
92589  49.448  18.522  -14.545 0.0000000000
91058  47.778  16.139  -15.677 0.0000000000
94134  57.452  20.270  -7.662 0.0000000000
94151  57.586  20.374  -9.321 0.0000000000
94158  57.396  20.596  -10.119 0.0000000000
92549  54.238  19.001  -9.710 0.0000000000
132297  54.765  19.519  -10.100 0.0000000000
128880  55.427  19.730  -9.546 0.0000000000
124559  54.360  19.617  -11.422 0.0000000000
93335  55.025  19.925  -10.916 0.0000000000
94153  55.990  20.172  -9.901 0.0000000000
94159  56.583  20.494  -10.391 0.0000000000
95006  57.760  21.417  -11.480 0.0000000000
95011  57.576  21.691  -12.354 0.0000000000
95020  57.449  21.919  -13.306 0.0000000000
95022  56.084  21.154  -14.069 0.0000000000
95021  56.715  21.531  -13.685 0.0000000000
95031  56.826  21.629  -14.718 0.0000000000
95032  56.943  21.812  -15.763 0.0000000000
95056  56.621  21.834  -17.474 0.0000000000
95069  56.260  21.710  -18.637 0.0000000000
89475  50.459  14.916  -13.602 0.0000000000
90247  50.492  15.713  -13.862 0.0000000000
126709  50.705  16.297  -14.141 0.0000000000
90255  51.004  15.125  -14.851 0.0000000000
90256  50.772  15.813  -14.642 0.0000000000
91048  50.943  16.466  -14.596 0.0000000000
118711  51.266  16.952  -14.872 0.0000000000
91780  51.908  17.925  -14.641 0.0000000000
92594  52.463  18.461  -15.635 0.0000000000
129549  51.797  15.546  -17.044 0.0000000000
90281  52.034  15.759  -18.224 0.0000000000
132664  51.518  17.021  -16.438 0.0000000000
92593  53.104  19.173  -15.966 0.0000000000
93376  54.497  20.124  -17.614 0.0000000000
93388  53.711  19.525  -18.428 0.0000000000
94217  55.798  20.896  -18.764 0.0000000000
94230  56.277  21.523  -19.441 0.0000000000
95081  56.337  21.791  -19.665 0.0000000000
95090  54.997  21.974  -20.792 0.0000000000
94244  52.908  21.444  -21.193 0.0000000000
92634  51.796  19.815  -21.200 0.0000000000
93410  51.447  19.862  -20.892 0.0000000000
94234  52.012  20.623  -20.426 0.0000000000
91075  49.157  17.221  -18.293 0.0000000000
89543  51.174  15.417  -20.084 0.0000000000
90289  50.345  15.486  -19.549 0.0000000000
90297  49.963  16.267  -19.624 0.0000000000
90290  49.599  15.699  -18.633 0.0000000000
90291  49.328  16.458  -18.509 0.0000000000
91069  48.919  16.645  -17.797 0.0000000000
89524  48.805  15.103  -17.164 0.0000000000
88787  48.940  14.283  -16.030 0.0000000000
87992  50.117  13.153  -15.980 0.0000000000
88770  49.407  13.539  -15.625 0.0000000000
84541  56.221  8.657  -17.366 0.0000000000
84459  51.950  8.611  -8.136 0.0000000000
84527  53.936  7.919  -16.379 0.0000000000
84535  55.340  8.087  -17.332 0.0000000000
86326  55.406  10.273  -9.144 0.0000000000
86418  55.560  9.722  -18.038 0.0000000000
87091  45.012  11.770  -4.364 0.0000000000
87179  54.500  11.579  -12.092 0.0000000000
87832  42.645  12.735  -3.188 0.0000000000
88020  54.464  13.149  -20.564 0.0000000000
88803  56.821  13.644  -18.687 0.0000000000
88819  54.598  14.274  -21.098 0.0000000000
89512  48.518  14.844  -16.470 0.0000000000
89538  55.240  14.560  -20.426 0.0000000000
89547  54.852  14.575  -20.836 0.0000000000
90274  47.961  15.562  -15.928 0.0000000000
90977  53.127  16.806  -7.065 0.0000000000
91759  52.216  17.796  -10.119 0.0000000000
91772  51.344  17.702  -12.159 0.0000000000
91781  51.572  17.549  -14.470 0.0000000000
91817  51.053  17.917  -21.147 0.0000000000
91819  49.756  17.633  -20.039 0.0000000000
92621  49.846  18.780  -19.841 0.0000000000
92635  51.286  19.152  -21.181 0.0000000000
93369  51.054  19.759  -15.827 0.0000000000
93402  49.879  19.114  -18.896 0.0000000000
93419  52.729  20.535  -21.394 0.0000000000
94143  57.751  20.295  -8.467 0.0000000000
94165  55.622  20.391  -11.476 0.0000000000
94231  56.121  21.233  -20.038 0.0000000000
94242  56.228  21.733  -20.199 0.0000000000
94245  52.378  20.596  -21.262 0.0000000000
95000  57.173  20.891  -10.920 0.0000000000
95004  59.554  21.862  -11.157 0.0000000000
95041  56.964  22.005  -16.670 0.0000000000
95054  56.947  22.312  -16.613 0.0000000000
95072  53.296  21.366  -17.496 0.0000000000
95082  56.065  22.145  -20.098 0.0000000000
95089  55.659  21.803  -20.577 0.0000000000
95093  54.779  21.649  -21.150 0.0000000000
95094  53.935  21.612  -21.367 0.0000000000
95851  60.242  23.715  -13.520 0.0000000000
95855  49.531  22.571  -11.836 0.0000000000
95871  52.840  22.896  -14.045 0.0000000000
95880  57.788  22.811  -15.666 0.0000000000
95881  55.942  23.135  -16.319 0.0000000000
95883  53.952  22.557  -15.247 0.0000000000
96624  54.565  23.652  -11.627 0.0000000000
96627  50.737  24.065  -12.080 0.0000000000
96634  60.264  24.219  -13.509 0.0000000000
96635  51.656  24.385  -13.040 0.0000000000
96650  59.567  24.194  -14.250 0.0000000000
96652  55.565  24.197  -14.920 0.0000000000
96654  53.918  23.870  -14.302 0.0000000000
96671  56.969  23.036  -16.346 0.0000000000
97334  59.752  24.945  -12.807 0.0000000000
97357  59.461  24.514  -13.892 0.0000000000
97360  55.622  24.791  -13.694 0.0000000000
97362  53.676  24.732  -13.445 0.0000000000
97379  57.694  23.956  -15.299 0.0000000000
122147  50.243  16.463  -12.333 0.0000000000
122925  55.132  11.261  -10.769 0.0000000000
129399  53.919  19.699  -16.336 0.0000000000
133451  52.540  16.628  -6.495 0.0000000000
134170  50.295  17.299  -20.493 0.0000000000
135061  48.246  15.019  -4.808 0.0000000000
135252  54.655  7.899  -16.981 0.0000000000
136719  52.195  24.256  -12.181 0.0000000000
138360  55.378  19.947  -10.220 0.0000000000
140467  56.137  20.996  -12.672 0.0000000000
141048  42.446  13.619  -2.706 0.0000000000
141064  56.547  10.925  -9.492 0.0000000000
141980  52.649  18.755  -13.441 0.0000000000
143203  56.424  12.278  -12.418 0.0000000000
