#!ascii label  , from subject sub-v2s9x29164_ses-1 vox2ras=TkReg
951
102013  16.027  -23.738  36.198 0.0000000000
37394  9.282  -32.291  26.932 0.0000000000
39922  8.702  -28.787  42.845 0.0000000000
43906  6.208  -25.209  36.661 0.0000000000
43039  3.582  -26.948  27.625 0.0000000000
43885  13.375  -25.065  42.023 0.0000000000
45557  9.156  -23.225  40.869 0.0000000000
42944  20.717  -27.246  35.960 0.0000000000
42932  16.531  -26.560  38.654 0.0000000000
39936  11.798  -29.847  38.949 0.0000000000
47365  2.493  -20.980  34.619 0.0000000000
42985  5.074  -26.352  31.834 0.0000000000
107803  2.713  -20.697  31.009 0.0000000000
38177  6.037  -31.963  38.134 0.0000000000
39952  8.400  -30.198  35.566 0.0000000000
42920  8.631  -26.020  39.769 0.0000000000
46474  4.535  -22.242  37.844 0.0000000000
40972  10.023  -28.234  31.708 0.0000000000
43037  9.532  -26.401  27.833 0.0000000000
43103  7.792  -26.568  23.866 0.0000000000
45735  4.931  -24.050  23.427 0.0000000000
114539  15.008  -24.347  38.980 0.0000000000
44726  12.858  -24.415  38.040 0.0000000000
43915  19.058  -24.749  36.460 0.0000000000
41997  19.094  -26.648  37.993 0.0000000000
44710  17.674  -24.940  39.447 0.0000000000
42918  15.500  -26.575  40.410 0.0000000000
47399  2.142  -20.945  32.781 0.0000000000
39025  6.429  -30.652  40.057 0.0000000000
39938  7.825  -29.599  38.803 0.0000000000
41988  8.083  -27.565  41.606 0.0000000000
45577  8.805  -23.283  36.309 0.0000000000
46466  7.287  -22.447  38.812 0.0000000000
39929  10.997  -30.155  41.171 0.0000000000
38171  9.963  -32.117  38.984 0.0000000000
37316  8.842  -32.436  40.528 0.0000000000
36419  6.416  -33.688  39.680 0.0000000000
42940  9.421  -26.745  36.582 0.0000000000
39966  9.264  -28.978  33.759 0.0000000000
42965  8.788  -26.218  33.734 0.0000000000
43013  3.958  -26.604  29.914 0.0000000000
42997  7.156  -26.210  30.273 0.0000000000
112242  6.262  -26.847  27.707 0.0000000000
120224  8.856  -26.327  25.868 0.0000000000
42106  4.995  -28.141  25.557 0.0000000000
41978  11.759  -27.497  42.922 0.0000000000
43877  9.015  -24.908  43.713 0.0000000000
108937  11.762  -24.552  41.074 0.0000000000
44729  10.663  -24.136  37.644 0.0000000000
40943  21.762  -28.775  34.800 0.0000000000
40966  19.260  -28.630  33.066 0.0000000000
40939  19.604  -28.268  35.667 0.0000000000
113848  16.579  -27.018  35.837 0.0000000000
40930  13.594  -27.958  38.469 0.0000000000
40918  13.623  -27.941  41.448 0.0000000000
44761  3.644  -24.239  36.047 0.0000000000
101827  5.575  -25.659  34.035 0.0000000000
116420  3.380  -24.832  33.067 0.0000000000
44813  3.158  -24.285  31.472 0.0000000000
45665  3.323  -23.463  29.326 0.0000000000
45609  17.488  -23.446  33.661 0.0000000000
120369  23.897  -30.546  32.159 0.0000000000
41000  23.666  -28.564  29.452 0.0000000000
42962  21.450  -27.294  33.371 0.0000000000
43953  19.526  -25.279  32.850 0.0000000000
36440  6.547  -33.532  35.991 0.0000000000
37336  7.251  -32.798  34.818 0.0000000000
39036  7.113  -31.064  37.095 0.0000000000
40932  9.419  -28.258  37.476 0.0000000000
43899  7.430  -25.384  37.695 0.0000000000
44697  7.430  -23.830  42.377 0.0000000000
44717  6.123  -24.081  40.069 0.0000000000
44731  4.636  -24.374  38.156 0.0000000000
46490  3.706  -22.253  36.030 0.0000000000
38196  7.708  -32.246  32.764 0.0000000000
39074  8.631  -31.186  31.069 0.0000000000
39085  9.673  -30.482  29.822 0.0000000000
43964  7.910  -25.816  31.977 0.0000000000
42994  10.101  -27.005  30.032 0.0000000000
40030  11.225  -29.184  28.478 0.0000000000
41036  11.664  -28.389  26.758 0.0000000000
42104  11.537  -26.895  24.990 0.0000000000
49329  3.230  -18.967  28.842 0.0000000000
115638  4.219  -22.902  27.274 0.0000000000
47472  5.383  -21.936  25.913 0.0000000000
106980  4.225  -25.690  25.597 0.0000000000
41092  3.745  -28.675  22.945 0.0000000000
102838  15.327  -23.918  37.389 0.0000000000
44725  14.460  -24.179  37.565 0.0000000000
121888  14.801  -24.219  35.972 0.0000000000
44734  17.533  -23.521  36.408 0.0000000000
44722  17.875  -24.169  38.062 0.0000000000
44723  17.007  -23.775  38.090 0.0000000000
44700  16.414  -24.831  39.888 0.0000000000
118126  8.858  -32.816  26.166 0.0000000000
104197  9.546  -32.200  26.095 0.0000000000
39019  7.265  -30.140  41.474 0.0000000000
39930  7.424  -29.286  41.552 0.0000000000
40913  8.292  -28.193  42.656 0.0000000000
39982  20.415  -29.629  31.661 0.0000000000
39924  10.388  -29.797  42.190 0.0000000000
39022  9.673  -31.231  41.225 0.0000000000
39017  8.788  -30.716  41.930 0.0000000000
39018  7.753  -30.803  41.715 0.0000000000
105126  7.968  -25.631  36.060 0.0000000000
42955  9.070  -26.423  34.550 0.0000000000
43917  7.703  -25.567  35.217 0.0000000000
43029  3.694  -26.864  28.348 0.0000000000
43027  4.595  -27.166  28.697 0.0000000000
42084  4.585  -27.538  27.938 0.0000000000
42094  5.784  -27.353  26.905 0.0000000000
119824  3.997  -28.029  26.741 0.0000000000
42909  12.557  -25.785  42.988 0.0000000000
43875  11.596  -25.293  43.309 0.0000000000
44694  12.645  -24.707  41.771 0.0000000000
110224  11.880  -24.473  38.074 0.0000000000
44758  10.369  -24.081  35.158 0.0000000000
42024  21.248  -27.753  35.377 0.0000000000
39956  20.949  -28.671  35.359 0.0000000000
42013  20.544  -28.135  36.415 0.0000000000
42931  17.347  -26.610  38.330 0.0000000000
42937  18.056  -27.165  37.125 0.0000000000
118603  15.828  -26.816  36.946 0.0000000000
114857  14.267  -27.373  38.506 0.0000000000
43883  14.973  -25.651  41.199 0.0000000000
41986  14.348  -27.468  41.120 0.0000000000
41982  13.981  -26.961  42.022 0.0000000000
40914  12.439  -27.972  42.411 0.0000000000
45603  3.359  -22.722  35.567 0.0000000000
44774  3.526  -24.245  34.781 0.0000000000
45616  3.109  -22.920  33.761 0.0000000000
116303  2.074  -20.376  32.210 0.0000000000
46540  3.136  -22.489  31.649 0.0000000000
109629  3.249  -22.381  30.684 0.0000000000
45666  3.273  -23.399  30.206 0.0000000000
46561  3.331  -21.832  30.038 0.0000000000
42040  22.147  -27.869  33.179 0.0000000000
36434  6.291  -33.111  36.830 0.0000000000
37334  6.560  -32.490  36.584 0.0000000000
38176  6.496  -31.419  37.652 0.0000000000
41991  8.781  -27.547  39.653 0.0000000000
39937  8.671  -29.031  38.154 0.0000000000
41995  9.143  -27.452  38.756 0.0000000000
42935  8.868  -26.335  37.948 0.0000000000
113878  8.310  -25.588  39.253 0.0000000000
44691  9.416  -23.536  42.947 0.0000000000
44689  8.381  -24.246  43.334 0.0000000000
45558  7.725  -22.809  41.517 0.0000000000
102955  6.286  -22.268  38.766 0.0000000000
46465  5.874  -22.389  40.286 0.0000000000
45564  5.144  -22.722  39.650 0.0000000000
106215  4.864  -24.007  38.989 0.0000000000
46470  4.262  -22.514  38.468 0.0000000000
45572  3.689  -23.304  37.601 0.0000000000
46482  3.969  -22.362  36.917 0.0000000000
40967  18.410  -28.203  32.631 0.0000000000
40980  18.410  -28.324  31.725 0.0000000000
39941  11.709  -29.804  38.015 0.0000000000
39034  11.462  -30.508  36.707 0.0000000000
39031  10.985  -31.116  38.112 0.0000000000
36420  9.113  -33.437  38.396 0.0000000000
37326  9.691  -32.844  37.883 0.0000000000
37324  5.855  -33.003  39.418 0.0000000000
36429  6.020  -33.500  38.004 0.0000000000
39044  7.625  -31.438  35.145 0.0000000000
37340  7.457  -32.801  33.919 0.0000000000
120789  7.898  -31.181  34.487 0.0000000000
40973  9.833  -28.319  32.506 0.0000000000
39987  9.082  -29.925  32.181 0.0000000000
39986  9.541  -29.544  31.446 0.0000000000
39073  9.211  -30.588  30.602 0.0000000000
40995  9.995  -28.892  31.192 0.0000000000
42974  4.744  -26.217  32.703 0.0000000000
43943  6.253  -25.760  33.238 0.0000000000
42984  6.275  -26.105  31.631 0.0000000000
118324  8.177  -26.355  28.797 0.0000000000
42996  8.703  -26.316  30.030 0.0000000000
43022  10.162  -26.770  29.133 0.0000000000
41014  11.094  -28.001  29.315 0.0000000000
42071  11.064  -27.448  28.637 0.0000000000
108512  11.541  -29.291  26.997 0.0000000000
42081  11.225  -27.134  27.189 0.0000000000
43090  7.691  -26.557  24.759 0.0000000000
43070  10.398  -26.337  25.392 0.0000000000
43088  9.568  -26.087  24.338 0.0000000000
49341  3.556  -18.783  28.000 0.0000000000
47435  3.610  -20.710  28.413 0.0000000000
48335  4.193  -20.752  27.041 0.0000000000
117884  6.635  -22.457  24.863 0.0000000000
45707  5.442  -23.459  25.083 0.0000000000
107336  4.863  -23.421  25.739 0.0000000000
44894  4.607  -24.748  23.819 0.0000000000
110751  3.501  -27.367  23.816 0.0000000000
44044  3.559  -25.940  22.196 0.0000000000
44702  14.020  -24.693  40.206 0.0000000000
44703  12.951  -24.569  39.949 0.0000000000
121355  13.540  -24.365  38.301 0.0000000000
43914  19.670  -25.615  36.073 0.0000000000
42936  20.033  -27.153  37.319 0.0000000000
43896  19.276  -25.815  38.181 0.0000000000
42921  18.835  -25.935  39.128 0.0000000000
42915  17.593  -26.305  39.568 0.0000000000
42925  15.732  -26.723  39.748 0.0000000000
43888  16.829  -25.661  40.240 0.0000000000
43890  15.116  -25.040  40.593 0.0000000000
48240  2.543  -19.806  34.395 0.0000000000
47376  2.198  -21.147  34.121 0.0000000000
48252  1.800  -19.664  34.021 0.0000000000
48263  1.694  -19.287  33.247 0.0000000000
49300  1.941  -18.650  31.442 0.0000000000
111660  5.910  -31.378  39.703 0.0000000000
39029  6.295  -30.662  39.101 0.0000000000
39939  6.989  -30.077  39.472 0.0000000000
40925  8.227  -28.458  40.016 0.0000000000
41987  8.661  -26.725  40.435 0.0000000000
45570  8.669  -23.053  38.273 0.0000000000
45562  8.399  -22.889  40.168 0.0000000000
46471  7.923  -22.689  37.737 0.0000000000
103507  7.119  -22.551  37.078 0.0000000000
103336  6.507  -22.513  36.233 0.0000000000
101648  5.185  -22.326  36.589 0.0000000000
39020  11.289  -30.390  40.242 0.0000000000
39027  10.809  -30.973  38.970 0.0000000000
39024  10.783  -30.959  39.846 0.0000000000
38168  9.765  -32.045  39.830 0.0000000000
37319  8.469  -33.167  40.244 0.0000000000
36418  7.546  -34.091  39.806 0.0000000000
37317  7.335  -32.438  40.815 0.0000000000
38169  6.165  -32.021  40.264 0.0000000000
40935  9.355  -28.483  35.989 0.0000000000
110948  8.894  -29.458  34.786 0.0000000000
42029  9.706  -27.627  34.534 0.0000000000
42037  9.717  -27.357  33.818 0.0000000000
103116  9.693  -27.082  33.053 0.0000000000
43000  3.981  -26.490  30.792 0.0000000000
42999  5.622  -26.343  30.968 0.0000000000
43012  4.743  -26.777  29.542 0.0000000000
43026  6.543  -26.572  28.489 0.0000000000
101917  8.065  -26.414  28.118 0.0000000000
102839  9.099  -26.304  26.993 0.0000000000
43052  7.544  -26.542  26.477 0.0000000000
43074  6.445  -27.127  25.452 0.0000000000
42115  6.216  -27.451  24.756 0.0000000000
45741  5.091  -23.282  21.973 0.0000000000
44912  3.517  -24.926  21.589 0.0000000000
45757  4.331  -23.768  20.809 0.0000000000
40911  9.661  -28.313  43.122 0.0000000000
41980  9.298  -27.452  43.424 0.0000000000
42905  10.835  -26.054  43.619 0.0000000000
115721  10.482  -23.992  42.598 0.0000000000
45556  10.293  -23.793  40.659 0.0000000000
44704  11.827  -24.599  39.884 0.0000000000
44705  10.830  -24.202  39.627 0.0000000000
45561  9.937  -23.678  39.639 0.0000000000
45575  10.099  -23.879  37.125 0.0000000000
39962  21.355  -29.375  33.947 0.0000000000
39970  20.705  -29.557  32.798 0.0000000000
39963  20.548  -28.966  34.333 0.0000000000
42004  19.594  -27.739  36.966 0.0000000000
42016  17.307  -27.317  35.309 0.0000000000
42027  16.610  -27.361  34.235 0.0000000000
40931  12.837  -28.586  37.920 0.0000000000
40927  12.943  -28.589  38.905 0.0000000000
41989  14.941  -26.996  39.881 0.0000000000
40923  12.959  -28.547  39.807 0.0000000000
39927  12.402  -29.155  40.181 0.0000000000
40920  12.364  -29.050  41.137 0.0000000000
40915  11.649  -28.476  42.470 0.0000000000
43908  4.504  -24.867  36.366 0.0000000000
103916  6.037  -25.413  34.820 0.0000000000
43931  4.074  -25.425  34.659 0.0000000000
43945  3.906  -25.749  33.802 0.0000000000
43956  3.560  -25.738  32.462 0.0000000000
45628  3.189  -23.215  32.818 0.0000000000
44800  3.275  -24.323  32.386 0.0000000000
43965  3.323  -25.671  31.711 0.0000000000
44825  3.090  -25.132  30.384 0.0000000000
106750  3.329  -25.567  29.259 0.0000000000
44843  3.460  -25.182  28.630 0.0000000000
45599  16.995  -23.331  34.933 0.0000000000
39051  22.925  -30.230  32.838 0.0000000000
41020  25.630  -28.909  27.362 0.0000000000
41021  24.629  -28.463  27.514 0.0000000000
122057  24.806  -29.263  29.849 0.0000000000
39994  24.345  -29.378  31.177 0.0000000000
39967  23.546  -29.628  32.694 0.0000000000
39045  22.801  -29.805  33.442 0.0000000000
42034  22.087  -27.980  34.129 0.0000000000
42963  20.684  -26.570  33.602 0.0000000000
43952  20.099  -26.014  32.698 0.0000000000
43926  19.921  -25.803  34.453 0.0000000000
44767  18.691  -24.200  34.539 0.0000000000
45583  18.122  -23.679  34.840 0.0000000000
38184  7.150  -31.874  35.843 0.0000000000
39035  7.926  -30.652  36.446 0.0000000000
39028  7.070  -30.218  38.464 0.0000000000
39947  8.349  -29.999  36.949 0.0000000000
39946  8.916  -29.355  36.446 0.0000000000
114486  9.659  -27.342  37.028 0.0000000000
42941  8.901  -26.264  37.139 0.0000000000
43905  7.200  -25.410  36.793 0.0000000000
42906  8.622  -26.334  43.199 0.0000000000
110109  8.020  -25.542  42.109 0.0000000000
43886  7.652  -24.842  41.842 0.0000000000
46462  6.867  -22.535  41.196 0.0000000000
44699  6.558  -23.101  41.430 0.0000000000
43891  7.420  -24.842  39.757 0.0000000000
43895  6.595  -24.847  38.748 0.0000000000
44730  5.524  -24.626  38.372 0.0000000000
43901  5.407  -24.878  37.423 0.0000000000
44743  4.141  -24.461  36.937 0.0000000000
45590  3.359  -22.951  36.366 0.0000000000
46491  3.498  -22.414  35.818 0.0000000000
47355  4.065  -21.725  35.405 0.0000000000
47363  3.671  -21.171  34.914 0.0000000000
48231  3.150  -20.463  34.665 0.0000000000
38183  10.672  -31.752  35.947 0.0000000000
37321  10.152  -32.236  38.217 0.0000000000
39976  8.822  -29.907  33.214 0.0000000000
38195  8.090  -31.600  32.385 0.0000000000
38237  9.426  -31.576  28.502 0.0000000000
43929  7.266  -25.537  34.358 0.0000000000
42972  8.553  -26.042  33.058 0.0000000000
109091  9.517  -26.764  32.281 0.0000000000
105657  8.057  -26.082  30.534 0.0000000000
115951  8.749  -26.288  30.756 0.0000000000
42056  10.184  -27.445  30.665 0.0000000000
116237  10.804  -28.549  29.775 0.0000000000
105767  10.806  -29.580  29.037 0.0000000000
39119  10.117  -31.009  28.043 0.0000000000
112775  10.832  -30.669  26.895 0.0000000000
43048  11.158  -26.833  26.408 0.0000000000
42093  11.551  -27.187  25.776 0.0000000000
49315  2.371  -18.433  30.360 0.0000000000
50301  2.814  -18.270  29.429 0.0000000000
49314  3.018  -19.594  29.515 0.0000000000
47420  3.445  -21.599  29.191 0.0000000000
46590  3.657  -22.728  27.974 0.0000000000
115314  4.169  -24.501  27.511 0.0000000000
47473  4.711  -22.106  26.367 0.0000000000
45699  4.606  -23.871  26.142 0.0000000000
44003  3.769  -26.327  26.419 0.0000000000
113170  3.643  -27.766  25.746 0.0000000000
41061  3.936  -28.742  24.369 0.0000000000
42130  6.209  -27.731  23.388 0.0000000000
41089  5.824  -28.387  21.744 0.0000000000
102437  16.280  -23.633  37.148 0.0000000000
44736  15.398  -23.946  36.482 0.0000000000
44735  16.799  -23.417  36.375 0.0000000000
102204  17.288  -23.611  37.229 0.0000000000
44724  16.055  -23.825  38.169 0.0000000000
37381  8.700  -32.932  27.222 0.0000000000
39926  7.836  -29.981  42.061 0.0000000000
110890  7.975  -29.069  42.349 0.0000000000
113702  21.235  -30.134  31.520 0.0000000000
39060  21.379  -29.993  32.381 0.0000000000
39925  8.980  -29.820  42.458 0.0000000000
105371  6.990  -25.435  35.950 0.0000000000
43992  3.496  -26.341  27.999 0.0000000000
42072  3.990  -27.381  28.191 0.0000000000
42073  3.836  -27.359  27.750 0.0000000000
42085  4.088  -27.754  27.387 0.0000000000
42086  3.811  -27.506  27.053 0.0000000000
43879  13.112  -25.512  42.495 0.0000000000
43880  12.387  -24.914  42.693 0.0000000000
42012  20.928  -28.094  36.085 0.0000000000
42002  20.433  -27.656  36.655 0.0000000000
42939  16.541  -26.615  37.606 0.0000000000
41998  15.682  -26.640  37.836 0.0000000000
41999  14.776  -27.131  38.001 0.0000000000
42933  15.678  -26.593  38.885 0.0000000000
43884  14.243  -25.363  41.610 0.0000000000
42913  14.662  -26.411  41.518 0.0000000000
42907  13.893  -25.857  42.122 0.0000000000
42908  13.274  -26.362  42.527 0.0000000000
46503  3.195  -21.796  34.950 0.0000000000
45604  3.219  -22.686  34.654 0.0000000000
46504  2.789  -21.853  34.314 0.0000000000
102731  2.791  -21.436  31.606 0.0000000000
47411  3.129  -21.485  30.666 0.0000000000
47421  3.215  -21.051  30.075 0.0000000000
37330  6.204  -32.589  37.539 0.0000000000
38181  6.516  -32.003  37.165 0.0000000000
42919  8.938  -26.792  39.241 0.0000000000
42927  8.741  -26.265  38.779 0.0000000000
45554  8.601  -23.141  42.400 0.0000000000
46473  5.305  -22.185  38.475 0.0000000000
46468  5.551  -22.286  39.418 0.0000000000
46469  4.775  -22.349  38.991 0.0000000000
45567  4.382  -22.900  38.975 0.0000000000
39030  11.390  -30.521  37.612 0.0000000000
39026  11.319  -30.465  38.525 0.0000000000
37323  8.970  -33.307  39.236 0.0000000000
37327  5.910  -32.768  38.588 0.0000000000
39039  7.895  -30.895  35.600 0.0000000000
39043  8.195  -30.572  34.758 0.0000000000
40984  9.698  -28.976  31.966 0.0000000000
42973  5.792  -26.052  32.516 0.0000000000
43024  8.761  -26.379  28.400 0.0000000000
43023  9.483  -26.488  28.765 0.0000000000
102492  10.226  -26.636  28.343 0.0000000000
112941  10.650  -26.954  28.675 0.0000000000
42082  10.870  -26.903  27.941 0.0000000000
116024  10.325  -26.556  27.636 0.0000000000
43089  8.600  -26.256  24.526 0.0000000000
50330  3.489  -17.817  27.932 0.0000000000
106006  3.876  -19.550  27.710 0.0000000000
49340  4.121  -19.141  27.476 0.0000000000
45721  5.610  -23.614  24.042 0.0000000000
46622  6.160  -23.047  24.527 0.0000000000
45722  5.014  -24.151  24.457 0.0000000000
44035  4.159  -25.163  23.219 0.0000000000
44902  3.711  -25.056  22.392 0.0000000000
105205  14.547  -24.508  39.528 0.0000000000
44713  14.236  -24.299  38.456 0.0000000000
101915  13.992  -24.459  35.856 0.0000000000
43902  19.580  -26.031  37.225 0.0000000000
43903  19.073  -25.200  37.447 0.0000000000
104065  17.587  -24.379  38.722 0.0000000000
44709  18.453  -25.021  38.983 0.0000000000
43892  18.104  -25.718  39.479 0.0000000000
43887  17.442  -25.742  39.849 0.0000000000
42916  17.050  -26.429  39.915 0.0000000000
117194  17.094  -25.036  39.828 0.0000000000
44712  15.792  -24.322  39.006 0.0000000000
44701  15.523  -24.663  39.834 0.0000000000
48241  2.045  -19.880  34.387 0.0000000000
49278  1.814  -18.365  33.401 0.0000000000
49288  1.657  -18.724  32.571 0.0000000000
50270  1.686  -18.037  32.679 0.0000000000
39934  7.077  -29.921  40.612 0.0000000000
40917  7.793  -28.375  42.078 0.0000000000
40921  7.684  -28.457  41.229 0.0000000000
41992  8.390  -27.714  40.565 0.0000000000
42914  8.274  -26.413  41.793 0.0000000000
110158  8.745  -23.178  37.191 0.0000000000
46480  7.568  -22.753  36.037 0.0000000000
46488  5.891  -22.387  35.547 0.0000000000
39021  10.558  -30.840  40.714 0.0000000000
38164  9.296  -31.857  40.875 0.0000000000
38163  10.141  -31.450  40.278 0.0000000000
37318  9.381  -32.674  39.487 0.0000000000
114732  6.973  -30.720  41.055 0.0000000000
38166  6.595  -31.405  40.706 0.0000000000
116861  6.142  -31.326  40.208 0.0000000000
111161  9.640  -27.391  36.018 0.0000000000
42020  9.649  -27.937  35.249 0.0000000000
42946  9.679  -27.237  35.162 0.0000000000
42954  9.607  -26.953  34.568 0.0000000000
42964  9.431  -26.771  33.799 0.0000000000
103803  4.806  -26.557  30.416 0.0000000000
114584  5.525  -27.039  28.291 0.0000000000
101709  5.721  -26.706  29.077 0.0000000000
102051  7.235  -26.503  27.875 0.0000000000
103071  8.028  -26.418  27.216 0.0000000000
103136  6.934  -26.673  27.063 0.0000000000
42095  4.874  -27.992  26.396 0.0000000000
42105  5.765  -27.546  25.974 0.0000000000
107530  5.743  -27.699  25.272 0.0000000000
43091  6.901  -26.881  24.935 0.0000000000
46641  6.720  -22.614  23.116 0.0000000000
46642  5.906  -22.888  22.520 0.0000000000
45748  4.930  -23.238  21.132 0.0000000000
40910  10.842  -27.989  42.949 0.0000000000
121491  10.165  -27.563  43.358 0.0000000000
41979  10.968  -27.078  43.378 0.0000000000
44690  11.578  -24.490  42.242 0.0000000000
43881  11.143  -24.498  43.036 0.0000000000
44695  10.831  -24.176  41.480 0.0000000000
44714  12.391  -24.499  38.928 0.0000000000
44715  11.428  -24.362  38.833 0.0000000000
44716  10.512  -24.023  38.607 0.0000000000
45568  10.059  -23.840  37.915 0.0000000000
39954  21.991  -29.148  34.469 0.0000000000
39955  21.451  -28.902  34.830 0.0000000000
40944  20.045  -28.565  35.002 0.0000000000
40945  19.128  -28.238  34.596 0.0000000000
42928  19.429  -26.576  37.828 0.0000000000
41996  19.640  -27.231  37.424 0.0000000000
42005  18.946  -27.172  37.377 0.0000000000
42006  17.360  -27.128  36.427 0.0000000000
42017  16.133  -27.230  35.056 0.0000000000
42018  14.767  -27.524  35.752 0.0000000000
39935  12.296  -29.203  38.441 0.0000000000
40922  13.654  -28.046  40.423 0.0000000000
40919  13.003  -28.560  40.749 0.0000000000
40916  10.689  -28.898  42.594 0.0000000000
44760  3.997  -24.648  36.226 0.0000000000
43920  4.337  -25.096  35.522 0.0000000000
43921  3.936  -24.870  35.365 0.0000000000
44786  3.443  -24.687  33.872 0.0000000000
43932  3.739  -25.114  34.443 0.0000000000
43946  3.605  -25.437  33.285 0.0000000000
47388  2.234  -21.315  33.334 0.0000000000
46516  2.727  -22.131  33.310 0.0000000000
45651  3.195  -23.396  31.066 0.0000000000
45639  3.198  -23.390  31.924 0.0000000000
114892  3.181  -25.013  31.813 0.0000000000
44812  3.081  -25.113  31.144 0.0000000000
43971  3.248  -25.739  30.829 0.0000000000
44826  3.128  -24.290  30.679 0.0000000000
44837  3.204  -24.299  29.886 0.0000000000
44836  3.334  -24.486  29.063 0.0000000000
45610  16.947  -23.437  34.024 0.0000000000
109411  16.998  -23.378  33.319 0.0000000000
38198  23.863  -30.922  31.545 0.0000000000
38207  23.201  -30.974  31.060 0.0000000000
39058  23.189  -30.636  31.983 0.0000000000
41022  23.841  -28.214  28.023 0.0000000000
42078  23.918  -27.955  27.233 0.0000000000
41009  24.474  -28.703  28.551 0.0000000000
40999  24.350  -28.860  29.324 0.0000000000
40987  24.291  -29.065  30.117 0.0000000000
40979  23.289  -28.790  32.395 0.0000000000
39968  23.127  -29.874  33.225 0.0000000000
39959  23.122  -29.324  33.362 0.0000000000
42970  21.436  -27.298  32.358 0.0000000000
42952  21.405  -27.446  34.416 0.0000000000
43963  19.651  -25.399  32.035 0.0000000000
43939  19.981  -25.856  33.529 0.0000000000
43940  19.452  -25.178  33.676 0.0000000000
43927  19.311  -24.977  34.498 0.0000000000
44766  19.047  -24.537  33.855 0.0000000000
45621  18.036  -23.565  33.233 0.0000000000
45608  18.087  -23.664  34.057 0.0000000000
45598  17.547  -23.460  34.500 0.0000000000
35388  6.762  -34.135  35.357 0.0000000000
38180  6.906  -31.635  36.716 0.0000000000
38185  6.807  -32.090  36.388 0.0000000000
39040  7.401  -31.301  36.135 0.0000000000
40928  9.123  -28.165  38.422 0.0000000000
39942  8.890  -29.274  37.280 0.0000000000
42010  9.610  -28.011  36.662 0.0000000000
43898  8.366  -25.789  37.744 0.0000000000
43904  8.199  -25.705  36.923 0.0000000000
42903  9.154  -26.482  43.629 0.0000000000
41981  8.653  -27.343  43.143 0.0000000000
43874  8.882  -25.720  43.616 0.0000000000
44692  7.797  -23.730  43.043 0.0000000000
43882  7.922  -24.667  42.818 0.0000000000
104834  7.987  -22.659  39.297 0.0000000000
46463  7.379  -22.487  40.515 0.0000000000
107775  7.091  -22.286  39.847 0.0000000000
45563  5.735  -22.815  40.422 0.0000000000
45560  6.299  -22.672  41.048 0.0000000000
44707  6.044  -23.260  40.830 0.0000000000
44706  6.881  -23.966  41.263 0.0000000000
44742  4.575  -24.660  37.232 0.0000000000
44732  3.998  -23.985  37.786 0.0000000000
46483  3.600  -22.695  36.694 0.0000000000
45579  3.441  -23.066  37.024 0.0000000000
46489  4.606  -22.200  35.951 0.0000000000
107574  19.865  -29.099  32.693 0.0000000000
118239  19.684  -29.133  31.855 0.0000000000
39971  19.115  -28.676  32.196 0.0000000000
38174  11.060  -31.140  37.235 0.0000000000
38178  11.042  -31.075  36.302 0.0000000000
38167  10.349  -31.522  39.391 0.0000000000
38170  10.510  -31.619  38.565 0.0000000000
35381  6.182  -34.589  36.414 0.0000000000
38192  7.597  -32.341  33.595 0.0000000000
37343  7.500  -32.733  33.109 0.0000000000
37347  7.617  -32.687  32.299 0.0000000000
112243  8.640  -29.928  34.047 0.0000000000
39064  8.556  -30.883  31.876 0.0000000000
38201  8.222  -31.598  31.707 0.0000000000
38211  8.487  -31.782  30.640 0.0000000000
39086  8.949  -31.223  30.243 0.0000000000
38221  9.213  -31.376  29.419 0.0000000000
39105  9.879  -30.804  28.902 0.0000000000
102706  6.493  -25.564  33.932 0.0000000000
110141  7.010  -25.793  32.373 0.0000000000
43954  7.948  -25.730  32.743 0.0000000000
112086  8.705  -26.180  32.258 0.0000000000
101413  6.526  -26.199  30.839 0.0000000000
43009  9.448  -26.547  29.620 0.0000000000
42995  9.402  -26.576  30.479 0.0000000000
42057  9.844  -26.944  30.945 0.0000000000
41004  10.597  -27.841  30.083 0.0000000000
110629  11.074  -28.830  29.191 0.0000000000
39104  10.669  -30.163  28.450 0.0000000000
39118  10.745  -30.484  27.581 0.0000000000
38246  10.283  -31.133  27.211 0.0000000000
103933  11.233  -29.664  27.739 0.0000000000
105550  11.752  -29.095  26.186 0.0000000000
104891  10.028  -26.347  26.967 0.0000000000
43049  10.534  -26.472  26.235 0.0000000000
43069  11.085  -26.624  25.605 0.0000000000
113112  11.900  -27.522  25.217 0.0000000000
41059  12.204  -28.176  24.978 0.0000000000
51338  2.937  -17.578  29.332 0.0000000000
114797  2.740  -18.893  29.622 0.0000000000
48283  3.326  -20.498  29.377 0.0000000000
48298  3.449  -19.864  28.867 0.0000000000
47447  3.845  -21.209  27.581 0.0000000000
110091  3.567  -21.828  28.187 0.0000000000
45688  3.946  -23.595  27.779 0.0000000000
48351  5.773  -21.166  26.109 0.0000000000
48333  5.299  -20.384  26.508 0.0000000000
47458  4.844  -21.171  26.488 0.0000000000
45708  4.797  -24.092  25.344 0.0000000000
44871  4.480  -24.739  25.852 0.0000000000
44002  4.184  -25.417  26.553 0.0000000000
43054  3.596  -27.194  26.256 0.0000000000
43075  3.600  -27.210  25.403 0.0000000000
42132  3.430  -28.004  23.241 0.0000000000
42117  3.433  -28.050  24.231 0.0000000000
41073  3.963  -28.902  23.442 0.0000000000
42131  5.300  -28.294  23.652 0.0000000000
41072  4.536  -28.707  23.044 0.0000000000
44050  3.524  -25.663  21.462 0.0000000000
108846  15.131  -24.068  38.248 0.0000000000
44737  14.623  -24.190  36.676 0.0000000000
44755  14.635  -24.378  35.241 0.0000000000
44752  18.245  -23.924  36.368 0.0000000000
44733  18.584  -24.512  37.089 0.0000000000
113227  18.022  -24.003  37.201 0.0000000000
44711  16.796  -24.339  39.043 0.0000000000
120915  9.943  -31.835  25.990 0.0000000000
39016  9.982  -30.535  41.693 0.0000000000
38162  8.681  -31.349  41.532 0.0000000000
38165  7.849  -31.706  41.349 0.0000000000
106914  8.790  -26.187  36.247 0.0000000000
42947  9.364  -26.686  35.486 0.0000000000
43916  8.601  -26.000  35.327 0.0000000000
43928  8.327  -25.800  34.439 0.0000000000
43014  3.622  -26.329  29.345 0.0000000000
43028  3.970  -26.929  28.977 0.0000000000
42083  5.350  -27.398  27.638 0.0000000000
109429  4.711  -27.790  27.183 0.0000000000
114656  4.201  -28.125  26.649 0.0000000000
41038  3.984  -28.303  26.128 0.0000000000
42904  11.811  -26.385  43.293 0.0000000000
44728  11.364  -24.369  37.389 0.0000000000
44741  10.801  -24.218  36.757 0.0000000000
101399  10.991  -24.334  35.828 0.0000000000
40936  21.299  -28.414  35.412 0.0000000000
118629  21.296  -28.614  35.291 0.0000000000
40937  20.965  -28.407  35.827 0.0000000000
40938  20.481  -28.381  35.930 0.0000000000
42014  20.084  -28.165  36.565 0.0000000000
42930  18.245  -26.707  37.979 0.0000000000
42938  17.329  -26.897  37.330 0.0000000000
42007  16.526  -26.872  36.645 0.0000000000
42000  14.012  -27.684  37.876 0.0000000000
42912  15.209  -26.363  40.968 0.0000000000
41985  14.924  -27.017  40.674 0.0000000000
106182  12.902  -28.403  41.723 0.0000000000
41983  13.183  -27.462  42.252 0.0000000000
41977  12.562  -26.896  42.810 0.0000000000
107849  3.418  -23.637  35.745 0.0000000000
109200  3.687  -24.475  35.300 0.0000000000
115805  3.374  -23.399  35.003 0.0000000000
45615  3.316  -23.696  34.230 0.0000000000
44787  3.317  -23.974  33.341 0.0000000000
104706  2.728  -21.813  32.459 0.0000000000
46560  3.355  -22.556  29.678 0.0000000000
39057  24.380  -30.490  31.676 0.0000000000
41001  22.935  -28.233  29.643 0.0000000000
40965  22.771  -28.555  33.203 0.0000000000
42980  21.328  -27.251  31.505 0.0000000000
44780  19.075  -24.538  33.137 0.0000000000
112760  6.621  -32.876  36.070 0.0000000000
40929  8.411  -28.799  39.046 0.0000000000
40924  8.795  -28.096  39.154 0.0000000000
42001  9.480  -27.409  37.906 0.0000000000
42926  9.188  -26.820  38.318 0.0000000000
43893  8.484  -25.861  38.415 0.0000000000
43894  7.820  -25.374  38.560 0.0000000000
44688  9.213  -24.027  43.449 0.0000000000
45553  8.378  -23.458  43.172 0.0000000000
45555  7.615  -23.164  42.513 0.0000000000
46467  6.361  -22.195  39.752 0.0000000000
44708  5.389  -23.446  39.803 0.0000000000
44719  4.720  -23.343  39.243 0.0000000000
44720  4.290  -23.644  38.666 0.0000000000
45571  3.894  -23.130  38.326 0.0000000000
46475  3.816  -22.693  37.635 0.0000000000
114533  17.815  -27.944  32.002 0.0000000000
39945  11.803  -29.896  37.094 0.0000000000
37322  9.573  -32.775  38.677 0.0000000000
37320  5.986  -32.693  39.947 0.0000000000
36422  6.461  -34.422  39.234 0.0000000000
36423  6.014  -33.638  39.010 0.0000000000
114731  6.125  -33.966  37.116 0.0000000000
38188  7.377  -32.172  35.016 0.0000000000
111610  7.487  -32.438  34.314 0.0000000000
39048  7.702  -31.763  34.232 0.0000000000
38191  7.942  -31.655  33.264 0.0000000000
118656  9.673  -28.402  33.190 0.0000000000
39975  9.421  -29.057  32.791 0.0000000000
39063  9.109  -30.304  31.284 0.0000000000
106141  9.771  -29.732  30.642 0.0000000000
101412  5.216  -25.987  33.318 0.0000000000
43011  7.898  -26.232  29.565 0.0000000000
43010  8.733  -26.367  29.210 0.0000000000
42063  10.660  -27.302  29.312 0.0000000000
40029  11.317  -28.269  28.562 0.0000000000
40047  11.496  -28.604  27.682 0.0000000000
118111  11.499  -27.816  27.221 0.0000000000
43072  8.552  -26.333  25.433 0.0000000000
43050  9.472  -26.295  25.928 0.0000000000
43071  9.216  -26.207  25.061 0.0000000000
43087  10.290  -26.207  24.705 0.0000000000
105090  10.976  -26.419  24.799 0.0000000000
50318  3.228  -18.099  28.603 0.0000000000
104415  3.628  -19.668  28.204 0.0000000000
48314  3.865  -20.292  27.648 0.0000000000
47459  4.260  -21.600  26.926 0.0000000000
46611  5.893  -22.649  25.319 0.0000000000
46612  5.099  -22.754  25.787 0.0000000000
44884  4.560  -24.932  24.862 0.0000000000
44029  4.066  -26.358  24.890 0.0000000000
44028  4.281  -25.600  24.105 0.0000000000
43104  3.595  -26.820  23.089 0.0000000000
43118  3.532  -27.236  22.426 0.0000000000
118346  14.431  -25.033  41.018 0.0000000000
44693  13.539  -24.764  41.112 0.0000000000
106599  13.478  -24.428  39.022 0.0000000000
43913  20.188  -26.247  35.555 0.0000000000
42945  20.226  -26.708  36.613 0.0000000000
42929  19.182  -26.182  38.569 0.0000000000
44721  18.684  -24.848  38.031 0.0000000000
43897  19.001  -25.628  38.750 0.0000000000
114633  18.785  -26.402  38.671 0.0000000000
42922  18.123  -26.484  39.096 0.0000000000
42923  17.251  -26.588  39.298 0.0000000000
42924  16.525  -26.610  39.598 0.0000000000
42917  16.296  -26.296  40.289 0.0000000000
43889  16.055  -25.341  40.455 0.0000000000
42911  15.638  -25.925  40.810 0.0000000000
48232  2.450  -20.363  34.566 0.0000000000
48233  2.121  -20.486  34.411 0.0000000000
107109  1.860  -20.489  33.899 0.0000000000
121512  1.780  -20.149  33.250 0.0000000000
50246  2.050  -18.259  33.507 0.0000000000
48272  2.103  -19.619  31.522 0.0000000000
38172  6.006  -31.291  38.679 0.0000000000
39933  7.626  -29.326  39.773 0.0000000000
114510  7.424  -29.089  40.717 0.0000000000
119189  9.195  -23.298  39.660 0.0000000000
45566  8.795  -23.090  39.172 0.0000000000
122107  8.024  -22.677  38.478 0.0000000000
46479  8.115  -22.877  36.681 0.0000000000
46472  7.061  -22.424  38.008 0.0000000000
117765  6.344  -22.326  37.910 0.0000000000
46481  5.844  -22.342  37.305 0.0000000000
39932  11.843  -29.828  39.784 0.0000000000
39023  11.317  -30.442  39.426 0.0000000000
36421  8.582  -34.022  39.154 0.0000000000
112100  8.265  -33.717  39.960 0.0000000000
106631  6.974  -33.159  40.251 0.0000000000
121173  5.826  -32.024  39.887 0.0000000000
38173  5.778  -32.126  39.263 0.0000000000
39951  8.895  -29.375  35.680 0.0000000000
40942  9.297  -28.697  35.248 0.0000000000
40949  9.498  -28.412  34.568 0.0000000000
40960  9.744  -28.065  33.832 0.0000000000
101687  9.841  -27.768  33.114 0.0000000000
42043  9.891  -27.515  32.244 0.0000000000
42986  4.106  -26.406  31.560 0.0000000000
105953  4.749  -26.467  31.119 0.0000000000
42998  5.957  -26.426  30.060 0.0000000000
101918  6.831  -26.367  29.347 0.0000000000
43025  7.480  -26.382  28.697 0.0000000000
43038  8.692  -26.363  27.712 0.0000000000
43051  8.463  -26.379  26.230 0.0000000000
43053  6.671  -26.881  26.244 0.0000000000
43073  7.474  -26.609  25.643 0.0000000000
42114  6.809  -27.072  24.133 0.0000000000
46633  6.166  -23.102  23.560 0.0000000000
45734  5.421  -23.485  22.993 0.0000000000
44911  3.823  -24.334  21.903 0.0000000000
45749  4.289  -23.747  21.491 0.0000000000
45756  5.056  -23.301  20.625 0.0000000000
37368  8.979  -32.377  28.024 0.0000000000
40912  8.758  -28.041  43.129 0.0000000000
41976  10.059  -26.805  43.654 0.0000000000
42902  9.950  -25.979  43.814 0.0000000000
43876  10.201  -24.931  43.613 0.0000000000
119571  10.108  -24.079  43.156 0.0000000000
44696  9.807  -23.531  41.925 0.0000000000
101653  12.583  -24.599  40.760 0.0000000000
103159  11.098  -24.361  40.477 0.0000000000
45565  9.534  -23.521  38.663 0.0000000000
45569  9.432  -23.518  37.615 0.0000000000
45576  9.442  -23.563  36.707 0.0000000000
45586  10.102  -23.921  36.119 0.0000000000
39969  21.620  -29.750  33.243 0.0000000000
104458  20.439  -29.235  33.437 0.0000000000
111092  19.911  -28.929  33.476 0.0000000000
40954  19.572  -28.637  33.996 0.0000000000
40955  18.770  -28.238  33.616 0.0000000000
42035  17.010  -27.491  33.374 0.0000000000
42003  20.126  -27.795  36.976 0.0000000000
114525  19.288  -27.968  36.264 0.0000000000
42015  18.429  -27.498  36.414 0.0000000000
42025  18.516  -27.757  35.204 0.0000000000
42026  17.624  -27.576  34.256 0.0000000000
102931  15.128  -27.543  35.017 0.0000000000
40934  12.781  -28.658  36.944 0.0000000000
39940  12.241  -29.210  37.478 0.0000000000
41993  14.867  -26.873  39.032 0.0000000000
41994  14.212  -27.369  39.223 0.0000000000
41990  14.277  -27.495  40.111 0.0000000000
40926  13.570  -27.961  39.465 0.0000000000
39931  12.397  -29.232  39.341 0.0000000000
39928  11.775  -29.678  40.656 0.0000000000
39923  11.551  -29.372  41.809 0.0000000000
121441  12.288  -28.783  41.976 0.0000000000
39921  9.654  -29.185  42.712 0.0000000000
43907  5.285  -25.048  36.522 0.0000000000
43918  6.064  -25.290  35.794 0.0000000000
43919  5.161  -25.209  35.641 0.0000000000
43930  4.893  -25.438  34.799 0.0000000000
43944  4.516  -25.821  34.023 0.0000000000
107638  4.389  -26.040  33.357 0.0000000000
43955  3.891  -26.023  32.866 0.0000000000
109761  4.229  -26.318  32.222 0.0000000000
46528  3.066  -22.596  32.390 0.0000000000
44799  3.362  -25.260  32.444 0.0000000000
42975  3.680  -26.116  32.036 0.0000000000
42987  3.580  -26.134  31.230 0.0000000000
43001  3.572  -26.168  30.371 0.0000000000
43978  3.286  -25.753  30.015 0.0000000000
43984  3.416  -26.025  28.611 0.0000000000
44850  3.633  -25.431  27.956 0.0000000000
44753  16.284  -23.711  35.407 0.0000000000
112411  16.312  -23.842  34.361 0.0000000000
45611  16.380  -23.812  33.349 0.0000000000
111668  24.957  -29.628  30.591 0.0000000000
39980  24.457  -29.860  31.797 0.0000000000
104774  23.622  -28.723  30.392 0.0000000000
39049  24.102  -30.078  32.294 0.0000000000
39050  23.508  -30.242  32.620 0.0000000000
39052  22.259  -30.040  33.047 0.0000000000
39961  22.330  -29.517  33.856 0.0000000000
42033  22.472  -28.446  33.853 0.0000000000
40953  22.248  -28.716  34.405 0.0000000000
42023  21.762  -28.301  34.867 0.0000000000
42953  20.681  -26.714  34.787 0.0000000000
42993  20.860  -26.851  30.744 0.0000000000
42981  20.773  -26.743  31.631 0.0000000000
43962  20.197  -26.108  31.826 0.0000000000
42971  20.750  -26.676  32.545 0.0000000000
120970  20.336  -26.202  34.078 0.0000000000
103882  19.626  -25.468  35.170 0.0000000000
44750  19.179  -24.758  35.375 0.0000000000
44751  18.509  -24.047  35.521 0.0000000000
44781  18.584  -24.031  33.583 0.0000000000
45584  17.704  -23.508  35.490 0.0000000000
45585  17.092  -23.307  35.735 0.0000000000
37333  6.940  -32.472  35.721 0.0000000000
109029  8.511  -29.963  36.200 0.0000000000
39033  6.628  -30.796  38.083 0.0000000000
39032  7.465  -30.457  37.488 0.0000000000
39943  8.038  -29.826  37.859 0.0000000000
42934  9.389  -26.797  37.473 0.0000000000
41984  8.250  -27.226  42.527 0.0000000000
43878  8.501  -25.253  43.289 0.0000000000
42910  8.295  -25.890  42.640 0.0000000000
117560  8.316  -25.757  40.967 0.0000000000
45559  6.950  -22.827  41.703 0.0000000000
46464  6.551  -22.317  40.561 0.0000000000
44698  7.117  -23.280  41.858 0.0000000000
114567  8.029  -25.189  40.451 0.0000000000
44718  5.580  -24.264  39.256 0.0000000000
43900  6.384  -25.091  37.586 0.0000000000
44744  3.729  -23.893  36.909 0.0000000000
117156  3.462  -23.498  36.472 0.0000000000
47356  3.459  -21.793  35.165 0.0000000000
47364  2.926  -20.995  34.838 0.0000000000
44754  15.416  -24.058  35.648 0.0000000000
119925  20.136  -29.379  32.230 0.0000000000
39983  19.612  -29.181  31.090 0.0000000000
39997  18.997  -28.774  30.631 0.0000000000
111870  19.042  -28.729  31.384 0.0000000000
38175  10.620  -31.694  37.742 0.0000000000
37328  10.245  -32.333  36.488 0.0000000000
104598  8.199  -30.831  33.815 0.0000000000
39056  8.429  -30.801  32.776 0.0000000000
38202  7.832  -32.144  31.970 0.0000000000
37346  7.811  -32.610  31.521 0.0000000000
102973  6.814  -25.444  35.222 0.0000000000
43941  8.075  -25.693  33.589 0.0000000000
43942  7.205  -25.612  33.347 0.0000000000
106752  9.183  -26.519  33.031 0.0000000000
42050  9.790  -26.977  31.664 0.0000000000
42983  7.361  -25.986  31.274 0.0000000000
101425  8.359  -26.073  31.355 0.0000000000
42982  9.257  -26.523  31.403 0.0000000000
42049  10.032  -27.517  31.358 0.0000000000
40994  10.247  -28.110  30.913 0.0000000000
40001  10.408  -28.763  30.427 0.0000000000
40015  10.470  -29.455  29.751 0.0000000000
39084  10.327  -30.127  29.210 0.0000000000
38247  9.643  -31.676  27.548 0.0000000000
118505  9.922  -31.676  26.593 0.0000000000
38256  10.491  -31.142  26.567 0.0000000000
112663  10.731  -26.654  27.070 0.0000000000
112305  11.531  -27.534  26.541 0.0000000000
41048  11.894  -28.093  25.860 0.0000000000
50284  1.956  -17.860  31.464 0.0000000000
103367  2.467  -19.235  30.377 0.0000000000
50302  2.413  -17.715  30.287 0.0000000000
48284  2.804  -20.138  30.257 0.0000000000
46577  3.425  -22.615  28.764 0.0000000000
45679  3.519  -23.517  28.507 0.0000000000
114128  3.673  -24.415  28.255 0.0000000000
112203  3.654  -26.136  27.280 0.0000000000
46589  4.343  -22.311  26.885 0.0000000000
109244  4.591  -22.972  26.430 0.0000000000
45687  4.457  -23.729  27.022 0.0000000000
44861  4.424  -24.554  26.733 0.0000000000
118551  4.134  -25.208  27.229 0.0000000000
42096  3.815  -27.961  26.298 0.0000000000
41050  3.957  -28.512  25.313 0.0000000000
43092  3.570  -27.286  24.573 0.0000000000
41062  3.739  -28.440  24.736 0.0000000000
41049  4.339  -28.515  24.989 0.0000000000
42116  5.275  -28.138  24.633 0.0000000000
114373  5.971  -27.750  24.116 0.0000000000
42129  7.097  -27.125  23.197 0.0000000000
116827  3.537  -26.582  21.858 0.0000000000
41090  4.911  -28.634  22.119 0.0000000000
41071  5.499  -28.346  22.706 0.0000000000
43117  7.969  -26.578  22.958 0.0000000000
41010  23.855  -28.470  28.772 0.0000000000
41026  11.313  -27.641  27.884 0.0000000000
41037  4.267  -28.378  25.891 0.0000000000
41051  3.787  -28.251  25.579 0.0000000000
41060  4.407  -28.687  24.015 0.0000000000
41074  3.710  -28.615  23.809 0.0000000000
41091  4.164  -28.755  22.592 0.0000000000
42107  3.511  -27.952  25.077 0.0000000000
42148  3.586  -28.186  22.518 0.0000000000
43150  3.757  -26.612  21.370 0.0000000000
43873  9.408  -25.602  43.782 0.0000000000
44017  3.798  -26.544  25.732 0.0000000000
44036  3.871  -25.841  23.100 0.0000000000
44901  4.303  -24.535  22.835 0.0000000000
45742  4.569  -23.851  22.411 0.0000000000
102923  3.789  -26.540  23.919 0.0000000000
108949  3.170  -25.104  29.725 0.0000000000
113386  3.595  -26.868  26.966 0.0000000000
113429  3.924  -22.080  27.470 0.0000000000
113699  9.284  -28.702  36.763 0.0000000000
114888  9.803  -26.199  25.082 0.0000000000
117715  6.254  -21.884  25.528 0.0000000000
120428  4.346  -25.624  24.869 0.0000000000
121682  4.655  -22.249  38.507 0.0000000000
