#!ascii label  , from subject sub-v2s9x29164_ses-1 vox2ras=TkReg
226
17420  36.735  -55.137  -20.962 0.0000000000
19037  43.382  -53.889  -31.019 0.0000000000
114671  42.745  -57.492  -22.698 0.0000000000
120660  39.349  -55.409  -26.624 0.0000000000
17503  46.376  -54.989  -26.753 0.0000000000
17462  44.548  -55.709  -24.735 0.0000000000
17460  46.626  -55.677  -25.000 0.0000000000
18269  41.166  -54.615  -28.827 0.0000000000
19805  37.279  -52.953  -27.925 0.0000000000
15887  39.862  -57.250  -21.906 0.0000000000
16712  41.301  -56.600  -24.536 0.0000000000
17491  42.859  -55.516  -26.475 0.0000000000
104077  44.206  -54.619  -29.112 0.0000000000
109570  48.364  -55.629  -29.113 0.0000000000
19719  36.632  -52.799  -18.201 0.0000000000
16644  39.321  -56.542  -18.732 0.0000000000
14984  42.179  -58.177  -19.216 0.0000000000
19002  36.315  -53.250  -25.643 0.0000000000
16691  46.654  -55.883  -23.895 0.0000000000
18278  42.199  -54.136  -29.829 0.0000000000
105826  40.352  -53.740  -29.682 0.0000000000
15864  41.282  -57.704  -21.657 0.0000000000
15894  42.379  -57.182  -23.326 0.0000000000
17479  45.691  -55.297  -25.435 0.0000000000
17481  43.393  -55.634  -25.738 0.0000000000
17504  44.668  -55.151  -26.770 0.0000000000
17505  43.913  -55.174  -27.299 0.0000000000
18251  45.665  -54.831  -27.492 0.0000000000
17528  46.920  -55.094  -30.454 0.0000000000
16634  40.052  -55.456  -17.947 0.0000000000
15842  40.314  -57.547  -19.437 0.0000000000
15835  41.745  -57.362  -18.514 0.0000000000
17463  39.279  -56.070  -24.973 0.0000000000
18247  37.644  -54.481  -26.072 0.0000000000
20604  36.673  -51.541  -28.446 0.0000000000
20594  35.919  -51.137  -27.058 0.0000000000
15882  44.726  -57.187  -22.794 0.0000000000
114748  43.212  -57.066  -23.360 0.0000000000
15892  45.264  -56.338  -23.608 0.0000000000
17461  46.142  -55.404  -24.917 0.0000000000
17478  46.364  -55.406  -25.457 0.0000000000
17508  40.437  -55.328  -27.339 0.0000000000
18258  38.310  -54.324  -27.457 0.0000000000
18271  39.516  -54.434  -28.448 0.0000000000
19808  38.175  -53.010  -28.984 0.0000000000
109746  42.772  -54.908  -31.875 0.0000000000
16655  38.395  -56.615  -21.208 0.0000000000
16714  39.865  -56.581  -24.386 0.0000000000
16723  40.050  -56.293  -25.249 0.0000000000
16711  42.396  -56.440  -24.578 0.0000000000
16721  41.911  -56.145  -25.244 0.0000000000
17493  40.927  -55.626  -26.646 0.0000000000
17506  42.381  -55.337  -27.279 0.0000000000
113646  42.561  -54.756  -28.763 0.0000000000
18277  43.617  -54.278  -29.921 0.0000000000
17517  47.271  -55.216  -27.940 0.0000000000
18275  45.924  -54.656  -29.400 0.0000000000
18283  45.920  -54.661  -30.307 0.0000000000
104541  44.532  -54.389  -30.977 0.0000000000
19729  35.702  -51.968  -19.641 0.0000000000
104514  36.369  -54.136  -19.905 0.0000000000
18167  37.586  -54.278  -18.448 0.0000000000
17411  37.791  -55.962  -19.703 0.0000000000
15848  39.621  -57.366  -20.085 0.0000000000
15846  41.054  -57.917  -20.651 0.0000000000
15007  42.695  -58.244  -21.220 0.0000000000
14992  43.211  -58.588  -20.440 0.0000000000
15006  43.555  -58.359  -21.305 0.0000000000
19015  36.714  -53.351  -26.418 0.0000000000
18951  36.062  -54.130  -20.641 0.0000000000
18962  35.844  -54.012  -21.521 0.0000000000
18194  36.324  -54.659  -21.194 0.0000000000
19038  42.783  -53.849  -30.641 0.0000000000
19034  41.103  -53.683  -30.072 0.0000000000
15863  42.161  -57.794  -21.996 0.0000000000
15885  41.428  -57.447  -22.473 0.0000000000
17488  46.065  -55.172  -26.039 0.0000000000
17489  45.123  -55.211  -26.107 0.0000000000
18244  45.516  -54.983  -26.703 0.0000000000
18252  44.755  -54.956  -27.418 0.0000000000
16754  49.250  -56.704  -31.115 0.0000000000
16632  41.583  -55.995  -17.871 0.0000000000
108958  39.494  -55.804  -25.913 0.0000000000
18232  38.114  -55.017  -25.806 0.0000000000
17495  38.756  -55.294  -26.260 0.0000000000
21406  36.228  -50.930  -27.916 0.0000000000
16672  45.956  -56.632  -23.136 0.0000000000
16708  46.535  -55.639  -24.508 0.0000000000
115131  46.609  -55.578  -25.499 0.0000000000
18255  40.839  -54.952  -28.045 0.0000000000
18256  39.942  -54.958  -27.955 0.0000000000
18270  40.309  -54.568  -28.635 0.0000000000
115820  38.781  -53.355  -29.218 0.0000000000
19816  38.675  -52.707  -29.769 0.0000000000
19817  37.811  -52.342  -29.355 0.0000000000
106654  39.107  -57.066  -21.523 0.0000000000
113201  38.593  -56.704  -21.946 0.0000000000
16674  39.208  -56.957  -22.314 0.0000000000
16713  40.510  -56.514  -24.734 0.0000000000
118381  43.604  -56.578  -23.868 0.0000000000
16710  43.501  -56.211  -24.535 0.0000000000
16720  42.902  -55.981  -25.196 0.0000000000
17482  42.412  -55.758  -25.850 0.0000000000
17483  41.445  -55.880  -25.932 0.0000000000
17492  41.914  -55.584  -26.586 0.0000000000
17507  41.408  -55.326  -27.353 0.0000000000
103683  43.984  -54.855  -28.130 0.0000000000
18253  43.019  -55.019  -27.941 0.0000000000
18267  43.322  -54.695  -28.927 0.0000000000
102940  42.743  -54.391  -29.558 0.0000000000
15946  47.247  -57.571  -29.384 0.0000000000
15932  48.965  -56.525  -29.057 0.0000000000
15933  48.406  -56.601  -28.579 0.0000000000
17515  48.669  -56.011  -28.717 0.0000000000
18263  47.538  -55.212  -28.888 0.0000000000
18264  46.666  -54.902  -28.661 0.0000000000
18289  46.144  -54.979  -30.851 0.0000000000
18284  45.012  -54.420  -30.495 0.0000000000
18290  45.319  -54.728  -30.915 0.0000000000
104809  35.799  -51.916  -18.845 0.0000000000
19728  36.121  -52.599  -19.166 0.0000000000
18942  36.561  -53.542  -19.050 0.0000000000
16635  39.040  -55.626  -18.385 0.0000000000
17403  38.080  -54.727  -18.388 0.0000000000
17402  38.177  -55.586  -18.773 0.0000000000
17412  37.477  -55.226  -19.125 0.0000000000
16645  38.492  -56.368  -19.139 0.0000000000
16651  38.325  -56.559  -20.223 0.0000000000
16650  38.971  -56.972  -19.647 0.0000000000
15841  41.169  -57.923  -19.470 0.0000000000
121644  40.683  -57.837  -20.033 0.0000000000
14985  41.697  -58.212  -20.165 0.0000000000
15008  41.875  -58.082  -21.053 0.0000000000
14990  45.428  -58.972  -20.357 0.0000000000
14991  44.247  -58.793  -20.519 0.0000000000
19018  37.679  -53.627  -27.642 0.0000000000
19014  37.501  -53.968  -26.753 0.0000000000
19019  37.036  -53.244  -27.209 0.0000000000
20580  35.635  -51.311  -26.243 0.0000000000
18279  41.497  -54.200  -29.568 0.0000000000
18280  40.699  -54.189  -29.322 0.0000000000
15886  40.642  -57.368  -22.216 0.0000000000
16693  41.906  -56.925  -23.914 0.0000000000
16719  43.772  -55.765  -25.129 0.0000000000
17480  44.544  -55.462  -25.474 0.0000000000
17490  43.941  -55.398  -26.422 0.0000000000
122055  43.205  -55.339  -27.091 0.0000000000
18266  44.880  -54.782  -28.281 0.0000000000
17520  47.777  -55.272  -29.831 0.0000000000
17526  49.058  -56.210  -30.649 0.0000000000
17527  48.069  -55.615  -30.682 0.0000000000
15836  40.306  -56.633  -18.451 0.0000000000
111140  40.919  -57.320  -18.686 0.0000000000
18233  37.454  -54.692  -25.357 0.0000000000
18234  36.930  -53.998  -25.777 0.0000000000
19810  36.928  -52.271  -28.208 0.0000000000
19806  36.707  -52.537  -27.466 0.0000000000
20593  36.438  -51.758  -27.667 0.0000000000
21407  35.800  -50.309  -27.307 0.0000000000
15883  43.621  -57.420  -22.732 0.0000000000
15893  44.119  -56.798  -23.413 0.0000000000
101478  44.436  -56.185  -24.091 0.0000000000
16709  45.641  -55.663  -24.367 0.0000000000
118581  45.383  -55.416  -24.949 0.0000000000
17494  40.023  -55.640  -26.660 0.0000000000
18245  38.883  -54.969  -26.996 0.0000000000
17509  39.621  -55.222  -27.241 0.0000000000
18257  39.157  -54.713  -27.736 0.0000000000
109383  38.190  -53.845  -28.076 0.0000000000
18281  39.905  -54.085  -29.141 0.0000000000
19026  38.473  -53.613  -28.624 0.0000000000
19809  37.528  -52.651  -28.619 0.0000000000
20603  37.176  -51.970  -28.905 0.0000000000
109205  36.886  -51.362  -29.068 0.0000000000
104987  42.853  -53.981  -31.313 0.0000000000
113458  37.178  -55.580  -21.284 0.0000000000
17426  36.702  -55.111  -21.631 0.0000000000
17424  37.799  -56.130  -21.980 0.0000000000
16722  40.921  -56.261  -25.287 0.0000000000
101630  40.456  -55.953  -25.965 0.0000000000
18254  41.896  -54.978  -28.188 0.0000000000
18268  41.982  -54.572  -29.136 0.0000000000
17487  46.679  -55.469  -26.157 0.0000000000
15945  48.641  -57.297  -29.226 0.0000000000
17502  46.947  -55.228  -27.089 0.0000000000
18250  46.535  -54.922  -27.659 0.0000000000
18265  45.776  -54.764  -28.442 0.0000000000
104954  45.091  -54.587  -29.222 0.0000000000
18274  46.812  -54.877  -29.646 0.0000000000
104780  45.301  -54.402  -29.938 0.0000000000
18276  44.535  -54.285  -30.044 0.0000000000
18285  43.886  -54.108  -30.696 0.0000000000
108321  43.676  -54.343  -31.226 0.0000000000
21307  35.212  -50.737  -20.005 0.0000000000
20486  35.384  -51.296  -19.192 0.0000000000
104276  35.765  -52.662  -20.193 0.0000000000
18943  36.067  -53.453  -19.985 0.0000000000
18187  36.536  -54.719  -20.396 0.0000000000
18166  38.456  -54.017  -17.498 0.0000000000
18168  37.111  -53.832  -18.549 0.0000000000
116946  36.858  -54.553  -19.372 0.0000000000
17419  37.116  -55.393  -20.239 0.0000000000
17418  37.723  -56.073  -20.800 0.0000000000
16654  38.985  -57.058  -20.644 0.0000000000
15866  39.742  -57.331  -21.050 0.0000000000
15843  39.614  -57.183  -19.181 0.0000000000
15847  40.313  -57.615  -20.487 0.0000000000
15865  40.496  -57.538  -21.373 0.0000000000
15862  43.099  -57.910  -22.016 0.0000000000
14993  42.394  -58.392  -20.317 0.0000000000
18246  38.196  -54.688  -26.573 0.0000000000
19803  36.196  -52.665  -26.158 0.0000000000
20579  36.145  -52.030  -26.758 0.0000000000
15884  42.058  -57.439  -22.740 0.0000000000
17484  38.674  -55.565  -25.448 0.0000000000
17519  48.928  -56.060  -29.291 0.0000000000
17537  48.697  -56.196  -31.071 0.0000000000
18272  38.766  -54.181  -28.233 0.0000000000
18935  37.057  -53.278  -18.154 0.0000000000
19017  37.859  -53.312  -28.328 0.0000000000
19025  39.152  -53.867  -28.902 0.0000000000
19033  41.893  -53.816  -30.230 0.0000000000
103294  47.398  -55.550  -27.541 0.0000000000
105722  38.851  -54.675  -17.975 0.0000000000
106971  36.538  -52.786  -26.812 0.0000000000
121585  44.483  -54.285  -30.578 0.0000000000
