#!ascii label  , from subject sub-v2s9x29164_ses-1 vox2ras=TkReg
638
45427  20.640  -24.930  -34.746 0.1428571492
45428  19.747  -24.742  -34.704 0.1428571492
119608  19.637  -23.744  -35.825 0.1428571492
45445  19.311  -24.113  -35.143 0.1428571492
45444  20.297  -24.170  -35.347 0.1428571492
46366  18.696  -24.000  -37.857 0.5714285970
46345  20.155  -23.649  -36.312 0.1428571492
46365  20.893  -23.862  -37.959 0.2857142985
46355  21.402  -23.513  -36.602 0.2857142985
46364  21.914  -23.893  -38.547 0.1428571492
48143  21.584  -22.043  -38.646 0.2857142985
47274  20.976  -23.421  -38.518 0.2857142985
49178  23.015  -20.653  -39.711 0.2857142985
114474  22.441  -20.997  -39.357 0.2857142985
106208  23.123  -19.424  -40.826 0.2857142985
49198  22.384  -19.798  -40.438 0.2857142985
51226  23.239  -18.514  -41.835 0.2857142985
53143  24.172  -16.668  -43.591 0.8571428657
52190  23.923  -17.569  -42.914 0.4285714328
50196  23.660  -19.083  -41.236 0.2857142985
54041  25.190  -15.750  -44.910 0.7142857313
53153  25.595  -16.418  -44.622 0.7142857313
53142  24.959  -16.709  -43.794 0.7142857313
52204  23.607  -17.152  -43.232 0.7142857313
54899  25.697  -14.593  -46.279 0.8571428657
54051  25.623  -15.283  -45.772 0.5714285970
54900  24.928  -14.667  -45.704 0.8571428657
53154  24.778  -16.120  -44.092 0.7142857313
54028  23.986  -15.909  -43.797 0.7142857313
56579  27.097  -12.508  -47.478 0.4285714328
55710  25.248  -13.428  -46.552 0.7142857313
55698  25.092  -14.061  -46.239 0.8571428657
58367  28.933  -11.426  -48.339 0.2857142985
58371  27.641  -10.344  -48.472 0.5714285970
57472  25.447  -12.150  -47.208 0.8571428657
57479  26.170  -11.576  -47.577 0.7142857313
60145  28.784  -8.555  -49.257 0.1428571492
58370  29.324  -10.440  -48.480 0.1428571492
59234  28.389  -9.428  -48.902 0.4285714328
58368  26.931  -10.996  -47.921 0.5714285970
111191  24.926  -11.315  -47.347 0.8571428657
61973  27.509  -6.384  -50.527 0.1428571492
60149  28.699  -7.825  -49.541 0.1428571492
60150  28.385  -7.673  -49.870 0.1428571492
60146  27.604  -8.556  -49.357 0.4285714328
57480  25.407  -10.712  -47.671 0.8571428657
62860  27.397  -4.608  -50.821 0.1428571492
62856  27.854  -5.647  -50.561 0.1428571492
62857  26.902  -5.590  -50.694 0.1428571492
61095  28.019  -7.055  -50.327 0.1428571492
61096  26.654  -7.123  -50.031 0.4285714328
113133  26.036  -8.454  -48.918 0.5714285970
59236  24.958  -9.102  -48.307 0.7142857313
59231  23.913  -10.114  -47.232 0.8571428657
63933  26.166  -4.826  -50.758 0.1428571492
116922  25.624  -4.208  -50.848 0.1428571492
62858  25.309  -5.599  -50.110 0.1428571492
61974  25.750  -6.439  -49.904 0.5714285970
60147  24.739  -8.276  -48.486 0.8571428657
115371  24.292  -9.582  -47.704 0.8571428657
59230  23.991  -8.822  -47.942 0.8571428657
112912  26.029  -3.402  -51.360 0.1428571492
65813  25.076  -3.028  -51.401 0.2857142985
63934  24.620  -4.817  -50.105 0.1428571492
61971  24.486  -6.839  -48.932 0.8571428657
61091  25.709  -7.710  -49.172 0.7142857313
111392  23.733  -6.465  -48.509 0.8571428657
117162  23.532  -2.393  -51.566 0.1428571492
66790  24.060  -1.104  -52.798 0.1428571492
64910  23.820  -3.487  -50.506 0.4285714328
64896  22.880  -3.825  -49.720 0.8571428657
63924  23.571  -5.062  -49.284 0.8571428657
62855  23.622  -5.753  -48.859 0.8571428657
109498  23.461  -6.700  -47.486 0.8571428657
65814  24.176  -2.665  -51.338 0.4285714328
63925  22.978  -4.504  -49.067 0.8571428657
63913  23.224  -5.140  -48.481 0.8571428657
62849  23.041  -5.083  -47.430 0.8571428657
65830  23.502  -1.745  -52.402 0.1428571492
66791  23.193  -1.191  -53.463 0.2857142985
65815  22.593  -2.461  -51.197 0.5714285970
64911  22.962  -3.071  -50.558 0.8571428657
65799  22.256  -3.254  -49.484 0.8571428657
105576  22.505  -3.830  -48.777 0.8571428657
63914  22.794  -4.422  -48.083 0.8571428657
66792  22.219  -1.332  -53.462 0.2857142985
66781  22.208  -1.929  -52.024 0.7142857313
65816  21.737  -2.317  -50.508 0.8571428657
65800  21.694  -2.563  -49.282 0.8571428657
65790  21.617  -2.468  -48.118 0.8571428657
64869  22.374  -3.656  -47.730 0.8571428657
66793  21.396  -1.596  -52.165 0.8571428657
66769  20.918  -1.411  -50.002 0.8571428657
66768  21.288  -1.868  -49.683 0.8571428657
110148  20.954  -1.253  -49.058 0.7142857313
66755  21.293  -1.844  -48.615 0.7142857313
66783  20.648  -1.255  -51.117 0.8571428657
68529  20.291  -0.249  -50.163 0.8571428657
68530  19.893  0.342  -50.593 0.8571428657
67693  20.637  -0.537  -48.495 0.7142857313
68545  19.939  0.119  -54.002 0.7142857313
68538  19.788  0.094  -52.193 0.8571428657
114327  19.384  0.725  -52.421 0.8571428657
69400  19.451  1.145  -50.867 0.8571428657
70256  18.307  2.244  -52.549 0.7142857313
67699  20.616  -0.755  -49.576 0.8571428657
71948  18.394  3.631  -54.235 0.1428571492
70255  18.932  1.614  -52.003 0.8571428657
72813  17.071  4.567  -55.331 0.1428571492
70261  18.187  2.228  -54.457 0.5714285970
71094  17.439  2.769  -54.299 0.5714285970
71095  15.860  3.398  -54.245 0.5714285970
71102  16.697  3.516  -55.795 0.1428571492
73737  17.146  6.556  -54.094 0.1428571492
71104  15.225  3.754  -54.602 0.5714285970
73738  16.460  6.210  -53.481 0.1428571492
74633  16.499  6.791  -51.946 0.1428571492
71951  16.044  4.185  -55.813 0.1428571492
75553  16.423  7.543  -51.245 0.1428571492
71103  16.015  3.618  -55.532 0.5714285970
73723  15.799  6.349  -52.458 0.1428571492
75540  16.249  8.560  -50.625 0.1428571492
74635  14.731  7.415  -51.750 0.1428571492
44570  20.091  -25.517  -34.458 0.1428571492
46344  21.012  -23.702  -35.920 0.1428571492
104301  20.696  -23.510  -36.775 0.2857142985
47273  21.807  -23.608  -38.859 0.2857142985
107068  22.949  -18.916  -41.406 0.2857142985
52203  24.367  -17.154  -43.351 0.4285714328
51238  23.563  -18.048  -42.420 0.5714285970
54898  26.804  -14.919  -46.631 0.2857142985
53144  23.390  -16.533  -43.445 0.7142857313
57478  27.932  -11.906  -47.808 0.1428571492
56571  24.684  -12.660  -46.600 0.8571428657
59229  25.169  -9.906  -48.003 0.7142857313
63937  26.817  -3.913  -51.152 0.1428571492
61975  24.389  -6.135  -49.268 0.8571428657
61093  23.787  -7.242  -48.284 0.8571428657
113738  23.378  -5.844  -47.981 0.8571428657
67724  21.166  -1.084  -53.191 0.8571428657
68544  20.576  -0.428  -53.645 0.8571428657
69408  19.280  0.833  -53.823 0.8571428657
71101  17.648  2.913  -55.238 0.2857142985
71109  16.192  3.844  -55.949 0.1428571492
73748  16.806  5.735  -54.538 0.1428571492
75539  17.251  8.174  -51.058 0.1428571492
44571  19.185  -25.375  -34.376 0.1428571492
46356  19.744  -23.826  -37.611 0.4285714328
46376  21.404  -23.874  -38.563 0.1428571492
47286  22.419  -22.422  -38.968 0.2857142985
48158  21.772  -21.017  -39.205 0.2857142985
49179  22.033  -20.437  -39.782 0.2857142985
52191  23.118  -17.578  -42.816 0.7142857313
61972  28.268  -6.474  -50.311 0.1428571492
63936  27.301  -3.759  -51.056 0.1428571492
65828  25.319  -2.113  -51.925 0.1428571492
65829  24.430  -1.774  -52.214 0.1428571492
63935  23.625  -4.314  -49.829 0.8571428657
60148  23.842  -8.016  -48.110 0.8571428657
104697  23.562  -8.332  -47.173 1.0000000000
66805  22.792  -0.950  -54.084 0.1428571492
67723  22.106  -0.780  -54.241 0.2857142985
66741  21.177  -1.817  -47.490 0.8571428657
68553  19.893  0.676  -55.218 0.5714285970
69409  18.765  1.545  -54.044 0.7142857313
70267  18.646  2.234  -54.757 0.4285714328
70266  19.279  1.672  -55.003 0.2857142985
71100  18.340  2.661  -54.880 0.2857142985
71949  17.348  3.553  -55.395 0.1428571492
71950  16.562  4.002  -55.923 0.1428571492
72816  15.179  4.657  -54.031 0.2857142985
72814  16.683  4.800  -55.238 0.1428571492
122054  15.057  5.995  -52.963 0.1428571492
119820  14.938  6.633  -52.334 0.1428571492
73722  17.026  6.923  -52.603 0.1428571492
75554  15.473  7.905  -51.128 0.1428571492
75555  14.574  8.340  -51.472 0.1428571492
76557  15.222  8.938  -50.940 0.1428571492
67735  21.354  -0.505  -54.350 0.4285714328
68552  20.752  0.192  -54.768 0.4285714328
69421  19.576  1.086  -55.380 0.4285714328
69415  19.381  1.058  -55.183 0.5714285970
69416  19.077  1.519  -54.956 0.5714285970
46357  19.338  -23.628  -36.723 0.4285714328
106040  19.907  -23.894  -38.170 0.1428571492
112645  20.489  -23.821  -38.277 0.1428571492
117010  22.261  -21.539  -39.055 0.2857142985
54043  23.694  -15.125  -44.153 0.7142857313
54908  26.631  -13.911  -46.803 0.8571428657
59235  26.447  -9.439  -48.601 0.5714285970
61094  28.537  -7.097  -50.091 0.1428571492
60151  27.175  -7.761  -49.796 0.1428571492
63938  24.703  -3.919  -50.643 0.5714285970
61092  24.549  -7.540  -48.646 0.8571428657
62859  24.201  -5.493  -49.450 0.8571428657
104990  22.140  -2.788  -50.173 0.8571428657
64882  22.044  -3.131  -48.483 0.8571428657
66782  21.244  -1.833  -50.890 0.8571428657
68537  20.215  -0.569  -51.785 0.8571428657
102913  16.758  3.113  -55.082 0.5714285970
118446  15.615  4.203  -55.240 0.4285714328
72815  16.083  5.069  -54.752 0.1428571492
118595  16.992  7.331  -51.657 0.1428571492
73739  15.585  5.617  -53.452 0.1428571492
74634  15.684  7.020  -51.627 0.1428571492
46389  22.472  -23.752  -39.405 0.1428571492
46378  18.914  -24.030  -38.235 0.4285714328
73749  14.591  5.300  -53.369 0.1428571492
49180  21.134  -20.437  -39.676 0.5714285970
49201  19.653  -20.288  -40.229 0.5714285970
49183  18.292  -21.046  -39.676 0.2857142985
50199  20.717  -19.455  -40.909 0.5714285970
50180  19.544  -19.811  -40.872 0.5714285970
48161  18.911  -21.775  -39.317 0.4285714328
49200  20.409  -19.981  -40.354 0.5714285970
49202  18.821  -20.259  -40.498 0.4285714328
51228  21.669  -18.770  -41.740 0.4285714328
51229  20.835  -19.007  -41.614 0.5714285970
50200  19.974  -19.311  -41.454 0.5714285970
50201  19.103  -19.413  -41.360 0.4285714328
51240  21.839  -18.248  -42.322 0.5714285970
51241  21.011  -18.507  -42.177 0.5714285970
51242  20.229  -18.771  -42.058 0.4285714328
52193  21.147  -17.807  -42.562 0.7142857313
52192  22.177  -17.570  -42.728 0.4285714328
117129  18.937  -19.788  -40.985 0.4285714328
49203  17.996  -20.141  -40.234 0.2857142985
51230  19.411  -18.835  -41.853 0.4285714328
51239  22.697  -18.104  -42.396 0.7142857313
53145  22.603  -16.360  -43.335 0.7142857313
53147  20.456  -16.075  -43.013 0.4285714328
108755  21.921  -14.910  -43.499 0.7142857313
54880  21.208  -14.643  -43.372 0.5714285970
54879  21.930  -14.043  -43.583 0.7142857313
118919  21.074  -13.918  -43.401 0.2857142985
52205  22.824  -17.082  -43.128 0.5714285970
54030  22.299  -15.585  -43.461 0.7142857313
55689  22.821  -13.781  -44.052 0.7142857313
55674  22.243  -13.125  -43.753 0.7142857313
56529  22.490  -12.345  -43.964 0.7142857313
57432  22.015  -11.811  -43.777 0.7142857313
56531  20.815  -12.507  -43.486 0.4285714328
57450  21.840  -11.015  -43.875 0.4285714328
54890  24.172  -14.712  -45.061 0.5714285970
55700  23.835  -13.920  -45.331 0.5714285970
117326  23.378  -12.810  -44.811 0.5714285970
112490  23.124  -12.230  -44.524 0.7142857313
101753  22.801  -10.777  -44.404 0.7142857313
59219  23.441  -9.706  -45.458 0.7142857313
114243  22.177  -10.112  -44.184 0.5714285970
60115  22.069  -8.644  -44.409 0.5714285970
56572  23.915  -12.041  -46.248 0.5714285970
56548  23.550  -12.268  -45.337 0.5714285970
57474  23.813  -11.246  -46.525 0.7142857313
57463  23.534  -11.388  -45.647 0.7142857313
58344  21.039  -10.238  -43.934 0.4285714328
60113  23.385  -8.702  -45.272 0.7142857313
61060  23.256  -7.841  -45.088 0.7142857313
60129  21.527  -7.979  -44.549 0.5714285970
119185  22.014  -7.313  -44.646 0.7142857313
57473  24.402  -11.727  -46.911 0.5714285970
104761  23.346  -10.626  -45.093 0.7142857313
106253  23.582  -9.010  -46.287 0.8571428657
105551  23.569  -8.019  -45.892 0.8571428657
61073  22.847  -6.957  -44.925 0.7142857313
108984  21.874  -6.637  -44.837 0.5714285970
62818  21.779  -5.361  -45.369 0.2857142985
103590  23.704  -9.320  -47.240 0.7142857313
61086  23.529  -7.349  -46.628 0.7142857313
63861  21.325  -4.471  -45.509 0.7142857313
61089  23.577  -7.555  -47.595 0.7142857313
61964  23.381  -6.505  -46.220 0.8571428657
61949  22.532  -6.054  -45.312 0.8571428657
63889  22.580  -4.212  -46.762 0.8571428657
61948  23.083  -5.816  -45.860 0.8571428657
63860  22.278  -4.597  -45.760 0.5714285970
63890  21.866  -3.603  -45.910 0.8571428657
63891  20.840  -3.626  -45.564 0.7142857313
62848  23.183  -5.853  -46.933 0.8571428657
64848  21.657  -2.887  -46.552 0.8571428657
64847  22.164  -3.424  -46.803 0.8571428657
65782  21.531  -2.450  -47.229 0.8571428657
65765  21.113  -2.254  -46.593 0.7142857313
68521  20.390  0.094  -48.988 0.7142857313
68513  20.231  0.250  -47.851 0.7142857313
114293  20.122  0.503  -49.537 0.5714285970
103871  19.693  0.920  -47.740 0.7142857313
68522  19.962  0.922  -48.585 0.7142857313
69395  19.772  1.107  -49.606 0.7142857313
70240  19.391  1.884  -49.588 0.8571428657
70241  18.908  2.693  -49.596 0.7142857313
69387  19.484  1.571  -48.015 0.7142857313
71071  18.207  3.420  -49.768 0.7142857313
71079  17.521  3.901  -50.209 0.7142857313
71062  17.628  3.642  -48.811 0.5714285970
70249  18.547  2.677  -50.883 0.7142857313
71078  17.998  3.331  -50.969 0.7142857313
121503  17.612  3.802  -49.480 0.5714285970
105286  17.374  3.613  -51.355 0.4285714328
118402  16.956  4.176  -49.291 0.5714285970
120090  18.135  2.807  -51.616 0.5714285970
71063  16.874  3.926  -48.519 0.5714285970
119629  16.932  3.815  -51.524 0.5714285970
71923  16.387  4.519  -50.529 0.5714285970
71913  16.445  4.565  -49.771 0.5714285970
71905  16.224  4.323  -48.527 0.5714285970
71052  16.316  3.955  -47.984 0.4285714328
71924  15.731  4.988  -50.006 0.5714285970
71914  15.982  4.667  -49.184 0.5714285970
71931  16.317  4.072  -51.676 0.5714285970
71906  15.316  4.685  -48.514 0.4285714328
70227  15.558  3.065  -47.155 0.4285714328
72762  14.939  5.155  -49.189 0.5714285970
72763  13.639  5.641  -48.680 0.4285714328
110046  25.213  -17.219  -43.509 0.2857142985
117371  23.950  -12.753  -46.015 0.5714285970
72773  14.032  5.771  -49.503 0.2857142985
71907  14.370  5.060  -48.445 0.4285714328
72745  13.271  5.399  -47.908 0.2857142985
48160  19.943  -21.333  -39.016 0.5714285970
50198  21.543  -19.262  -40.993 0.2857142985
49199  21.370  -19.863  -40.344 0.4285714328
49182  19.292  -20.849  -39.725 0.5714285970
50197  22.349  -19.096  -41.216 0.2857142985
52194  19.771  -18.248  -42.249 0.4285714328
109136  20.475  -18.237  -42.325 0.5714285970
50182  17.606  -19.301  -40.512 0.2857142985
51216  18.520  -18.772  -41.528 0.2857142985
53146  21.345  -16.468  -43.035 0.5714285970
52213  26.317  -16.998  -44.782 0.2857142985
54882  19.526  -14.766  -43.397 0.2857142985
55675  21.378  -13.233  -43.490 0.7142857313
62817  22.571  -5.343  -45.652 0.7142857313
67685  20.511  -0.576  -47.516 0.7142857313
71051  17.120  3.585  -48.029 0.5714285970
71896  15.617  4.318  -48.052 0.2857142985
71086  17.698  2.836  -52.565 0.5714285970
120354  15.255  5.105  -50.528 0.2857142985
111267  19.379  -17.509  -42.373 0.4285714328
112693  24.429  -14.162  -45.699 0.7142857313
54029  23.149  -15.708  -43.639 0.5714285970
122166  24.662  -10.805  -47.425 0.7142857313
59226  23.639  -9.910  -46.572 0.7142857313
118506  23.754  -10.574  -46.788 0.7142857313
70248  19.094  2.069  -50.486 0.8571428657
66724  20.657  -1.578  -46.690 0.7142857313
54891  23.458  -14.296  -44.519 0.5714285970
49181  20.246  -20.598  -39.596 0.4285714328
119546  20.162  -19.621  -40.905 0.5714285970
48146  18.346  -23.044  -39.072 0.5714285970
50181  18.411  -19.558  -40.947 0.4285714328
53131  21.505  -17.140  -42.809 0.5714285970
53132  20.743  -16.954  -42.718 0.4285714328
52206  22.062  -16.833  -43.054 0.5714285970
110827  21.931  -16.185  -43.255 0.7142857313
54031  21.376  -15.576  -43.286 0.5714285970
54032  20.447  -15.158  -43.286 0.4285714328
54033  19.687  -15.596  -43.142 0.4285714328
54878  22.772  -14.771  -43.818 0.7142857313
54881  20.391  -14.317  -43.414 0.2857142985
55688  23.387  -13.486  -44.706 0.7142857313
56549  22.939  -12.957  -44.279 0.7142857313
57449  22.638  -11.592  -44.178 0.7142857313
56561  23.694  -13.146  -45.422 0.5714285970
58343  23.021  -9.938  -44.629 0.7142857313
59205  22.566  -9.313  -44.439 0.7142857313
58359  23.572  -10.588  -45.974 0.5714285970
59204  23.161  -9.205  -44.774 0.7142857313
60116  20.991  -8.737  -44.414 0.2857142985
118469  21.644  -6.076  -45.092 0.5714285970
61951  20.221  -6.324  -45.219 0.2857142985
62838  22.873  -5.098  -46.305 0.8571428657
104624  19.607  1.615  -48.785 0.7142857313
71933  15.478  4.693  -51.223 0.7142857313
72783  14.891  5.355  -50.059 0.5714285970
51231  17.815  -18.333  -41.340 0.1428571492
52195  18.561  -17.375  -42.210 0.4285714328
106992  18.863  -23.645  -35.888 0.4285714328
49177  23.870  -20.592  -39.939 0.1428571492
49197  23.291  -20.067  -40.325 0.1428571492
51237  24.443  -18.041  -42.456 0.1428571492
50179  24.075  -19.895  -40.538 0.1428571492
113834  25.191  -18.038  -42.597 0.1428571492
51225  24.230  -18.593  -41.722 0.1428571492
50195  24.412  -19.332  -41.139 0.1428571492
52188  25.616  -17.760  -43.106 0.1428571492
53152  26.414  -16.585  -45.432 0.2857142985
116053  27.320  -15.633  -46.670 0.1428571492
110336  20.916  -1.180  -48.062 0.5714285970
77380  14.344  10.721  -51.202 0.1428571492
65766  20.355  -2.158  -46.021 0.4285714328
67671  19.673  -0.666  -46.572 0.4285714328
68502  18.744  0.376  -46.674 0.4285714328
74658  11.707  7.552  -53.376 0.2857142985
72804  13.428  4.788  -52.867 0.2857142985
105289  15.126  4.008  -52.693 0.2857142985
71943  13.379  4.786  -53.332 0.2857142985
67674  16.409  -0.624  -46.491 0.1428571492
68515  19.022  1.215  -47.271 0.5714285970
70233  19.129  2.315  -48.520 0.5714285970
73741  12.329  5.695  -52.893 0.2857142985
71932  15.881  3.702  -52.964 0.4285714328
68503  17.188  0.745  -46.579 0.4285714328
69379  17.648  2.235  -47.293 0.5714285970
72794  13.852  5.281  -51.685 0.2857142985
69368  16.280  1.238  -46.620 0.4285714328
69380  16.781  2.144  -47.010 0.2857142985
72785  13.365  6.062  -51.117 0.1428571492
69369  15.134  1.296  -46.612 0.1428571492
111637  16.378  3.409  -47.568 0.4285714328
72774  13.386  6.399  -49.873 0.1428571492
73709  12.830  6.776  -50.474 0.1428571492
73725  11.958  6.523  -52.427 0.1428571492
70214  15.668  2.155  -46.792 0.2857142985
72764  12.971  6.503  -48.788 0.2857142985
103751  12.249  6.172  -46.998 0.1428571492
73710  12.390  7.039  -51.234 0.1428571492
73693  12.738  6.986  -49.188 0.1428571492
74615  12.800  7.100  -48.915 0.1428571492
73694  12.777  7.246  -49.985 0.1428571492
74616  12.879  7.474  -49.755 0.1428571492
46367  17.902  -24.127  -38.073 0.4285714328
46368  17.102  -23.828  -38.145 0.2857142985
50194  25.100  -19.214  -41.433 0.1428571492
66725  19.957  -1.379  -46.348 0.2857142985
71942  14.367  4.017  -53.718 0.2857142985
73742  11.818  6.251  -53.103 0.2857142985
72818  13.150  5.013  -53.336 0.2857142985
73711  11.798  7.285  -51.934 0.2857142985
116102  16.893  -22.855  -37.087 0.2857142985
46375  22.126  -24.038  -39.057 0.1428571492
48157  22.896  -21.527  -39.294 0.1428571492
48156  23.777  -21.357  -39.582 0.1428571492
114899  26.471  -15.667  -46.178 0.1428571492
115949  25.631  -16.916  -44.083 0.1428571492
68505  15.409  0.474  -46.564 0.1428571492
68504  16.336  0.230  -46.532 0.2857142985
70235  17.853  3.262  -48.120 0.5714285970
73752  11.730  6.715  -53.229 0.2857142985
117188  12.150  6.080  -53.267 0.2857142985
71953  13.910  4.550  -53.406 0.2857142985
73750  13.494  5.425  -53.380 0.2857142985
74647  12.356  7.580  -53.386 0.2857142985
75569  12.940  8.337  -52.652 0.1428571492
76569  12.556  9.350  -52.941 0.1428571492
75556  13.802  8.650  -51.823 0.1428571492
74625  12.311  7.670  -50.811 0.2857142985
73726  11.559  6.865  -52.748 0.2857142985
76559  13.455  9.509  -52.003 0.1428571492
73740  14.163  6.081  -53.163 0.1428571492
74636  13.797  7.799  -52.143 0.1428571492
54058  28.478  -15.052  -47.234 0.2857142985
71952  14.806  4.003  -54.332 0.4285714328
74645  13.211  6.270  -53.356 0.1428571492
53161  26.020  -16.004  -45.501 0.4285714328
71087  16.803  3.337  -52.853 0.4285714328
71941  15.018  3.650  -53.806 0.2857142985
72817  14.061  4.593  -53.481 0.2857142985
68501  19.438  -0.058  -46.728 0.4285714328
69388  18.921  1.962  -47.725 0.5714285970
70234  18.450  3.104  -48.702 0.5714285970
72784  14.124  5.746  -50.488 0.2857142985
66742  20.743  -1.171  -47.245 0.5714285970
70224  18.320  2.606  -47.823 0.5714285970
70225  17.271  2.913  -47.553 0.5714285970
71934  14.331  4.575  -52.409 0.2857142985
51224  25.160  -18.510  -42.021 0.1428571492
49196  25.041  -19.983  -40.801 0.1428571492
51236  26.013  -18.459  -42.561 0.1428571492
67672  18.866  -0.500  -46.466 0.2857142985
72805  12.900  5.104  -53.198 0.2857142985
103941  17.165  -0.085  -46.488 0.2857142985
69366  18.105  1.060  -46.770 0.4285714328
73724  12.652  6.280  -51.818 0.1428571492
69367  17.392  1.564  -46.846 0.4285714328
69378  18.274  1.806  -47.271 0.5714285970
70226  16.358  2.759  -47.206 0.4285714328
46359  17.667  -23.258  -37.094 0.2857142985
51249  26.432  -18.067  -43.321 0.1428571492
113145  19.335  -1.926  -45.990 0.2857142985
73751  12.709  5.738  -53.345 0.2857142985
74646  13.013  7.187  -53.106 0.2857142985
59206  21.560  -9.430  -44.237 0.4285714328
103602  20.934  -6.573  -44.991 0.2857142985
77382  10.748  9.943  -52.557 0.1428571492
74659  11.147  8.138  -53.193 0.1428571492
77383  10.507  10.635  -52.856 0.1428571492
76523  12.410  8.968  -50.625 0.1428571492
77371  11.025  10.846  -52.126 0.1428571492
76561  10.782  9.110  -52.864 0.1428571492
75572  10.822  8.886  -53.085 0.1428571492
75541  12.115  8.250  -51.009 0.1428571492
77369  12.230  9.867  -50.982 0.1428571492
76542  11.601  8.841  -51.513 0.1428571492
78170  12.224  10.894  -50.985 0.1428571492
78172  10.831  12.165  -51.931 0.1428571492
74626  11.616  7.948  -51.680 0.1428571492
77370  11.404  10.120  -51.707 0.1428571492
78162  12.912  12.328  -49.811 0.1428571492
110823  11.505  11.447  -51.437 0.1428571492
61074  21.101  -7.279  -44.763 0.2857142985
77356  12.850  10.091  -50.242 0.1428571492
78925  11.622  12.858  -50.712 0.1428571492
78944  10.765  12.405  -52.652 0.1428571492
74648  11.171  7.693  -52.973 0.1428571492
114688  11.476  9.185  -53.509 0.1428571492
109335  10.446  9.882  -52.958 0.1428571492
76577  10.866  9.784  -53.408 0.1428571492
78163  12.204  12.020  -50.661 0.1428571492
77355  13.274  11.294  -49.778 0.1428571492
51227  22.444  -18.591  -41.847 0.4285714328
48145  19.556  -22.376  -38.789 0.4285714328
47275  20.036  -23.283  -38.501 0.2857142985
48144  20.529  -22.100  -38.593 0.1428571492
48159  20.903  -21.143  -39.044 0.2857142985
46377  19.671  -23.853  -38.291 0.2857142985
47276  18.981  -23.688  -38.669 0.4285714328
115336  17.847  0.379  -46.548 0.2857142985
46379  17.833  -24.004  -38.525 0.2857142985
119532  18.248  -24.169  -38.263 0.2857142985
105685  20.225  -17.592  -42.476 0.2857142985
53133  19.819  -16.727  -42.638 0.2857142985
119688  19.755  -16.118  -42.907 0.2857142985
55676  20.352  -13.390  -43.464 0.1428571492
56532  19.841  -12.516  -43.573 0.1428571492
57433  21.259  -11.745  -43.616 0.2857142985
61075  20.040  -7.272  -45.087 0.1428571492
62819  20.547  -5.381  -45.320 0.1428571492
63862  20.252  -4.497  -45.417 0.1428571492
115173  19.709  -5.163  -45.383 0.1428571492
63892  19.762  -3.769  -45.476 0.1428571492
63893  18.681  -3.914  -45.580 0.1428571492
105386  18.126  -1.145  -46.329 0.1428571492
67673  18.000  -0.314  -46.436 0.1428571492
66728  16.456  -1.442  -46.443 0.1428571492
71053  15.354  3.860  -47.604 0.1428571492
70215  14.715  2.639  -46.808 0.1428571492
71897  14.466  4.569  -47.928 0.1428571492
71054  13.982  3.972  -47.301 0.1428571492
46358  18.488  -23.475  -36.937 0.2857142985
64849  21.111  -2.847  -45.901 0.2857142985
64851  19.171  -3.141  -45.610 0.1428571492
108370  17.942  -23.377  -35.970 0.2857142985
52182  18.950  -18.156  -42.053 0.2857142985
107819  19.017  -16.868  -42.506 0.2857142985
54017  19.075  -16.143  -42.845 0.2857142985
57434  20.311  -11.746  -43.616 0.1428571492
59207  20.475  -9.509  -44.305 0.1428571492
60117  19.879  -8.839  -44.628 0.1428571492
60130  20.439  -8.043  -44.737 0.1428571492
61077  18.436  -7.200  -45.299 0.1428571492
110557  19.347  -6.773  -45.280 0.1428571492
61952  18.658  -6.267  -45.383 0.1428571492
62820  18.915  -5.388  -45.422 0.1428571492
111476  19.568  -2.498  -45.706 0.1428571492
66727  17.288  -1.875  -46.275 0.1428571492
71041  14.682  3.347  -47.156 0.1428571492
53134  18.300  -16.595  -42.472 0.2857142985
113283  20.783  -11.022  -43.697 0.1428571492
109783  14.725  1.929  -46.626 0.1428571492
103677  18.168  -17.909  -41.763 0.1428571492
64850  20.232  -2.933  -45.602 0.1428571492
66726  19.065  -1.251  -46.279 0.1428571492
54018  18.197  -15.696  -42.832 0.1428571492
63863  19.272  -4.582  -45.452 0.1428571492
47250  17.158  -23.077  -36.272 0.1428571492
47236  16.877  -22.999  -35.796 0.1428571492
48147  17.425  -23.063  -38.970 0.1428571492
54907  28.088  -14.318  -47.146 0.1428571492
69414  21.091  0.339  -54.708 0.1428571492
45446  18.391  -23.910  -35.005 0.1428571492
47277  17.050  -23.512  -38.497 0.1428571492
48162  18.102  -22.086  -39.254 0.1428571492
47266  16.609  -22.826  -37.850 0.1428571492
49184  17.483  -20.639  -39.484 0.1428571492
68551  21.744  -0.237  -54.491 0.1428571492
68558  20.066  0.762  -55.321 0.1428571492
68550  22.550  -0.577  -54.124 0.1428571492
56569  27.954  -13.273  -47.332 0.1428571492
48163  17.491  -21.711  -39.126 0.1428571492
119616  17.876  -18.899  -41.071 0.1428571492
52189  24.752  -17.568  -42.969 0.4285714328
54042  24.460  -15.460  -44.466 0.7142857313
54052  24.858  -15.180  -45.151 0.7142857313
55699  24.347  -13.464  -46.032 0.7142857313
55709  28.616  -13.760  -47.289 0.1428571492
56530  21.712  -12.448  -43.623 0.4285714328
56570  26.095  -13.011  -46.997 0.8571428657
57435  19.341  -11.738  -43.773 0.1428571492
57448  23.252  -11.461  -44.800 0.7142857313
58366  24.173  -10.887  -47.169 0.7142857313
58369  24.517  -10.321  -47.525 0.8571428657
60114  22.962  -8.568  -44.655 0.7142857313
61061  22.545  -7.858  -44.619 0.5714285970
61072  23.405  -7.148  -45.659 0.7142857313
61950  21.013  -5.926  -45.156 0.2857142985
61969  28.421  -6.712  -50.222 0.1428571492
63932  27.386  -4.115  -50.855 0.1428571492
64870  21.923  -2.990  -47.513 0.8571428657
67670  20.307  -0.873  -46.790 0.2857142985
67686  20.039  -0.172  -46.994 0.5714285970
68514  19.553  0.456  -47.160 0.7142857313
71110  15.727  3.947  -55.517 0.5714285970
71922  17.019  4.154  -50.820 0.5714285970
72793  14.720  5.189  -51.008 0.2857142985
72795  13.020  5.417  -52.405 0.2857142985
72806  12.523  5.622  -53.207 0.2857142985
73743  11.428  6.987  -53.021 0.2857142985
73753  11.398  7.350  -53.129 0.2857142985
74637  11.409  7.491  -52.558 0.1428571492
74657  12.321  6.634  -53.375 0.2857142985
75557  11.192  8.307  -52.486 0.1428571492
75571  10.934  8.340  -52.980 0.1428571492
75580  11.548  8.606  -53.444 0.2857142985
75581  11.017  9.087  -53.360 0.1428571492
75582  10.699  9.338  -53.166 0.1428571492
75589  10.745  9.470  -53.260 0.1428571492
76560  11.131  9.189  -52.291 0.1428571492
76571  10.559  9.540  -53.061 0.1428571492
76575  11.368  9.713  -53.533 0.1428571492
76576  10.577  9.777  -53.195 0.1428571492
77390  10.432  10.296  -53.051 0.1428571492
77392  11.113  10.316  -53.507 0.1428571492
77393  10.688  10.382  -53.301 0.1428571492
78171  11.374  12.394  -51.254 0.1428571492
78181  10.748  11.783  -52.560 0.1428571492
102765  17.235  -0.925  -46.412 0.1428571492
103633  19.569  -5.899  -45.345 0.1428571492
105352  12.729  11.239  -50.311 0.1428571492
112128  12.411  12.788  -50.184 0.1428571492
115473  23.150  -6.448  -45.540 0.7142857313
115654  26.168  -10.275  -48.145 0.7142857313
115726  25.334  -7.136  -49.266 0.8571428657
116443  13.795  4.524  -53.285 0.2857142985
116508  13.959  6.896  -52.655 0.1428571492
116963  19.747  0.939  -55.502 0.4285714328
117630  12.551  10.495  -50.583 0.1428571492
118224  16.936  4.321  -50.082 0.5714285970
