#!ascii label  , from subject sub-v2s9x29164_ses-1 vox2ras=TkReg
263
58359  23.572  -10.588  -45.974 0.0000000000
50198  21.543  -19.262  -40.993 0.0000000000
63861  21.325  -4.471  -45.509 0.0000000000
71913  16.445  4.565  -49.771 0.0000000000
49201  19.653  -20.288  -40.229 0.0000000000
65800  21.694  -2.563  -49.282 0.0000000000
68529  20.291  -0.249  -50.163 0.0000000000
57432  22.015  -11.811  -43.777 0.0000000000
54029  23.149  -15.708  -43.639 0.0000000000
112693  24.429  -14.162  -45.699 0.0000000000
60147  24.739  -8.276  -48.486 0.0000000000
57479  26.170  -11.576  -47.577 0.0000000000
61073  22.847  -6.957  -44.925 0.0000000000
63913  23.224  -5.140  -48.481 0.0000000000
70234  18.450  3.104  -48.702 0.0000000000
70255  18.932  1.614  -52.003 0.0000000000
51238  23.563  -18.048  -42.420 0.0000000000
67693  20.637  -0.537  -48.495 0.0000000000
68513  20.231  0.250  -47.851 0.0000000000
101753  22.801  -10.777  -44.404 0.0000000000
117326  23.378  -12.810  -44.811 0.0000000000
56572  23.915  -12.041  -46.248 0.0000000000
50199  20.717  -19.455  -40.909 0.0000000000
62817  22.571  -5.343  -45.652 0.0000000000
62848  23.183  -5.853  -46.933 0.0000000000
63889  22.580  -4.212  -46.762 0.0000000000
65816  21.737  -2.317  -50.508 0.0000000000
64911  22.962  -3.071  -50.558 0.0000000000
71906  15.316  4.685  -48.514 0.0000000000
70225  17.271  2.913  -47.553 0.0000000000
121503  17.612  3.802  -49.480 0.0000000000
71103  16.015  3.618  -55.532 0.0000000000
71094  17.439  2.769  -54.299 0.0000000000
120090  18.135  2.807  -51.616 0.0000000000
70261  18.187  2.228  -54.457 0.0000000000
69408  19.280  0.833  -53.823 0.0000000000
54028  23.986  -15.909  -43.797 0.0000000000
52205  22.824  -17.082  -43.128 0.0000000000
49182  19.292  -20.849  -39.725 0.0000000000
64847  22.164  -3.424  -46.803 0.0000000000
66741  21.177  -1.817  -47.490 0.0000000000
66769  20.918  -1.411  -50.002 0.0000000000
66783  20.648  -1.255  -51.117 0.0000000000
54880  21.208  -14.643  -43.372 0.0000000000
55689  22.821  -13.781  -44.052 0.0000000000
54891  23.458  -14.296  -44.519 0.0000000000
54041  25.190  -15.750  -44.910 0.0000000000
103590  23.704  -9.320  -47.240 0.0000000000
122166  24.662  -10.805  -47.425 0.0000000000
59229  25.169  -9.906  -48.003 0.0000000000
59205  22.566  -9.313  -44.439 0.0000000000
60129  21.527  -7.979  -44.549 0.0000000000
60113  23.385  -8.702  -45.272 0.0000000000
61089  23.577  -7.555  -47.595 0.0000000000
111392  23.733  -6.465  -48.509 0.0000000000
62858  25.309  -5.599  -50.110 0.0000000000
105576  22.505  -3.830  -48.777 0.0000000000
63935  23.625  -4.314  -49.829 0.0000000000
69388  18.921  1.962  -47.725 0.0000000000
119629  16.932  3.815  -51.524 0.0000000000
71078  17.998  3.331  -50.969 0.0000000000
70241  18.908  2.693  -49.596 0.0000000000
104624  19.607  1.615  -48.785 0.0000000000
68530  19.893  0.342  -50.593 0.0000000000
68544  20.576  -0.428  -53.645 0.0000000000
51241  21.011  -18.507  -42.177 0.0000000000
110827  21.931  -16.185  -43.255 0.0000000000
55710  25.248  -13.428  -46.552 0.0000000000
54899  25.697  -14.593  -46.279 0.0000000000
103871  19.693  0.920  -47.740 0.0000000000
104761  23.346  -10.626  -45.093 0.0000000000
57463  23.534  -11.388  -45.647 0.0000000000
57474  23.813  -11.246  -46.525 0.0000000000
48146  18.346  -23.044  -39.072 0.0000000000
48161  18.911  -21.775  -39.317 0.0000000000
63860  22.278  -4.597  -45.760 0.0000000000
62838  22.873  -5.098  -46.305 0.0000000000
66781  22.208  -1.929  -52.024 0.0000000000
71914  15.982  4.667  -49.184 0.0000000000
71905  16.224  4.323  -48.527 0.0000000000
71063  16.874  3.926  -48.519 0.0000000000
118402  16.956  4.176  -49.291 0.0000000000
69416  19.077  1.519  -54.956 0.0000000000
53142  24.959  -16.709  -43.794 0.0000000000
53143  24.172  -16.668  -43.591 0.0000000000
50200  19.974  -19.311  -41.454 0.0000000000
65765  21.113  -2.254  -46.593 0.0000000000
66724  20.657  -1.578  -46.690 0.0000000000
110148  20.954  -1.253  -49.058 0.0000000000
67699  20.616  -0.755  -49.576 0.0000000000
72783  14.891  5.355  -50.059 0.0000000000
55675  21.378  -13.233  -43.490 0.0000000000
55674  22.243  -13.125  -43.753 0.0000000000
56561  23.694  -13.146  -45.422 0.0000000000
55688  23.387  -13.486  -44.706 0.0000000000
55700  23.835  -13.920  -45.331 0.0000000000
54890  24.172  -14.712  -45.061 0.0000000000
54900  24.928  -14.667  -45.704 0.0000000000
48160  19.943  -21.333  -39.016 0.0000000000
59230  23.991  -8.822  -47.942 0.0000000000
115371  24.292  -9.582  -47.704 0.0000000000
59236  24.958  -9.102  -48.307 0.0000000000
114243  22.177  -10.112  -44.184 0.0000000000
108984  21.874  -6.637  -44.837 0.0000000000
119185  22.014  -7.313  -44.646 0.0000000000
61060  23.256  -7.841  -45.088 0.0000000000
105551  23.569  -8.019  -45.892 0.0000000000
61086  23.529  -7.349  -46.628 0.0000000000
113738  23.378  -5.844  -47.981 0.0000000000
109498  23.461  -6.700  -47.486 0.0000000000
62855  23.622  -5.753  -48.859 0.0000000000
61975  24.389  -6.135  -49.268 0.0000000000
62859  24.201  -5.493  -49.450 0.0000000000
64882  22.044  -3.131  -48.483 0.0000000000
64869  22.374  -3.656  -47.730 0.0000000000
65799  22.256  -3.254  -49.484 0.0000000000
64896  22.880  -3.825  -49.720 0.0000000000
63938  24.703  -3.919  -50.643 0.0000000000
70235  17.853  3.262  -48.120 0.0000000000
69380  16.781  2.144  -47.010 0.0000000000
69379  17.648  2.235  -47.293 0.0000000000
69378  18.274  1.806  -47.271 0.0000000000
70224  18.320  2.606  -47.823 0.0000000000
71095  15.860  3.398  -54.245 0.0000000000
71104  15.225  3.754  -54.602 0.0000000000
105286  17.374  3.613  -51.355 0.0000000000
70256  18.307  2.244  -52.549 0.0000000000
70249  18.547  2.677  -50.883 0.0000000000
70248  19.094  2.069  -50.486 0.0000000000
70240  19.391  1.884  -49.588 0.0000000000
69395  19.772  1.107  -49.606 0.0000000000
69400  19.451  1.145  -50.867 0.0000000000
68553  19.893  0.676  -55.218 0.0000000000
68545  19.939  0.119  -54.002 0.0000000000
109136  20.475  -18.237  -42.325 0.0000000000
108755  21.921  -14.910  -43.499 0.0000000000
54031  21.376  -15.576  -43.286 0.0000000000
54030  22.299  -15.585  -43.461 0.0000000000
52191  23.118  -17.578  -42.816 0.0000000000
51239  22.697  -18.104  -42.396 0.0000000000
111191  24.926  -11.315  -47.347 0.0000000000
57472  25.447  -12.150  -47.208 0.0000000000
66742  20.743  -1.171  -47.245 0.0000000000
67685  20.511  -0.576  -47.516 0.0000000000
68521  20.390  0.094  -48.988 0.0000000000
57449  22.638  -11.592  -44.178 0.0000000000
56529  22.490  -12.345  -43.964 0.0000000000
112490  23.124  -12.230  -44.524 0.0000000000
56548  23.550  -12.268  -45.337 0.0000000000
117371  23.950  -12.753  -46.015 0.0000000000
49200  20.409  -19.981  -40.354 0.0000000000
49180  21.134  -20.437  -39.676 0.0000000000
49199  21.370  -19.863  -40.344 0.0000000000
49179  22.033  -20.437  -39.782 0.0000000000
61091  25.709  -7.710  -49.172 0.0000000000
113133  26.036  -8.454  -48.918 0.0000000000
118469  21.644  -6.076  -45.092 0.0000000000
61949  22.532  -6.054  -45.312 0.0000000000
61964  23.381  -6.505  -46.220 0.0000000000
61948  23.083  -5.816  -45.860 0.0000000000
62849  23.041  -5.083  -47.430 0.0000000000
104990  22.140  -2.788  -50.173 0.0000000000
65815  22.593  -2.461  -51.197 0.0000000000
71051  17.120  3.585  -48.029 0.0000000000
71062  17.628  3.642  -48.811 0.0000000000
102913  16.758  3.113  -55.082 0.0000000000
71086  17.698  2.836  -52.565 0.0000000000
69409  18.765  1.545  -54.044 0.0000000000
69415  19.381  1.058  -55.183 0.0000000000
53145  22.603  -16.360  -43.335 0.0000000000
53144  23.390  -16.533  -43.445 0.0000000000
52204  23.607  -17.152  -43.232 0.0000000000
49202  18.821  -20.259  -40.498 0.0000000000
50180  19.544  -19.811  -40.872 0.0000000000
119546  20.162  -19.621  -40.905 0.0000000000
51229  20.835  -19.007  -41.614 0.0000000000
63891  20.840  -3.626  -45.564 0.0000000000
63890  21.866  -3.603  -45.910 0.0000000000
64848  21.657  -2.887  -46.552 0.0000000000
65782  21.531  -2.450  -47.229 0.0000000000
65790  21.617  -2.468  -48.118 0.0000000000
110336  20.916  -1.180  -48.062 0.0000000000
66755  21.293  -1.844  -48.615 0.0000000000
66768  21.288  -1.868  -49.683 0.0000000000
66782  21.244  -1.833  -50.890 0.0000000000
66793  21.396  -1.596  -52.165 0.0000000000
67724  21.166  -1.084  -53.191 0.0000000000
72762  14.939  5.155  -49.189 0.0000000000
71924  15.731  4.988  -50.006 0.0000000000
54879  21.930  -14.043  -43.583 0.0000000000
54878  22.772  -14.771  -43.818 0.0000000000
56549  22.939  -12.957  -44.279 0.0000000000
54043  23.694  -15.125  -44.153 0.0000000000
53154  24.778  -16.120  -44.092 0.0000000000
53153  25.595  -16.418  -44.622 0.0000000000
59226  23.639  -9.910  -46.572 0.0000000000
118506  23.754  -10.574  -46.788 0.0000000000
59231  23.913  -10.114  -47.232 0.0000000000
57480  25.407  -10.712  -47.671 0.0000000000
58368  26.931  -10.996  -47.921 0.0000000000
59235  26.447  -9.439  -48.601 0.0000000000
58371  27.641  -10.344  -48.472 0.0000000000
57478  27.932  -11.906  -47.808 0.0000000000
57450  21.840  -11.015  -43.875 0.0000000000
58343  23.021  -9.938  -44.629 0.0000000000
59219  23.441  -9.706  -45.458 0.0000000000
60115  22.069  -8.644  -44.409 0.0000000000
59204  23.161  -9.205  -44.774 0.0000000000
106253  23.582  -9.010  -46.287 0.0000000000
104697  23.562  -8.332  -47.173 0.0000000000
60148  23.842  -8.016  -48.110 0.0000000000
61093  23.787  -7.242  -48.284 0.0000000000
61092  24.549  -7.540  -48.646 0.0000000000
61971  24.486  -6.839  -48.932 0.0000000000
61974  25.750  -6.439  -49.904 0.0000000000
63914  22.794  -4.422  -48.083 0.0000000000
63925  22.978  -4.504  -49.067 0.0000000000
63924  23.571  -5.062  -49.284 0.0000000000
63934  24.620  -4.817  -50.105 0.0000000000
68515  19.022  1.215  -47.271 0.0000000000
71933  15.478  4.693  -51.223 0.0000000000
71931  16.317  4.072  -51.676 0.0000000000
71923  16.387  4.519  -50.529 0.0000000000
71079  17.521  3.901  -50.209 0.0000000000
71071  18.207  3.420  -49.768 0.0000000000
70233  19.129  2.315  -48.520 0.0000000000
69387  19.484  1.571  -48.015 0.0000000000
68522  19.962  0.922  -48.585 0.0000000000
114293  20.122  0.503  -49.537 0.0000000000
114327  19.384  0.725  -52.421 0.0000000000
68538  19.788  0.094  -52.193 0.0000000000
68537  20.215  -0.569  -51.785 0.0000000000
51242  20.229  -18.771  -42.058 0.0000000000
53146  21.345  -16.468  -43.035 0.0000000000
52206  22.062  -16.833  -43.054 0.0000000000
53131  21.505  -17.140  -42.809 0.0000000000
52193  21.147  -17.807  -42.562 0.0000000000
51240  21.839  -18.248  -42.322 0.0000000000
57473  24.402  -11.727  -46.911 0.0000000000
56571  24.684  -12.660  -46.600 0.0000000000
54908  26.631  -13.911  -46.803 0.0000000000
55698  25.092  -14.061  -46.239 0.0000000000
54051  25.623  -15.283  -45.772 0.0000000000
54042  24.460  -15.460  -44.466 0.0000000000
54052  24.858  -15.180  -45.151 0.0000000000
55699  24.347  -13.464  -46.032 0.0000000000
56570  26.095  -13.011  -46.997 0.0000000000
56579  27.097  -12.508  -47.478 0.0000000000
57448  23.252  -11.461  -44.800 0.0000000000
58366  24.173  -10.887  -47.169 0.0000000000
58369  24.517  -10.321  -47.525 0.0000000000
60114  22.962  -8.568  -44.655 0.0000000000
61061  22.545  -7.858  -44.619 0.0000000000
61072  23.405  -7.148  -45.659 0.0000000000
64870  21.923  -2.990  -47.513 0.0000000000
67686  20.039  -0.172  -46.994 0.0000000000
68514  19.553  0.456  -47.160 0.0000000000
71110  15.727  3.947  -55.517 0.0000000000
71922  17.019  4.154  -50.820 0.0000000000
115473  23.150  -6.448  -45.540 0.0000000000
115654  26.168  -10.275  -48.145 0.0000000000
115726  25.334  -7.136  -49.266 0.0000000000
118224  16.936  4.321  -50.082 0.0000000000
