#!ascii label  , from subject sub-v2s9x29161_ses-1 vox2ras=TkReg
838
37666  -26.545  -41.744  30.106 0.0000000000
33460  -14.407  -46.127  31.604 0.0000000000
34262  -20.874  -45.715  29.730 0.0000000000
55855  -36.264  -19.539  17.474 0.0000000000
56775  -41.965  -18.182  13.171 0.0000000000
35827  -8.319  -43.146  34.716 0.0000000000
54094  -33.416  -22.031  19.699 0.0000000000
113662  -28.187  -39.932  28.520 0.0000000000
35031  -24.539  -44.575  29.071 0.0000000000
34986  -10.875  -43.779  32.291 0.0000000000
115595  -9.952  -47.263  35.594 0.0000000000
39306  -22.024  -39.688  28.779 0.0000000000
40145  -22.861  -38.726  26.061 0.0000000000
34245  -17.365  -45.358  31.548 0.0000000000
112435  -22.440  -42.378  29.600 0.0000000000
45806  -31.692  -31.679  17.827 0.0000000000
48333  -34.424  -28.333  17.455 0.0000000000
50964  -37.225  -25.228  17.680 0.0000000000
32642  -3.444  -47.708  34.540 0.0000000000
115395  -0.959  -49.689  36.799 0.0000000000
41002  -24.109  -37.602  22.956 0.0000000000
43423  -26.079  -34.001  22.819 0.0000000000
44227  -28.178  -33.389  19.283 0.0000000000
32644  -7.041  -47.659  33.837 0.0000000000
31845  -14.132  -48.009  33.679 0.0000000000
32650  -15.551  -47.796  33.622 0.0000000000
35893  -25.667  -43.620  29.254 0.0000000000
35846  -13.582  -43.666  32.368 0.0000000000
34240  -12.511  -45.356  31.629 0.0000000000
33430  -12.063  -46.898  33.122 0.0000000000
40093  -20.507  -37.990  31.213 0.0000000000
109307  -22.407  -40.747  29.893 0.0000000000
47486  -31.070  -29.136  18.339 0.0000000000
46634  -33.043  -30.402  17.578 0.0000000000
50080  -31.869  -26.832  18.123 0.0000000000
52532  -34.724  -23.394  18.035 0.0000000000
53294  -35.818  -21.832  16.659 0.0000000000
52549  -38.452  -23.462  17.091 0.0000000000
54137  -37.210  -21.197  15.454 0.0000000000
55052  -38.581  -20.785  14.552 0.0000000000
97732  -22.809  -35.731  26.546 0.0000000000
40169  -23.210  -38.161  24.825 0.0000000000
112954  -23.164  -35.381  24.556 0.0000000000
108378  -23.390  -32.025  22.941 0.0000000000
45752  -24.781  -31.136  21.627 0.0000000000
44194  -26.850  -33.423  21.746 0.0000000000
106442  -26.303  -30.847  20.153 0.0000000000
108084  -28.343  -30.417  19.325 0.0000000000
34260  -19.313  -45.492  30.269 0.0000000000
34204  -5.903  -45.158  34.319 0.0000000000
34216  -7.275  -45.303  33.619 0.0000000000
99609  -0.562  -53.093  36.448 0.0000000000
105758  -0.016  -53.400  38.931 0.0000000000
51725  -32.522  -24.088  20.403 0.0000000000
39337  -29.386  -40.191  27.076 0.0000000000
34276  -22.761  -45.480  29.254 0.0000000000
35844  -9.642  -43.466  33.206 0.0000000000
97215  -8.658  -45.829  33.412 0.0000000000
33428  -10.337  -46.384  33.642 0.0000000000
56780  -43.119  -18.049  12.009 0.0000000000
96319  -24.948  -41.348  28.329 0.0000000000
38580  -24.536  -39.729  27.860 0.0000000000
39331  -22.329  -39.139  27.642 0.0000000000
35870  -15.506  -43.505  31.606 0.0000000000
33462  -16.232  -46.061  31.706 0.0000000000
35014  -16.479  -43.822  30.736 0.0000000000
35027  -17.590  -43.716  29.743 0.0000000000
35040  -19.269  -43.765  28.740 0.0000000000
36846  -20.356  -42.723  28.993 0.0000000000
35042  -20.687  -43.847  28.412 0.0000000000
35902  -22.489  -43.267  28.063 0.0000000000
116554  -23.799  -42.786  27.832 0.0000000000
99871  -32.490  -34.052  19.580 0.0000000000
50960  -33.548  -25.389  17.887 0.0000000000
50084  -35.900  -26.450  17.463 0.0000000000
107935  -40.577  -20.549  13.673 0.0000000000
32628  -1.814  -48.177  36.015 0.0000000000
29212  -2.134  -51.619  35.244 0.0000000000
39349  -25.488  -39.387  26.595 0.0000000000
111988  -26.568  -39.384  25.142 0.0000000000
40171  -27.903  -38.504  23.764 0.0000000000
43409  -23.333  -34.015  23.491 0.0000000000
41882  -25.025  -35.816  22.254 0.0000000000
41858  -28.605  -36.539  24.282 0.0000000000
43425  -28.028  -34.028  23.978 0.0000000000
42639  -29.617  -34.619  22.580 0.0000000000
42666  -30.981  -34.976  20.757 0.0000000000
45027  -29.855  -32.763  18.488 0.0000000000
46614  -30.099  -30.229  18.717 0.0000000000
32692  -17.570  -46.698  33.220 0.0000000000
34195  -4.387  -45.610  35.391 0.0000000000
32663  -4.992  -47.558  33.907 0.0000000000
32667  -8.389  -47.023  33.839 0.0000000000
27211  1.757  -53.827  39.891 0.0000000000
33440  -14.041  -46.734  32.038 0.0000000000
31846  -14.854  -48.169  33.973 0.0000000000
33441  -14.914  -46.785  32.018 0.0000000000
36840  -26.235  -42.455  29.672 0.0000000000
34999  -14.240  -44.494  31.585 0.0000000000
34998  -13.367  -44.558  31.553 0.0000000000
33459  -13.589  -46.101  31.670 0.0000000000
33439  -13.256  -46.648  32.182 0.0000000000
49105  -31.199  -27.044  19.555 0.0000000000
48320  -31.453  -28.354  18.196 0.0000000000
50067  -31.540  -26.541  18.849 0.0000000000
55843  -35.632  -19.907  18.002 0.0000000000
54116  -35.232  -21.622  17.309 0.0000000000
55035  -35.624  -21.138  16.779 0.0000000000
54136  -36.498  -21.465  16.036 0.0000000000
55037  -36.751  -20.242  15.996 0.0000000000
55046  -37.364  -20.308  15.463 0.0000000000
42583  -23.125  -35.279  26.109 0.0000000000
107567  -24.201  -29.811  22.382 0.0000000000
45763  -25.958  -31.376  20.491 0.0000000000
101416  -26.111  -29.360  21.303 0.0000000000
47463  -27.185  -29.671  20.349 0.0000000000
34261  -20.070  -45.634  29.928 0.0000000000
33465  -20.043  -46.348  31.357 0.0000000000
33466  -20.859  -46.609  31.456 0.0000000000
34970  -6.965  -44.292  34.340 0.0000000000
34977  -7.361  -44.486  33.870 0.0000000000
55061  -42.649  -19.866  12.993 0.0000000000
98247  -0.296  -53.233  37.745 0.0000000000
38552  -28.273  -40.243  29.819 0.0000000000
98535  -28.291  -39.987  27.570 0.0000000000
34277  -23.342  -45.177  29.029 0.0000000000
112418  -24.636  -45.465  30.197 0.0000000000
36781  -12.009  -42.715  32.707 0.0000000000
36780  -11.229  -42.718  32.913 0.0000000000
101822  -10.456  -42.584  34.038 0.0000000000
35854  -10.580  -43.261  32.732 0.0000000000
34985  -9.670  -44.625  32.812 0.0000000000
34228  -10.491  -44.726  32.453 0.0000000000
31805  -12.931  -48.158  34.721 0.0000000000
32648  -12.232  -47.668  34.498 0.0000000000
38563  -23.216  -40.014  28.347 0.0000000000
39319  -22.945  -39.547  27.932 0.0000000000
114848  -21.974  -39.288  28.241 0.0000000000
36798  -15.768  -42.644  31.750 0.0000000000
96263  -15.905  -43.880  31.239 0.0000000000
37642  -16.142  -41.798  31.476 0.0000000000
36820  -17.105  -42.053  30.010 0.0000000000
37681  -18.387  -41.777  29.678 0.0000000000
35028  -18.453  -43.961  29.219 0.0000000000
35891  -18.908  -43.021  28.919 0.0000000000
36824  -22.618  -42.526  30.518 0.0000000000
36836  -21.388  -42.811  29.606 0.0000000000
35899  -20.510  -43.146  28.622 0.0000000000
35900  -21.236  -43.371  28.472 0.0000000000
35901  -21.858  -43.508  28.215 0.0000000000
36848  -21.925  -42.987  28.467 0.0000000000
111976  -22.236  -40.246  29.356 0.0000000000
37695  -23.036  -41.690  28.708 0.0000000000
37696  -23.429  -40.999  28.431 0.0000000000
36851  -24.301  -42.219  27.984 0.0000000000
44249  -32.072  -33.282  18.675 0.0000000000
44232  -33.266  -33.609  19.513 0.0000000000
45030  -32.299  -32.582  18.234 0.0000000000
103941  -33.862  -28.946  17.481 0.0000000000
45809  -34.262  -30.904  17.898 0.0000000000
52507  -32.754  -23.133  20.215 0.0000000000
113547  -32.514  -24.718  18.894 0.0000000000
52525  -33.470  -23.423  18.723 0.0000000000
51751  -35.838  -24.232  17.779 0.0000000000
50962  -35.341  -24.957  17.810 0.0000000000
50085  -36.733  -25.885  17.603 0.0000000000
49129  -37.653  -27.569  17.474 0.0000000000
54151  -39.805  -21.104  13.953 0.0000000000
55874  -39.515  -19.475  14.430 0.0000000000
55875  -40.268  -19.568  13.971 0.0000000000
33408  -3.257  -46.511  35.557 0.0000000000
32629  -2.351  -47.651  35.574 0.0000000000
32641  -2.736  -47.917  34.865 0.0000000000
110285  -2.646  -51.007  35.016 0.0000000000
27273  -2.013  -53.555  35.661 0.0000000000
97337  -23.944  -39.368  27.086 0.0000000000
39333  -24.963  -39.463  27.243 0.0000000000
39347  -23.650  -39.096  26.075 0.0000000000
116863  -23.796  -37.855  23.594 0.0000000000
39378  -25.082  -39.059  24.669 0.0000000000
39391  -25.238  -38.793  23.704 0.0000000000
39393  -27.087  -38.908  23.901 0.0000000000
40198  -25.647  -38.029  22.615 0.0000000000
107691  -22.944  -32.206  24.125 0.0000000000
44183  -24.708  -33.293  22.451 0.0000000000
44182  -23.861  -33.680  22.639 0.0000000000
42637  -25.777  -35.146  22.626 0.0000000000
100389  -26.684  -36.396  22.825 0.0000000000
41884  -26.937  -35.073  23.595 0.0000000000
42620  -27.611  -34.749  24.165 0.0000000000
42638  -27.278  -34.146  23.754 0.0000000000
43458  -27.829  -33.893  20.038 0.0000000000
43440  -28.481  -34.235  21.511 0.0000000000
43459  -28.480  -34.256  20.395 0.0000000000
42652  -30.117  -34.865  21.474 0.0000000000
111120  -29.821  -34.453  19.855 0.0000000000
43479  -30.505  -34.375  19.627 0.0000000000
44245  -28.772  -33.239  18.862 0.0000000000
47474  -28.701  -29.951  19.695 0.0000000000
46613  -29.225  -30.467  19.100 0.0000000000
47475  -29.378  -29.860  19.657 0.0000000000
112718  -16.965  -45.757  31.920 0.0000000000
33443  -16.897  -46.391  32.443 0.0000000000
33444  -17.951  -46.198  32.717 0.0000000000
33424  -6.135  -46.433  33.685 0.0000000000
33423  -5.414  -46.534  33.848 0.0000000000
32664  -5.642  -47.188  33.737 0.0000000000
32668  -9.282  -46.824  34.147 0.0000000000
101113  -8.802  -46.421  33.656 0.0000000000
32631  -8.868  -47.404  34.660 0.0000000000
31806  -13.610  -48.448  35.000 0.0000000000
31807  -14.491  -48.577  35.369 0.0000000000
31808  -15.514  -48.423  35.291 0.0000000000
109305  -16.511  -48.054  35.089 0.0000000000
35032  -25.303  -44.338  29.406 0.0000000000
34265  -25.407  -45.379  30.488 0.0000000000
36763  -13.519  -43.450  33.031 0.0000000000
35856  -12.217  -43.313  32.067 0.0000000000
34239  -11.943  -44.919  31.644 0.0000000000
34229  -11.315  -45.312  32.159 0.0000000000
33438  -12.473  -46.484  32.384 0.0000000000
32687  -12.888  -47.133  32.832 0.0000000000
39291  -20.923  -39.204  30.007 0.0000000000
40104  -20.548  -38.367  29.688 0.0000000000
38524  -22.638  -40.974  31.048 0.0000000000
37665  -22.702  -41.502  30.286 0.0000000000
39292  -21.302  -39.639  30.670 0.0000000000
46627  -31.345  -30.441  17.897 0.0000000000
103907  -32.570  -30.882  17.631 0.0000000000
47493  -31.736  -29.108  17.840 0.0000000000
48331  -32.675  -28.325  17.580 0.0000000000
49124  -32.925  -27.626  17.535 0.0000000000
52526  -34.116  -22.914  18.409 0.0000000000
103366  -34.314  -22.091  18.304 0.0000000000
111157  -35.442  -23.303  17.711 0.0000000000
52533  -36.345  -23.617  17.516 0.0000000000
51752  -37.630  -24.544  17.581 0.0000000000
52547  -36.852  -23.057  16.985 0.0000000000
53296  -37.432  -22.665  16.341 0.0000000000
106052  -38.013  -22.356  15.636 0.0000000000
54143  -37.864  -20.915  14.945 0.0000000000
55047  -38.182  -20.156  14.890 0.0000000000
97279  -4.469  -48.921  34.372 0.0000000000
31018  -3.088  -49.487  34.686 0.0000000000
30134  -4.188  -50.064  34.817 0.0000000000
40978  -22.299  -37.564  25.786 0.0000000000
40155  -22.692  -38.166  25.528 0.0000000000
41846  -22.482  -36.973  25.319 0.0000000000
42594  -22.920  -36.212  24.842 0.0000000000
42607  -23.278  -35.826  24.018 0.0000000000
45732  -23.089  -31.097  23.749 0.0000000000
46567  -23.349  -30.721  23.124 0.0000000000
44974  -24.610  -31.763  22.042 0.0000000000
44184  -25.502  -32.869  22.109 0.0000000000
43438  -26.603  -33.504  22.574 0.0000000000
44976  -25.858  -32.567  21.371 0.0000000000
44992  -26.277  -32.273  20.489 0.0000000000
45010  -27.652  -32.411  19.291 0.0000000000
45780  -27.977  -31.597  18.998 0.0000000000
46598  -27.185  -30.220  19.815 0.0000000000
34246  -18.194  -45.537  31.481 0.0000000000
33464  -18.547  -45.963  32.118 0.0000000000
33445  -19.424  -46.374  32.179 0.0000000000
34215  -6.439  -45.658  33.768 0.0000000000
33425  -7.062  -46.226  33.560 0.0000000000
30109  -0.660  -50.803  36.692 0.0000000000
30985  -0.757  -50.099  37.399 0.0000000000
29194  -0.480  -51.488  37.074 0.0000000000
29175  -0.321  -51.924  38.120 0.0000000000
29160  0.150  -52.470  39.377 0.0000000000
39353  -29.823  -39.802  26.232 0.0000000000
34275  -21.631  -45.727  29.579 0.0000000000
33467  -22.213  -46.527  30.893 0.0000000000
36735  -9.751  -42.485  34.539 0.0000000000
114535  -9.101  -43.316  33.770 0.0000000000
34978  -8.445  -44.502  33.390 0.0000000000
34979  -9.225  -44.222  33.081 0.0000000000
33427  -9.492  -46.135  33.500 0.0000000000
32646  -10.009  -46.718  34.314 0.0000000000
33429  -11.184  -46.576  33.465 0.0000000000
100430  -10.781  -46.878  34.384 0.0000000000
32633  -10.584  -47.227  35.309 0.0000000000
56779  -42.656  -18.491  12.628 0.0000000000
37683  -25.730  -41.443  28.817 0.0000000000
37699  -26.278  -40.543  29.292 0.0000000000
102654  -24.707  -40.387  28.267 0.0000000000
39332  -23.060  -39.323  27.317 0.0000000000
39346  -22.525  -38.861  26.799 0.0000000000
40947  -20.635  -37.594  28.553 0.0000000000
41809  -20.923  -37.142  27.971 0.0000000000
40966  -21.803  -37.398  26.597 0.0000000000
98901  -22.140  -36.433  26.697 0.0000000000
34243  -14.784  -45.326  31.440 0.0000000000
33461  -15.311  -46.135  31.607 0.0000000000
34244  -15.702  -45.312  31.416 0.0000000000
35001  -16.114  -44.507  31.246 0.0000000000
35002  -16.918  -44.678  31.084 0.0000000000
36819  -16.524  -41.839  30.685 0.0000000000
97449  -16.966  -43.510  30.154 0.0000000000
34258  -17.709  -44.999  30.894 0.0000000000
35016  -18.021  -44.568  30.083 0.0000000000
100766  -19.099  -44.463  29.085 0.0000000000
35029  -19.695  -44.477  28.804 0.0000000000
97365  -20.081  -42.471  29.642 0.0000000000
35892  -19.757  -42.978  28.706 0.0000000000
35041  -19.989  -43.740  28.529 0.0000000000
108112  -21.227  -45.327  28.977 0.0000000000
34285  -21.758  -44.797  28.496 0.0000000000
34286  -22.594  -44.980  28.624 0.0000000000
113148  -23.870  -44.759  28.824 0.0000000000
36849  -22.763  -42.641  28.334 0.0000000000
101190  -23.210  -42.973  27.898 0.0000000000
35046  -24.006  -44.037  28.237 0.0000000000
35904  -24.480  -43.138  28.067 0.0000000000
36852  -25.178  -42.311  28.401 0.0000000000
35869  -14.640  -43.815  31.936 0.0000000000
45799  -34.031  -31.637  18.251 0.0000000000
104825  -32.300  -25.339  18.674 0.0000000000
50953  -32.676  -25.671  18.092 0.0000000000
102514  -34.294  -26.975  17.479 0.0000000000
51750  -34.272  -24.681  18.029 0.0000000000
50083  -34.883  -26.359  17.512 0.0000000000
49127  -35.290  -27.991  17.395 0.0000000000
48335  -36.204  -28.470  17.473 0.0000000000
55060  -41.412  -20.341  13.435 0.0000000000
55880  -41.040  -19.639  13.592 0.0000000000
56774  -41.207  -18.189  13.759 0.0000000000
32622  -1.647  -47.979  37.050 0.0000000000
31777  -1.352  -48.734  36.592 0.0000000000
30123  -2.682  -50.169  34.850 0.0000000000
105679  -1.954  -49.835  35.144 0.0000000000
30121  -0.967  -50.720  35.829 0.0000000000
28290  -0.761  -52.253  35.905 0.0000000000
38566  -26.315  -39.941  28.724 0.0000000000
39321  -26.747  -39.668  28.219 0.0000000000
39336  -27.360  -39.743  27.353 0.0000000000
39363  -24.237  -39.034  25.248 0.0000000000
39365  -26.178  -39.428  25.922 0.0000000000
116485  -28.056  -39.911  26.851 0.0000000000
39366  -27.865  -39.533  25.116 0.0000000000
39381  -28.393  -39.280  24.795 0.0000000000
97708  -29.161  -38.237  24.418 0.0000000000
100040  -23.254  -34.886  23.865 0.0000000000
42619  -23.540  -35.546  23.263 0.0000000000
44172  -23.499  -33.591  23.021 0.0000000000
43421  -23.996  -34.628  22.587 0.0000000000
111003  -25.029  -36.613  22.243 0.0000000000
41020  -26.236  -37.334  22.540 0.0000000000
41004  -28.513  -37.811  23.891 0.0000000000
111259  -27.864  -33.763  22.453 0.0000000000
43426  -28.854  -34.186  23.335 0.0000000000
43462  -31.688  -34.675  20.234 0.0000000000
44230  -30.843  -33.905  19.025 0.0000000000
45028  -30.656  -32.820  18.383 0.0000000000
45781  -28.708  -31.757  18.731 0.0000000000
46625  -29.900  -31.104  18.537 0.0000000000
46626  -30.651  -30.711  18.258 0.0000000000
47485  -30.376  -29.401  18.969 0.0000000000
49104  -30.879  -27.883  19.578 0.0000000000
33442  -15.847  -46.733  32.059 0.0000000000
32673  -16.287  -47.391  33.305 0.0000000000
32693  -18.419  -46.579  33.253 0.0000000000
33414  -3.534  -46.905  34.781 0.0000000000
34203  -5.047  -45.473  34.703 0.0000000000
33415  -4.249  -46.714  34.456 0.0000000000
32643  -4.290  -47.552  34.167 0.0000000000
31021  -5.331  -49.097  34.641 0.0000000000
34217  -8.083  -45.336  33.412 0.0000000000
33426  -7.987  -46.242  33.504 0.0000000000
32645  -7.857  -47.786  34.241 0.0000000000
26172  0.401  -54.883  39.774 0.0000000000
27227  0.771  -53.889  39.641 0.0000000000
29146  1.161  -52.969  40.378 0.0000000000
37685  -26.800  -40.757  30.125 0.0000000000
32689  -14.470  -47.274  32.580 0.0000000000
34242  -13.910  -45.365  31.475 0.0000000000
50058  -31.479  -26.279  19.767 0.0000000000
55021  -35.847  -20.309  17.088 0.0000000000
55036  -36.235  -20.747  16.317 0.0000000000
55860  -36.477  -19.883  16.621 0.0000000000
47445  -25.641  -29.783  21.124 0.0000000000
33480  -20.650  -46.168  30.627 0.0000000000
35826  -7.609  -43.795  34.341 0.0000000000
55882  -42.216  -19.055  12.977 0.0000000000
39323  -29.006  -40.133  28.096 0.0000000000
34278  -24.118  -45.257  29.559 0.0000000000
100631  -11.446  -43.113  32.414 0.0000000000
39318  -22.528  -39.639  28.349 0.0000000000
102570  -21.442  -39.145  28.605 0.0000000000
108427  -18.456  -41.390  30.050 0.0000000000
36834  -18.617  -42.343  29.345 0.0000000000
37664  -19.106  -41.846  29.784 0.0000000000
114053  -22.172  -42.792  30.111 0.0000000000
36847  -21.177  -42.970  28.763 0.0000000000
36837  -21.843  -42.763  28.931 0.0000000000
39305  -21.475  -39.537  29.317 0.0000000000
38562  -22.728  -40.461  28.811 0.0000000000
45035  -31.782  -32.250  17.972 0.0000000000
105258  -34.554  -29.032  17.496 0.0000000000
47496  -34.200  -29.596  17.553 0.0000000000
48334  -35.232  -28.788  17.489 0.0000000000
53259  -33.064  -22.619  19.731 0.0000000000
52518  -32.983  -23.208  19.357 0.0000000000
53267  -33.475  -22.587  19.068 0.0000000000
111453  -36.582  -25.184  17.718 0.0000000000
50963  -36.125  -24.871  17.774 0.0000000000
97153  -40.078  -18.832  14.366 0.0000000000
32630  -2.904  -47.205  35.149 0.0000000000
111544  -23.176  -39.118  26.630 0.0000000000
40184  -24.428  -38.308  23.350 0.0000000000
101941  -25.178  -38.405  22.953 0.0000000000
40185  -25.885  -38.534  23.119 0.0000000000
40197  -24.850  -37.920  22.631 0.0000000000
114820  -25.387  -33.340  22.401 0.0000000000
43422  -25.289  -33.795  22.513 0.0000000000
106526  -26.623  -34.456  23.262 0.0000000000
43424  -26.954  -33.724  23.244 0.0000000000
43477  -28.511  -34.021  19.659 0.0000000000
43478  -29.149  -34.264  19.753 0.0000000000
44228  -28.965  -33.815  19.171 0.0000000000
33463  -17.667  -45.804  32.117 0.0000000000
32665  -6.601  -47.083  33.644 0.0000000000
31844  -6.208  -47.922  33.901 0.0000000000
31826  -7.005  -48.291  34.367 0.0000000000
32632  -9.791  -47.071  35.005 0.0000000000
31764  -1.181  -48.634  37.689 0.0000000000
30966  -1.032  -49.324  37.188 0.0000000000
38567  -27.620  -39.955  29.233 0.0000000000
31829  -13.534  -48.119  34.193 0.0000000000
31830  -14.237  -48.334  34.456 0.0000000000
31831  -15.629  -48.139  34.476 0.0000000000
32651  -16.384  -47.720  34.173 0.0000000000
35017  -25.711  -44.711  30.018 0.0000000000
36764  -14.650  -43.577  33.490 0.0000000000
34997  -12.619  -44.664  31.554 0.0000000000
35867  -12.774  -43.919  31.708 0.0000000000
34996  -12.046  -44.080  31.639 0.0000000000
34230  -12.101  -45.778  31.931 0.0000000000
32688  -13.680  -47.218  32.638 0.0000000000
32671  -13.398  -47.656  33.414 0.0000000000
108871  -20.559  -38.464  30.432 0.0000000000
40931  -20.452  -37.561  30.311 0.0000000000
40080  -20.649  -37.904  32.058 0.0000000000
40094  -20.789  -38.979  30.933 0.0000000000
112885  -31.393  -29.713  17.947 0.0000000000
49123  -32.008  -27.699  17.837 0.0000000000
48330  -32.033  -28.487  17.760 0.0000000000
101163  -32.445  -27.054  17.711 0.0000000000
54115  -34.726  -21.445  17.984 0.0000000000
53279  -35.357  -22.356  17.397 0.0000000000
53280  -36.038  -22.684  17.127 0.0000000000
53315  -37.183  -21.979  15.711 0.0000000000
54138  -37.863  -21.689  15.183 0.0000000000
55861  -37.165  -19.471  16.125 0.0000000000
105789  -22.150  -36.945  25.975 0.0000000000
42582  -22.645  -36.158  25.793 0.0000000000
42595  -23.079  -35.391  25.267 0.0000000000
41857  -23.241  -36.691  24.139 0.0000000000
46580  -24.459  -30.372  21.927 0.0000000000
45742  -24.184  -31.146  22.198 0.0000000000
44975  -25.216  -32.005  21.622 0.0000000000
44991  -25.696  -31.922  20.967 0.0000000000
45764  -26.539  -31.522  19.928 0.0000000000
45009  -26.936  -32.324  19.778 0.0000000000
45779  -27.255  -31.551  19.468 0.0000000000
46610  -26.859  -30.802  19.734 0.0000000000
34259  -18.526  -45.280  30.628 0.0000000000
34247  -19.138  -45.884  31.255 0.0000000000
33446  -20.327  -46.705  32.088 0.0000000000
34976  -6.688  -44.873  34.002 0.0000000000
29210  -0.671  -51.484  36.241 0.0000000000
28277  -0.420  -52.289  37.014 0.0000000000
28258  -0.155  -52.730  38.469 0.0000000000
28235  0.489  -53.157  39.552 0.0000000000
38582  -29.984  -40.390  27.662 0.0000000000
38592  -30.293  -40.078  26.901 0.0000000000
33482  -22.394  -45.913  29.905 0.0000000000
35845  -10.387  -42.891  33.314 0.0000000000
36760  -9.680  -42.894  33.826 0.0000000000
36734  -9.016  -42.901  34.308 0.0000000000
105750  -8.781  -43.830  33.506 0.0000000000
34219  -9.833  -45.401  32.921 0.0000000000
113825  -10.054  -45.937  33.242 0.0000000000
33437  -11.619  -46.199  32.620 0.0000000000
32634  -11.611  -47.658  35.261 0.0000000000
32647  -11.398  -47.304  34.702 0.0000000000
37698  -25.585  -40.469  28.624 0.0000000000
38579  -23.608  -39.680  27.815 0.0000000000
40130  -21.865  -38.513  27.131 0.0000000000
115646  -20.560  -36.996  29.916 0.0000000000
40116  -20.591  -38.217  28.901 0.0000000000
109264  -20.855  -36.674  29.565 0.0000000000
41810  -21.317  -36.537  28.210 0.0000000000
40956  -21.282  -37.568  27.384 0.0000000000
41823  -21.463  -36.858  27.382 0.0000000000
41824  -21.977  -36.210  27.680 0.0000000000
35000  -15.248  -44.369  31.476 0.0000000000
35871  -16.012  -43.196  31.073 0.0000000000
35882  -17.265  -42.895  29.755 0.0000000000
35015  -17.223  -44.239  30.421 0.0000000000
34273  -19.519  -45.059  29.411 0.0000000000
36823  -22.003  -43.018  30.608 0.0000000000
36802  -21.926  -43.188  31.440 0.0000000000
36822  -20.981  -42.864  30.694 0.0000000000
35030  -20.278  -44.402  28.598 0.0000000000
34284  -20.913  -44.635  28.539 0.0000000000
35044  -22.328  -44.115  28.100 0.0000000000
35045  -23.220  -44.499  28.378 0.0000000000
103687  -23.128  -43.690  27.955 0.0000000000
37682  -22.688  -41.306  29.312 0.0000000000
36838  -22.514  -42.387  28.849 0.0000000000
36850  -23.498  -42.136  28.141 0.0000000000
35903  -23.692  -43.320  27.873 0.0000000000
37697  -24.061  -41.288  28.088 0.0000000000
36839  -25.816  -42.353  29.020 0.0000000000
35858  -15.366  -43.237  32.108 0.0000000000
43481  -32.353  -34.436  20.046 0.0000000000
45012  -33.749  -33.035  19.194 0.0000000000
44213  -33.849  -33.814  20.131 0.0000000000
45808  -33.322  -31.159  17.760 0.0000000000
111089  -32.309  -24.801  20.052 0.0000000000
50941  -31.780  -25.741  19.124 0.0000000000
50942  -32.212  -25.076  19.343 0.0000000000
50954  -32.914  -24.866  18.434 0.0000000000
110427  -33.149  -26.086  17.708 0.0000000000
50082  -33.939  -26.195  17.569 0.0000000000
51742  -34.220  -23.802  18.281 0.0000000000
97596  -35.366  -25.770  17.607 0.0000000000
102513  -35.180  -27.163  17.425 0.0000000000
49128  -36.060  -27.482  17.364 0.0000000000
48336  -37.255  -28.455  17.560 0.0000000000
52535  -38.075  -23.933  17.379 0.0000000000
54145  -39.167  -21.489  14.432 0.0000000000
54152  -40.554  -21.543  13.867 0.0000000000
56773  -40.763  -18.872  13.893 0.0000000000
106182  -41.483  -18.917  13.444 0.0000000000
32623  -2.186  -47.468  36.540 0.0000000000
31798  -1.675  -49.093  35.580 0.0000000000
30133  -3.425  -49.955  34.722 0.0000000000
30122  -1.845  -50.687  35.241 0.0000000000
31003  -1.348  -49.964  35.643 0.0000000000
29211  -1.228  -51.478  35.559 0.0000000000
28291  -1.501  -52.199  35.495 0.0000000000
26218  -1.288  -54.049  35.842 0.0000000000
38565  -25.416  -39.851  28.249 0.0000000000
39334  -25.738  -39.543  27.419 0.0000000000
39320  -25.989  -39.691  28.086 0.0000000000
39335  -26.462  -39.619  27.470 0.0000000000
105493  -26.148  -39.499  26.835 0.0000000000
40156  -23.360  -38.652  25.379 0.0000000000
40170  -23.747  -38.599  24.740 0.0000000000
111672  -25.741  -39.066  24.312 0.0000000000
99535  -25.845  -39.276  25.009 0.0000000000
39350  -26.830  -39.612  26.571 0.0000000000
97509  -27.087  -39.536  25.582 0.0000000000
39351  -27.817  -39.837  26.104 0.0000000000
39380  -27.874  -39.146  24.384 0.0000000000
40172  -28.518  -38.757  24.304 0.0000000000
39382  -29.008  -39.063  24.864 0.0000000000
44164  -23.108  -33.427  24.080 0.0000000000
43403  -23.145  -34.133  24.206 0.0000000000
43420  -23.567  -34.771  23.071 0.0000000000
44954  -23.156  -32.331  23.516 0.0000000000
44963  -23.530  -32.841  22.884 0.0000000000
42636  -24.957  -34.712  22.489 0.0000000000
112880  -24.399  -35.386  22.475 0.0000000000
41881  -24.329  -36.215  22.485 0.0000000000
41019  -25.361  -37.316  22.372 0.0000000000
41883  -25.783  -36.387  22.398 0.0000000000
41867  -27.408  -36.024  23.551 0.0000000000
41003  -27.974  -36.961  23.623 0.0000000000
111303  -29.084  -37.315  24.369 0.0000000000
42621  -28.245  -34.662  24.549 0.0000000000
107528  -27.253  -33.587  22.614 0.0000000000
43441  -29.149  -34.454  22.018 0.0000000000
103165  -28.328  -33.881  22.912 0.0000000000
43461  -30.297  -34.692  20.367 0.0000000000
42653  -31.024  -35.191  21.681 0.0000000000
42667  -31.773  -35.083  21.124 0.0000000000
98090  -30.958  -34.642  20.066 0.0000000000
44247  -30.255  -33.456  18.694 0.0000000000
108892  -30.932  -33.358  18.604 0.0000000000
46612  -28.454  -30.992  18.941 0.0000000000
46624  -29.130  -31.208  18.733 0.0000000000
48310  -30.458  -28.795  19.717 0.0000000000
105844  -16.840  -46.951  33.090 0.0000000000
32674  -17.176  -47.234  33.832 0.0000000000
32652  -17.101  -47.600  34.601 0.0000000000
108597  -18.722  -46.310  32.687 0.0000000000
32676  -19.020  -46.879  33.846 0.0000000000
32708  -21.626  -46.797  31.607 0.0000000000
34184  -3.731  -45.854  35.946 0.0000000000
33409  -3.882  -46.200  35.088 0.0000000000
34961  -5.581  -44.734  35.051 0.0000000000
34196  -4.952  -45.062  35.695 0.0000000000
33422  -4.884  -46.959  33.947 0.0000000000
33416  -4.914  -46.245  34.239 0.0000000000
31824  -4.836  -48.268  34.107 0.0000000000
98514  -7.808  -44.717  33.571 0.0000000000
32666  -7.492  -47.039  33.654 0.0000000000
108302  -43.245  -18.760  12.290 0.0000000000
98645  1.415  -54.408  39.665 0.0000000000
28234  1.274  -53.541  40.144 0.0000000000
28211  2.066  -53.381  40.261 0.0000000000
110029  -14.074  -47.621  33.070 0.0000000000
32672  -14.740  -47.743  33.236 0.0000000000
32690  -15.445  -47.317  32.713 0.0000000000
113174  -25.910  -43.000  29.270 0.0000000000
35868  -13.536  -43.943  31.859 0.0000000000
34241  -13.139  -45.389  31.547 0.0000000000
33458  -12.837  -46.018  31.792 0.0000000000
40925  -20.674  -37.176  31.737 0.0000000000
48319  -30.918  -28.485  18.862 0.0000000000
49112  -31.368  -27.507  18.647 0.0000000000
55020  -35.194  -20.764  17.676 0.0000000000
53295  -36.564  -22.275  16.390 0.0000000000
116255  -36.026  -21.318  16.414 0.0000000000
55045  -36.752  -20.795  15.774 0.0000000000
43391  -23.576  -34.621  26.461 0.0000000000
43397  -23.283  -34.606  25.586 0.0000000000
46581  -25.127  -30.375  21.313 0.0000000000
45753  -25.389  -31.205  21.063 0.0000000000
46596  -25.817  -30.474  20.660 0.0000000000
116584  -26.038  -29.975  20.647 0.0000000000
46597  -26.505  -30.196  20.257 0.0000000000
47462  -26.335  -29.693  20.757 0.0000000000
33479  -19.844  -45.963  30.677 0.0000000000
55881  -41.819  -19.704  13.264 0.0000000000
27242  -0.141  -54.103  38.741 0.0000000000
34263  -23.312  -45.672  29.772 0.0000000000
34264  -23.985  -45.804  30.323 0.0000000000
34248  -24.686  -45.871  30.792 0.0000000000
110191  -11.782  -42.581  33.348 0.0000000000
36736  -11.350  -42.553  34.167 0.0000000000
36761  -11.010  -42.631  33.541 0.0000000000
111117  -10.016  -43.958  32.647 0.0000000000
33436  -10.650  -45.819  32.887 0.0000000000
32670  -12.535  -47.441  33.622 0.0000000000
32669  -11.696  -47.183  33.950 0.0000000000
112521  -12.360  -48.026  35.164 0.0000000000
38564  -23.895  -40.285  28.153 0.0000000000
39317  -21.588  -38.821  27.861 0.0000000000
36799  -16.116  -42.451  31.032 0.0000000000
37662  -17.151  -41.211  30.460 0.0000000000
37680  -17.802  -41.498  29.943 0.0000000000
36833  -17.823  -42.244  29.583 0.0000000000
35890  -18.039  -43.028  29.317 0.0000000000
36803  -22.682  -42.893  31.206 0.0000000000
35043  -21.416  -44.021  28.234 0.0000000000
44231  -31.781  -33.883  19.157 0.0000000000
98344  -32.501  -33.578  19.119 0.0000000000
44250  -32.984  -32.988  18.757 0.0000000000
45031  -33.881  -32.398  18.724 0.0000000000
47495  -33.265  -29.594  17.535 0.0000000000
46635  -33.802  -30.318  17.639 0.0000000000
98852  -32.684  -23.742  19.648 0.0000000000
51734  -32.494  -24.392  19.498 0.0000000000
52524  -32.857  -24.032  18.925 0.0000000000
114078  -33.558  -24.780  18.190 0.0000000000
96618  -35.003  -24.083  17.983 0.0000000000
97595  -36.039  -25.505  17.666 0.0000000000
110178  -36.823  -27.802  17.399 0.0000000000
102512  -36.923  -26.905  17.411 0.0000000000
114706  -37.608  -26.864  17.466 0.0000000000
55873  -38.952  -20.119  14.474 0.0000000000
55053  -39.218  -20.742  14.255 0.0000000000
55054  -39.707  -20.244  14.082 0.0000000000
33407  -2.640  -46.907  36.028 0.0000000000
31799  -2.250  -48.438  35.158 0.0000000000
38581  -25.336  -39.671  27.835 0.0000000000
39348  -24.568  -39.288  26.312 0.0000000000
40183  -23.753  -38.270  24.134 0.0000000000
39377  -24.377  -38.736  24.266 0.0000000000
39379  -26.456  -39.184  24.482 0.0000000000
96487  -27.194  -39.326  24.738 0.0000000000
39392  -26.166  -38.895  23.774 0.0000000000
40186  -26.583  -38.563  23.358 0.0000000000
111266  -27.231  -38.244  23.288 0.0000000000
113810  -23.059  -32.777  23.944 0.0000000000
106922  -24.052  -32.890  22.493 0.0000000000
115391  -24.494  -34.049  22.513 0.0000000000
116663  -26.358  -35.540  22.861 0.0000000000
41868  -28.027  -35.555  24.336 0.0000000000
44212  -27.125  -33.489  20.581 0.0000000000
43439  -27.664  -33.921  21.240 0.0000000000
43460  -29.350  -34.560  20.701 0.0000000000
44229  -29.829  -34.051  19.176 0.0000000000
44246  -29.438  -33.413  18.772 0.0000000000
47476  -29.788  -29.892  19.246 0.0000000000
108471  -16.570  -45.281  31.486 0.0000000000
34214  -5.595  -45.894  33.982 0.0000000000
31843  -5.434  -47.875  33.900 0.0000000000
31825  -5.604  -48.398  34.195 0.0000000000
39322  -27.479  -39.773  28.381 0.0000000000
31785  -13.716  -48.725  35.853 0.0000000000
101159  -14.945  -48.374  34.706 0.0000000000
34279  -24.963  -44.988  29.783 0.0000000000
36782  -12.654  -43.174  32.604 0.0000000000
105907  -12.895  -43.538  32.093 0.0000000000
35855  -11.570  -43.659  31.962 0.0000000000
34987  -11.344  -44.381  31.925 0.0000000000
32649  -12.933  -47.838  34.074 0.0000000000
40105  -20.889  -38.899  29.127 0.0000000000
37645  -23.031  -41.974  31.077 0.0000000000
38537  -22.349  -40.684  30.447 0.0000000000
38536  -21.736  -40.066  30.052 0.0000000000
45805  -31.220  -31.241  17.927 0.0000000000
98607  -31.898  -31.017  17.687 0.0000000000
107176  -32.204  -30.025  17.643 0.0000000000
47494  -32.508  -29.056  17.607 0.0000000000
104102  -33.173  -28.842  17.501 0.0000000000
48332  -33.495  -28.286  17.485 0.0000000000
104772  -33.847  -27.620  17.478 0.0000000000
114875  -33.896  -22.342  18.680 0.0000000000
53278  -34.790  -22.709  17.902 0.0000000000
112183  -34.861  -22.057  17.733 0.0000000000
98888  -36.713  -24.509  17.666 0.0000000000
52534  -37.226  -23.836  17.436 0.0000000000
52548  -37.735  -23.324  16.991 0.0000000000
54144  -38.405  -21.419  14.761 0.0000000000
31823  -3.937  -48.392  34.272 0.0000000000
31822  -3.091  -48.661  34.642 0.0000000000
31019  -3.787  -49.289  34.500 0.0000000000
40989  -22.760  -37.608  25.074 0.0000000000
41856  -22.863  -37.037  24.722 0.0000000000
40990  -23.306  -37.577  24.284 0.0000000000
41001  -23.612  -37.178  23.485 0.0000000000
41866  -23.544  -36.369  23.383 0.0000000000
45741  -23.569  -31.292  22.713 0.0000000000
46568  -23.822  -30.475  22.527 0.0000000000
44964  -23.952  -32.047  22.442 0.0000000000
44965  -24.737  -32.460  22.224 0.0000000000
44185  -25.903  -33.399  22.463 0.0000000000
44193  -26.230  -33.123  21.973 0.0000000000
44211  -26.455  -33.073  20.981 0.0000000000
44225  -26.805  -32.947  20.250 0.0000000000
44226  -27.373  -33.167  19.767 0.0000000000
46611  -27.673  -30.731  19.343 0.0000000000
47473  -27.830  -29.986  19.697 0.0000000000
47464  -28.163  -29.536  20.286 0.0000000000
47465  -29.208  -29.550  20.475 0.0000000000
32694  -19.235  -46.620  33.034 0.0000000000
108735  -19.901  -46.747  32.701 0.0000000000
34969  -6.359  -44.500  34.632 0.0000000000
114148  -10.103  -47.595  36.136 0.0000000000
31002  -0.912  -50.072  36.362 0.0000000000
30100  -0.519  -51.071  37.801 0.0000000000
30091  -0.127  -51.572  39.162 0.0000000000
30090  0.581  -52.251  40.159 0.0000000000
53251  -33.120  -22.409  20.345 0.0000000000
54087  -33.599  -21.793  20.424 0.0000000000
39369  -30.152  -39.092  25.620 0.0000000000
33481  -21.507  -46.140  30.293 0.0000000000
35843  -8.438  -43.477  34.006 0.0000000000
34218  -8.994  -45.115  33.158 0.0000000000
114524  -10.277  -46.945  34.828 0.0000000000
37684  -26.196  -41.539  29.539 0.0000000000
40144  -22.146  -38.201  26.330 0.0000000000
40117  -20.938  -38.496  28.310 0.0000000000
41796  -20.803  -36.822  28.747 0.0000000000
40955  -20.826  -37.832  27.942 0.0000000000
40129  -21.262  -38.200  27.527 0.0000000000
40143  -21.604  -37.992  26.931 0.0000000000
42572  -22.749  -35.759  27.257 0.0000000000
97731  -22.755  -35.781  28.096 0.0000000000
105214  -16.558  -42.818  30.396 0.0000000000
34272  -18.790  -44.863  29.738 0.0000000000
34274  -20.318  -45.129  29.037 0.0000000000
36821  -19.679  -42.131  30.466 0.0000000000
36835  -19.501  -42.473  29.220 0.0000000000
106553  -22.070  -45.439  29.062 0.0000000000
35047  -24.914  -43.844  28.702 0.0000000000
35905  -25.394  -43.081  28.692 0.0000000000
35857  -14.797  -43.508  32.686 0.0000000000
45807  -32.386  -31.698  17.788 0.0000000000
45798  -33.157  -32.105  18.155 0.0000000000
50932  -31.919  -25.500  20.145 0.0000000000
50068  -32.009  -26.049  18.413 0.0000000000
50081  -32.498  -26.397  17.854 0.0000000000
49125  -33.271  -26.839  17.546 0.0000000000
49126  -34.615  -27.628  17.444 0.0000000000
51741  -33.526  -24.244  18.436 0.0000000000
50961  -34.562  -25.555  17.682 0.0000000000
111921  -42.165  -20.563  13.271 0.0000000000
30986  -1.159  -49.436  36.297 0.0000000000
31004  -2.425  -49.294  34.908 0.0000000000
27272  -1.251  -53.093  35.692 0.0000000000
39364  -25.212  -39.259  25.618 0.0000000000
39352  -28.801  -39.980  26.320 0.0000000000
39367  -28.585  -39.609  25.401 0.0000000000
39368  -29.398  -39.464  25.515 0.0000000000
103157  -23.178  -34.671  24.731 0.0000000000
44158  -23.196  -33.688  25.010 0.0000000000
41017  -23.896  -36.804  22.835 0.0000000000
44171  -23.277  -33.167  23.503 0.0000000000
108466  -23.617  -34.151  22.902 0.0000000000
42635  -23.892  -35.438  22.721 0.0000000000
41880  -23.795  -36.098  22.854 0.0000000000
41018  -24.551  -37.133  22.502 0.0000000000
40199  -26.503  -38.067  22.854 0.0000000000
41021  -27.189  -37.340  23.001 0.0000000000
110910  -27.810  -37.820  23.428 0.0000000000
116620  -30.192  -38.528  25.385 0.0000000000
42608  -28.638  -35.278  24.849 0.0000000000
96454  -27.605  -33.743  23.307 0.0000000000
43442  -32.515  -34.734  20.740 0.0000000000
116453  -31.920  -34.310  19.667 0.0000000000
43480  -31.283  -34.318  19.582 0.0000000000
44248  -31.418  -33.488  18.740 0.0000000000
45029  -31.466  -32.878  18.351 0.0000000000
45797  -31.105  -32.104  18.082 0.0000000000
45011  -28.346  -32.495  18.870 0.0000000000
45026  -29.066  -32.594  18.643 0.0000000000
45795  -29.465  -31.899  18.525 0.0000000000
45796  -30.270  -32.063  18.310 0.0000000000
113867  -30.623  -31.440  18.201 0.0000000000
105347  -30.790  -29.917  18.328 0.0000000000
49097  -31.196  -26.732  20.315 0.0000000000
32691  -16.256  -47.027  32.628 0.0000000000
32675  -18.094  -46.944  33.880 0.0000000000
111922  -18.543  -47.127  34.454 0.0000000000
32653  -17.832  -47.317  34.560 0.0000000000
110982  -21.368  -46.500  30.966 0.0000000000
34202  -4.464  -46.009  34.740 0.0000000000
111238  -3.841  -47.225  34.456 0.0000000000
35842  -8.011  -44.077  33.695 0.0000000000
114020  -7.582  -45.781  33.509 0.0000000000
31802  -9.322  -47.620  35.597 0.0000000000
31827  -7.581  -48.399  34.871 0.0000000000
55887  -43.018  -19.256  12.643 0.0000000000
28233  2.413  -53.434  39.435 0.0000000000
29159  2.703  -52.908  39.651 0.0000000000
29145  2.348  -52.802  40.514 0.0000000000
40940  -20.499  -37.433  29.385 0.0000000000
45733  -23.204  -31.544  23.315 0.0000000000
52508  -32.970  -22.839  20.875 0.0000000000
54103  -33.814  -21.879  19.015 0.0000000000
115553  -20.673  -38.089  28.411 0.0000000000
