#!ascii label  , from subject sub-v2s9x29161_ses-1 vox2ras=TkReg
751
17339  -29.054  -66.358  -40.904 0.5000000000
17347  -27.594  -66.017  -41.639 0.8000000119
18128  -26.592  -64.367  -40.054 0.8000000119
18136  -27.245  -64.974  -41.369 0.8000000119
18137  -28.369  -65.512  -41.402 0.8000000119
16585  -29.116  -65.983  -39.131 0.5000000000
17344  -29.089  -66.240  -41.107 0.5000000000
18133  -29.220  -65.248  -41.048 0.6000000238
18919  -26.870  -63.997  -38.441 0.6999999881
18123  -27.147  -63.981  -39.592 0.6999999881
105725  -28.517  -64.678  -41.199 0.8000000119
16579  -29.643  -66.359  -37.780 0.6000000238
17335  -29.458  -65.701  -39.767 0.5000000000
17336  -30.216  -65.317  -38.885 0.6000000238
100986  -25.930  -63.241  -36.409 0.6999999881
17340  -29.516  -65.479  -40.348 0.6000000238
18129  -30.386  -64.789  -39.829 0.6000000238
19757  -26.874  -62.973  -36.931 0.6999999881
18913  -26.420  -63.889  -37.352 0.6999999881
18924  -27.800  -63.446  -39.806 0.6999999881
18134  -29.848  -64.681  -40.541 0.6000000238
18135  -30.585  -64.230  -40.268 0.6000000238
18925  -28.574  -63.360  -40.431 0.8000000119
18930  -29.159  -64.182  -40.936 0.8000000119
18931  -30.162  -63.867  -40.626 0.6999999881
16580  -31.183  -66.595  -37.221 0.4000000060
19750  -26.413  -62.326  -36.364 0.6999999881
18130  -31.145  -64.212  -39.674 0.6000000238
19751  -27.140  -62.102  -36.799 0.6999999881
18916  -27.220  -63.318  -37.866 0.6999999881
18920  -27.549  -63.496  -38.839 0.6999999881
18921  -28.257  -63.052  -39.313 0.6999999881
19766  -28.989  -62.734  -40.096 0.6000000238
19770  -30.602  -63.022  -40.640 0.6999999881
20632  -32.293  -61.644  -41.052 0.5000000000
19763  -28.688  -62.517  -38.829 0.6000000238
19764  -29.417  -62.127  -39.534 0.6000000238
19767  -29.940  -62.592  -40.503 0.6000000238
20630  -31.343  -61.793  -40.913 0.6000000238
20629  -30.282  -61.864  -40.343 0.6000000238
21517  -31.944  -61.057  -41.065 0.5000000000
17326  -31.285  -66.526  -37.153 0.4000000060
17330  -31.061  -66.015  -37.913 0.5000000000
20604  -25.876  -60.804  -36.025 0.6999999881
18120  -31.043  -64.979  -38.191 0.6000000238
18125  -30.999  -64.645  -38.745 0.6000000238
20619  -27.737  -61.875  -37.276 0.6999999881
18928  -31.720  -63.469  -39.915 0.6000000238
19759  -28.219  -62.183  -37.960 0.6999999881
19765  -32.183  -62.610  -40.167 0.5000000000
20631  -32.730  -61.482  -40.744 0.6000000238
20624  -28.946  -61.779  -38.504 0.6999999881
20625  -29.742  -61.270  -39.231 0.6000000238
21518  -32.859  -60.980  -41.085 0.5000000000
21519  -33.205  -60.869  -40.958 0.5000000000
20626  -30.737  -61.071  -40.373 0.5000000000
21491  -23.463  -60.487  -36.596 0.6000000238
22363  -23.948  -59.744  -37.324 0.6000000238
18116  -31.024  -65.686  -36.970 0.5000000000
21493  -25.203  -60.095  -36.237 0.6999999881
21483  -24.819  -60.888  -35.858 0.6999999881
17327  -31.131  -65.658  -37.681 0.5000000000
114974  -31.308  -63.734  -37.928 0.5000000000
108295  -31.079  -63.204  -37.512 0.4000000060
111292  -26.740  -60.781  -36.300 0.6999999881
18918  -31.540  -63.295  -38.265 0.5000000000
20614  -27.417  -61.242  -36.736 0.6999999881
21504  -28.379  -60.419  -37.142 0.6999999881
19761  -31.867  -62.555  -38.903 0.5000000000
21505  -28.982  -60.482  -37.747 0.6999999881
21510  -29.634  -60.497  -38.524 0.6000000238
20627  -32.474  -61.698  -39.671 0.5000000000
21511  -30.309  -60.400  -39.469 0.6000000238
20628  -33.095  -60.811  -40.388 0.5000000000
22383  -30.072  -59.866  -38.773 0.5000000000
22384  -30.855  -59.616  -39.594 0.5000000000
22387  -32.247  -59.595  -40.620 0.5000000000
22389  -33.439  -59.911  -40.517 0.5000000000
22388  -33.297  -59.795  -40.774 0.5000000000
101510  -34.042  -58.108  -40.042 0.3000000119
19752  -30.002  -62.308  -36.402 0.3000000119
21503  -23.177  -59.984  -37.805 0.6000000238
106436  -30.436  -63.224  -36.886 0.4000000060
22365  -25.551  -59.352  -36.629 0.6000000238
19760  -31.343  -62.422  -37.743 0.5000000000
106818  -26.515  -60.055  -36.293 0.6999999881
21494  -27.281  -60.359  -36.464 0.6999999881
20623  -31.630  -61.446  -38.180 0.5000000000
21512  -32.450  -60.702  -39.122 0.5000000000
22379  -29.558  -59.798  -37.944 0.5000000000
22382  -32.824  -59.074  -38.850 0.4000000060
22386  -33.622  -59.477  -39.959 0.3000000119
108650  -33.029  -58.087  -38.749 0.4000000060
107193  -33.050  -58.957  -40.663 0.5000000000
23289  -33.570  -58.873  -40.285 0.4000000060
22374  -22.746  -59.604  -38.174 0.6000000238
22375  -23.562  -59.329  -38.176 0.6000000238
22376  -24.335  -59.107  -38.136 0.6000000238
22377  -25.138  -58.854  -37.612 0.6000000238
23271  -26.009  -58.580  -36.976 0.6000000238
21506  -31.042  -60.908  -37.086 0.3000000119
22366  -26.304  -59.332  -36.482 0.6000000238
21498  -31.228  -60.003  -36.734 0.3000000119
22367  -27.167  -59.428  -36.467 0.6000000238
20615  -27.888  -60.661  -36.819 0.6999999881
22370  -31.521  -59.244  -36.898 0.3000000119
21507  -31.687  -60.393  -37.826 0.3000000119
22368  -28.027  -59.126  -36.593 0.6000000238
108072  -31.767  -58.057  -37.151 0.3000000119
22381  -32.138  -59.152  -37.763 0.3000000119
23283  -29.022  -58.354  -37.179 0.5000000000
106127  -29.399  -59.033  -37.483 0.5000000000
25153  -32.680  -56.743  -38.214 0.3000000119
116698  -32.417  -58.036  -37.819 0.3000000119
22380  -30.238  -59.061  -38.494 0.5000000000
23290  -31.472  -58.810  -39.869 0.5000000000
24221  -33.418  -57.506  -39.066 0.3000000119
23285  -30.779  -58.161  -38.662 0.5000000000
96940  -33.980  -57.838  -40.296 0.4000000060
24228  -34.223  -57.334  -40.194 0.3000000119
23279  -23.094  -58.964  -38.213 0.5000000000
23280  -23.929  -58.714  -38.374 0.6000000238
23281  -24.673  -58.347  -38.268 0.5000000000
103642  -26.731  -58.789  -36.623 0.6000000238
24225  -26.957  -57.323  -37.697 0.5000000000
25145  -31.153  -56.611  -36.664 0.3000000119
23272  -27.415  -58.609  -36.652 0.6000000238
26110  -31.232  -55.501  -37.274 0.3000000119
25152  -31.748  -56.741  -37.330 0.3000000119
23273  -28.189  -58.409  -36.778 0.6000000238
23284  -29.858  -58.322  -37.777 0.5000000000
25159  -31.459  -56.581  -39.280 0.5000000000
24230  -33.540  -57.490  -40.543 0.4000000060
25163  -33.603  -56.792  -40.565 0.4000000060
98551  -24.183  -58.005  -38.325 0.5000000000
24214  -24.763  -57.699  -38.288 0.5000000000
24215  -25.366  -57.642  -38.249 0.5000000000
23282  -25.456  -58.266  -38.001 0.5000000000
24224  -26.103  -57.110  -38.238 0.5000000000
26104  -29.727  -55.318  -36.314 0.3000000119
114525  -30.647  -55.806  -36.653 0.3000000119
24206  -27.585  -57.860  -36.976 0.6000000238
105703  -28.531  -57.146  -37.363 0.6000000238
24218  -29.320  -57.556  -37.460 0.5000000000
24226  -31.049  -57.326  -38.750 0.5000000000
25161  -34.554  -56.607  -40.079 0.4000000060
26127  -34.424  -55.517  -40.425 0.4000000060
24204  -24.446  -57.253  -37.930 0.5000000000
24222  -25.024  -57.052  -38.272 0.5000000000
25154  -25.973  -56.389  -38.310 0.5000000000
116061  -28.730  -55.370  -35.303 0.4000000060
27120  -28.504  -54.220  -36.030 0.4000000060
24216  -26.118  -57.847  -37.873 0.5000000000
25148  -27.476  -56.709  -37.812 0.5000000000
27125  -29.316  -54.325  -36.595 0.4000000060
27126  -30.261  -54.852  -36.869 0.3000000119
25155  -26.781  -56.411  -38.252 0.4000000060
27130  -31.012  -54.617  -37.465 0.3000000119
25149  -28.164  -56.602  -37.629 0.5000000000
25150  -29.017  -56.715  -37.632 0.4000000060
25151  -30.026  -56.984  -37.914 0.4000000060
26124  -33.676  -55.891  -40.553 0.4000000060
25146  -24.781  -56.467  -37.654 0.5000000000
26106  -25.327  -55.810  -37.495 0.5000000000
26113  -25.770  -55.693  -38.075 0.5000000000
27119  -27.954  -54.008  -35.438 0.4000000060
26114  -26.385  -55.663  -38.288 0.4000000060
29071  -28.398  -52.949  -36.076 0.4000000060
28109  -29.410  -53.366  -36.927 0.4000000060
26115  -27.147  -55.544  -38.335 0.4000000060
26109  -27.644  -56.037  -38.123 0.4000000060
27129  -30.159  -53.866  -37.330 0.4000000060
105328  -28.866  -55.476  -38.380 0.4000000060
26117  -29.717  -55.330  -38.665 0.4000000060
27135  -30.369  -54.712  -39.225 0.4000000060
26119  -31.781  -55.978  -39.508 0.4000000060
26118  -30.866  -55.636  -39.036 0.4000000060
107549  -33.447  -54.140  -40.422 0.4000000060
28126  -35.495  -54.140  -40.134 0.4000000060
28125  -34.818  -54.092  -40.300 0.4000000060
26101  -24.734  -55.903  -36.503 0.5000000000
26102  -25.417  -55.308  -36.704 0.4000000060
106850  -27.355  -52.794  -34.246 0.4000000060
28102  -27.935  -53.204  -35.478 0.4000000060
26107  -25.823  -55.093  -37.382 0.5000000000
26108  -26.206  -54.952  -37.988 0.4000000060
26116  -28.023  -55.293  -38.367 0.4000000060
29993  -29.464  -52.045  -36.522 0.4000000060
27133  -28.756  -54.850  -38.629 0.4000000060
27134  -29.412  -54.428  -38.945 0.4000000060
104345  -34.833  -53.918  -39.603 0.3000000119
110837  -32.166  -54.326  -40.008 0.4000000060
27124  -25.659  -54.490  -36.685 0.4000000060
27127  -26.081  -54.200  -37.426 0.5000000000
28110  -26.317  -53.401  -37.611 0.4000000060
29986  -27.914  -51.942  -35.033 0.4000000060
28114  -27.051  -53.452  -38.120 0.4000000060
107175  -26.787  -54.919  -38.244 0.4000000060
28115  -27.876  -53.220  -38.498 0.4000000060
105095  -27.677  -53.844  -38.467 0.4000000060
102714  -28.342  -53.775  -38.706 0.4000000060
111242  -29.118  -53.733  -39.031 0.4000000060
27139  -31.144  -54.106  -39.699 0.4000000060
29083  -35.420  -52.450  -39.967 0.4000000060
28123  -32.573  -53.416  -40.232 0.4000000060
28124  -34.645  -53.329  -40.361 0.4000000060
28107  -25.759  -53.263  -36.896 0.4000000060
116815  -26.104  -52.734  -37.338 0.4000000060
29078  -26.605  -52.699  -37.751 0.4000000060
29079  -27.325  -52.593  -38.195 0.4000000060
28116  -28.714  -53.121  -38.885 0.4000000060
28118  -35.135  -52.875  -39.588 0.4000000060
28121  -29.692  -53.013  -39.370 0.4000000060
28122  -30.942  -53.230  -39.727 0.4000000060
29085  -30.737  -52.412  -39.632 0.4000000060
29086  -32.215  -52.521  -40.066 0.4000000060
100968  -26.226  -52.109  -37.424 0.4000000060
29074  -26.860  -51.950  -37.857 0.4000000060
30002  -27.719  -51.766  -38.289 0.4000000060
97112  -28.223  -52.469  -38.576 0.4000000060
30003  -28.658  -51.672  -38.675 0.4000000060
28120  -29.087  -52.378  -39.028 0.4000000060
29080  -29.529  -51.614  -39.128 0.4000000060
30006  -30.498  -51.633  -39.490 0.4000000060
30009  -35.145  -51.670  -39.613 0.3000000119
30007  -33.238  -51.080  -39.934 0.4000000060
106204  -34.095  -52.579  -40.353 0.4000000060
29996  -25.895  -51.580  -37.122 0.4000000060
29997  -26.436  -51.354  -37.499 0.4000000060
30870  -26.048  -50.798  -37.175 0.4000000060
29998  -27.250  -51.091  -37.909 0.4000000060
30877  -28.277  -50.801  -38.351 0.4000000060
30882  -30.188  -50.731  -39.254 0.4000000060
30005  -34.927  -51.580  -38.949 0.4000000060
29082  -35.176  -52.141  -39.527 0.3000000119
97953  -31.501  -50.937  -39.634 0.4000000060
30008  -34.929  -51.323  -39.883 0.5000000000
30886  -35.189  -50.709  -39.303 0.4000000060
30884  -32.729  -50.272  -39.666 0.5000000000
110344  -26.168  -50.089  -37.163 0.4000000060
31715  -26.687  -49.420  -37.305 0.4000000060
30871  -26.747  -50.374  -37.503 0.4000000060
31716  -27.358  -49.502  -37.574 0.4000000060
30872  -27.721  -50.125  -37.875 0.4000000060
30883  -31.281  -50.011  -39.436 0.4000000060
30885  -34.503  -50.522  -39.619 0.5000000000
32565  -26.559  -48.603  -37.154 0.4000000060
33339  -27.309  -47.620  -37.442 0.4000000060
32570  -27.556  -48.504  -37.548 0.4000000060
31724  -32.475  -49.350  -39.401 0.4000000060
31722  -33.697  -48.974  -39.101 0.5000000000
107611  -26.332  -47.790  -37.025 0.4000000060
33334  -27.180  -46.747  -37.423 0.4000000060
115353  -27.998  -46.650  -37.573 0.4000000060
32579  -33.449  -48.547  -38.673 0.5000000000
35633  -27.205  -43.603  -37.092 0.4000000060
33333  -26.083  -46.852  -36.949 0.4000000060
107002  -27.254  -44.504  -37.328 0.4000000060
34100  -27.202  -45.735  -37.446 0.4000000060
34828  -27.863  -44.617  -37.193 0.4000000060
98567  -28.001  -45.148  -36.663 0.5000000000
34099  -26.218  -45.698  -37.123 0.4000000060
25162  -32.544  -56.733  -40.140 0.5000000000
25165  -34.291  -56.510  -40.459 0.4000000060
16591  -28.921  -66.312  -40.451 0.5000000000
18131  -26.351  -64.606  -40.923 0.8000000119
18122  -26.435  -64.439  -39.102 0.8000000119
18119  -26.209  -64.346  -38.219 0.6999999881
16574  -30.610  -67.315  -36.504 0.5000000000
19749  -25.655  -62.368  -35.925 0.6999999881
21492  -24.367  -60.243  -36.362 0.6999999881
17319  -31.373  -66.825  -36.077 0.4000000060
18108  -30.213  -65.360  -36.028 0.4000000060
97669  -22.760  -60.482  -37.301 0.6000000238
100875  -29.616  -63.185  -36.291 0.4000000060
98933  -21.700  -59.728  -38.227 0.6000000238
24212  -22.198  -58.449  -37.625 0.5000000000
24213  -23.415  -58.312  -38.041 0.5000000000
24203  -23.700  -57.501  -37.539 0.5000000000
25142  -24.146  -56.765  -36.930 0.4000000060
27123  -25.117  -55.048  -35.909 0.4000000060
27118  -25.313  -54.004  -35.881 0.4000000060
29070  -25.613  -52.456  -36.608 0.4000000060
99732  -25.632  -51.768  -36.651 0.4000000060
30865  -25.823  -50.251  -36.812 0.4000000060
31712  -26.045  -49.466  -36.885 0.4000000060
32564  -25.844  -48.700  -36.545 0.4000000060
101078  -25.603  -47.877  -36.332 0.4000000060
35627  -26.554  -43.716  -37.164 0.4000000060
17346  -26.482  -65.452  -41.478 0.8000000119
18929  -27.939  -63.919  -40.710 0.8000000119
16586  -30.348  -65.862  -38.424 0.5000000000
19762  -27.897  -62.869  -38.353 0.6999999881
18124  -30.680  -64.934  -38.773 0.6000000238
18927  -31.191  -63.416  -40.370 0.6999999881
18926  -29.574  -63.337  -40.651 0.6999999881
18923  -31.764  -63.500  -39.277 0.6000000238
19771  -31.649  -62.425  -40.815 0.6000000238
19768  -30.826  -62.381  -40.699 0.6000000238
100957  -25.886  -59.903  -36.278 0.6999999881
22364  -24.741  -59.496  -36.879 0.6000000238
18914  -30.176  -64.272  -36.659 0.5000000000
18917  -30.925  -64.361  -37.591 0.5000000000
19753  -30.661  -62.344  -37.013 0.3000000119
24227  -32.343  -57.414  -40.068 0.5000000000
25158  -30.482  -56.323  -38.510 0.4000000060
108661  -35.068  -54.968  -39.991 0.4000000060
27138  -30.017  -53.877  -39.392 0.4000000060
29073  -25.814  -52.294  -37.064 0.4000000060
96693  -31.866  -51.746  -39.837 0.4000000060
34104  -28.044  -45.780  -37.440 0.4000000060
10936  -16.224  -73.038  -42.978 0.4000000060
10941  -17.236  -73.229  -43.675 0.4000000060
11737  -18.317  -73.017  -43.455 0.4000000060
12517  -17.606  -71.793  -42.723 0.4000000060
12518  -18.734  -72.135  -42.793 0.4000000060
97159  -19.938  -71.427  -42.503 0.4000000060
12520  -21.575  -71.398  -42.417 0.5000000000
12514  -17.907  -70.836  -41.949 0.4000000060
13275  -18.846  -71.078  -42.173 0.4000000060
13271  -19.744  -70.156  -41.993 0.5000000000
13276  -20.823  -70.786  -42.415 0.5000000000
13277  -21.788  -70.401  -42.411 0.6000000238
13265  -18.214  -69.970  -41.360 0.4000000060
99946  -18.792  -70.219  -41.698 0.4000000060
14124  -19.156  -69.579  -41.297 0.4000000060
16575  -31.394  -67.165  -36.310 0.3000000119
16570  -31.159  -67.349  -35.662 0.4000000060
18107  -29.249  -64.656  -35.471 0.3000000119
12521  -22.386  -71.130  -42.257 0.5000000000
15836  -27.447  -67.027  -37.936 0.5000000000
110056  -29.089  -67.601  -36.218 0.4000000060
13261  -19.621  -69.878  -39.757 0.4000000060
13272  -20.694  -69.630  -42.080 0.5000000000
13266  -18.706  -69.607  -40.544 0.4000000060
14128  -22.479  -69.878  -42.444 0.6000000238
14129  -23.363  -70.390  -42.273 0.6000000238
14127  -24.619  -69.574  -42.139 0.6999999881
14122  -24.226  -70.076  -41.934 0.6999999881
14996  -25.116  -68.851  -41.303 0.6999999881
15835  -26.565  -67.272  -38.772 0.6999999881
14123  -24.671  -69.453  -41.746 0.6999999881
14125  -20.070  -69.186  -41.461 0.5000000000
112302  -20.707  -68.804  -41.693 0.6000000238
112591  -21.435  -69.229  -42.186 0.6000000238
14999  -22.533  -68.294  -42.133 0.6000000238
113135  -19.750  -69.219  -40.882 0.4000000060
14998  -21.251  -68.296  -41.685 0.6000000238
15004  -23.139  -69.482  -42.469 0.6000000238
15000  -23.912  -69.145  -42.462 0.6000000238
104513  -24.717  -68.992  -42.349 0.6000000238
18906  -29.338  -64.035  -35.962 0.3000000119
14126  -24.076  -70.092  -42.201 0.6000000238
15001  -25.277  -69.027  -42.112 0.6999999881
16583  -27.537  -66.791  -39.537 0.6000000238
16584  -28.293  -66.439  -38.454 0.5000000000
14116  -21.240  -69.254  -39.724 0.6000000238
100091  -21.263  -68.403  -40.504 0.6000000238
14995  -21.630  -67.656  -40.764 0.6999999881
15840  -21.674  -67.602  -41.385 0.6000000238
15844  -22.575  -67.283  -41.560 0.6000000238
15845  -23.760  -68.153  -42.221 0.6000000238
14115  -20.455  -69.683  -39.869 0.5000000000
14993  -20.571  -68.613  -41.260 0.6000000238
15846  -25.071  -68.328  -42.204 0.6000000238
15002  -25.765  -68.543  -42.004 0.6999999881
15843  -26.885  -67.600  -41.331 0.6999999881
15842  -26.297  -68.002  -41.243 0.6999999881
106966  -28.410  -66.372  -39.693 0.6000000238
15839  -26.824  -67.452  -40.395 0.6999999881
14990  -21.875  -68.501  -39.477 0.6000000238
15837  -22.406  -67.417  -39.852 0.6999999881
16587  -22.649  -66.514  -40.586 0.6999999881
15841  -22.052  -66.927  -40.964 0.6999999881
16598  -23.673  -67.009  -41.666 0.6000000238
16596  -28.383  -67.052  -41.174 0.5000000000
110129  -25.786  -68.064  -42.080 0.6999999881
16589  -27.742  -67.333  -40.939 0.6000000238
17337  -23.807  -65.615  -40.195 0.6999999881
17343  -25.336  -65.003  -40.934 0.6999999881
16588  -23.191  -66.095  -40.172 0.6999999881
17342  -24.282  -65.391  -41.005 0.6000000238
115924  -24.986  -65.456  -41.252 0.5000000000
16592  -22.682  -66.465  -41.178 0.6999999881
16594  -23.935  -66.066  -41.381 0.6000000238
16599  -24.922  -67.127  -41.849 0.6999999881
16602  -27.894  -66.857  -41.524 0.5000000000
16600  -26.008  -67.215  -41.820 0.6999999881
16595  -27.543  -67.329  -41.361 0.6000000238
17334  -25.214  -64.953  -39.741 0.6999999881
18127  -25.918  -64.675  -39.941 0.6999999881
101179  -25.602  -64.776  -38.776 0.6999999881
16601  -26.924  -66.701  -41.679 0.6000000238
16578  -28.576  -66.833  -37.162 0.5000000000
103168  -25.735  -65.898  -41.601 0.6000000238
11736  -17.281  -72.721  -43.503 0.4000000060
113333  -20.811  -71.738  -42.600 0.4000000060
15838  -25.855  -67.638  -39.588 0.6999999881
14121  -20.571  -68.665  -40.798 0.6999999881
14994  -21.053  -68.079  -41.141 0.6000000238
17341  -23.407  -65.725  -40.943 0.6999999881
17345  -24.916  -66.088  -41.551 0.6000000238
17338  -24.554  -65.256  -40.084 0.6000000238
103953  -22.831  -66.709  -39.679 0.5000000000
14108  -20.856  -69.690  -38.935 0.4000000060
14987  -22.319  -67.978  -38.863 0.5000000000
16581  -23.055  -66.397  -38.870 0.6000000238
14096  -20.744  -69.856  -37.858 0.4000000060
14097  -21.485  -69.301  -37.515 0.5000000000
14986  -21.979  -68.639  -38.224 0.5000000000
16577  -23.285  -65.792  -38.147 0.5000000000
15834  -22.645  -67.237  -38.899 0.5000000000
16582  -23.582  -65.812  -39.195 0.6000000238
97426  -23.986  -65.368  -38.342 0.5000000000
18121  -24.806  -64.875  -38.005 0.6999999881
17325  -24.243  -65.040  -37.063 0.6000000238
18117  -25.033  -64.711  -37.036 0.6000000238
14086  -20.917  -69.687  -36.829 0.5000000000
14978  -21.831  -68.527  -37.291 0.5000000000
15830  -22.216  -66.935  -37.491 0.5000000000
16576  -22.746  -66.296  -37.789 0.5000000000
98893  -22.574  -66.878  -38.231 0.5000000000
17333  -24.758  -65.228  -39.025 0.6000000238
17329  -23.568  -65.457  -37.430 0.6000000238
18115  -25.501  -64.192  -36.721 0.6000000238
14973  -21.491  -68.324  -36.467 0.5000000000
15829  -21.929  -67.690  -37.088 0.5000000000
15825  -21.861  -66.973  -36.934 0.5000000000
16573  -22.270  -66.307  -36.940 0.5000000000
17324  -23.352  -65.104  -36.564 0.5000000000
18118  -25.614  -64.490  -37.602 0.6000000238
98962  -23.939  -64.567  -36.328 0.5000000000
18912  -24.998  -63.674  -36.091 0.6000000238
14972  -20.915  -69.161  -36.095 0.5000000000
15824  -21.573  -67.377  -36.517 0.5000000000
16572  -21.575  -66.604  -36.490 0.5000000000
99531  -21.211  -66.013  -36.209 0.5000000000
18111  -21.117  -65.279  -36.105 0.6000000238
17322  -21.765  -65.879  -36.473 0.4000000060
18910  -20.617  -64.358  -36.124 0.4000000060
18105  -21.853  -64.378  -35.842 0.5000000000
18112  -22.651  -64.751  -36.059 0.5000000000
17323  -22.534  -65.505  -36.547 0.4000000060
19747  -20.689  -62.749  -36.525 0.4000000060
19739  -21.887  -62.758  -35.791 0.5000000000
18106  -22.684  -64.073  -35.715 0.5000000000
18902  -23.164  -63.606  -35.596 0.6000000238
18911  -24.064  -63.856  -35.840 0.6000000238
18904  -25.203  -62.975  -35.856 0.6000000238
19742  -24.830  -62.363  -35.629 0.6000000238
98105  -21.538  -62.180  -36.384 0.5000000000
19748  -22.471  -61.935  -35.894 0.5000000000
19740  -22.817  -62.815  -35.512 0.5000000000
20609  -20.588  -61.872  -37.450 0.4000000060
20610  -21.729  -61.466  -36.864 0.5000000000
19741  -23.441  -62.192  -35.521 0.6000000238
20602  -24.254  -61.667  -35.595 0.6000000238
20611  -22.640  -61.046  -36.576 0.5000000000
23278  -21.329  -58.957  -37.859 0.3000000119
111475  -20.773  -59.949  -38.339 0.4000000060
21489  -21.020  -61.034  -38.048 0.4000000060
21490  -22.040  -60.786  -37.673 0.5000000000
20601  -23.366  -61.338  -35.894 0.5000000000
21482  -24.036  -60.897  -35.918 0.6000000238
26095  -24.397  -55.559  -35.375 0.3000000119
25134  -23.948  -56.329  -35.804 0.3000000119
25141  -23.330  -56.931  -36.421 0.4000000060
24202  -22.759  -57.651  -37.065 0.4000000060
28100  -24.861  -53.586  -35.061 0.3000000119
29065  -25.404  -52.141  -35.868 0.3000000119
29985  -25.424  -51.098  -35.764 0.3000000119
109820  -25.638  -50.433  -36.324 0.3000000119
31711  -25.624  -49.609  -36.240 0.3000000119
32556  -25.419  -48.698  -35.787 0.3000000119
33324  -25.417  -47.205  -36.201 0.3000000119
100518  -25.551  -46.506  -36.482 0.3000000119
105517  -21.434  -60.393  -38.237 0.5000000000
14979  -22.282  -67.764  -37.983 0.5000000000
18113  -23.329  -64.343  -35.920 0.5000000000
102678  -23.697  -63.026  -35.482 0.6000000238
15832  -26.759  -67.795  -37.593 0.3000000119
14991  -24.725  -68.564  -39.656 0.6000000238
14989  -25.155  -68.037  -38.971 0.6000000238
15803  -28.270  -67.150  -33.548 0.3000000119
14960  -28.890  -68.030  -34.594 0.3000000119
15820  -29.511  -68.020  -35.157 0.3000000119
15821  -30.525  -67.581  -35.282 0.3000000119
14968  -28.480  -68.464  -35.391 0.3000000119
15827  -30.020  -67.732  -35.652 0.3000000119
15828  -31.092  -67.486  -35.810 0.3000000119
14988  -24.837  -68.589  -38.571 0.6000000238
16563  -27.930  -66.663  -33.089 0.3000000119
16566  -29.543  -67.121  -33.905 0.3000000119
15815  -29.749  -67.594  -34.555 0.3000000119
16567  -30.353  -67.274  -34.855 0.3000000119
15826  -28.675  -68.373  -35.761 0.3000000119
15833  -27.854  -67.962  -36.724 0.3000000119
14983  -27.373  -69.048  -37.061 0.4000000060
13252  -20.192  -70.060  -38.871 0.4000000060
16557  -26.661  -66.118  -32.428 0.3000000119
17310  -28.277  -66.190  -32.860 0.3000000119
17311  -28.869  -66.322  -33.510 0.3000000119
17314  -29.731  -66.534  -34.333 0.3000000119
11733  -20.526  -73.166  -42.174 0.5000000000
10942  -17.994  -73.629  -43.582 0.4000000060
10943  -19.422  -73.532  -43.117 0.4000000060
10940  -19.937  -74.088  -42.449 0.5000000000
12511  -22.216  -71.172  -40.898 0.5000000000
11730  -20.962  -72.399  -40.905 0.5000000000
11738  -20.267  -72.803  -42.694 0.5000000000
11734  -21.178  -72.307  -42.349 0.5000000000
13253  -22.979  -70.872  -39.213 0.6000000238
13262  -22.766  -70.701  -40.401 0.6000000238
13267  -23.033  -70.811  -41.762 0.5000000000
12510  -21.767  -71.766  -41.725 0.5000000000
12519  -19.901  -72.491  -42.827 0.3000000119
11739  -21.054  -72.114  -42.538 0.4000000060
14110  -23.746  -69.715  -39.192 0.6000000238
13268  -23.400  -70.303  -41.238 0.6000000238
12515  -21.802  -71.641  -42.254 0.4000000060
12516  -22.520  -71.249  -42.055 0.5000000000
14980  -25.102  -69.120  -37.935 0.6000000238
108733  -28.118  -69.067  -35.921 0.3000000119
14118  -24.317  -69.160  -40.293 0.6000000238
13273  -23.048  -70.810  -42.137 0.4000000060
14967  -27.675  -69.113  -35.618 0.3000000119
15813  -28.082  -67.667  -34.122 0.3000000119
14974  -27.841  -69.133  -36.367 0.3000000119
14982  -26.409  -68.661  -37.520 0.5000000000
14111  -24.384  -69.189  -38.650 0.6000000238
13263  -23.237  -70.228  -39.817 0.6000000238
14101  -27.419  -69.524  -36.777 0.3000000119
13254  -23.817  -70.699  -38.530 0.5000000000
13245  -25.781  -71.061  -37.952 0.5000000000
98531  -24.491  -70.164  -38.243 0.5000000000
14098  -25.370  -70.077  -37.794 0.5000000000
13255  -25.504  -71.415  -38.142 0.5000000000
12500  -23.478  -71.576  -38.684 0.5000000000
12496  -25.976  -71.571  -37.940 0.4000000060
12491  -26.212  -70.893  -37.364 0.4000000060
13240  -26.807  -70.238  -37.138 0.4000000060
14099  -26.338  -69.765  -37.458 0.5000000000
12507  -22.504  -71.406  -39.477 0.5000000000
14100  -27.127  -69.701  -37.141 0.4000000060
6393  -20.621  -81.044  -40.289 0.3000000119
5728  -20.068  -81.489  -39.752 0.3000000119
6386  -21.469  -80.458  -39.872 0.3000000119
7126  -21.868  -79.415  -40.568 0.3000000119
7115  -22.553  -79.743  -39.623 0.4000000060
101730  -21.118  -80.083  -40.580 0.3000000119
97658  -21.148  -79.474  -41.552 0.3000000119
7116  -23.400  -79.218  -39.542 0.4000000060
7127  -22.898  -78.486  -40.357 0.4000000060
99674  -21.908  -78.683  -41.606 0.3000000119
7140  -21.019  -79.100  -42.740 0.3000000119
7128  -24.032  -78.349  -39.982 0.4000000060
7897  -23.869  -77.408  -40.781 0.4000000060
7148  -20.427  -79.042  -43.337 0.4000000060
7904  -20.839  -78.592  -43.102 0.4000000060
9453  -24.796  -75.667  -39.196 0.3000000119
8689  -24.689  -76.492  -40.293 0.4000000060
8688  -24.265  -76.645  -40.793 0.4000000060
8696  -23.758  -76.876  -40.995 0.4000000060
8694  -22.061  -77.108  -41.423 0.4000000060
8705  -21.128  -77.529  -42.398 0.4000000060
9448  -24.518  -74.983  -38.385 0.3000000119
9460  -24.670  -75.652  -40.005 0.4000000060
9459  -23.693  -75.521  -40.228 0.4000000060
106770  -24.438  -75.958  -40.500 0.4000000060
9466  -22.743  -76.274  -40.658 0.4000000060
9458  -22.205  -75.219  -40.003 0.4000000060
9465  -21.503  -75.839  -40.757 0.4000000060
8693  -21.026  -76.380  -41.516 0.4000000060
8704  -20.320  -76.323  -42.419 0.4000000060
10178  -25.005  -73.969  -39.267 0.4000000060
10186  -24.695  -74.533  -39.613 0.4000000060
10184  -21.787  -74.260  -39.688 0.4000000060
10192  -21.109  -74.810  -40.413 0.4000000060
9464  -20.532  -75.378  -41.524 0.4000000060
103209  -19.304  -76.275  -43.445 0.4000000060
10935  -24.172  -73.800  -39.338 0.4000000060
10934  -22.512  -73.641  -39.242 0.4000000060
10933  -21.468  -73.396  -39.703 0.4000000060
10183  -20.897  -73.893  -40.321 0.4000000060
10197  -19.668  -74.856  -42.618 0.4000000060
10937  -20.481  -73.706  -41.160 0.4000000060
11724  -23.276  -73.021  -38.935 0.4000000060
11727  -22.065  -72.834  -39.259 0.4000000060
12506  -21.734  -72.002  -39.950 0.4000000060
12501  -25.156  -71.898  -38.388 0.4000000060
106558  -22.783  -72.251  -38.941 0.4000000060
12490  -25.870  -71.671  -37.672 0.3000000119
10932  -20.789  -73.090  -40.550 0.4000000060
14088  -26.809  -70.276  -36.782 0.3000000119
7896  -22.865  -77.566  -41.080 0.4000000060
8695  -23.060  -77.122  -41.053 0.4000000060
7895  -21.864  -78.109  -41.983 0.4000000060
9467  -23.930  -76.434  -40.908 0.4000000060
101038  -25.120  -73.976  -39.172 0.3000000119
10179  -24.468  -74.640  -39.656 0.4000000060
108297  -24.499  -75.218  -39.990 0.4000000060
10185  -23.140  -74.569  -39.489 0.4000000060
10191  -20.468  -74.406  -41.270 0.4000000060
111926  -21.310  -72.691  -39.978 0.4000000060
11725  -24.578  -72.643  -38.685 0.4000000060
7874  -25.996  -77.971  -38.633 0.3000000119
6379  -24.446  -79.923  -38.086 0.3000000119
6378  -23.571  -80.203  -38.269 0.3000000119
7105  -24.136  -79.430  -38.966 0.3000000119
7884  -25.508  -78.267  -39.049 0.3000000119
7117  -24.806  -78.374  -39.484 0.3000000119
113320  -25.277  -77.443  -39.064 0.3000000119
7890  -25.028  -77.427  -39.679 0.3000000119
8682  -24.893  -76.518  -39.517 0.3000000119
10929  -25.113  -73.435  -38.760 0.3000000119
11721  -25.552  -72.527  -38.284 0.3000000119
12495  -25.992  -71.996  -38.270 0.3000000119
98053  -25.076  -76.916  -38.495 0.3000000119
10928  -24.823  -73.438  -39.114 0.3000000119
5735  -20.783  -81.119  -40.005 0.3000000119
5744  -20.224  -81.472  -40.108 0.3000000119
7889  -24.522  -77.397  -40.321 0.4000000060
11732  -16.535  -72.961  -43.416 0.4000000060
12502  -26.056  -72.060  -38.286 0.4000000060
13246  -26.133  -70.865  -37.413 0.4000000060
13274  -23.631  -70.464  -42.054 0.6999999881
13278  -22.735  -70.626  -42.351 0.5000000000
14087  -21.415  -69.113  -36.785 0.5000000000
14109  -21.467  -69.327  -38.573 0.4000000060
14117  -23.802  -69.740  -40.677 0.6000000238
14959  -27.898  -68.407  -34.823 0.3000000119
14981  -25.419  -68.475  -37.957 0.5000000000
14992  -25.489  -68.264  -40.567 0.6999999881
14997  -25.801  -68.511  -41.848 0.6999999881
15003  -22.095  -68.929  -42.283 0.6000000238
15814  -29.049  -67.419  -33.879 0.3000000119
15831  -25.845  -67.805  -38.252 0.5000000000
15847  -26.210  -68.081  -41.789 0.6999999881
15848  -26.758  -67.538  -41.556 0.6000000238
16564  -28.691  -66.813  -33.393 0.3000000119
16569  -21.289  -67.030  -36.144 0.5000000000
16590  -28.423  -66.891  -40.745 0.5000000000
16593  -23.157  -66.076  -41.162 0.6000000238
16597  -28.817  -66.722  -41.138 0.5000000000
16603  -28.472  -66.540  -41.388 0.5000000000
17328  -22.986  -65.790  -37.133 0.5000000000
17331  -31.048  -65.683  -38.072 0.5000000000
17332  -24.110  -65.484  -39.367 0.5000000000
18114  -24.662  -64.405  -36.454 0.6000000238
18126  -31.482  -64.000  -39.315 0.6000000238
18132  -27.795  -64.591  -41.192 0.8000000119
18900  -21.302  -63.536  -35.881 0.5000000000
18901  -22.328  -63.506  -35.624 0.5000000000
18903  -24.502  -63.091  -35.653 0.6000000238
18922  -31.379  -64.114  -38.534 0.6000000238
18932  -31.865  -62.748  -40.462 0.5000000000
19758  -27.524  -62.553  -37.497 0.6999999881
19769  -32.380  -62.041  -40.884 0.6000000238
20603  -25.205  -61.612  -35.753 0.6000000238
20612  -25.991  -61.715  -35.995 0.6999999881
20613  -26.626  -61.505  -36.320 0.6999999881
20616  -30.423  -61.430  -36.539 0.3000000119
20620  -28.352  -61.243  -37.524 0.6999999881
20621  -29.151  -61.081  -38.270 0.6000000238
20622  -30.972  -61.685  -37.247 0.5000000000
20633  -32.770  -61.353  -40.992 0.5000000000
21495  -27.911  -59.909  -36.620 0.6999999881
21502  -22.393  -60.234  -38.071 0.5000000000
21513  -33.441  -60.140  -40.039 0.5000000000
21514  -31.393  -60.284  -40.461 0.5000000000
21515  -32.666  -60.345  -40.989 0.5000000000
21516  -33.362  -60.357  -40.665 0.5000000000
22378  -28.720  -59.688  -37.177 0.5000000000
22385  -32.522  -59.757  -38.718 0.5000000000
22390  -33.316  -60.373  -40.921 0.5000000000
23275  -31.783  -58.714  -37.222 0.3000000119
23286  -32.496  -58.537  -38.106 0.3000000119
23287  -33.612  -58.705  -39.678 0.4000000060
23288  -32.064  -58.100  -40.066 0.5000000000
23291  -33.442  -58.170  -40.513 0.4000000060
24205  -26.794  -58.149  -37.039 0.6000000238
24208  -31.473  -57.313  -36.834 0.3000000119
24217  -28.404  -57.730  -37.086 0.6000000238
24219  -30.220  -57.682  -38.008 0.5000000000
24220  -32.374  -57.524  -37.767 0.3000000119
24223  -25.571  -56.949  -38.292 0.5000000000
24229  -34.378  -56.919  -40.246 0.4000000060
24231  -34.103  -57.226  -40.414 0.4000000060
25147  -25.358  -56.376  -38.141 0.5000000000
25156  -28.511  -55.978  -38.027 0.4000000060
25157  -29.429  -56.108  -38.176 0.4000000060
25164  -34.595  -56.435  -40.085 0.4000000060
26096  -29.376  -55.707  -35.655 0.4000000060
26103  -28.902  -54.973  -35.965 0.3000000119
26105  -31.313  -56.145  -37.062 0.3000000119
26121  -34.831  -55.676  -39.989 0.4000000060
26122  -31.595  -55.077  -39.606 0.4000000060
26123  -32.662  -55.944  -40.182 0.4000000060
26125  -35.123  -54.841  -40.031 0.4000000060
26126  -35.165  -54.512  -40.149 0.4000000060
26128  -34.895  -55.030  -40.203 0.4000000060
27110  -28.313  -54.752  -35.372 0.4000000060
27128  -26.589  -54.184  -37.956 0.4000000060
27131  -27.234  -54.290  -38.292 0.4000000060
27132  -27.995  -54.458  -38.557 0.4000000060
27137  -35.192  -54.379  -40.081 0.4000000060
27140  -32.795  -55.047  -40.317 0.4000000060
27141  -33.948  -54.900  -40.513 0.4000000060
27142  -35.326  -54.178  -40.148 0.4000000060
27143  -34.787  -54.679  -40.315 0.4000000060
28095  -27.496  -53.577  -34.669 0.4000000060
28101  -25.405  -53.017  -35.901 0.4000000060
28103  -28.279  -53.593  -35.914 0.4000000060
28108  -28.731  -53.542  -36.424 0.4000000060
28111  -30.030  -53.088  -37.345 0.4000000060
28119  -35.248  -53.465  -40.101 0.4000000060
29066  -27.674  -52.622  -34.915 0.4000000060
29067  -28.165  -52.423  -35.528 0.4000000060
29072  -28.989  -52.767  -36.563 0.4000000060
29075  -29.706  -52.597  -36.999 0.4000000060
29084  -29.832  -52.232  -39.360 0.4000000060
29087  -35.238  -52.077  -40.107 0.3000000119
29991  -25.733  -51.024  -36.721 0.4000000060
30004  -29.193  -50.904  -38.771 0.4000000060
31725  -33.995  -49.725  -39.433 0.5000000000
34101  -28.226  -45.444  -37.245 0.5000000000
34827  -26.144  -44.818  -37.147 0.4000000060
34831  -27.894  -45.066  -37.366 0.4000000060
35628  -27.254  -43.500  -36.907 0.4000000060
35629  -27.501  -44.002  -37.093 0.4000000060
96747  -33.679  -51.834  -40.172 0.5000000000
97578  -27.144  -64.315  -40.690 0.8000000119
97670  -20.233  -63.555  -36.479 0.4000000060
101041  -31.746  -59.676  -37.512 0.3000000119
101196  -17.141  -70.539  -41.672 0.4000000060
101698  -34.726  -55.673  -40.157 0.4000000060
103568  -19.222  -73.156  -43.198 0.4000000060
104812  -35.358  -52.683  -40.130 0.3000000119
106834  -27.831  -57.191  -37.334 0.5000000000
107576  -27.423  -54.903  -38.379 0.4000000060
108467  -28.785  -66.743  -41.119 0.5000000000
108588  -28.711  -58.918  -36.933 0.6000000238
108622  -22.263  -59.188  -38.074 0.6000000238
111660  -24.587  -54.650  -34.967 0.3000000119
113448  -24.146  -62.478  -35.501 0.6000000238
113490  -30.845  -65.555  -38.262 0.6000000238
113902  -22.937  -66.044  -40.954 0.6999999881
113981  -30.742  -55.218  -37.065 0.3000000119
114427  -21.998  -65.183  -36.204 0.5000000000
116035  -28.699  -54.228  -38.773 0.4000000060
116648  -24.147  -74.934  -39.870 0.4000000060
