#!ascii label  , from subject sub-v2s9x29161_ses-1 vox2ras=TkReg
317
56429  -23.360  -19.406  -32.991 0.0000000000
59597  -22.051  -15.604  -34.155 0.0000000000
69477  -20.794  -2.415  -33.298 0.0000000000
66465  -22.635  -6.573  -32.542 0.0000000000
62631  -25.318  -11.392  -32.594 0.0000000000
59587  -27.579  -14.888  -34.821 0.0000000000
70833  -19.612  -0.408  -33.464 0.0000000000
64169  -24.459  -9.072  -32.028 0.0000000000
63423  -22.109  -11.026  -33.580 0.0000000000
110026  -23.140  -18.317  -34.691 0.0000000000
60377  -25.658  -15.749  -35.006 0.0000000000
57278  -25.728  -18.186  -34.112 0.0000000000
53795  -18.216  -22.452  -30.594 0.0000000000
55582  -20.789  -20.485  -33.767 0.0000000000
75194  -20.148  6.235  -34.460 0.0000000000
74001  -20.603  3.582  -33.322 0.0000000000
72489  -21.672  1.464  -32.635 0.0000000000
70825  -22.514  -0.267  -32.267 0.0000000000
69468  -24.176  -2.403  -31.619 0.0000000000
68057  -21.658  -4.493  -32.787 0.0000000000
67262  -25.659  -4.818  -32.270 0.0000000000
66469  -26.085  -6.665  -32.410 0.0000000000
113292  -27.205  -9.197  -33.406 0.0000000000
63401  -29.475  -11.150  -35.030 0.0000000000
61114  -23.981  -13.264  -33.680 0.0000000000
61872  -27.485  -13.524  -34.564 0.0000000000
63410  -21.580  -10.230  -33.634 0.0000000000
62654  -21.194  -10.955  -33.865 0.0000000000
56440  -23.013  -19.332  -34.044 0.0000000000
57277  -24.579  -18.336  -34.364 0.0000000000
57261  -24.956  -18.692  -33.396 0.0000000000
51419  -17.818  -25.131  -27.179 0.0000000000
52204  -18.037  -24.104  -28.229 0.0000000000
52959  -18.396  -23.526  -28.648 0.0000000000
97473  -20.235  -18.522  -33.692 0.0000000000
57259  -18.941  -19.105  -32.883 0.0000000000
103827  -20.906  2.829  -33.060 0.0000000000
70140  -20.467  -1.750  -33.376 0.0000000000
70824  -21.573  -0.400  -32.519 0.0000000000
70142  -21.764  -1.892  -32.527 0.0000000000
70130  -23.732  -1.620  -31.673 0.0000000000
69479  -22.146  -2.414  -32.304 0.0000000000
103140  -22.963  -5.716  -32.212 0.0000000000
67246  -23.278  -4.734  -31.660 0.0000000000
67247  -24.111  -5.428  -31.456 0.0000000000
67249  -25.797  -5.754  -32.083 0.0000000000
66467  -24.697  -6.716  -31.465 0.0000000000
64185  -24.584  -9.767  -32.206 0.0000000000
64928  -25.642  -8.666  -31.820 0.0000000000
64186  -26.591  -10.485  -32.746 0.0000000000
64188  -28.554  -10.065  -34.841 0.0000000000
105187  -27.498  -11.565  -33.678 0.0000000000
102484  -21.379  -13.860  -33.734 0.0000000000
61128  -22.108  -13.360  -33.705 0.0000000000
60375  -23.260  -14.995  -34.249 0.0000000000
59586  -26.963  -15.217  -35.126 0.0000000000
60361  -26.087  -15.036  -34.758 0.0000000000
60363  -27.702  -14.267  -35.131 0.0000000000
61862  -28.214  -13.064  -34.860 0.0000000000
101157  -28.137  -13.791  -33.182 0.0000000000
54615  -19.622  -21.871  -30.392 0.0000000000
54640  -18.785  -21.826  -31.800 0.0000000000
108928  -20.198  -21.456  -30.993 0.0000000000
55557  -20.858  -21.022  -31.535 0.0000000000
107334  -22.025  -7.975  -33.082 0.0000000000
65678  -23.742  -7.813  -32.089 0.0000000000
64949  -22.796  -9.077  -32.744 0.0000000000
63412  -23.281  -10.351  -32.947 0.0000000000
107513  -23.756  -11.025  -32.862 0.0000000000
99512  -22.477  -16.909  -34.480 0.0000000000
59599  -23.818  -15.975  -34.507 0.0000000000
97807  -24.831  -17.098  -35.146 0.0000000000
58848  -25.733  -16.627  -35.162 0.0000000000
109836  -26.530  -17.105  -34.040 0.0000000000
53774  -18.689  -22.970  -29.172 0.0000000000
58843  -21.145  -16.454  -33.885 0.0000000000
57284  -21.785  -18.505  -34.463 0.0000000000
57275  -21.757  -19.435  -34.357 0.0000000000
56427  -21.799  -20.202  -33.648 0.0000000000
75759  -20.361  7.046  -35.422 0.0000000000
74616  -19.186  4.808  -33.657 0.0000000000
74617  -20.365  4.386  -33.553 0.0000000000
74002  -22.346  3.955  -33.710 0.0000000000
73283  -22.723  2.835  -33.036 0.0000000000
73272  -23.183  2.182  -32.728 0.0000000000
71632  -20.450  0.365  -32.999 0.0000000000
71624  -21.899  0.512  -32.507 0.0000000000
71626  -23.989  0.685  -32.385 0.0000000000
70827  -24.282  -0.201  -32.206 0.0000000000
70828  -24.883  -1.056  -32.429 0.0000000000
69470  -25.338  -2.449  -32.490 0.0000000000
107965  -21.287  -3.774  -33.076 0.0000000000
68046  -22.960  -3.857  -31.782 0.0000000000
68793  -24.690  -3.180  -31.684 0.0000000000
97110  -25.600  -3.812  -33.558 0.0000000000
68058  -25.746  -4.590  -33.505 0.0000000000
66488  -27.228  -7.258  -35.163 0.0000000000
65663  -25.196  -8.024  -31.574 0.0000000000
65681  -26.534  -7.640  -32.818 0.0000000000
61884  -21.427  -12.414  -33.720 0.0000000000
61886  -23.269  -12.484  -33.559 0.0000000000
96433  -24.232  -12.459  -33.331 0.0000000000
60376  -25.018  -15.047  -34.412 0.0000000000
61871  -25.161  -13.316  -33.505 0.0000000000
62645  -25.456  -12.405  -33.074 0.0000000000
62633  -28.072  -12.507  -34.380 0.0000000000
62635  -29.281  -11.643  -34.678 0.0000000000
55574  -19.806  -21.182  -33.236 0.0000000000
55567  -21.366  -20.661  -32.278 0.0000000000
55568  -22.175  -20.245  -31.797 0.0000000000
57260  -23.982  -18.920  -33.611 0.0000000000
56430  -24.289  -19.143  -32.647 0.0000000000
56416  -23.626  -19.502  -31.950 0.0000000000
51420  -18.640  -25.032  -26.821 0.0000000000
52184  -17.596  -24.653  -27.882 0.0000000000
52185  -18.372  -24.521  -27.522 0.0000000000
70141  -21.174  -1.799  -32.952 0.0000000000
69478  -21.394  -2.453  -32.871 0.0000000000
108258  -21.916  -5.986  -32.903 0.0000000000
66466  -23.729  -6.397  -31.678 0.0000000000
102061  -24.690  -5.978  -31.432 0.0000000000
63398  -25.239  -10.500  -32.298 0.0000000000
63399  -26.105  -11.149  -32.655 0.0000000000
60373  -21.566  -14.785  -33.810 0.0000000000
60374  -22.316  -14.351  -33.894 0.0000000000
103458  -22.393  -15.066  -34.115 0.0000000000
60351  -27.964  -14.160  -34.408 0.0000000000
60341  -27.752  -14.484  -32.494 0.0000000000
59573  -27.356  -15.257  -33.228 0.0000000000
64947  -21.403  -8.244  -33.448 0.0000000000
64948  -22.020  -8.710  -33.147 0.0000000000
63411  -22.501  -10.337  -33.344 0.0000000000
62643  -22.985  -11.019  -33.353 0.0000000000
58093  -22.652  -17.889  -34.650 0.0000000000
110870  -23.219  -17.183  -34.643 0.0000000000
58094  -23.805  -17.673  -34.811 0.0000000000
58081  -25.236  -17.783  -34.825 0.0000000000
58082  -25.755  -17.400  -34.769 0.0000000000
58835  -26.135  -16.836  -34.663 0.0000000000
58083  -26.353  -17.703  -34.092 0.0000000000
58068  -27.108  -17.891  -33.441 0.0000000000
57263  -26.672  -18.454  -33.373 0.0000000000
51418  -17.059  -25.201  -27.655 0.0000000000
115629  -16.507  -25.586  -27.463 0.0000000000
53775  -19.477  -22.676  -28.939 0.0000000000
58092  -21.696  -17.351  -34.287 0.0000000000
101095  -20.488  -19.513  -33.837 0.0000000000
57274  -21.073  -19.079  -34.224 0.0000000000
56438  -20.972  -19.926  -34.078 0.0000000000
99277  -22.126  -19.768  -34.106 0.0000000000
56439  -21.408  -20.157  -34.016 0.0000000000
75186  -19.108  5.881  -33.964 0.0000000000
75743  -19.808  7.048  -34.776 0.0000000000
75744  -20.951  6.407  -35.008 0.0000000000
74000  -19.579  3.805  -33.459 0.0000000000
111005  -20.899  4.715  -33.699 0.0000000000
74618  -21.362  4.256  -33.610 0.0000000000
108590  -21.545  3.465  -33.267 0.0000000000
72488  -21.311  2.173  -32.786 0.0000000000
73282  -21.823  2.827  -32.936 0.0000000000
73271  -22.234  2.200  -32.686 0.0000000000
70834  -20.276  -0.305  -33.152 0.0000000000
71625  -23.066  0.672  -32.375 0.0000000000
107979  -23.505  0.067  -32.180 0.0000000000
71627  -24.508  0.535  -32.743 0.0000000000
103083  -24.226  -1.037  -31.835 0.0000000000
70131  -24.592  -1.719  -31.842 0.0000000000
70143  -25.366  -1.721  -32.998 0.0000000000
69469  -25.019  -2.444  -31.897 0.0000000000
67260  -21.409  -5.254  -33.149 0.0000000000
68056  -20.909  -4.551  -33.391 0.0000000000
111415  -22.045  -3.796  -32.460 0.0000000000
116793  -22.404  -4.407  -32.279 0.0000000000
106516  -24.452  -4.666  -31.513 0.0000000000
68047  -24.102  -3.929  -31.493 0.0000000000
68048  -25.118  -4.099  -31.767 0.0000000000
102701  -25.546  -3.903  -32.512 0.0000000000
67263  -25.974  -5.483  -33.348 0.0000000000
67250  -26.215  -6.233  -33.221 0.0000000000
67275  -26.574  -6.302  -34.512 0.0000000000
66478  -26.785  -7.116  -33.907 0.0000000000
64940  -24.439  -8.294  -31.799 0.0000000000
65679  -24.620  -7.489  -31.565 0.0000000000
64929  -26.315  -8.682  -32.242 0.0000000000
65665  -26.615  -8.372  -32.667 0.0000000000
104030  -27.236  -8.017  -34.274 0.0000000000
64950  -27.259  -8.556  -33.858 0.0000000000
63400  -28.640  -10.941  -34.615 0.0000000000
61883  -20.519  -12.331  -34.137 0.0000000000
96617  -23.066  -13.253  -33.732 0.0000000000
61885  -22.388  -12.501  -33.637 0.0000000000
59600  -25.055  -16.337  -35.123 0.0000000000
96674  -24.484  -15.468  -34.524 0.0000000000
61116  -26.564  -14.167  -34.409 0.0000000000
114147  -26.233  -13.238  -33.712 0.0000000000
61861  -26.981  -12.820  -33.777 0.0000000000
61873  -28.289  -13.102  -35.004 0.0000000000
61863  -28.649  -12.747  -34.331 0.0000000000
62634  -28.711  -12.534  -34.510 0.0000000000
111146  -29.053  -12.280  -34.264 0.0000000000
55566  -20.475  -21.331  -32.844 0.0000000000
105525  -21.665  -20.597  -31.378 0.0000000000
64197  -21.074  -9.208  -33.768 0.0000000000
104523  -23.053  -18.816  -34.534 0.0000000000
57286  -23.784  -18.266  -34.692 0.0000000000
101432  -23.645  -18.715  -34.280 0.0000000000
57262  -25.893  -18.705  -33.295 0.0000000000
57251  -25.357  -19.049  -32.478 0.0000000000
52949  -18.820  -23.887  -27.933 0.0000000000
57272  -19.334  -18.366  -33.197 0.0000000000
57273  -19.761  -19.384  -33.460 0.0000000000
56437  -20.238  -20.386  -33.655 0.0000000000
112606  -20.912  1.499  -32.806 0.0000000000
70835  -20.905  -0.956  -32.985 0.0000000000
70129  -21.800  -1.129  -32.427 0.0000000000
114185  -22.532  -0.909  -32.083 0.0000000000
70826  -23.360  -0.758  -31.903 0.0000000000
100645  -22.605  -1.561  -31.941 0.0000000000
69467  -23.161  -2.356  -31.692 0.0000000000
67261  -22.229  -5.110  -32.474 0.0000000000
67248  -25.138  -5.260  -31.604 0.0000000000
66468  -25.382  -6.331  -31.630 0.0000000000
64927  -25.091  -8.686  -31.682 0.0000000000
64170  -25.429  -9.471  -31.970 0.0000000000
64171  -26.397  -9.408  -32.374 0.0000000000
64187  -27.473  -10.056  -33.637 0.0000000000
98080  -20.985  -13.047  -33.783 0.0000000000
102240  -23.076  -14.064  -33.939 0.0000000000
59602  -26.470  -15.620  -34.970 0.0000000000
60362  -27.328  -14.852  -34.916 0.0000000000
61117  -27.843  -13.933  -35.063 0.0000000000
105724  -28.072  -13.416  -34.971 0.0000000000
61118  -28.124  -13.548  -35.120 0.0000000000
61105  -28.343  -13.360  -34.396 0.0000000000
61096  -28.455  -13.210  -33.013 0.0000000000
53783  -18.942  -22.360  -29.857 0.0000000000
54629  -18.775  -22.087  -30.974 0.0000000000
101978  -19.435  -21.764  -31.563 0.0000000000
54641  -20.015  -21.628  -32.297 0.0000000000
54630  -20.947  -21.194  -30.536 0.0000000000
65688  -21.600  -7.479  -33.299 0.0000000000
65689  -22.308  -7.359  -32.822 0.0000000000
65677  -23.196  -7.220  -32.355 0.0000000000
65690  -22.781  -8.129  -32.634 0.0000000000
64939  -23.623  -8.641  -32.339 0.0000000000
64198  -22.140  -9.572  -33.289 0.0000000000
64199  -22.870  -9.794  -32.991 0.0000000000
64184  -23.650  -9.571  -32.516 0.0000000000
63397  -24.143  -10.347  -32.501 0.0000000000
63413  -24.550  -10.976  -32.512 0.0000000000
111165  -22.438  -16.190  -34.375 0.0000000000
59598  -22.821  -15.693  -34.352 0.0000000000
58845  -23.119  -16.457  -34.526 0.0000000000
58846  -24.028  -16.818  -34.749 0.0000000000
58095  -24.619  -17.725  -34.977 0.0000000000
58096  -25.298  -17.201  -35.173 0.0000000000
59601  -25.854  -16.204  -35.205 0.0000000000
58849  -26.229  -16.022  -35.114 0.0000000000
58836  -26.518  -16.218  -34.576 0.0000000000
59572  -27.001  -15.733  -34.063 0.0000000000
103348  -27.177  -16.228  -33.099 0.0000000000
58820  -26.901  -16.756  -33.625 0.0000000000
50577  -16.224  -26.064  -27.061 0.0000000000
105070  -18.083  -22.811  -29.896 0.0000000000
52974  -18.005  -23.244  -29.276 0.0000000000
53784  -19.940  -22.197  -29.408 0.0000000000
58844  -21.846  -16.344  -34.218 0.0000000000
58091  -21.008  -18.039  -34.085 0.0000000000
57285  -22.473  -18.771  -34.566 0.0000000000
57276  -22.469  -19.273  -34.405 0.0000000000
56428  -22.492  -19.830  -33.396 0.0000000000
74615  -18.024  4.829  -33.531 0.0000000000
75187  -20.409  5.259  -33.897 0.0000000000
75195  -21.281  5.694  -34.556 0.0000000000
112660  -22.323  3.333  -33.301 0.0000000000
74003  -23.134  3.450  -33.787 0.0000000000
73284  -23.518  2.680  -33.317 0.0000000000
72500  -23.982  2.064  -32.885 0.0000000000
72499  -20.302  1.089  -33.035 0.0000000000
71623  -21.009  0.794  -32.726 0.0000000000
70823  -20.967  -0.043  -32.701 0.0000000000
72490  -22.626  1.438  -32.525 0.0000000000
102426  -23.612  1.450  -32.565 0.0000000000
72491  -24.268  1.294  -32.769 0.0000000000
104412  -24.624  1.018  -33.162 0.0000000000
70836  -24.887  -0.185  -32.921 0.0000000000
107959  -20.447  -3.745  -33.603 0.0000000000
68803  -21.021  -3.061  -33.216 0.0000000000
68804  -21.690  -3.095  -32.684 0.0000000000
68791  -22.542  -3.112  -32.049 0.0000000000
68792  -23.649  -3.133  -31.597 0.0000000000
68794  -25.310  -3.160  -32.053 0.0000000000
68805  -25.522  -3.143  -32.941 0.0000000000
68073  -26.059  -5.302  -34.602 0.0000000000
67285  -26.453  -6.124  -35.686 0.0000000000
66501  -27.167  -7.003  -35.849 0.0000000000
112557  -24.015  -7.107  -31.689 0.0000000000
66450  -25.331  -7.207  -31.554 0.0000000000
65680  -25.807  -7.117  -31.827 0.0000000000
65664  -25.930  -7.926  -31.844 0.0000000000
98410  -20.836  -11.645  -33.973 0.0000000000
62655  -21.770  -11.710  -33.678 0.0000000000
110108  -22.663  -11.749  -33.542 0.0000000000
62644  -23.520  -11.716  -33.307 0.0000000000
101347  -24.416  -11.672  -32.832 0.0000000000
101409  -24.026  -14.614  -34.160 0.0000000000
61129  -23.740  -13.878  -33.908 0.0000000000
61115  -24.892  -14.248  -33.948 0.0000000000
62632  -26.508  -11.979  -33.178 0.0000000000
99914  -28.938  -11.795  -34.746 0.0000000000
56426  -19.396  -20.155  -33.126 0.0000000000
55575  -20.361  -21.109  -33.402 0.0000000000
55576  -21.142  -20.686  -33.349 0.0000000000
56414  -21.958  -20.270  -32.846 0.0000000000
56415  -22.763  -19.834  -32.351 0.0000000000
58847  -25.437  -16.668  -35.246 0.0000000000
70132  -25.113  -1.881  -32.249 0.0000000000
