#!ascii label  , from subject sub-v2s9x29167_ses-1 vox2ras=TkReg
860
58866  -23.409  -23.243  -32.717 0.5555555820
58874  -24.103  -22.998  -33.360 0.6666666865
59638  -24.807  -22.173  -34.013 0.7777777910
61196  -25.297  -20.707  -34.571 0.8888888955
61199  -27.263  -20.609  -34.436 0.8888888955
58857  -22.141  -23.150  -31.744 0.5555555820
58865  -22.683  -23.027  -32.233 0.5555555820
60390  -23.135  -21.676  -32.737 0.6666666865
60395  -23.685  -21.598  -33.364 0.8888888955
59639  -25.581  -22.010  -34.234 0.8888888955
61197  -26.140  -20.577  -34.821 0.8888888955
62002  -27.010  -19.691  -35.129 1.0000000000
61997  -27.831  -19.868  -34.122 0.8888888955
62004  -28.097  -19.067  -34.696 1.0000000000
102053  -22.766  -21.055  -32.272 0.7777777910
61996  -24.072  -20.062  -33.813 1.0000000000
110648  -23.802  -18.758  -33.686 1.0000000000
62000  -24.730  -20.000  -34.359 1.0000000000
62760  -25.952  -18.505  -35.202 1.0000000000
97467  -24.872  -19.176  -34.523 1.0000000000
62761  -26.946  -18.618  -35.464 1.0000000000
63485  -25.533  -17.714  -35.007 1.0000000000
63487  -26.456  -17.825  -35.443 1.0000000000
63488  -27.556  -17.753  -35.783 1.0000000000
63490  -28.676  -17.564  -35.893 1.0000000000
64197  -26.889  -17.072  -35.618 1.0000000000
63489  -28.393  -17.542  -36.047 1.0000000000
102391  -29.000  -17.075  -35.851 1.0000000000
64189  -28.710  -16.563  -35.798 1.0000000000
64190  -28.893  -16.410  -35.264 0.7777777910
103601  -23.559  -18.041  -33.551 0.8888888955
62756  -24.291  -18.385  -34.133 1.0000000000
103648  -25.954  -17.175  -35.307 1.0000000000
63484  -24.699  -17.575  -34.504 1.0000000000
64196  -25.978  -16.389  -35.349 1.0000000000
102998  -27.278  -16.261  -35.717 1.0000000000
64198  -28.317  -16.225  -35.990 1.0000000000
64960  -28.358  -15.606  -35.677 1.0000000000
64948  -28.726  -15.755  -35.319 1.0000000000
64949  -29.051  -15.646  -34.644 0.8888888955
104140  -28.965  -15.103  -34.857 1.0000000000
101500  -29.298  -14.933  -34.133 0.7777777910
64931  -29.942  -14.918  -33.366 0.7777777910
64939  -23.396  -15.970  -34.055 0.5555555820
65725  -23.885  -14.219  -34.605 0.7777777910
64946  -24.420  -15.704  -34.571 0.8888888955
64947  -25.379  -15.564  -35.111 1.0000000000
101724  -25.885  -14.784  -35.325 0.8888888955
101165  -26.922  -14.814  -35.582 1.0000000000
64958  -27.668  -15.409  -35.790 1.0000000000
65739  -28.119  -14.519  -35.676 1.0000000000
65727  -28.587  -14.686  -35.291 0.8888888955
102734  -28.736  -13.736  -35.076 1.0000000000
65728  -29.120  -14.320  -34.614 0.8888888955
66472  -30.133  -13.564  -33.432 0.7777777910
65707  -31.120  -14.069  -32.396 0.6666666865
66460  -30.800  -13.438  -32.770 0.6666666865
65716  -22.061  -14.183  -33.477 0.4444444478
65724  -23.106  -14.547  -34.191 0.7777777910
66479  -23.233  -13.617  -34.325 0.6666666865
66491  -24.944  -13.327  -35.139 0.7777777910
65736  -25.397  -14.026  -35.226 0.8888888955
65737  -26.662  -13.974  -35.512 0.8888888955
65738  -27.783  -14.402  -35.712 1.0000000000
107130  -27.707  -13.316  -35.770 1.0000000000
66494  -28.026  -13.460  -35.813 1.0000000000
96154  -28.226  -13.624  -35.598 1.0000000000
66481  -28.521  -12.890  -35.375 0.8888888955
66482  -29.314  -13.207  -34.370 0.7777777910
67185  -30.197  -12.612  -33.405 0.7777777910
66461  -31.408  -13.348  -31.926 0.5555555820
67186  -31.037  -12.573  -32.515 0.6666666865
109701  -23.885  -12.125  -34.684 0.6666666865
67205  -22.877  -12.755  -34.075 0.6666666865
67207  -24.500  -12.599  -34.955 0.7777777910
67931  -24.505  -11.743  -34.896 0.7777777910
67218  -25.462  -12.632  -35.339 0.8888888955
95701  -27.584  -12.501  -35.932 0.8888888955
67220  -27.235  -11.829  -35.956 1.0000000000
67221  -27.996  -11.868  -36.375 1.0000000000
67222  -28.202  -11.947  -36.257 1.0000000000
66495  -28.167  -12.658  -35.943 0.8888888955
67933  -28.969  -11.614  -34.499 0.8888888955
67921  -29.837  -11.569  -33.683 0.8888888955
67197  -29.425  -12.215  -34.214 0.7777777910
67932  -28.547  -11.561  -35.437 0.8888888955
67908  -30.605  -11.803  -32.870 0.7777777910
67909  -31.240  -11.818  -32.216 0.6666666865
67930  -23.707  -11.433  -34.566 0.6666666865
67920  -22.498  -11.942  -33.765 0.5555555820
67942  -25.457  -11.196  -35.311 0.8888888955
67219  -26.109  -11.894  -35.537 0.8888888955
67944  -27.732  -11.227  -36.331 1.0000000000
67946  -28.373  -11.464  -36.139 1.0000000000
68647  -29.803  -10.844  -33.495 0.7777777910
68635  -30.264  -10.532  -32.725 0.7777777910
67895  -30.885  -11.171  -32.381 0.6666666865
68625  -31.380  -11.002  -31.685 0.5555555820
67896  -31.557  -11.717  -31.599 0.5555555820
103422  -23.603  -10.710  -34.500 0.7777777910
68658  -23.218  -10.035  -34.312 0.6666666865
103102  -24.388  -10.917  -34.785 0.8888888955
100615  -27.335  -10.595  -36.072 1.0000000000
68671  -27.924  -10.808  -36.321 1.0000000000
68645  -28.477  -10.487  -34.757 0.8888888955
68661  -28.687  -11.091  -34.716 0.8888888955
69370  -28.636  -9.898  -33.933 0.8888888955
100384  -29.277  -11.122  -34.072 0.8888888955
68634  -29.708  -10.290  -33.270 0.7777777910
69362  -30.403  -9.989  -32.022 0.7777777910
68609  -31.021  -10.271  -31.470 0.5555555820
93638  -29.259  -9.174  -32.883 0.7777777910
69353  -30.578  -9.434  -31.213 0.5555555820
104571  -31.148  -9.957  -30.758 0.5555555820
101167  -21.990  -8.794  -33.201 0.4444444478
69379  -22.866  -9.228  -34.065 0.5555555820
69393  -25.678  -9.328  -35.250 0.7777777910
102242  -26.857  -9.865  -35.680 1.0000000000
68669  -25.044  -10.202  -35.080 0.8888888955
69395  -27.138  -9.390  -35.451 1.0000000000
69396  -27.605  -9.718  -35.449 0.8888888955
69383  -28.234  -9.711  -34.656 0.8888888955
69371  -29.285  -9.813  -33.345 0.8888888955
69352  -29.987  -9.333  -31.914 0.6666666865
91497  -31.001  -9.323  -30.255 0.5555555820
71421  -25.479  -6.449  -34.656 0.6666666865
70078  -24.834  -8.284  -34.830 0.6666666865
70776  -26.715  -7.502  -34.962 0.7777777910
70068  -27.485  -8.568  -34.783 0.8888888955
70777  -27.142  -7.729  -34.838 0.7777777910
111030  -27.673  -8.076  -34.440 0.7777777910
70069  -27.990  -8.699  -34.394 0.8888888955
70049  -28.433  -8.181  -33.612 0.7777777910
100576  -28.434  -9.144  -34.000 0.8888888955
91339  -28.903  -8.387  -32.884 0.7777777910
91670  -29.420  -8.740  -32.257 0.6666666865
91346  -28.848  -7.110  -32.084 0.6666666865
91625  -29.341  -7.905  -31.676 0.6666666865
70040  -29.899  -8.661  -31.418 0.5555555820
91883  -29.750  -6.439  -30.400 0.6666666865
91707  -29.884  -7.220  -30.435 0.5555555820
107134  -30.280  -7.776  -30.091 0.5555555820
91555  -30.387  -8.592  -30.568 0.4444444478
91614  -30.318  -6.887  -29.764 0.5555555820
72092  -26.354  -5.399  -33.954 0.3333333433
71408  -25.655  -5.616  -34.419 0.3333333433
72098  -26.416  -6.030  -34.541 0.5555555820
72099  -26.615  -5.691  -34.280 0.5555555820
70766  -26.852  -6.821  -34.722 0.7777777910
70757  -27.608  -6.636  -34.005 0.7777777910
91552  -28.096  -6.008  -33.385 0.6666666865
70758  -28.180  -7.099  -33.623 0.6666666865
91511  -28.698  -7.176  -33.051 0.6666666865
92095  -28.752  -6.342  -31.740 0.6666666865
91335  -28.831  -5.868  -30.953 0.6666666865
91439  -30.538  -6.197  -29.264 0.5555555820
91327  -30.231  -6.096  -29.947 0.6666666865
72085  -26.170  -6.173  -32.995 0.4444444478
91500  -26.588  -5.363  -33.766 0.4444444478
91568  -27.212  -4.969  -33.186 0.5555555820
91537  -27.219  -5.739  -33.924 0.6666666865
91344  -28.241  -5.050  -32.741 0.6666666865
91576  -28.589  -6.117  -32.664 0.6666666865
72646  -30.252  -4.749  -29.979 0.6666666865
109915  -30.540  -5.062  -29.453 0.5555555820
104603  -30.404  -5.505  -29.709 0.6666666865
91661  -28.116  -4.026  -32.597 0.6666666865
91617  -28.402  -4.468  -32.422 0.6666666865
91561  -28.571  -5.373  -32.167 0.6666666865
104605  -28.886  -5.032  -30.728 0.6666666865
60401  -25.036  -21.470  -34.334 0.8888888955
61190  -23.865  -20.811  -33.589 1.0000000000
62001  -25.586  -19.838  -34.828 1.0000000000
62007  -27.388  -19.064  -35.297 1.0000000000
66471  -22.478  -13.473  -33.778 0.5555555820
67208  -28.476  -12.087  -35.926 0.8888888955
103423  -22.840  -10.973  -34.020 0.5555555820
70057  -22.850  -7.865  -33.612 0.5555555820
101889  -27.587  -10.214  -35.956 1.0000000000
70056  -22.123  -8.085  -32.985 0.2222222239
70768  -27.867  -7.668  -34.081 0.7777777910
104538  -27.573  -4.979  -33.064 0.6666666865
67196  -22.135  -12.700  -33.523 0.4444444478
103674  -22.017  -11.255  -33.476 0.4444444478
91677  -30.778  -5.457  -28.882 0.5555555820
104537  -26.489  -5.183  -32.492 0.3333333433
72637  -30.720  -4.533  -29.064 0.5555555820
58031  -23.089  -24.729  -32.035 0.5555555820
58039  -23.663  -24.183  -32.501 0.5555555820
58875  -24.762  -23.354  -33.510 0.5555555820
58876  -25.346  -23.494  -33.458 0.5555555820
60397  -26.786  -21.635  -34.141 0.7777777910
60398  -27.387  -21.237  -33.769 0.8888888955
58030  -22.215  -24.437  -31.653 0.5555555820
59632  -25.352  -22.802  -33.808 0.6666666865
59633  -26.308  -22.372  -33.886 0.6666666865
59640  -26.216  -21.704  -34.329 0.8888888955
61192  -27.737  -20.516  -33.729 0.7777777910
58856  -21.452  -23.306  -31.175 0.4444444478
60385  -22.165  -21.807  -31.546 0.5555555820
62759  -28.341  -18.214  -35.329 1.0000000000
61177  -22.435  -20.620  -31.782 0.2222222239
102118  -22.770  -20.264  -32.286 0.6666666865
64177  -28.977  -16.906  -34.810 0.8888888955
64178  -29.181  -16.167  -34.223 0.6666666865
64940  -29.475  -15.491  -33.732 0.7777777910
105412  -30.024  -15.459  -33.073 0.6666666865
62750  -22.847  -18.492  -32.608 0.5555555820
64932  -30.594  -15.145  -32.745 0.6666666865
63474  -22.191  -17.094  -33.123 0.4444444478
65689  -31.076  -14.757  -32.354 0.5555555820
64938  -21.475  -15.666  -33.230 0.2222222239
66470  -21.782  -13.443  -33.238 0.4444444478
67886  -20.714  -11.830  -32.154 0.3333333433
67880  -31.734  -11.449  -30.892 0.5555555820
69369  -22.223  -9.389  -33.537 0.4444444478
68611  -31.945  -11.062  -30.209 0.4444444478
70055  -21.725  -8.739  -32.835 0.3333333433
68601  -31.516  -10.207  -29.958 0.5555555820
104558  -30.866  -8.443  -29.617 0.4444444478
71402  -25.354  -6.207  -33.687 0.3333333433
71407  -25.029  -6.285  -34.494 0.3333333433
104602  -30.612  -7.562  -29.410 0.4444444478
91337  -31.024  -6.283  -28.594 0.4444444478
91958  -31.205  -4.950  -28.576 0.2222222239
91345  -27.874  -4.049  -32.665 0.6666666865
91336  -28.399  -3.828  -32.323 0.6666666865
91340  -28.569  -4.737  -31.722 0.6666666865
96015  -29.492  -3.909  -30.408 0.6666666865
72647  -30.312  -3.800  -29.760 0.6666666865
109570  -28.070  -3.554  -32.577 0.5555555820
58858  -22.733  -23.790  -32.076 0.5555555820
100104  -24.243  -23.746  -33.076 0.6666666865
59630  -23.558  -22.394  -33.115 0.6666666865
106157  -24.610  -22.732  -33.693 0.7777777910
59631  -24.169  -22.265  -33.610 0.7777777910
60396  -24.339  -21.533  -33.856 0.8888888955
60402  -25.821  -21.300  -34.539 0.8888888955
61191  -24.536  -20.782  -34.123 1.0000000000
61198  -26.853  -20.302  -34.884 1.0000000000
60403  -26.615  -21.090  -34.572 0.8888888955
95523  -21.993  -23.768  -31.610 0.4444444478
59625  -22.354  -22.455  -31.921 0.5555555820
59626  -22.962  -22.428  -32.498 0.6666666865
62003  -27.459  -19.657  -34.907 1.0000000000
61200  -26.465  -19.878  -35.054 1.0000000000
62006  -26.816  -19.344  -35.255 1.0000000000
110850  -22.399  -21.261  -31.796 0.5555555820
61182  -23.213  -20.779  -32.944 0.8888888955
60389  -22.602  -21.780  -32.134 0.6666666865
61189  -23.479  -20.059  -33.287 0.8888888955
61995  -23.666  -19.369  -33.504 0.8888888955
106966  -24.223  -19.303  -34.007 1.0000000000
62751  -23.333  -18.634  -33.200 0.8888888955
105490  -25.524  -19.052  -34.908 1.0000000000
62757  -25.129  -18.393  -34.709 1.0000000000
62005  -26.215  -19.250  -35.175 1.0000000000
103424  -25.213  -16.942  -34.905 1.0000000000
62762  -27.998  -18.253  -35.702 1.0000000000
63486  -28.741  -17.566  -35.268 0.8888888955
102898  -28.046  -17.028  -36.154 1.0000000000
64199  -28.733  -17.060  -36.113 1.0000000000
63483  -23.904  -17.437  -33.951 1.0000000000
63475  -23.096  -17.267  -33.473 0.5555555820
97478  -22.865  -17.808  -33.010 0.5555555820
64187  -24.305  -16.651  -34.349 0.8888888955
64188  -25.024  -16.244  -34.879 1.0000000000
64957  -26.513  -15.527  -35.486 1.0000000000
64959  -28.114  -15.275  -35.808 1.0000000000
65717  -29.692  -14.208  -33.763 0.7777777910
65706  -30.548  -14.328  -32.960 0.6666666865
64175  -21.747  -16.429  -33.256 0.5555555820
64176  -22.665  -16.564  -33.587 0.5555555820
102403  -22.368  -15.828  -33.671 0.6666666865
109410  -22.948  -15.274  -34.021 0.6666666865
64186  -23.465  -16.762  -33.861 0.7777777910
96953  -23.725  -15.071  -34.394 0.7777777910
65735  -24.587  -13.943  -34.911 0.8888888955
65726  -24.729  -14.756  -34.859 0.8888888955
65715  -21.474  -14.209  -32.934 0.3333333433
102886  -21.622  -14.845  -33.249 0.3333333433
65723  -22.652  -14.157  -33.917 0.4444444478
67206  -23.617  -12.761  -34.566 0.6666666865
66480  -24.101  -13.412  -34.789 0.7777777910
66492  -25.930  -13.289  -35.428 0.8888888955
99973  -28.076  -12.539  -36.077 1.0000000000
67209  -28.691  -12.241  -34.958 0.7777777910
67169  -31.527  -12.443  -31.742 0.5555555820
96088  -25.154  -12.039  -35.244 0.8888888955
67945  -28.104  -11.382  -36.389 1.0000000000
99199  -30.310  -11.155  -33.058 0.7777777910
107931  -31.342  -11.389  -32.000 0.6666666865
67919  -21.688  -11.915  -33.240 0.4444444478
67943  -26.783  -11.154  -35.853 0.8888888955
68672  -28.199  -10.885  -36.208 0.8888888955
68624  -30.821  -10.597  -32.069 0.6666666865
68610  -31.480  -10.662  -30.798 0.5555555820
68657  -22.607  -9.975  -33.869 0.5555555820
68659  -24.035  -10.069  -34.645 0.6666666865
68670  -26.277  -10.388  -35.579 0.8888888955
101651  -27.950  -10.442  -36.097 1.0000000000
68646  -29.050  -10.572  -33.890 0.8888888955
69361  -29.803  -9.696  -32.680 0.8888888955
70058  -28.815  -9.136  -33.394 0.8888888955
70066  -23.156  -8.411  -34.141 0.5555555820
69381  -24.505  -9.245  -34.752 0.5555555820
69394  -26.439  -9.054  -35.372 0.7777777910
71412  -24.628  -6.587  -34.456 0.5555555820
70765  -24.253  -7.526  -34.485 0.5555555820
72105  -25.880  -5.964  -34.549 0.4444444478
70775  -25.965  -7.319  -35.011 0.6666666865
71422  -26.229  -6.576  -34.769 0.6666666865
70079  -25.757  -8.234  -35.148 0.7777777910
70067  -23.890  -8.329  -34.529 0.7777777910
70764  -23.467  -7.732  -34.149 0.6666666865
70767  -27.378  -7.354  -34.510 0.7777777910
70080  -26.597  -8.333  -35.201 0.7777777910
91773  -28.977  -7.880  -32.373 0.6666666865
91334  -29.235  -7.020  -31.103 0.6666666865
91586  -29.793  -7.891  -30.845 0.5555555820
91564  -30.709  -6.948  -28.900 0.4444444478
71413  -25.380  -5.851  -34.487 0.4444444478
72097  -25.978  -5.571  -34.251 0.5555555820
71414  -27.027  -6.254  -34.448 0.6666666865
91330  -29.821  -5.518  -30.299 0.6666666865
72652  -29.464  -4.703  -30.447 0.6666666865
68644  -21.847  -10.333  -33.361 0.4444444478
70754  -22.537  -7.571  -33.162 0.3333333433
67195  -21.442  -12.658  -32.904 0.4444444478
103664  -21.322  -11.094  -32.922 0.4444444478
91668  -31.419  -5.613  -28.389 0.3333333433
72638  -31.448  -4.213  -28.498 0.3333333433
59634  -27.114  -22.044  -33.536 0.6666666865
58029  -21.436  -24.109  -31.279 0.4444444478
57197  -21.535  -24.928  -31.249 0.5555555820
62752  -28.528  -18.330  -34.385 0.7777777910
106620  -20.897  -23.729  -30.809 0.3333333433
59618  -21.783  -22.521  -31.232 0.4444444478
101146  -29.651  -16.011  -33.253 0.6666666865
61994  -23.196  -19.319  -32.931 0.7777777910
107330  -22.302  -14.946  -33.690 0.3333333433
64174  -21.204  -16.286  -32.998 0.1111111119
64927  -21.173  -15.021  -32.792 0.1111111119
67903  -21.083  -11.845  -32.614 0.4444444478
70756  -24.010  -7.274  -34.276 0.3333333433
73160  -30.941  -3.554  -28.903 0.4444444478
58021  -26.789  -24.996  -30.854 0.4444444478
57166  -27.467  -25.625  -29.459 0.2222222239
58032  -24.011  -25.037  -32.319 0.4444444478
57199  -24.368  -25.796  -32.039 0.4444444478
58040  -24.536  -24.494  -32.739 0.4444444478
58041  -25.290  -24.530  -32.700 0.4444444478
58034  -26.405  -24.642  -31.595 0.4444444478
58859  -26.718  -23.821  -31.852 0.4444444478
58850  -27.730  -23.697  -30.598 0.2222222239
58867  -25.659  -23.905  -33.084 0.4444444478
58868  -26.405  -23.563  -32.737 0.4444444478
58851  -28.387  -23.275  -30.162 0.1111111119
58869  -27.091  -23.071  -32.137 0.4444444478
59619  -27.746  -22.619  -31.661 0.3333333433
58877  -26.018  -23.218  -33.432 0.4444444478
59611  -28.741  -22.513  -30.488 0.2222222239
59627  -26.869  -22.769  -33.103 0.4444444478
94911  -27.486  -22.401  -32.424 0.3333333433
60386  -28.953  -21.288  -31.394 0.2222222239
61169  -30.168  -20.522  -30.649 0.1111111119
96297  -28.407  -21.140  -32.196 0.3333333433
61183  -28.063  -20.842  -33.092 0.4444444478
61193  -28.231  -20.053  -33.323 0.5555555820
61989  -28.669  -19.462  -32.801 0.6666666865
93496  -29.714  -18.896  -31.707 0.4444444478
62745  -28.836  -18.421  -33.081 0.6666666865
62736  -30.228  -18.226  -31.490 0.3333333433
63456  -29.972  -17.402  -32.082 0.5555555820
63476  -28.901  -17.545  -34.000 0.6666666865
64159  -29.804  -16.628  -32.660 0.5555555820
64160  -30.447  -16.650  -32.008 0.5555555820
96056  -30.814  -16.077  -31.900 0.3333333433
63477  -29.252  -16.747  -33.591 0.5555555820
64919  -30.958  -15.446  -32.166 0.4444444478
64168  -30.403  -15.878  -32.543 0.4444444478
65690  -31.422  -14.275  -31.743 0.4444444478
91343  -28.539  -4.078  -31.011 0.5555555820
97032  -30.418  -2.881  -29.578 0.5555555820
57201  -26.089  -25.464  -31.333 0.4444444478
58022  -27.366  -24.458  -30.302 0.2222222239
59610  -28.145  -22.972  -30.967 0.2222222239
110452  -28.482  -21.606  -31.721 0.2222222239
60377  -29.029  -21.855  -30.788 0.1111111119
61178  -28.982  -20.443  -31.842 0.4444444478
61981  -29.509  -19.699  -31.623 0.3333333433
61184  -28.556  -20.281  -32.549 0.4444444478
62735  -29.521  -18.226  -32.184 0.4444444478
99259  -31.335  -15.059  -31.705 0.4444444478
67170  -31.814  -12.939  -31.220 0.4444444478
73175  -28.833  -3.187  -31.194 0.5555555820
73174  -28.483  -2.490  -31.626 0.5555555820
58048  -24.958  -24.028  -33.276 0.4444444478
61982  -30.152  -19.215  -31.224 0.2222222239
56394  -24.483  -26.994  -31.171 0.4444444478
56412  -25.109  -26.519  -31.250 0.4444444478
57185  -25.740  -26.219  -30.967 0.4444444478
57165  -26.743  -25.998  -29.758 0.2222222239
56378  -28.037  -26.147  -28.959 0.1111111119
57198  -23.461  -25.586  -31.908 0.4444444478
56410  -23.884  -26.282  -31.702 0.4444444478
58833  -27.987  -24.019  -29.867 0.1111111119
58834  -28.706  -23.714  -29.554 0.1111111119
57167  -28.192  -25.306  -29.130 0.1111111119
59599  -29.148  -22.897  -29.721 0.1111111119
59612  -29.391  -22.105  -30.199 0.1111111119
59613  -29.934  -21.739  -30.015 0.1111111119
62724  -30.734  -18.720  -30.800 0.2222222239
63457  -30.520  -17.356  -31.553 0.1111111119
64146  -31.018  -16.770  -31.298 0.2222222239
64161  -31.261  -15.806  -31.394 0.2222222239
108892  -31.478  -15.298  -31.197 0.3333333433
65691  -31.874  -13.689  -30.965 0.4444444478
99999  -32.381  -12.961  -30.652 0.3333333433
67153  -31.959  -12.279  -30.910 0.3333333433
101715  -23.827  -7.233  -34.224 0.4444444478
91588  -31.051  -7.767  -28.771 0.3333333433
73182  -28.043  -3.374  -32.432 0.5555555820
73179  -28.197  -2.999  -32.075 0.5555555820
73704  -29.787  -2.224  -30.259 0.5555555820
73705  -30.565  -2.059  -29.615 0.5555555820
61998  -28.342  -19.216  -33.697 0.6666666865
60391  -27.729  -21.695  -32.861 0.3333333433
105254  -27.351  -22.252  -33.009 0.3333333433
58033  -25.660  -25.019  -32.033 0.4444444478
57186  -26.404  -25.734  -30.477 0.3333333433
58003  -27.017  -25.221  -29.995 0.3333333433
92514  -27.684  -24.802  -29.637 0.1111111119
57206  -24.891  -25.201  -32.357 0.4444444478
57200  -25.257  -25.866  -31.736 0.4444444478
58042  -26.033  -24.295  -32.385 0.4444444478
58035  -27.124  -24.197  -31.117 0.4444444478
58860  -27.429  -23.386  -31.362 0.4444444478
59620  -28.079  -21.934  -32.021 0.3333333433
92753  -28.481  -22.123  -31.305 0.2222222239
61179  -29.556  -20.538  -31.214 0.1111111119
60378  -29.634  -21.319  -30.636 0.1111111119
61969  -29.998  -19.933  -31.062 0.1111111119
60379  -30.357  -21.184  -30.145 0.1111111119
61980  -28.965  -19.782  -32.177 0.4444444478
61990  -29.197  -19.065  -32.229 0.4444444478
63442  -30.875  -17.763  -30.971 0.1111111119
63466  -29.304  -17.446  -32.850 0.5555555820
64900  -31.685  -14.720  -30.953 0.4444444478
73168  -29.593  -3.011  -30.336 0.5555555820
56395  -25.362  -27.031  -30.596 0.4444444478
56411  -24.575  -26.369  -31.586 0.4444444478
56396  -26.087  -26.472  -30.110 0.4444444478
56392  -22.923  -26.236  -31.475 0.4444444478
58004  -28.415  -24.492  -29.356 0.1111111119
50797  -25.250  -33.543  -28.814 0.1111111119
53040  -22.535  -30.728  -30.351 0.3333333433
52263  -24.601  -32.222  -29.492 0.2222222239
51516  -24.962  -32.930  -29.207 0.2222222239
101449  -25.542  -32.877  -28.758 0.1111111119
51517  -26.110  -32.431  -28.291 0.1111111119
53878  -21.832  -29.007  -30.475 0.3333333433
53858  -21.215  -29.704  -30.073 0.3333333433
53060  -23.920  -30.079  -30.459 0.3333333433
53860  -24.702  -29.963  -30.157 0.3333333433
52276  -24.887  -31.388  -29.506 0.2222222239
53043  -25.151  -30.505  -29.657 0.2222222239
52264  -25.415  -32.026  -28.926 0.2222222239
52265  -26.194  -31.470  -28.361 0.1111111119
53027  -25.624  -30.982  -28.971 0.2222222239
55548  -19.914  -27.110  -30.052 0.2222222239
54689  -21.336  -28.074  -30.513 0.2222222239
105015  -20.479  -27.819  -30.212 0.2222222239
53059  -23.062  -30.041  -30.448 0.3333333433
53843  -25.925  -30.119  -29.213 0.1111111119
56391  -21.282  -26.485  -30.834 0.2222222239
105824  -20.826  -27.215  -30.506 0.3333333433
55564  -21.981  -27.353  -30.820 0.3333333433
93037  -22.201  -26.608  -31.108 0.3333333433
55565  -22.903  -27.064  -31.113 0.3333333433
54690  -22.339  -28.230  -30.687 0.3333333433
99770  -22.845  -27.731  -30.900 0.3333333433
54691  -24.062  -28.477  -30.679 0.3333333433
54692  -24.839  -28.561  -30.328 0.3333333433
54675  -25.587  -28.699  -29.801 0.3333333433
53862  -26.179  -29.263  -29.345 0.1111111119
57183  -20.646  -25.414  -30.685 0.2222222239
57184  -21.831  -25.851  -31.239 0.3333333433
55566  -23.708  -27.615  -31.006 0.3333333433
55567  -24.647  -27.750  -30.657 0.3333333433
54676  -26.428  -28.400  -29.400 0.1111111119
58019  -19.996  -24.552  -30.032 0.3333333433
58020  -20.723  -24.404  -30.756 0.3333333433
92037  -22.501  -25.301  -31.627 0.3333333433
100176  -24.170  -26.642  -31.494 0.3333333433
65674  -32.372  -14.257  -30.413 0.2222222239
67881  -32.351  -11.766  -30.358 0.2222222239
52274  -23.582  -31.688  -30.248 0.3333333433
52275  -24.241  -31.726  -29.900 0.3333333433
55563  -20.181  -26.328  -30.349 0.3333333433
53880  -23.460  -29.220  -30.580 0.3333333433
53881  -24.352  -29.277  -30.436 0.3333333433
53861  -25.428  -29.648  -29.746 0.3333333433
56375  -25.953  -27.229  -29.860 0.3333333433
50796  -24.522  -33.568  -29.096 0.1111111119
50783  -25.647  -34.060  -28.360 0.1111111119
52272  -21.906  -31.552  -30.017 0.3333333433
107857  -22.207  -31.166  -30.227 0.3333333433
52262  -23.087  -32.372  -30.130 0.3333333433
51525  -23.847  -32.333  -29.893 0.3333333433
52266  -26.908  -31.052  -27.972 0.1111111119
56374  -19.647  -26.289  -29.737 0.2222222239
53844  -26.653  -29.731  -28.745 0.1111111119
54658  -26.980  -28.916  -29.000 0.1111111119
94122  -26.546  -27.561  -29.465 0.1111111119
56376  -26.584  -26.772  -29.594 0.1111111119
58849  -20.378  -23.800  -30.107 0.1111111119
66432  -32.594  -13.509  -30.342 0.2222222239
68602  -32.361  -10.683  -29.481 0.2222222239
101097  -32.542  -11.382  -29.860 0.2222222239
110600  -21.349  -22.820  -30.800 0.2222222239
106564  -23.075  -19.958  -32.748 0.5555555820
67147  -32.734  -12.439  -30.217 0.2222222239
50798  -25.956  -33.355  -28.375 0.1111111119
52273  -22.699  -31.595  -30.329 0.3333333433
53041  -23.376  -30.871  -30.405 0.3333333433
53859  -22.177  -29.929  -30.319 0.3333333433
54673  -20.644  -28.696  -30.071 0.2222222239
53039  -21.706  -30.673  -30.039 0.3333333433
53042  -24.280  -30.906  -30.110 0.3333333433
53879  -22.666  -29.411  -30.508 0.3333333433
96753  -22.716  -28.849  -30.621 0.3333333433
53028  -26.386  -30.569  -28.528 0.1111111119
102857  -23.215  -28.354  -30.750 0.3333333433
54674  -24.988  -29.248  -30.122 0.3333333433
55568  -25.384  -27.857  -30.135 0.3333333433
56393  -23.682  -26.832  -31.374 0.3333333433
55549  -25.969  -27.929  -29.701 0.3333333433
50782  -24.864  -34.060  -28.604 0.1111111119
51515  -24.167  -32.939  -29.472 0.2222222239
53026  -21.150  -31.189  -29.381 0.2222222239
52261  -22.285  -32.310  -29.965 0.3333333433
103992  -23.477  -32.864  -29.677 0.3333333433
53857  -20.372  -29.462  -29.421 0.2222222239
93593  -32.815  -13.956  -29.998 0.1111111119
65663  -32.716  -14.621  -29.856 0.1111111119
65664  -33.164  -14.095  -29.463 0.1111111119
67148  -33.146  -12.830  -29.803 0.1111111119
67140  -33.489  -12.571  -29.212 0.1111111119
67873  -32.915  -11.870  -29.836 0.1111111119
67874  -33.283  -11.881  -29.273 0.1111111119
91476  -31.460  -9.335  -29.435 0.2222222239
91324  -31.789  -7.877  -28.113 0.1111111119
91715  -31.314  -7.056  -28.267 0.1111111119
104507  -31.495  -8.633  -28.750 0.1111111119
104557  -32.184  -7.068  -27.853 0.1111111119
91487  -31.737  -6.344  -28.128 0.1111111119
73178  -28.031  -3.220  -32.302 0.4444444478
104527  -32.115  -5.715  -28.069 0.1111111119
73712  -29.094  -2.468  -30.905 0.4444444478
73694  -31.253  -2.594  -28.842 0.3333333433
73161  -31.778  -3.354  -28.417 0.2222222239
72059  -32.025  -4.932  -28.207 0.1111111119
72626  -32.781  -4.609  -27.833 0.1111111119
74235  -29.195  -1.555  -30.721 0.4444444478
74236  -30.056  -1.628  -30.229 0.4444444478
74228  -30.679  -1.331  -29.927 0.4444444478
74229  -31.278  -1.641  -29.167 0.4444444478
73695  -31.990  -2.007  -28.595 0.2222222239
74221  -32.806  -1.729  -28.398 0.2222222239
73696  -32.615  -2.380  -28.309 0.2222222239
76410  -33.461  2.719  -28.793 0.1111111119
75874  -33.820  1.158  -28.619 0.1111111119
74222  -33.751  -1.527  -28.338 0.1111111119
73715  -28.391  -2.570  -31.586 0.4444444478
107940  -28.367  -1.868  -31.073 0.4444444478
73711  -28.526  -2.070  -31.271 0.3333333433
93705  -29.933  -0.940  -30.496 0.4444444478
74778  -30.398  -0.203  -30.597 0.4444444478
109355  -30.756  -0.701  -30.262 0.4444444478
74779  -31.308  -0.808  -29.666 0.4444444478
75358  -30.055  0.610  -30.896 0.3333333433
74780  -31.908  -0.078  -29.442 0.1111111119
74771  -32.744  -0.348  -28.712 0.1111111119
75342  -33.457  0.301  -28.633 0.1111111119
73173  -27.541  -3.085  -31.330 0.2222222239
108503  -28.449  -1.376  -30.707 0.3333333433
101037  -28.846  -0.792  -30.748 0.3333333433
74785  -29.399  -0.177  -30.787 0.3333333433
99182  -31.206  -0.063  -30.335 0.4444444478
75359  -31.080  0.754  -30.613 0.2222222239
75348  -31.551  0.516  -30.039 0.2222222239
75349  -32.095  0.765  -29.520 0.1111111119
75889  -31.178  1.620  -30.551 0.1111111119
103336  -31.753  1.948  -29.991 0.1111111119
75350  -32.863  0.995  -29.037 0.1111111119
76409  -32.518  2.311  -29.374 0.1111111119
75880  -32.292  1.503  -29.492 0.1111111119
74234  -28.088  -0.658  -30.449 0.3333333433
74777  -27.307  -0.497  -29.822 0.3333333433
74783  -27.492  0.146  -30.266 0.3333333433
74784  -28.352  -0.089  -30.781 0.3333333433
75365  -29.888  1.396  -31.215 0.2222222239
75888  -30.551  1.425  -30.955 0.2222222239
76416  -30.675  2.236  -30.906 0.1111111119
75890  -31.907  2.792  -29.849 0.1111111119
77357  -32.868  4.125  -29.201 0.1111111119
74220  -26.216  -1.572  -27.869 0.1111111119
75347  -26.127  0.189  -29.154 0.1111111119
106732  -27.486  0.805  -30.471 0.2222222239
75886  -26.907  1.533  -29.832 0.2222222239
75356  -28.023  0.588  -30.965 0.3333333433
75887  -27.868  1.347  -30.904 0.2222222239
75357  -28.872  0.471  -31.058 0.3333333433
76415  -28.118  2.094  -31.073 0.2222222239
76422  -29.374  2.636  -31.511 0.1111111119
102949  -29.273  3.678  -31.498 0.1111111119
76423  -30.090  2.922  -31.302 0.1111111119
76417  -31.281  2.470  -30.430 0.1111111119
76899  -31.406  3.337  -30.303 0.1111111119
103611  -31.503  4.096  -30.200 0.1111111119
76891  -32.700  3.180  -29.258 0.1111111119
76893  -34.578  3.291  -28.801 0.1111111119
96057  -24.739  0.410  -28.048 0.1111111119
75341  -24.198  1.053  -27.529 0.1111111119
75346  -24.638  1.285  -28.351 0.1111111119
75879  -24.621  2.078  -28.351 0.1111111119
76408  -25.680  3.667  -28.594 0.1111111119
110108  -26.155  3.121  -29.300 0.1111111119
76904  -27.203  4.299  -30.144 0.1111111119
76420  -27.978  3.053  -30.743 0.1111111119
77371  -28.756  4.750  -31.276 0.1111111119
77372  -29.525  4.647  -31.386 0.1111111119
77364  -30.923  4.023  -30.644 0.1111111119
75859  -24.522  1.441  -27.297 0.1111111119
76381  -25.063  2.326  -27.575 0.1111111119
76881  -25.947  5.252  -28.653 0.1111111119
76897  -25.846  4.953  -29.091 0.1111111119
77356  -25.804  5.954  -28.827 0.1111111119
77370  -27.852  4.941  -30.493 0.1111111119
76398  -26.710  3.580  -28.004 0.1111111119
76383  -28.262  2.147  -28.175 0.1111111119
76882  -26.290  5.084  -28.310 0.1111111119
66423  -33.019  -13.425  -29.877 0.1111111119
66424  -33.393  -13.320  -29.396 0.1111111119
66417  -33.633  -13.229  -28.760 0.1111111119
68595  -32.912  -10.743  -28.890 0.1111111119
68603  -32.931  -11.336  -29.336 0.1111111119
68594  -32.593  -10.068  -28.836 0.1111111119
98537  -32.074  -2.688  -28.419 0.2222222239
73162  -32.732  -3.121  -28.041 0.1111111119
94952  -32.996  -1.054  -28.491 0.2222222239
111196  -32.548  0.362  -29.026 0.1111111119
75343  -34.415  -0.094  -28.522 0.1111111119
75881  -33.172  1.802  -28.884 0.1111111119
100043  -28.743  3.095  -31.437 0.1111111119
76396  -25.120  2.780  -28.072 0.1111111119
77363  -26.566  5.466  -29.551 0.1111111119
77858  -29.062  5.588  -31.240 0.1111111119
101446  -33.588  -13.961  -28.205 0.1111111119
101344  -33.500  -13.851  -28.968 0.1111111119
104559  -32.025  -9.911  -29.317 0.2222222239
91807  -28.028  -3.461  -32.494 0.4444444478
75332  -25.540  0.736  -26.774 0.1111111119
76382  -26.491  2.455  -27.683 0.1111111119
76397  -25.924  3.932  -28.355 0.1111111119
96898  -33.365  -14.728  -28.688 0.1111111119
64901  -32.275  -15.117  -30.324 0.1111111119
97556  -33.875  -13.995  -27.272 0.1111111119
65645  -33.680  -14.827  -27.703 0.1111111119
67134  -34.029  -12.465  -27.569 0.1111111119
67133  -33.718  -12.527  -28.394 0.1111111119
67860  -33.902  -11.952  -28.025 0.1111111119
97446  -33.426  -11.174  -28.648 0.1111111119
69329  -33.344  -10.211  -28.357 0.1111111119
91607  -32.872  -9.422  -28.294 0.1111111119
70016  -33.232  -8.739  -27.751 0.1111111119
104528  -33.092  -6.936  -27.661 0.1111111119
91459  -32.553  -6.284  -27.821 0.1111111119
73149  -33.200  -3.959  -27.749 0.1111111119
72627  -33.486  -4.757  -27.708 0.1111111119
73172  -27.058  -3.479  -31.637 0.4444444478
73698  -34.359  -2.656  -28.161 0.1111111119
74773  -34.669  -0.975  -28.446 0.1111111119
73710  -28.165  -1.837  -31.318 0.2222222239
73703  -27.810  -1.137  -30.197 0.2222222239
107289  -34.299  0.599  -28.552 0.1111111119
73692  -26.507  -2.235  -28.216 0.1111111119
76401  -34.364  2.093  -28.655 0.1111111119
76411  -35.280  2.558  -29.005 0.1111111119
73682  -26.432  -2.078  -27.735 0.1111111119
75331  -24.473  0.910  -27.078 0.1111111119
74749  -25.808  0.514  -26.642 0.1111111119
108763  -34.777  4.089  -29.139 0.1111111119
74750  -26.868  0.535  -26.350 0.1111111119
75333  -27.405  0.668  -26.856 0.1111111119
97462  -29.838  5.324  -31.261 0.1111111119
77365  -31.213  4.985  -30.474 0.1111111119
104916  -32.610  4.923  -29.443 0.1111111119
77837  -32.908  5.549  -29.459 0.1111111119
75861  -27.944  1.236  -27.664 0.1111111119
77846  -26.404  6.209  -29.243 0.1111111119
109053  -28.365  6.406  -30.282 0.1111111119
77347  -26.689  5.395  -28.433 0.1111111119
72639  -32.337  -4.021  -28.120 0.1111111119
103414  -32.838  -13.006  -30.203 0.1111111119
104338  -33.150  -12.317  -29.704 0.1111111119
67866  -33.628  -11.898  -28.635 0.1111111119
91521  -32.133  -9.348  -28.828 0.1111111119
104586  -32.372  -8.675  -28.195 0.1111111119
72046  -32.872  -5.422  -27.772 0.1111111119
74770  -32.098  -1.068  -28.792 0.1111111119
73697  -33.439  -2.380  -28.145 0.1111111119
76892  -33.527  3.512  -28.860 0.1111111119
75875  -34.759  1.187  -28.626 0.1111111119
74223  -34.563  -1.860  -28.346 0.1111111119
94178  -34.030  -2.089  -28.210 0.1111111119
109129  -30.754  0.257  -30.637 0.3333333433
74772  -33.668  -0.614  -28.469 0.2222222239
105244  -31.616  1.173  -30.073 0.2222222239
75364  -29.201  1.128  -31.274 0.2222222239
75895  -30.037  2.056  -31.309 0.1111111119
76898  -30.756  3.134  -30.776 0.1111111119
76900  -32.015  3.668  -29.724 0.1111111119
103407  -33.964  4.129  -28.905 0.1111111119
74227  -26.522  -0.512  -29.092 0.1111111119
74769  -25.183  0.186  -28.175 0.1111111119
75355  -26.462  0.855  -29.574 0.1111111119
75363  -28.456  0.993  -31.232 0.3333333433
75893  -28.585  1.609  -31.347 0.2222222239
75894  -29.313  1.846  -31.452 0.1111111119
76906  -30.182  3.958  -31.227 0.1111111119
77366  -31.978  4.571  -29.723 0.1111111119
102583  -24.323  0.692  -27.592 0.1111111119
75873  -24.361  1.940  -27.865 0.1111111119
75885  -25.512  1.667  -29.013 0.1111111119
76407  -25.606  2.523  -28.963 0.1111111119
108457  -24.859  2.475  -28.275 0.1111111119
76414  -27.213  2.404  -30.066 0.1111111119
76905  -28.367  3.920  -31.090 0.1111111119
77857  -28.320  5.712  -30.626 0.1111111119
109092  -30.051  4.651  -31.268 0.1111111119
106926  -30.460  4.766  -30.995 0.1111111119
75860  -26.013  1.564  -27.194 0.1111111119
102786  -25.693  3.078  -27.822 0.1111111119
77346  -26.013  5.863  -28.440 0.1111111119
77856  -27.343  5.801  -29.928 0.1111111119
65653  -32.967  -14.919  -29.307 0.1111111119
66410  -33.726  -13.193  -27.818 0.1111111119
77859  -29.408  6.464  -31.017 0.1111111119
75319  -27.101  0.197  -26.546 0.1111111119
70715  -32.850  -7.830  -27.662 0.1111111119
73163  -33.724  -3.263  -27.864 0.1111111119
74214  -26.157  -1.251  -27.532 0.1111111119
77849  -31.076  6.201  -30.682 0.1111111119
77847  -27.631  6.106  -29.780 0.1111111119
78429  -28.165  6.354  -29.873 0.1111111119
78441  -28.788  6.321  -30.774 0.1111111119
51514  -22.729  -33.027  -29.545 0.2222222239
62744  -22.534  -18.477  -32.225 0.2222222239
63465  -22.234  -17.581  -32.589 0.2222222239
61988  -22.761  -19.352  -32.285 0.3333333433
91466  -26.623  -4.302  -32.167 0.2222222239
72651  -27.076  -3.679  -30.887 0.1111111119
70746  -24.473  -6.872  -33.751 0.2222222239
70755  -23.127  -7.766  -33.777 0.1111111119
61979  -22.483  -19.851  -31.800 0.2222222239
70745  -23.260  -7.609  -33.806 0.1111111119
91504  -26.391  -6.957  -32.233 0.1111111119
91342  -26.586  -4.919  -31.664 0.1111111119
105102  -27.504  -4.463  -30.372 0.1111111119
73167  -27.471  -3.320  -29.753 0.1111111119
91428  -26.394  -5.986  -31.930 0.1111111119
60376  -21.903  -21.909  -31.060 0.2222222239
61167  -22.355  -20.259  -31.462 0.2222222239
66455  -21.256  -13.429  -32.602 0.2222222239
65701  -21.063  -14.239  -32.411 0.1111111119
67180  -20.921  -12.602  -32.359 0.3333333433
104536  -26.770  -3.965  -31.610 0.1111111119
91338  -26.953  -4.444  -31.027 0.1111111119
91341  -27.047  -6.042  -31.274 0.1111111119
91639  -27.470  -5.629  -30.748 0.1111111119
61970  -30.632  -19.705  -30.629 0.1111111119
50794  -22.058  -33.447  -28.945 0.1111111119
50795  -23.604  -33.509  -29.203 0.1111111119
50792  -20.415  -32.955  -28.818 0.1111111119
52259  -20.593  -31.685  -28.942 0.1111111119
52260  -21.451  -32.020  -29.348 0.1111111119
93195  -20.812  -30.325  -29.490 0.1111111119
59609  -21.393  -22.584  -30.580 0.1111111119
63450  -21.758  -17.060  -32.715 0.1111111119
63451  -22.406  -18.152  -32.237 0.1111111119
68643  -21.083  -10.292  -32.621 0.2222222239
69368  -21.554  -9.489  -32.965 0.2222222239
69357  -21.200  -9.717  -32.606 0.2222222239
69346  -21.515  -9.306  -31.540 0.2222222239
51512  -20.969  -32.492  -28.928 0.1111111119
63464  -21.546  -16.779  -32.902 0.1111111119
50778  -20.494  -33.629  -28.645 0.1111111119
101538  -22.806  -33.632  -28.932 0.1111111119
51511  -19.954  -32.304  -28.804 0.1111111119
53025  -20.245  -30.819  -28.902 0.1111111119
53038  -20.053  -30.047  -28.898 0.1111111119
99017  -19.886  -28.654  -29.225 0.1111111119
54672  -19.925  -27.881  -29.694 0.1111111119
107393  -20.912  -23.017  -30.043 0.1111111119
60362  -21.766  -21.489  -29.852 0.1111111119
99647  -20.895  -10.506  -32.464 0.2222222239
100244  -22.372  -9.005  -31.857 0.2222222239
70738  -22.296  -7.603  -32.041 0.1111111119
50779  -21.419  -33.889  -28.506 0.1111111119
70044  -21.640  -8.125  -32.417 0.2222222239
71398  -22.095  -7.274  -32.266 0.1111111119
61176  -22.238  -21.124  -31.401 0.1111111119
68616  -20.739  -11.262  -32.252 0.2222222239
98019  -19.581  -27.046  -29.292 0.1111111119
56390  -19.750  -25.453  -29.950 0.1111111119
98425  -20.916  -23.157  -30.371 0.1111111119
51513  -21.804  -32.814  -29.299 0.1111111119
62734  -22.509  -19.049  -31.834 0.1111111119
106777  -22.450  -19.546  -31.573 0.1111111119
50793  -21.227  -33.213  -28.795 0.1111111119
59598  -21.547  -22.173  -29.351 0.1111111119
69341  -21.045  -10.017  -31.459 0.1111111119
52258  -19.469  -31.352  -28.585 0.1111111119
59578  -20.910  -22.813  -28.938 0.1111111119
61166  -21.948  -20.847  -30.303 0.1111111119
101201  -23.160  -9.356  -32.254 0.1111111119
70037  -22.950  -8.343  -32.218 0.1111111119
67887  -20.669  -11.820  -32.142 0.1111111119
97703  -24.409  -7.568  -33.251 0.1111111119
70747  -25.204  -7.189  -33.417 0.1111111119
62758  -27.879  -18.812  -35.252 1.0000000000
66493  -26.924  -13.131  -35.614 0.8888888955
67929  -23.241  -12.011  -34.294 0.6666666865
68617  -20.938  -10.895  -31.633 0.2222222239
68630  -20.830  -11.071  -32.410 0.2222222239
68660  -28.465  -10.948  -35.659 0.8888888955
69345  -20.960  -9.454  -31.698 0.2222222239
69380  -23.558  -9.203  -34.469 0.5555555820
69382  -27.827  -9.494  -34.999 0.8888888955
69397  -28.148  -10.282  -35.604 1.0000000000
70035  -21.325  -8.456  -31.666 0.2222222239
70036  -22.081  -8.277  -31.754 0.2222222239
70045  -22.015  -7.979  -32.820 0.2222222239
70065  -22.545  -8.581  -33.644 0.4444444478
70081  -27.150  -8.575  -35.089 0.7777777910
70737  -21.858  -7.730  -31.930 0.2222222239
70743  -21.761  -7.341  -32.235 0.2222222239
70744  -22.248  -7.688  -32.912 0.1111111119
70774  -25.118  -7.330  -34.791 0.6666666865
71406  -22.587  -7.630  -33.194 0.1111111119
76421  -28.673  2.367  -31.400 0.1111111119
77848  -30.381  5.786  -31.021 0.1111111119
95700  -26.549  -12.542  -35.601 0.8888888955
99520  -26.603  3.630  -29.626 0.1111111119
99789  -21.075  -8.855  -31.976 0.3333333433
102935  -21.811  -10.211  -31.539 0.1111111119
106409  -26.031  6.280  -28.829 0.1111111119
110103  -27.037  -21.195  -34.335 0.8888888955
