#!ascii label  , from subject sub-v2s9x29167_ses-1 vox2ras=TkReg
1669
33107  -30.695  -54.600  -35.610 0.5000000000
99241  -31.802  -54.502  -35.905 0.5000000000
33108  -32.884  -54.334  -36.354 0.5000000000
102606  -32.723  -53.432  -35.818 0.5000000000
33917  -33.630  -52.987  -36.282 0.5000000000
50831  -30.329  -33.382  -33.907 0.5000000000
110482  -30.931  -32.482  -33.438 0.4000000060
52304  -30.984  -31.683  -33.769 0.4000000060
52305  -31.673  -31.128  -33.233 0.6000000238
93795  -31.500  -31.749  -33.138 0.5000000000
53082  -31.941  -30.357  -33.344 0.5000000000
53073  -32.520  -30.746  -32.365 0.5000000000
53074  -33.051  -30.305  -31.456 0.5000000000
53895  -32.606  -29.882  -32.406 0.5000000000
53906  -32.179  -29.496  -33.401 0.4000000060
31586  -30.393  -56.502  -36.202 0.5000000000
32348  -31.760  -55.360  -36.379 0.4000000060
33110  -32.999  -55.275  -36.873 0.5000000000
33111  -34.302  -55.221  -37.219 0.5000000000
33920  -33.942  -54.127  -36.740 0.5000000000
35748  -34.043  -52.067  -36.419 0.5000000000
49263  -30.222  -35.093  -33.940 0.5000000000
50074  -30.358  -34.058  -34.025 0.5000000000
51547  -30.388  -32.727  -33.947 0.5000000000
52308  -31.393  -30.981  -33.858 0.6000000238
56424  -33.812  -25.157  -34.503 0.3000000119
56418  -33.628  -26.193  -33.364 0.3000000119
55581  -33.322  -27.789  -32.181 0.4000000060
100961  -32.771  -27.876  -32.944 0.3000000119
55592  -33.023  -27.176  -33.109 0.4000000060
32347  -30.550  -55.485  -35.892 0.5000000000
52307  -30.949  -31.668  -33.979 0.6000000238
56419  -34.541  -25.884  -32.667 0.3000000119
22396  -38.218  -67.090  -35.192 0.3000000119
23144  -39.280  -66.000  -35.315 0.3000000119
22407  -38.680  -67.325  -36.564 0.4000000060
23867  -39.847  -66.027  -36.295 0.4000000060
23152  -39.312  -66.760  -36.563 0.4000000060
101144  -39.811  -66.571  -37.026 0.4000000060
23153  -40.469  -66.119  -37.386 0.4000000060
23160  -40.033  -66.684  -37.846 0.4000000060
23876  -41.310  -65.531  -38.081 0.4000000060
23885  -42.373  -65.020  -38.830 0.4000000060
111167  -39.029  -65.880  -34.836 0.3000000119
23852  -39.392  -65.343  -34.828 0.3000000119
24556  -40.086  -64.818  -35.233 0.4000000060
23859  -39.793  -65.455  -35.529 0.4000000060
23860  -40.484  -65.160  -36.004 0.4000000060
23868  -40.907  -65.445  -36.930 0.4000000060
24566  -41.328  -64.758  -36.591 0.4000000060
23877  -41.840  -64.955  -37.665 0.4000000060
25300  -42.915  -63.955  -38.081 0.4000000060
25304  -44.172  -63.329  -39.629 0.4000000060
24574  -43.866  -64.135  -39.089 0.4000000060
26955  -40.285  -61.719  -33.858 0.3000000119
26072  -40.361  -62.503  -34.206 0.3000000119
98282  -40.674  -61.869  -34.554 0.3000000119
25285  -41.013  -63.540  -35.450 0.4000000060
26088  -41.366  -62.711  -35.648 0.4000000060
24558  -41.564  -64.096  -36.326 0.4000000060
25286  -41.756  -63.363  -36.324 0.4000000060
105478  -42.598  -63.093  -37.504 0.4000000060
24573  -42.841  -64.532  -38.474 0.4000000060
27987  -44.380  -60.183  -38.925 0.4000000060
25301  -43.846  -63.338  -38.839 0.4000000060
28942  -44.288  -58.797  -39.078 0.4000000060
27988  -44.378  -59.371  -39.115 0.4000000060
26984  -44.129  -61.641  -39.706 0.4000000060
26954  -39.737  -61.594  -33.297 0.3000000119
111475  -39.529  -62.766  -33.531 0.3000000119
27970  -40.654  -61.066  -34.234 0.3000000119
101570  -41.540  -61.981  -35.906 0.3000000119
26089  -41.927  -62.542  -36.480 0.4000000060
26097  -42.586  -62.167  -37.376 0.4000000060
28938  -44.240  -59.315  -38.671 0.4000000060
26978  -43.242  -61.210  -37.962 0.4000000060
26098  -43.618  -62.287  -38.520 0.4000000060
29844  -43.823  -58.285  -38.735 0.4000000060
30777  -43.312  -57.748  -38.567 0.4000000060
27964  -40.198  -60.848  -33.462 0.3000000119
28916  -40.769  -60.220  -33.939 0.3000000119
27971  -41.137  -60.467  -34.760 0.3000000119
28925  -41.816  -59.842  -35.396 0.4000000060
26970  -41.536  -60.984  -35.779 0.4000000060
28933  -42.400  -60.016  -36.511 0.4000000060
26977  -42.106  -61.634  -36.652 0.4000000060
30769  -43.354  -56.530  -36.653 0.3000000119
29839  -43.313  -58.183  -37.025 0.4000000060
27984  -43.340  -60.105  -37.777 0.4000000060
30776  -43.119  -56.549  -37.466 0.3000000119
101598  -43.670  -57.811  -38.126 0.4000000060
28934  -43.318  -59.185  -37.423 0.4000000060
30775  -43.342  -57.251  -38.138 0.4000000060
29800  -39.902  -58.095  -31.779 0.3000000119
29809  -40.315  -58.638  -32.427 0.3000000119
30735  -40.251  -57.401  -31.709 0.3000000119
28900  -40.360  -59.455  -32.898 0.3000000119
101057  -40.390  -60.042  -33.324 0.3000000119
28909  -40.865  -59.470  -33.576 0.3000000119
28910  -41.382  -58.932  -33.760 0.3000000119
28917  -41.421  -59.488  -34.366 0.3000000119
29823  -41.936  -58.606  -34.249 0.3000000119
103945  -42.866  -58.403  -35.712 0.3000000119
29832  -42.213  -58.945  -35.053 0.3000000119
30768  -43.290  -57.502  -35.909 0.3000000119
28926  -42.647  -59.116  -36.116 0.4000000060
31597  -43.136  -56.049  -37.025 0.3000000119
31596  -42.913  -56.175  -37.256 0.4000000060
32357  -42.588  -55.799  -36.840 0.4000000060
30773  -42.345  -56.413  -37.344 0.4000000060
96708  -40.537  -57.871  -32.226 0.3000000119
29810  -41.249  -57.964  -32.858 0.3000000119
29817  -40.943  -58.764  -33.204 0.3000000119
29818  -41.698  -58.302  -33.570 0.3000000119
30760  -43.070  -57.364  -34.717 0.3000000119
29824  -42.420  -57.893  -34.091 0.3000000119
31591  -43.475  -56.675  -35.463 0.3000000119
29833  -42.607  -58.133  -34.888 0.3000000119
31592  -43.272  -55.786  -36.340 0.3000000119
32351  -42.895  -55.371  -36.438 0.3000000119
32350  -42.248  -55.345  -36.229 0.3000000119
31589  -41.035  -56.522  -35.837 0.4000000060
30744  -41.041  -57.253  -32.298 0.3000000119
31554  -40.666  -56.662  -31.644 0.3000000119
30745  -41.990  -57.234  -32.873 0.3000000119
32304  -40.990  -55.766  -31.320 0.3000000119
32315  -42.110  -55.662  -31.800 0.3000000119
29819  -42.178  -57.619  -33.449 0.3000000119
31563  -42.847  -56.749  -33.029 0.3000000119
33077  -42.494  -55.192  -31.399 0.3000000119
31581  -43.496  -56.792  -34.436 0.3000000119
30754  -42.906  -57.201  -33.999 0.3000000119
31582  -43.653  -56.103  -35.089 0.3000000119
32343  -43.374  -55.281  -35.649 0.3000000119
32342  -42.648  -54.850  -35.860 0.3000000119
31590  -41.814  -55.983  -36.531 0.4000000060
32340  -41.025  -55.637  -34.871 0.4000000060
30759  -40.415  -57.097  -35.115 0.5000000000
31555  -41.767  -56.473  -32.240 0.3000000119
32324  -42.985  -56.122  -32.603 0.3000000119
30746  -42.690  -57.103  -33.441 0.3000000119
31564  -43.841  -56.407  -33.483 0.3000000119
33078  -43.210  -54.940  -31.526 0.3000000119
33066  -42.495  -54.723  -30.752 0.3000000119
31574  -44.098  -56.428  -34.143 0.3000000119
31573  -43.411  -56.797  -33.778 0.3000000119
32334  -44.176  -55.894  -34.410 0.3000000119
33067  -43.434  -54.396  -30.820 0.3000000119
33103  -43.098  -54.627  -35.411 0.3000000119
108146  -45.566  -53.372  -31.962 0.3000000119
33093  -42.177  -54.500  -34.941 0.3000000119
32341  -41.771  -55.125  -35.361 0.3000000119
31572  -40.379  -55.928  -34.264 0.4000000060
32316  -43.091  -55.465  -32.144 0.3000000119
95342  -44.724  -56.091  -33.858 0.3000000119
32325  -44.266  -55.863  -33.121 0.3000000119
32317  -43.879  -55.232  -32.358 0.3000000119
33104  -43.733  -55.123  -34.816 0.3000000119
33079  -44.144  -54.725  -32.041 0.3000000119
33080  -45.443  -54.868  -32.648 0.3000000119
33889  -45.590  -54.150  -32.295 0.3000000119
34751  -46.694  -53.477  -34.200 0.3000000119
34752  -46.814  -53.402  -34.095 0.3000000119
91823  -42.086  -53.930  -34.477 0.3000000119
95152  -41.311  -54.333  -33.950 0.3000000119
32333  -40.990  -55.074  -34.322 0.3000000119
32335  -45.384  -55.532  -33.735 0.3000000119
33095  -44.870  -55.483  -34.246 0.3000000119
33096  -45.973  -55.419  -33.798 0.3000000119
33085  -45.983  -55.271  -33.746 0.3000000119
32326  -45.093  -55.413  -32.971 0.3000000119
33094  -43.339  -54.327  -34.774 0.3000000119
102020  -44.138  -54.196  -34.401 0.3000000119
109208  -45.162  -54.967  -34.189 0.3000000119
33906  -45.330  -54.396  -34.209 0.3000000119
33907  -46.306  -54.809  -33.905 0.3000000119
33905  -42.683  -53.520  -34.336 0.3000000119
34750  -45.137  -53.135  -34.238 0.3000000119
100053  -46.588  -54.334  -34.091 0.3000000119
33908  -46.626  -54.306  -33.994 0.3000000119
35735  -44.762  -51.906  -34.237 0.3000000119
93690  -46.314  -52.564  -34.502 0.3000000119
33092  -40.443  -54.668  -33.402 0.4000000060
36712  -45.350  -49.834  -34.904 0.3000000119
32332  -40.030  -55.448  -33.547 0.4000000060
108605  -44.667  -48.213  -34.342 0.3000000119
31571  -39.608  -56.276  -33.708 0.5000000000
34749  -43.412  -53.122  -34.126 0.3000000119
35734  -43.467  -52.112  -33.724 0.3000000119
33904  -41.561  -53.648  -33.760 0.4000000060
35728  -43.522  -51.174  -33.537 0.3000000119
36703  -43.714  -50.280  -33.487 0.3000000119
33903  -40.755  -53.929  -33.222 0.4000000060
33084  -40.000  -54.231  -32.662 0.5000000000
99600  -44.463  -51.010  -34.127 0.3000000119
37625  -44.165  -49.331  -33.891 0.4000000060
38405  -43.640  -48.717  -32.893 0.4000000060
32323  -39.625  -54.946  -32.842 0.6000000238
38415  -44.302  -48.578  -33.912 0.3000000119
31562  -39.132  -55.731  -32.942 0.6000000238
31570  -38.838  -56.662  -33.280 0.6000000238
34743  -42.303  -52.232  -33.417 0.3000000119
35727  -42.491  -51.384  -33.104 0.3000000119
36702  -42.743  -50.469  -32.831 0.4000000060
33895  -41.054  -53.195  -33.083 0.4000000060
33894  -40.322  -53.489  -32.530 0.5000000000
37620  -43.176  -49.534  -32.784 0.4000000060
37613  -42.722  -48.952  -32.102 0.4000000060
33076  -39.586  -53.738  -32.086 0.5000000000
33083  -39.168  -54.464  -32.196 0.6000000238
38398  -43.215  -48.461  -31.857 0.4000000060
38399  -44.012  -48.197  -32.254 0.3000000119
39213  -43.796  -48.000  -31.340 0.4000000060
110857  -38.605  -54.895  -32.089 0.6000000238
32322  -38.471  -55.460  -32.331 0.6000000238
32321  -37.788  -55.808  -32.076 0.6999999881
34748  -41.976  -52.960  -33.665 0.3000000119
35726  -41.627  -51.664  -32.651 0.3000000119
34741  -40.615  -52.728  -32.405 0.3000000119
36695  -41.822  -50.748  -32.357 0.4000000060
36696  -42.109  -49.679  -32.063 0.4000000060
34734  -40.248  -52.258  -31.756 0.5000000000
38397  -42.426  -48.628  -31.411 0.4000000060
33887  -39.916  -53.016  -31.920 0.5000000000
33886  -39.208  -53.290  -31.537 0.6000000238
38386  -43.013  -48.216  -31.005 0.4000000060
33075  -38.405  -54.392  -31.643 0.6000000238
39200  -43.662  -47.832  -30.480 0.4000000060
38371  -43.518  -47.688  -29.513 0.4000000060
33074  -37.604  -54.696  -31.337 0.6999999881
31552  -37.042  -56.163  -31.787 0.6999999881
31560  -37.567  -56.599  -32.348 0.6999999881
34735  -40.886  -51.972  -32.237 0.4000000060
35719  -41.024  -51.140  -32.032 0.4000000060
36694  -41.041  -50.095  -31.711 0.4000000060
109438  -40.506  -51.578  -31.714 0.4000000060
35717  -39.880  -51.570  -31.221 0.4000000060
37612  -41.340  -49.246  -31.480 0.4000000060
105497  -42.012  -49.010  -31.653 0.4000000060
38396  -41.649  -48.760  -31.134 0.4000000060
38385  -42.199  -48.380  -30.503 0.4000000060
34729  -38.733  -52.865  -30.901 0.6000000238
104841  -42.990  -48.027  -30.236 0.4000000060
33885  -38.545  -53.643  -31.297 0.6000000238
33884  -37.890  -54.018  -31.074 0.6999999881
39179  -43.810  -47.378  -28.523 0.4000000060
33063  -37.181  -54.351  -30.745 0.6999999881
31559  -36.797  -56.943  -32.068 0.6999999881
35718  -40.449  -50.864  -31.445 0.4000000060
34733  -39.515  -52.507  -31.342 0.4000000060
110559  -39.949  -50.744  -30.959 0.4000000060
37611  -40.736  -49.465  -31.176 0.4000000060
34730  -39.186  -51.998  -30.718 0.5000000000
38384  -41.375  -48.639  -30.500 0.4000000060
105592  -38.579  -52.273  -30.353 0.6999999881
38369  -41.561  -48.424  -29.588 0.4000000060
33877  -37.960  -52.876  -30.248 0.6999999881
38358  -42.132  -48.083  -28.639 0.4000000060
33876  -37.514  -53.665  -30.472 0.6999999881
39178  -42.997  -47.764  -28.623 0.4000000060
33875  -36.710  -53.970  -30.146 0.6999999881
39173  -44.030  -47.074  -27.663 0.4000000060
33073  -36.839  -54.986  -31.062 0.6999999881
31551  -36.229  -56.480  -31.606 0.6999999881
40024  -44.806  -46.053  -26.821 0.4000000060
40847  -45.264  -45.284  -26.461 0.4000000060
35712  -39.447  -51.110  -30.539 0.4000000060
37602  -39.725  -50.213  -30.475 0.4000000060
36689  -40.324  -50.084  -31.069 0.4000000060
35711  -38.814  -51.552  -30.111 0.5000000000
38383  -40.743  -48.762  -30.117 0.4000000060
34719  -38.184  -52.073  -29.793 0.6999999881
34718  -37.463  -52.541  -29.506 0.6999999881
38357  -41.262  -48.356  -28.545 0.4000000060
38346  -41.754  -47.958  -27.778 0.4000000060
39172  -42.561  -47.715  -27.812 0.4000000060
39164  -42.924  -47.338  -27.069 0.4000000060
39165  -43.554  -47.101  -27.112 0.4000000060
40023  -43.252  -46.681  -26.406 0.4000000060
33062  -36.357  -54.624  -30.495 0.6999999881
40031  -44.090  -46.671  -26.916 0.4000000060
32302  -36.134  -55.191  -30.813 0.6999999881
40846  -44.399  -45.440  -26.086 0.4000000060
41658  -45.016  -44.194  -25.840 0.4000000060
37592  -39.543  -49.670  -29.806 0.4000000060
37603  -40.245  -49.386  -30.495 0.4000000060
36680  -38.499  -50.631  -28.984 0.6000000238
35703  -39.075  -50.625  -29.793 0.5000000000
37578  -39.383  -49.304  -28.940 0.5000000000
37593  -40.001  -48.984  -29.672 0.4000000060
36724  -35.105  -50.200  -36.752 0.4000000060
99442  -35.751  -51.311  -37.358 0.5000000000
35694  -37.990  -51.205  -28.856 0.6000000238
38356  -40.412  -48.520  -28.418 0.4000000060
34706  -37.029  -52.237  -28.820 0.6000000238
38345  -40.934  -48.200  -27.694 0.4000000060
34717  -36.654  -52.913  -29.174 0.6000000238
39171  -41.376  -47.726  -26.984 0.4000000060
33862  -36.257  -53.590  -29.493 0.6999999881
91844  -42.184  -47.567  -27.055 0.4000000060
33848  -35.832  -53.180  -28.893 0.6999999881
33061  -35.414  -54.927  -30.361 0.6999999881
40014  -43.557  -45.860  -25.898 0.4000000060
40838  -43.690  -45.079  -25.685 0.4000000060
42439  -44.264  -43.734  -25.595 0.4000000060
43328  -44.495  -42.657  -25.470 0.4000000060
37577  -38.548  -49.883  -28.437 0.5000000000
38355  -39.638  -48.734  -28.315 0.5000000000
37635  -34.191  -49.574  -36.148 0.3000000119
37638  -36.061  -49.520  -37.273 0.5000000000
35692  -36.591  -51.922  -28.161 0.6000000238
108966  -37.803  -50.713  -28.277 0.6000000238
37579  -39.954  -48.776  -28.980 0.4000000060
34705  -36.231  -52.588  -28.510 0.6000000238
103045  -34.890  -52.713  -28.553 0.6999999881
33846  -34.520  -52.984  -28.982 0.8000000119
33847  -35.111  -53.189  -28.874 0.6999999881
104794  -41.820  -47.203  -26.420 0.4000000060
40022  -42.335  -46.691  -26.062 0.4000000060
40013  -42.784  -46.115  -25.779 0.4000000060
41656  -43.719  -44.376  -25.597 0.4000000060
44202  -44.259  -41.732  -25.388 0.4000000060
36657  -37.254  -50.460  -27.538 0.6000000238
36658  -37.903  -50.057  -27.830 0.6000000238
37563  -38.245  -49.453  -27.653 0.5000000000
37564  -38.933  -49.108  -28.078 0.5000000000
37636  -35.142  -49.141  -36.682 0.4000000060
34690  -35.808  -52.221  -27.942 0.6000000238
35683  -36.940  -51.194  -27.850 0.6000000238
38343  -39.295  -48.554  -27.557 0.5000000000
37639  -36.715  -49.657  -37.152 0.5000000000
35680  -34.590  -51.645  -27.810 0.6999999881
34704  -35.465  -52.700  -28.461 0.6999999881
38344  -40.087  -48.327  -27.661 0.5000000000
35691  -34.014  -51.570  -28.410 0.6999999881
34703  -34.401  -52.298  -28.537 0.6999999881
38339  -39.736  -48.068  -26.962 0.5000000000
37637  -36.797  -49.246  -36.755 0.6999999881
35700  -33.577  -51.507  -29.742 0.6999999881
92579  -33.704  -51.329  -29.007 0.6999999881
34716  -34.069  -52.624  -29.176 0.6999999881
100339  -40.114  -47.607  -26.461 0.5000000000
100334  -36.237  -47.753  -34.980 0.6999999881
38429  -36.737  -48.803  -36.152 0.6999999881
103796  -33.641  -52.415  -29.852 0.6999999881
39154  -40.869  -47.277  -26.249 0.4000000060
102067  -33.373  -51.756  -30.688 0.6999999881
39155  -41.509  -46.686  -25.889 0.4000000060
40012  -42.009  -46.177  -25.672 0.4000000060
40837  -43.019  -45.418  -25.616 0.4000000060
42438  -43.266  -43.744  -25.515 0.4000000060
105382  -43.767  -43.080  -25.506 0.4000000060
43327  -43.678  -42.294  -25.476 0.4000000060
36643  -36.756  -50.123  -26.884 0.6000000238
37562  -37.533  -49.767  -27.236 0.6000000238
38342  -38.569  -48.816  -27.308 0.5000000000
38428  -35.177  -48.417  -36.599 0.4000000060
39253  -35.800  -47.897  -36.676 0.4000000060
38432  -36.201  -48.772  -37.048 0.6999999881
35663  -34.967  -51.135  -27.212 0.6999999881
35664  -35.676  -51.093  -27.099 0.6000000238
36656  -36.450  -50.854  -27.211 0.6000000238
38337  -38.191  -48.430  -26.579 0.5000000000
38433  -36.688  -49.102  -36.875 0.6999999881
36668  -33.727  -50.713  -28.494 0.6999999881
36654  -33.991  -50.388  -27.555 0.6999999881
36655  -34.465  -50.989  -27.462 0.6999999881
35681  -35.357  -51.704  -27.568 0.6999999881
38338  -38.954  -48.241  -26.827 0.5000000000
38430  -36.518  -48.322  -36.439 0.6999999881
35679  -34.125  -51.116  -27.888 0.6999999881
39153  -39.962  -47.146  -25.909 0.5000000000
92911  -33.471  -49.975  -30.080 0.6999999881
36679  -33.557  -50.701  -29.485 0.6999999881
40011  -40.564  -46.489  -25.640 0.4000000060
38421  -36.624  -47.943  -35.887 0.6999999881
36688  -33.462  -50.797  -30.408 0.6999999881
99143  -33.527  -48.096  -30.588 0.6000000238
99139  -33.492  -49.358  -31.260 0.6000000238
101786  -33.424  -50.029  -30.953 0.6999999881
108415  -41.284  -46.135  -25.605 0.4000000060
103925  -41.580  -45.554  -25.519 0.4000000060
40080  -35.784  -46.320  -34.166 0.6999999881
91890  -33.515  -48.727  -31.006 0.6000000238
40836  -42.369  -45.562  -25.564 0.4000000060
105047  -33.657  -48.840  -31.868 0.6000000238
41655  -42.084  -44.858  -25.489 0.4000000060
111296  -42.567  -43.341  -25.550 0.4000000060
100572  -43.084  -42.844  -25.531 0.4000000060
44201  -43.554  -41.457  -25.517 0.4000000060
37542  -37.420  -48.679  -26.237 0.6000000238
97551  -35.179  -47.127  -36.326 0.6000000238
39254  -36.203  -47.263  -36.478 0.6999999881
37550  -33.999  -49.203  -26.835 0.6000000238
37551  -34.771  -49.904  -26.543 0.6999999881
37552  -35.496  -49.825  -26.346 0.6999999881
37553  -36.275  -49.675  -26.319 0.6000000238
37576  -33.618  -49.717  -28.245 0.6000000238
37561  -33.794  -49.454  -27.394 0.6000000238
36639  -34.177  -49.841  -26.895 0.6999999881
98175  -36.360  -48.170  -36.611 0.6999999881
98571  -33.463  -48.985  -28.950 0.6000000238
94487  -39.087  -47.166  -25.694 0.5000000000
39249  -36.644  -47.223  -36.127 0.6999999881
39255  -36.539  -47.301  -36.235 0.6999999881
38367  -33.473  -48.273  -29.699 0.6000000238
96560  -33.460  -49.185  -29.817 0.6000000238
40010  -39.556  -46.530  -25.464 0.4000000060
40085  -36.624  -46.510  -35.128 0.6999999881
40086  -37.162  -46.499  -35.958 0.6999999881
37601  -33.465  -49.325  -30.579 0.6999999881
105985  -36.688  -45.635  -34.842 0.6999999881
40834  -39.930  -45.844  -25.324 0.4000000060
40835  -40.756  -45.664  -25.465 0.4000000060
39212  -33.617  -47.360  -30.947 0.6000000238
41654  -41.050  -44.855  -25.471 0.4000000060
40079  -35.067  -46.125  -33.458 0.6999999881
39219  -34.198  -47.169  -32.628 0.6999999881
38403  -33.891  -47.972  -32.232 0.6000000238
42436  -41.481  -44.165  -25.528 0.4000000060
43325  -42.346  -42.666  -25.733 0.4000000060
43326  -42.982  -42.076  -25.655 0.4000000060
44200  -42.899  -41.303  -25.847 0.4000000060
97156  -43.393  -40.621  -25.606 0.4000000060
44969  -42.764  -40.531  -26.029 0.3000000119
40089  -34.597  -46.365  -35.904 0.5000000000
39170  -33.579  -47.860  -27.638 0.6000000238
38335  -33.739  -48.674  -27.139 0.6000000238
106560  -34.392  -49.344  -26.546 0.6000000238
37540  -35.779  -49.123  -25.841 0.6000000238
37541  -36.604  -48.945  -25.926 0.6000000238
38331  -36.983  -48.189  -25.609 0.6000000238
40090  -35.731  -46.442  -36.362 0.6000000238
38354  -33.492  -48.087  -28.693 0.6000000238
103375  -33.574  -48.797  -28.004 0.6000000238
39150  -36.536  -47.584  -25.187 0.5000000000
38332  -37.801  -47.968  -25.886 0.4000000060
39161  -38.598  -47.785  -26.141 0.5000000000
40092  -36.689  -46.517  -36.320 0.6999999881
39151  -37.387  -47.440  -25.302 0.5000000000
39152  -38.221  -47.279  -25.499 0.4000000060
39136  -38.637  -46.599  -25.233 0.4000000060
106795  -37.317  -45.825  -36.315 0.8000000119
39187  -33.489  -47.420  -29.317 0.6000000238
39995  -39.057  -45.951  -25.110 0.4000000060
102283  -37.362  -46.005  -35.711 0.6999999881
40055  -33.585  -46.705  -30.446 0.6000000238
101776  -40.187  -45.084  -25.339 0.4000000060
40064  -33.718  -46.580  -31.323 0.6000000238
42435  -40.783  -43.695  -25.648 0.4000000060
40894  -35.554  -45.483  -33.847 0.6999999881
40070  -34.464  -46.353  -32.892 0.6999999881
40886  -33.773  -45.758  -31.724 0.6999999881
43342  -41.486  -42.506  -26.229 0.4000000060
100670  -41.703  -43.330  -25.678 0.4000000060
40893  -34.608  -45.455  -33.074 0.6999999881
44221  -41.656  -41.779  -26.839 0.3000000119
44199  -42.333  -41.966  -26.102 0.4000000060
44987  -42.418  -40.691  -26.796 0.4000000060
39159  -33.738  -47.298  -26.845 0.6000000238
40021  -34.079  -46.806  -26.252 0.6000000238
38328  -34.664  -48.337  -25.922 0.6000000238
39148  -34.881  -47.694  -25.619 0.6000000238
39149  -35.666  -47.658  -25.290 0.5000000000
40899  -35.127  -45.631  -36.062 0.6000000238
40900  -36.398  -45.620  -36.463 0.6000000238
107092  -33.492  -46.210  -27.558 0.6000000238
40020  -33.647  -46.453  -26.884 0.6000000238
39134  -36.938  -46.867  -24.849 0.5000000000
39177  -33.493  -47.221  -28.461 0.6000000238
103888  -37.312  -45.659  -24.607 0.5000000000
39993  -37.353  -46.294  -24.718 0.4000000060
39135  -37.784  -46.742  -25.015 0.4000000060
99688  -37.660  -45.774  -36.102 0.6999999881
40045  -33.536  -46.059  -29.783 0.6000000238
99560  -33.517  -46.857  -29.757 0.6000000238
105934  -37.896  -45.351  -24.696 0.5000000000
40824  -38.555  -45.365  -24.906 0.5000000000
40897  -37.681  -45.374  -35.757 0.8000000119
40901  -37.962  -45.024  -36.067 0.8000000119
41643  -38.747  -44.677  -25.065 0.4000000060
40833  -39.364  -45.250  -25.164 0.4000000060
41715  -37.235  -44.743  -35.230 0.8000000119
40881  -33.643  -45.916  -30.755 0.6000000238
41653  -39.591  -44.496  -25.312 0.4000000060
41711  -36.168  -44.712  -34.311 0.6999999881
102433  -33.631  -45.149  -31.075 0.6999999881
45012  -40.199  -40.918  -28.771 0.5000000000
44233  -39.701  -41.576  -27.728 0.5000000000
102612  -39.345  -42.077  -27.132 0.5000000000
43322  -39.174  -43.115  -25.957 0.4000000060
42434  -39.852  -43.745  -25.558 0.4000000060
41710  -35.176  -44.600  -33.511 0.6999999881
40887  -33.958  -45.198  -32.383 0.6999999881
107702  -33.655  -45.022  -31.788 0.6999999881
45796  -40.335  -39.942  -28.822 0.5000000000
44234  -40.438  -41.631  -27.772 0.4000000060
43340  -39.748  -42.601  -26.498 0.4000000060
43341  -40.583  -42.596  -26.444 0.4000000060
45806  -40.982  -40.464  -29.790 0.4000000060
45001  -40.185  -41.276  -28.411 0.5000000000
100371  -40.724  -41.238  -29.026 0.4000000060
45002  -41.288  -41.260  -28.523 0.4000000060
44235  -41.118  -41.557  -27.699 0.4000000060
46683  -41.457  -40.163  -30.318 0.4000000060
45023  -41.558  -40.854  -30.143 0.4000000060
45014  -41.389  -41.060  -29.494 0.4000000060
44986  -41.762  -41.264  -27.393 0.4000000060
40845  -34.006  -45.933  -26.294 0.6000000238
94520  -34.522  -47.093  -25.755 0.6000000238
101407  -35.518  -44.841  -36.238 0.5000000000
40858  -33.410  -45.668  -27.983 0.6000000238
40844  -33.518  -45.560  -27.042 0.6000000238
41665  -33.999  -45.044  -26.388 0.6000000238
98654  -35.054  -46.039  -25.333 0.5000000000
40832  -35.394  -45.457  -25.084 0.5000000000
39991  -35.664  -46.176  -24.875 0.5000000000
98854  -33.409  -45.039  -28.494 0.6000000238
40866  -33.469  -45.846  -28.851 0.6000000238
41651  -35.958  -44.087  -25.073 0.5000000000
40822  -36.566  -45.281  -24.593 0.5000000000
41718  -36.555  -44.535  -36.568 0.6000000238
100593  -33.568  -45.222  -30.206 0.6000000238
40874  -33.495  -45.189  -29.350 0.6000000238
42422  -36.882  -44.047  -24.939 0.5000000000
40823  -37.312  -44.826  -24.668 0.5000000000
40902  -37.930  -44.618  -36.113 0.8000000119
44218  -38.576  -41.967  -26.972 0.5000000000
42432  -37.278  -43.437  -25.425 0.5000000000
41642  -37.921  -44.145  -25.050 0.5000000000
98757  -38.096  -44.867  -24.787 0.5000000000
41719  -37.926  -44.707  -35.879 0.8000000119
41694  -33.534  -44.462  -30.580 0.6000000238
45783  -38.756  -39.917  -27.696 0.5000000000
44984  -37.516  -41.074  -27.132 0.5000000000
44232  -38.906  -41.464  -27.505 0.5000000000
43339  -38.201  -42.569  -26.348 0.5000000000
42433  -38.172  -43.337  -25.640 0.5000000000
107941  -37.215  -43.447  -35.266 0.8000000119
41700  -33.530  -44.456  -31.442 0.6999999881
44999  -38.287  -40.737  -27.502 0.5000000000
45000  -39.377  -40.927  -28.023 0.5000000000
103836  -39.017  -42.488  -26.614 0.5000000000
42488  -35.788  -43.795  -34.043 0.8000000119
41706  -34.304  -44.523  -32.846 0.6999999881
41705  -33.689  -44.485  -32.206 0.6999999881
109986  -39.779  -39.053  -28.074 0.5000000000
104991  -39.605  -39.986  -28.125 0.4000000060
105827  -34.638  -45.392  -25.684 0.5000000000
41714  -34.242  -44.222  -35.253 0.5000000000
102113  -33.415  -44.875  -27.619 0.6000000238
41650  -35.264  -44.667  -25.319 0.5000000000
41717  -35.065  -44.058  -35.806 0.5000000000
42431  -35.269  -43.930  -25.547 0.5000000000
103557  -36.428  -43.409  -25.405 0.5000000000
42491  -34.261  -43.379  -35.250 0.5000000000
98504  -35.296  -43.109  -35.908 0.5000000000
110360  -35.715  -44.284  -36.307 0.5000000000
41687  -33.499  -44.496  -29.754 0.6000000238
41679  -33.396  -44.392  -28.962 0.6000000238
43337  -36.276  -42.093  -26.278 0.5000000000
43320  -36.768  -42.802  -25.814 0.5000000000
42469  -33.431  -43.135  -29.441 0.6000000238
44998  -37.385  -40.398  -27.365 0.5000000000
44216  -36.868  -41.507  -26.701 0.5000000000
43338  -37.234  -42.271  -26.303 0.5000000000
43321  -37.527  -42.879  -25.897 0.5000000000
42496  -37.731  -42.961  -36.188 0.6999999881
42477  -33.423  -43.612  -31.083 0.6000000238
44985  -38.218  -41.407  -27.214 0.5000000000
44217  -37.769  -41.789  -26.782 0.5000000000
42495  -37.850  -43.166  -36.078 0.6999999881
103439  -37.615  -42.916  -35.692 0.6999999881
46663  -40.244  -38.446  -28.342 0.4000000060
42492  -36.787  -43.945  -34.809 0.8000000119
42487  -34.716  -43.579  -33.276 0.6999999881
47574  -41.080  -37.392  -29.068 0.5000000000
97676  -36.691  -43.008  -34.737 0.6999999881
46674  -40.826  -39.333  -29.339 0.4000000060
46675  -41.408  -38.688  -29.873 0.5000000000
48429  -42.605  -36.715  -31.464 0.4000000060
107948  -43.857  -37.348  -33.119 0.5000000000
48434  -43.262  -36.457  -32.566 0.5000000000
47591  -44.495  -38.004  -31.876 0.5000000000
111355  -44.056  -37.071  -33.226 0.5000000000
105709  -43.917  -36.144  -33.337 0.5000000000
109677  -33.944  -44.348  -26.583 0.6000000238
41649  -34.571  -44.323  -25.967 0.5000000000
41672  -33.342  -44.210  -28.106 0.6000000238
42455  -33.925  -43.195  -27.274 0.6000000238
42445  -34.211  -43.664  -26.592 0.6000000238
42446  -34.942  -43.412  -26.069 0.5000000000
105036  -36.076  -42.787  -25.772 0.5000000000
43392  -34.650  -42.485  -35.509 0.5000000000
42494  -35.994  -43.701  -36.402 0.5000000000
42462  -33.418  -43.490  -28.638 0.6000000238
43350  -33.702  -42.829  -28.005 0.6000000238
43351  -34.301  -42.455  -27.464 0.6000000238
44983  -36.611  -40.684  -27.169 0.5000000000
43336  -35.427  -42.576  -26.270 0.5000000000
43391  -33.969  -42.647  -34.967 0.5000000000
43396  -36.384  -42.768  -36.429 0.6000000238
97834  -33.477  -43.741  -30.076 0.6000000238
103063  -36.182  -41.289  -26.742 0.5000000000
43399  -37.429  -42.261  -36.340 0.6999999881
43367  -33.589  -42.429  -29.519 0.6000000238
45782  -37.789  -39.790  -27.527 0.5000000000
43398  -37.728  -42.341  -36.102 0.6999999881
43375  -33.459  -42.788  -30.300 0.6000000238
45795  -39.153  -38.985  -27.693 0.5000000000
46662  -39.547  -38.198  -27.793 0.6000000238
46661  -38.678  -38.015  -27.559 0.4000000060
47560  -39.891  -37.461  -27.881 0.5000000000
42482  -33.447  -43.094  -32.046 0.6999999881
103033  -33.410  -42.765  -31.225 0.6999999881
42483  -34.060  -43.056  -32.751 0.6999999881
47573  -40.467  -37.392  -28.368 0.5000000000
49246  -41.708  -35.537  -29.789 0.4000000060
50054  -41.945  -34.622  -30.526 0.4000000060
49247  -42.434  -35.651  -31.264 0.4000000060
105784  -35.506  -42.089  -33.799 0.6999999881
43393  -36.382  -42.071  -34.505 0.6999999881
48435  -44.241  -37.331  -32.822 0.5000000000
48430  -44.524  -36.922  -31.729 0.5000000000
48439  -44.096  -36.206  -33.269 0.5000000000
44214  -34.945  -42.097  -26.987 0.5000000000
43335  -34.592  -42.854  -26.722 0.5000000000
43359  -34.107  -42.037  -28.251 0.6000000238
101534  -34.625  -41.856  -27.633 0.5000000000
44215  -35.635  -41.647  -26.729 0.5000000000
102373  -34.544  -40.924  -35.305 0.6000000238
44275  -35.127  -41.595  -35.674 0.6000000238
43358  -33.615  -42.601  -28.808 0.6000000238
44982  -35.803  -40.789  -27.226 0.5000000000
44278  -36.362  -41.314  -36.183 0.6000000238
44253  -34.210  -41.278  -29.417 0.5000000000
44244  -33.876  -41.907  -29.105 0.5000000000
45781  -36.840  -39.757  -27.536 0.5000000000
101199  -37.342  -38.949  -27.589 0.5000000000
111117  -36.677  -41.935  -36.385 0.6999999881
44252  -33.727  -41.834  -29.997 0.6000000238
99952  -38.245  -38.951  -27.558 0.5000000000
46660  -37.773  -38.180  -27.581 0.6000000238
47559  -39.279  -37.474  -27.624 0.5000000000
44279  -37.367  -41.300  -36.205 0.6999999881
43383  -33.534  -42.277  -31.719 0.6999999881
50042  -39.993  -35.036  -27.990 0.5000000000
50048  -40.561  -34.894  -28.461 0.4000000060
43397  -37.731  -42.149  -35.981 0.6999999881
43384  -33.898  -42.388  -32.445 0.6999999881
44267  -34.324  -41.706  -32.677 0.6999999881
48416  -40.129  -36.664  -27.945 0.5000000000
49241  -40.272  -35.761  -28.095 0.5000000000
50049  -41.319  -34.573  -29.277 0.4000000060
43394  -37.342  -42.021  -35.524 0.6999999881
43388  -34.658  -42.471  -33.218 0.6999999881
105404  -41.600  -33.837  -30.238 0.4000000060
50060  -42.128  -33.715  -31.317 0.4000000060
44277  -37.652  -41.233  -36.004 0.6999999881
45040  -35.641  -40.650  -33.638 0.6999999881
50061  -42.525  -34.501  -31.930 0.4000000060
44276  -37.054  -41.134  -35.276 0.6999999881
44272  -36.036  -41.339  -34.212 0.6999999881
101759  -42.670  -33.768  -32.218 0.4000000060
50066  -43.331  -34.368  -32.777 0.4000000060
49258  -44.460  -35.994  -32.344 0.5000000000
50073  -44.239  -34.655  -33.015 0.5000000000
44230  -34.682  -41.383  -28.144 0.5000000000
44231  -35.164  -41.413  -27.432 0.5000000000
44245  -34.310  -41.473  -28.745 0.5000000000
44995  -35.236  -40.762  -27.999 0.5000000000
44996  -35.746  -40.084  -27.855 0.5000000000
94595  -36.721  -39.026  -27.725 0.5000000000
102225  -35.868  -40.654  -35.832 0.6000000238
45010  -34.701  -40.803  -28.819 0.5000000000
44997  -36.203  -40.144  -27.506 0.5000000000
95313  -37.130  -40.555  -36.089 0.6999999881
102785  -34.521  -40.614  -29.682 0.5000000000
47557  -38.057  -37.507  -27.546 0.5000000000
45027  -34.127  -41.103  -30.200 0.6000000238
45026  -34.020  -40.976  -31.006 0.6999999881
107209  -39.480  -36.797  -27.660 0.5000000000
50047  -40.018  -34.248  -28.235 0.4000000060
101353  -33.741  -41.613  -31.404 0.8000000119
48404  -39.063  -36.085  -27.586 0.5000000000
49235  -39.599  -35.522  -27.773 0.5000000000
50805  -40.683  -34.139  -28.747 0.4000000060
50817  -41.597  -33.005  -30.783 0.4000000060
92160  -37.506  -40.853  -35.986 0.6999999881
45821  -34.881  -39.698  -31.890 0.6000000238
44271  -35.111  -41.569  -33.378 0.6999999881
45035  -35.207  -40.062  -32.858 0.6999999881
46693  -35.356  -38.391  -31.777 0.6000000238
45832  -36.790  -39.801  -35.120 0.6999999881
45825  -36.210  -39.578  -33.971 0.6000000238
46698  -35.624  -38.362  -32.756 0.6000000238
94640  -35.208  -38.979  -32.080 0.6000000238
50818  -42.568  -33.185  -31.860 0.4000000060
45044  -37.222  -40.413  -35.723 0.6999999881
99414  -35.575  -37.750  -32.289 0.6000000238
50825  -43.889  -33.951  -32.744 0.5000000000
47598  -35.938  -37.455  -33.356 0.6000000238
47593  -35.675  -36.936  -32.352 0.6000000238
50068  -44.494  -34.740  -32.285 0.5000000000
45780  -36.233  -39.505  -27.809 0.6000000238
45042  -33.921  -40.256  -34.879 0.5000000000
45793  -35.766  -39.391  -28.382 0.6000000238
46659  -36.973  -38.231  -27.771 0.6000000238
45045  -35.213  -40.021  -35.373 0.6000000238
45046  -36.572  -39.913  -35.568 0.6000000238
45022  -34.940  -40.183  -29.278 0.6000000238
45011  -35.279  -40.105  -28.595 0.6000000238
47556  -37.504  -37.599  -27.686 0.5000000000
47572  -37.779  -36.853  -27.657 0.5000000000
47558  -38.668  -36.992  -27.533 0.5000000000
46704  -35.149  -38.486  -35.232 0.6000000238
45834  -35.768  -39.188  -35.370 0.6000000238
45809  -34.841  -39.933  -29.970 0.6000000238
49233  -38.477  -35.566  -27.692 0.5000000000
50040  -38.647  -34.651  -27.879 0.5000000000
50804  -40.313  -33.474  -28.745 0.4000000060
94648  -36.638  -39.628  -35.303 0.6999999881
46706  -36.086  -38.456  -35.357 0.6000000238
103132  -34.442  -40.460  -30.492 0.6999999881
45810  -35.214  -39.211  -30.348 0.6000000238
49234  -39.058  -35.317  -27.689 0.5000000000
50041  -39.431  -34.788  -27.879 0.5000000000
107042  -40.482  -32.856  -29.351 0.4000000060
50811  -40.994  -33.491  -29.550 0.4000000060
107750  -41.433  -32.466  -30.484 0.4000000060
45034  -34.602  -40.412  -32.154 0.6999999881
45817  -35.157  -39.112  -31.276 0.6999999881
47579  -35.770  -37.693  -30.545 0.6999999881
49232  -37.820  -35.969  -27.789 0.5000000000
46705  -36.382  -38.005  -35.104 0.6000000238
93752  -35.557  -37.675  -31.493 0.6000000238
47587  -35.792  -36.832  -31.128 0.6999999881
51537  -42.152  -32.635  -31.034 0.4000000060
45833  -36.496  -38.667  -35.048 0.6999999881
45826  -36.425  -38.733  -34.347 0.6000000238
96919  -36.010  -38.794  -33.505 0.6000000238
49250  -36.177  -35.650  -30.577 0.6000000238
52293  -42.740  -32.191  -30.859 0.4000000060
46699  -36.277  -38.110  -33.903 0.6000000238
48433  -35.704  -36.222  -31.814 0.6000000238
49255  -35.764  -35.536  -31.478 0.6000000238
51538  -43.219  -32.685  -31.807 0.4000000060
111425  -35.616  -35.824  -32.136 0.6000000238
51545  -44.419  -33.363  -32.382 0.5000000000
51544  -43.595  -33.226  -32.378 0.4000000060
50819  -44.691  -33.705  -31.824 0.5000000000
51540  -44.913  -33.079  -32.054 0.5000000000
45794  -36.347  -38.791  -28.135 0.6000000238
45805  -35.336  -39.407  -29.312 0.6000000238
46672  -35.926  -38.612  -28.917 0.6000000238
46673  -36.522  -37.992  -28.482 0.6000000238
45831  -34.471  -39.353  -35.069 0.6000000238
47580  -36.198  -37.701  -29.515 0.6000000238
48415  -37.242  -36.436  -28.155 0.5000000000
50788  -39.235  -33.969  -28.096 0.5000000000
51522  -39.788  -32.665  -28.842 0.4000000060
47603  -35.813  -37.815  -35.353 0.6000000238
46682  -35.629  -38.502  -29.914 0.6000000238
99509  -36.480  -36.744  -29.486 0.6000000238
48414  -36.806  -36.129  -28.883 0.5000000000
50044  -37.297  -34.792  -28.554 0.5000000000
50045  -37.899  -34.241  -28.232 0.5000000000
51531  -40.333  -32.202  -29.657 0.4000000060
51532  -40.924  -32.585  -30.108 0.4000000060
48422  -36.507  -35.896  -29.751 0.5000000000
49240  -37.281  -35.627  -28.370 0.5000000000
50039  -37.887  -35.120  -27.970 0.5000000000
52292  -41.709  -32.167  -30.399 0.4000000060
50059  -36.358  -34.182  -29.917 0.6000000238
52283  -42.184  -31.686  -29.918 0.4000000060
47600  -36.258  -37.407  -34.644 0.6000000238
107494  -35.656  -36.215  -33.947 0.6000000238
95254  -35.993  -33.883  -30.452 0.6000000238
45047  -37.144  -40.353  -35.777 0.6999999881
103798  -35.872  -36.772  -33.747 0.6000000238
48438  -35.612  -36.120  -32.874 0.6000000238
51539  -44.351  -32.903  -32.190 0.4000000060
107105  -44.895  -32.767  -32.047 0.5000000000
52295  -45.184  -32.495  -31.801 0.4000000060
102837  -36.590  -37.293  -28.804 0.5000000000
50801  -37.783  -33.393  -28.498 0.5000000000
51521  -38.304  -32.741  -28.503 0.5000000000
50802  -39.089  -33.026  -28.349 0.5000000000
51530  -39.718  -31.904  -29.365 0.4000000060
94749  -35.645  -37.150  -35.229 0.6000000238
48445  -35.492  -36.573  -34.918 0.6000000238
95558  -37.279  -33.952  -28.738 0.5000000000
50046  -38.503  -33.652  -28.199 0.5000000000
52281  -40.194  -31.618  -29.609 0.4000000060
100079  -40.871  -31.999  -30.111 0.4000000060
47604  -36.171  -37.502  -35.248 0.6000000238
50053  -36.787  -34.498  -29.215 0.5000000000
52282  -41.354  -31.726  -29.837 0.4000000060
93890  -36.097  -36.973  -35.139 0.6000000238
48440  -35.886  -36.666  -34.657 0.6000000238
49264  -35.400  -35.608  -33.640 0.6000000238
50815  -35.776  -33.327  -30.628 0.6000000238
52284  -43.213  -31.628  -30.330 0.4000000060
50072  -35.210  -34.561  -32.538 0.6000000238
96534  -35.620  -33.911  -31.078 0.6000000238
95393  -35.441  -35.350  -32.519 0.6000000238
50065  -35.526  -34.655  -31.689 0.6000000238
52294  -44.079  -32.391  -31.667 0.4000000060
53065  -44.258  -31.706  -31.139 0.4000000060
53066  -45.022  -31.650  -31.499 0.3000000119
52303  -45.581  -32.302  -32.059 0.3000000119
105202  -38.899  -31.971  -28.860 0.5000000000
52269  -39.469  -31.303  -29.470 0.5000000000
98176  -40.058  -30.913  -29.588 0.5000000000
51520  -37.548  -32.675  -28.829 0.5000000000
51529  -37.274  -32.125  -29.167 0.6000000238
95480  -40.724  -31.392  -29.541 0.4000000060
49270  -35.287  -35.886  -34.461 0.6000000238
105509  -35.085  -35.146  -34.154 0.6000000238
51528  -36.834  -32.685  -29.364 0.6000000238
53051  -41.551  -31.114  -29.271 0.4000000060
50076  -35.142  -34.888  -33.419 0.6000000238
50816  -36.241  -33.211  -30.027 0.6999999881
53052  -42.579  -31.046  -29.320 0.3000000119
50071  -34.856  -34.070  -33.174 0.6000000238
51535  -35.735  -32.621  -30.579 0.6000000238
53053  -43.468  -30.875  -29.738 0.3000000119
50830  -35.154  -33.750  -32.049 0.6000000238
50823  -35.401  -33.075  -31.214 0.6000000238
52302  -35.202  -31.360  -31.292 0.6000000238
53887  -44.932  -30.533  -30.885 0.3000000119
53067  -45.445  -31.527  -31.640 0.3000000119
52280  -38.192  -31.309  -29.262 0.6000000238
53049  -39.327  -30.456  -29.567 0.5000000000
52279  -37.404  -31.496  -29.341 0.6000000238
53050  -40.709  -30.539  -29.169 0.4000000060
110543  -41.336  -30.541  -28.832 0.4000000060
49269  -34.605  -34.896  -34.415 0.6000000238
50075  -34.833  -34.382  -34.101 0.6000000238
52278  -36.773  -31.815  -29.602 0.6000000238
53032  -41.987  -30.505  -28.664 0.3000000119
95103  -34.567  -32.794  -33.845 0.6000000238
50829  -34.646  -33.217  -32.950 0.6000000238
51546  -34.531  -32.360  -32.965 0.6000000238
52290  -35.680  -31.784  -30.612 0.6000000238
50822  -34.856  -32.734  -31.990 0.6000000238
52301  -34.726  -31.825  -32.025 0.6000000238
53054  -44.282  -30.688  -30.310 0.3000000119
53872  -45.197  -29.532  -30.250 0.3000000119
53888  -45.699  -30.682  -31.315 0.3000000119
53047  -37.614  -30.748  -29.588 0.6000000238
53048  -38.454  -30.546  -29.581 0.6000000238
111395  -38.851  -31.128  -29.425 0.5000000000
53046  -36.831  -31.025  -29.740 0.6000000238
53869  -40.370  -29.635  -29.139 0.4000000060
53849  -41.256  -29.866  -28.565 0.4000000060
53064  -36.347  -30.614  -30.326 0.6000000238
53850  -42.332  -29.730  -28.320 0.3000000119
50832  -34.639  -33.457  -34.041 0.6000000238
53063  -35.685  -30.961  -30.697 0.6000000238
54666  -43.537  -28.889  -28.244 0.3000000119
53076  -35.247  -30.538  -31.389 0.6000000238
53870  -43.667  -30.021  -29.197 0.3000000119
53075  -34.728  -30.948  -32.143 0.6000000238
53871  -44.419  -29.637  -29.538 0.3000000119
53866  -37.926  -29.971  -29.841 0.6000000238
53867  -38.810  -29.783  -29.769 0.5000000000
108669  -39.572  -28.986  -29.712 0.5000000000
53868  -39.619  -29.566  -29.603 0.4000000060
53865  -37.062  -30.255  -29.988 0.6000000238
53848  -40.700  -28.808  -28.636 0.4000000060
54664  -41.722  -28.965  -28.174 0.4000000060
54665  -42.715  -28.945  -28.046 0.3000000119
53885  -36.553  -29.810  -30.517 0.6000000238
55527  -42.163  -28.111  -27.792 0.3000000119
51548  -34.415  -32.110  -34.098 0.6000000238
52306  -34.483  -31.485  -33.165 0.6000000238
53884  -35.806  -30.161  -30.843 0.6000000238
54654  -43.143  -28.239  -27.797 0.3000000119
53898  -35.415  -29.744  -31.553 0.6000000238
53897  -34.901  -30.116  -32.255 0.6000000238
53886  -38.313  -29.224  -30.159 0.6000000238
54680  -39.117  -29.066  -29.949 0.4000000060
54681  -39.583  -28.432  -29.885 0.4000000060
92408  -40.030  -28.922  -29.419 0.4000000060
95788  -37.399  -29.478  -30.295 0.5000000000
96824  -41.291  -28.222  -28.160 0.4000000060
54696  -36.860  -29.002  -30.782 0.5000000000
53899  -36.110  -29.395  -31.137 0.5000000000
96483  -42.121  -27.285  -27.626 0.3000000119
52309  -34.277  -31.218  -34.317 0.6000000238
54705  -35.692  -28.940  -31.853 0.5000000000
53083  -34.522  -30.491  -33.491 0.6000000238
53909  -35.127  -29.336  -32.425 0.6000000238
53910  -34.554  -29.636  -34.322 0.6000000238
53908  -34.680  -29.678  -33.101 0.6000000238
54719  -34.771  -28.824  -34.680 0.5000000000
54714  -34.885  -29.012  -33.498 0.5000000000
55571  -38.035  -27.940  -30.905 0.4000000060
106455  -38.720  -28.415  -30.392 0.3000000119
106378  -39.318  -27.850  -30.282 0.4000000060
54682  -40.194  -28.130  -29.223 0.3000000119
54697  -37.752  -28.704  -30.605 0.4000000060
55555  -40.279  -27.158  -29.019 0.3000000119
99164  -40.760  -27.031  -28.372 0.3000000119
54706  -36.446  -28.594  -31.470 0.5000000000
55540  -40.692  -27.799  -28.499 0.3000000119
55541  -41.387  -27.389  -27.954 0.3000000119
98417  -43.296  -26.774  -27.606 0.3000000119
54715  -35.358  -28.508  -32.773 0.5000000000
55586  -38.267  -27.310  -31.160 0.3000000119
55572  -38.777  -27.592  -30.698 0.3000000119
55573  -39.449  -27.164  -30.382 0.3000000119
55554  -39.885  -27.595  -29.830 0.3000000119
55585  -37.527  -27.382  -31.547 0.3000000119
56383  -40.223  -26.393  -29.261 0.3000000119
56366  -40.543  -26.284  -28.559 0.3000000119
54716  -36.040  -28.144  -32.257 0.4000000060
56367  -41.118  -26.507  -28.006 0.3000000119
56354  -41.786  -26.626  -27.637 0.3000000119
95859  -42.234  -25.916  -27.481 0.3000000119
55594  -35.731  -27.726  -33.220 0.5000000000
56356  -43.043  -25.982  -27.458 0.3000000119
54720  -35.261  -28.262  -33.975 0.4000000060
56399  -38.868  -26.765  -31.014 0.3000000119
56400  -39.634  -26.377  -30.526 0.3000000119
56416  -38.145  -26.723  -31.635 0.3000000119
56382  -40.019  -26.790  -29.869 0.3000000119
56415  -37.525  -26.639  -32.266 0.3000000119
56420  -36.946  -26.634  -33.098 0.3000000119
108732  -36.964  -27.104  -32.212 0.3000000119
57156  -40.933  -25.817  -28.069 0.3000000119
57140  -41.490  -25.850  -27.708 0.3000000119
55600  -36.299  -27.053  -33.800 0.3000000119
55595  -36.410  -27.372  -32.677 0.4000000060
57139  -41.137  -25.058  -27.877 0.3000000119
94365  -41.913  -25.150  -27.514 0.3000000119
57141  -42.729  -25.197  -27.413 0.3000000119
55599  -35.687  -27.480  -34.454 0.4000000060
57142  -43.685  -25.229  -27.539 0.3000000119
107431  -38.657  -26.201  -31.629 0.3000000119
57170  -40.122  -25.988  -29.926 0.3000000119
56422  -38.206  -26.020  -32.419 0.3000000119
57191  -40.193  -25.058  -29.848 0.3000000119
57171  -40.254  -25.689  -29.092 0.3000000119
107759  -40.321  -24.991  -28.898 0.3000000119
56427  -37.376  -25.921  -33.964 0.3000000119
106274  -37.647  -26.162  -33.064 0.3000000119
57155  -40.593  -25.386  -28.439 0.3000000119
57981  -41.083  -24.284  -27.853 0.3000000119
57982  -41.658  -24.412  -27.602 0.3000000119
57983  -42.384  -24.476  -27.444 0.3000000119
56429  -35.510  -26.020  -35.431 0.4000000060
98288  -42.758  -23.783  -27.408 0.3000000119
58800  -43.112  -23.048  -27.386 0.3000000119
57985  -44.026  -24.396  -27.512 0.3000000119
100081  -44.416  -23.683  -27.567 0.3000000119
94684  -38.829  -25.527  -31.957 0.3000000119
56417  -39.256  -25.952  -31.220 0.3000000119
57190  -39.783  -25.536  -30.629 0.3000000119
58025  -39.845  -24.670  -30.775 0.3000000119
56421  -37.939  -25.503  -33.534 0.3000000119
58008  -40.302  -24.317  -29.202 0.3000000119
58823  -40.531  -23.663  -28.655 0.3000000119
58797  -40.852  -23.822  -28.052 0.3000000119
56426  -36.747  -26.322  -34.333 0.4000000060
58798  -41.456  -23.632  -27.697 0.3000000119
56430  -36.221  -25.554  -35.233 0.4000000060
58799  -42.248  -23.142  -27.498 0.3000000119
98384  -43.564  -23.723  -27.405 0.3000000119
57218  -34.654  -25.290  -35.465 0.4000000060
58802  -44.836  -22.965  -27.586 0.3000000119
57205  -39.407  -25.141  -31.426 0.3000000119
57204  -39.097  -24.767  -32.351 0.3000000119
58026  -40.173  -24.146  -30.135 0.3000000119
57211  -38.555  -25.169  -33.004 0.3000000119
57215  -37.172  -24.747  -34.407 0.3000000119
101550  -40.914  -23.027  -28.082 0.3000000119
106756  -41.600  -22.882  -27.681 0.3000000119
110476  -42.025  -22.433  -27.552 0.3000000119
59564  -42.691  -22.354  -27.448 0.3000000119
59565  -43.494  -22.312  -27.396 0.3000000119
57213  -34.247  -24.521  -35.115 0.3000000119
59566  -44.315  -22.292  -27.451 0.3000000119
59567  -45.144  -22.242  -27.660 0.3000000119
60333  -45.390  -21.577  -27.762 0.3000000119
58038  -39.565  -24.326  -31.683 0.3000000119
58854  -39.921  -23.835  -30.982 0.3000000119
107094  -40.198  -23.462  -30.378 0.3000000119
58838  -40.332  -23.537  -29.568 0.3000000119
58046  -38.603  -24.234  -33.335 0.3000000119
94326  -40.480  -22.761  -29.037 0.3000000119
59590  -40.979  -21.694  -28.352 0.3000000119
59563  -41.388  -22.174  -27.831 0.3000000119
60329  -42.182  -21.619  -27.558 0.3000000119
60330  -43.087  -21.583  -27.422 0.3000000119
61125  -43.608  -20.803  -27.429 0.3000000119
60331  -43.885  -21.614  -27.409 0.3000000119
60332  -44.643  -21.630  -27.540 0.3000000119
101472  -44.275  -21.081  -27.486 0.3000000119
61127  -45.219  -20.335  -27.766 0.3000000119
103280  -45.654  -20.941  -27.930 0.3000000119
58047  -39.240  -23.916  -32.712 0.3000000119
58052  -37.723  -23.440  -34.134 0.3000000119
58872  -38.483  -23.228  -33.605 0.3000000119
58873  -39.198  -23.023  -33.077 0.3000000119
58863  -39.675  -23.469  -31.962 0.3000000119
58864  -40.083  -22.924  -31.126 0.3000000119
58855  -40.331  -22.854  -30.104 0.3000000119
59589  -40.822  -22.302  -28.402 0.3000000119
58051  -36.646  -22.951  -34.208 0.3000000119
61123  -41.956  -20.689  -27.701 0.3000000119
61124  -42.742  -20.802  -27.485 0.3000000119
98578  -43.791  -20.059  -27.435 0.3000000119
61927  -44.850  -19.642  -27.687 0.3000000119
59629  -38.952  -22.171  -33.462 0.3000000119
58880  -37.429  -22.252  -34.108 0.3000000119
58881  -38.425  -22.495  -33.715 0.3000000119
59636  -37.367  -21.680  -34.004 0.3000000119
48428  -36.205  -36.370  -30.410 0.6999999881
45836  -36.379  -38.595  -35.152 0.6000000238
43389  -35.587  -42.852  -33.871 0.6999999881
21580  -37.172  -68.032  -35.166 0.3000000119
22401  -37.772  -67.648  -35.498 0.3000000119
21585  -37.366  -68.192  -35.897 0.3000000119
22402  -38.309  -67.326  -35.825 0.3000000119
22414  -38.190  -67.863  -36.895 0.4000000060
22415  -38.701  -67.635  -37.585 0.4000000060
22416  -39.498  -67.206  -38.222 0.4000000060
23169  -40.273  -66.759  -38.983 0.4000000060
23884  -41.630  -65.524  -39.362 0.4000000060
23890  -42.482  -64.905  -39.880 0.4000000060
26105  -44.179  -62.475  -39.905 0.4000000060
25308  -43.927  -63.220  -40.166 0.4000000060
27991  -44.324  -60.387  -39.122 0.4000000060
30772  -41.517  -57.168  -37.296 0.4000000060
32305  -41.709  -55.114  -30.977 0.3000000119
30766  -40.722  -57.349  -36.096 0.5000000000
33879  -43.771  -53.780  -30.544 0.3000000119
33880  -44.584  -53.358  -31.129 0.3000000119
30765  -40.171  -57.783  -35.211 0.5000000000
31578  -40.018  -56.754  -34.386 0.5000000000
39232  -44.834  -47.753  -33.580 0.3000000119
38406  -44.298  -48.231  -33.282 0.3000000119
39220  -44.723  -47.765  -32.550 0.3000000119
31561  -38.326  -56.211  -32.627 0.6000000238
39201  -44.554  -47.546  -30.715 0.4000000060
30743  -38.083  -57.042  -32.931 0.6000000238
103185  -44.223  -47.505  -29.966 0.4000000060
39181  -45.058  -46.895  -29.155 0.4000000060
40032  -44.663  -46.646  -27.532 0.4000000060
41666  -45.554  -44.604  -26.225 0.4000000060
35745  -34.520  -51.199  -36.543 0.4000000060
35749  -35.262  -52.159  -37.071 0.5000000000
94109  -36.221  -52.144  -37.385 0.5000000000
31538  -34.950  -56.212  -31.028 0.6999999881
42440  -45.174  -43.373  -25.658 0.4000000060
32300  -34.695  -55.553  -30.624 0.6999999881
43329  -45.429  -42.501  -25.533 0.4000000060
36727  -36.436  -50.448  -37.380 0.5000000000
105512  -37.066  -50.893  -37.311 0.5000000000
103578  -36.884  -49.784  -36.396 0.6000000238
37640  -37.087  -49.949  -37.010 0.6000000238
97380  -36.255  -49.279  -35.258 0.8000000119
33044  -34.189  -54.125  -29.839 0.8000000119
33045  -34.962  -54.281  -29.764 0.6999999881
107472  -33.635  -53.857  -30.165 0.8000000119
33060  -34.435  -54.825  -30.236 0.6999999881
99214  -44.804  -41.311  -25.332 0.4000000060
33859  -33.981  -53.292  -29.619 0.8000000119
38420  -36.202  -48.441  -35.093 0.8000000119
111177  -33.391  -52.446  -30.531 0.8000000119
44970  -44.192  -40.814  -25.356 0.4000000060
39240  -35.943  -47.144  -34.496 0.6999999881
36693  -33.391  -50.885  -31.460 0.8000000119
39231  -35.015  -47.003  -33.512 0.6999999881
38404  -34.435  -47.907  -33.087 0.6999999881
36701  -33.488  -50.674  -32.277 0.8000000119
46638  -42.856  -38.916  -25.932 0.3000000119
110430  -42.696  -39.886  -27.768 0.4000000060
45773  -42.731  -39.785  -26.182 0.3000000119
45811  -42.382  -40.494  -30.898 0.4000000060
45015  -42.334  -40.835  -29.956 0.4000000060
45797  -42.450  -40.528  -28.643 0.4000000060
45003  -41.952  -40.864  -27.899 0.4000000060
107386  -41.976  -39.744  -30.843 0.4000000060
45813  -43.833  -39.754  -31.512 0.4000000060
46690  -44.228  -39.171  -31.979 0.5000000000
47594  -43.805  -38.421  -32.780 0.5000000000
47583  -44.485  -38.417  -30.800 0.4000000060
47584  -44.553  -37.154  -30.725 0.5000000000
48417  -40.709  -36.511  -28.531 0.5000000000
48424  -42.001  -36.512  -30.378 0.4000000060
49252  -44.574  -36.111  -30.944 0.5000000000
104657  -44.576  -35.307  -31.340 0.5000000000
50062  -44.586  -34.538  -31.042 0.5000000000
92757  -44.796  -33.240  -31.103 0.5000000000
45830  -33.151  -39.555  -34.595 0.5000000000
94469  -45.048  -32.876  -31.586 0.5000000000
97645  -33.197  -37.636  -34.750 0.6000000238
46703  -33.585  -38.575  -34.827 0.6000000238
47602  -34.696  -37.701  -35.108 0.6000000238
53077  -45.992  -32.296  -32.113 0.3000000119
48444  -34.370  -36.784  -34.923 0.6000000238
104399  -34.488  -35.812  -34.693 0.6000000238
53900  -46.312  -31.442  -31.975 0.3000000119
50080  -34.392  -33.959  -34.367 0.6000000238
97468  -34.395  -32.772  -34.209 0.6000000238
52313  -34.069  -31.669  -34.466 0.6000000238
53088  -34.089  -30.224  -34.764 0.6000000238
55598  -35.138  -28.019  -34.957 0.5000000000
55604  -35.447  -27.140  -35.189 0.4000000060
56433  -34.811  -26.519  -35.438 0.4000000060
57216  -33.992  -24.947  -35.244 0.4000000060
106044  -42.937  -19.462  -27.535 0.3000000119
99566  -43.186  -20.085  -27.449 0.3000000119
102593  -44.392  -18.980  -27.615 0.3000000119
62684  -45.264  -18.830  -27.989 0.3000000119
61148  -45.819  -20.368  -28.122 0.3000000119
58879  -36.917  -22.112  -34.012 0.3000000119
58871  -36.705  -22.509  -33.698 0.3000000119
42447  -45.751  -43.906  -25.995 0.4000000060
25276  -39.863  -63.738  -34.232 0.3000000119
24548  -40.375  -64.079  -34.890 0.3000000119
26080  -40.799  -62.658  -34.931 0.3000000119
102937  -42.077  -64.377  -37.346 0.4000000060
26962  -40.944  -61.261  -34.924 0.3000000119
26969  -41.093  -61.928  -35.265 0.3000000119
31598  -42.922  -56.602  -37.771 0.4000000060
28899  -39.661  -59.468  -32.311 0.3000000119
31579  -40.697  -56.304  -34.963 0.4000000060
33888  -44.474  -54.202  -31.556 0.3000000119
36711  -44.632  -50.361  -34.341 0.3000000119
38422  -45.381  -48.273  -35.227 0.3000000119
106591  -38.985  -53.916  -31.730 0.6000000238
39214  -44.640  -47.679  -31.632 0.4000000060
32314  -38.030  -55.103  -31.830 0.6000000238
99168  -37.303  -55.409  -31.549 0.6999999881
34742  -41.382  -52.457  -32.889 0.3000000119
39180  -44.626  -46.966  -28.361 0.4000000060
32313  -36.407  -55.697  -31.306 0.6999999881
38370  -42.575  -48.080  -29.517 0.4000000060
35702  -38.403  -51.311  -29.447 0.6000000238
33863  -37.114  -53.291  -29.817 0.6999999881
32301  -35.551  -55.634  -30.882 0.6999999881
38368  -40.645  -48.639  -29.241 0.4000000060
35701  -37.746  -51.804  -29.168 0.6000000238
33046  -35.820  -54.224  -29.869 0.6999999881
41657  -44.354  -44.626  -25.756 0.4000000060
35693  -37.367  -51.521  -28.509 0.6000000238
33861  -35.419  -53.685  -29.358 0.6999999881
35682  -36.134  -51.589  -27.535 0.6000000238
39163  -40.540  -47.893  -26.972 0.5000000000
34689  -35.059  -52.277  -28.073 0.6999999881
33860  -34.672  -53.603  -29.380 0.8000000119
105448  -42.985  -44.669  -25.518 0.4000000060
37591  -33.512  -49.879  -29.183 0.6000000238
39199  -33.517  -47.452  -30.127 0.6000000238
102243  -33.497  -49.898  -31.922 0.6999999881
39218  -33.780  -47.265  -31.809 0.6000000238
109808  -43.855  -40.094  -25.431 0.4000000060
45761  -43.218  -39.713  -25.693 0.3000000119
39160  -34.227  -47.705  -26.181 0.6000000238
37539  -34.920  -49.125  -26.097 0.6000000238
38329  -35.318  -48.414  -25.640 0.6999999881
109935  -34.133  -45.858  -32.468 0.6999999881
40069  -33.949  -46.499  -32.174 0.6999999881
101209  -34.048  -48.568  -32.642 0.8000000119
38330  -36.138  -48.369  -25.479 0.4000000060
43324  -40.956  -43.055  -25.976 0.3000000119
44222  -42.329  -41.287  -26.503 0.3000000119
40009  -35.174  -46.849  -25.326 0.5000000000
39992  -36.533  -46.128  -24.621 0.5000000000
41721  -37.537  -44.508  -36.433 0.6999999881
41652  -38.934  -43.894  -25.369 0.4000000060
45013  -40.842  -40.975  -29.533 0.4000000060
105659  -40.703  -41.398  -28.408 0.4000000060
43323  -40.186  -43.118  -25.944 0.4000000060
44220  -40.908  -42.034  -27.046 0.4000000060
107769  -41.847  -41.007  -29.010 0.4000000060
41641  -36.501  -44.605  -24.741 0.5000000000
42497  -37.229  -43.476  -36.558 0.6999999881
43395  -35.695  -42.207  -36.077 0.5000000000
96923  -40.789  -38.188  -28.919 0.5000000000
49257  -43.806  -35.164  -33.260 0.5000000000
49256  -43.253  -35.331  -32.764 0.4000000060
105261  -44.019  -38.013  -33.077 0.5000000000
44274  -34.043  -41.865  -35.036 0.5000000000
43379  -33.526  -42.108  -30.897 0.6999999881
48423  -41.413  -36.455  -29.295 0.4000000060
49242  -41.030  -35.606  -28.813 0.4000000060
44263  -34.093  -41.076  -31.970 0.8000000119
48405  -39.725  -36.160  -27.741 0.5000000000
45039  -34.751  -40.921  -32.803 0.6000000238
45822  -35.419  -39.233  -32.809 0.6000000238
50824  -43.164  -33.641  -32.486 0.4000000060
50826  -44.398  -34.025  -32.494 0.5000000000
45835  -36.382  -39.153  -35.252 0.6999999881
45032  -34.434  -40.393  -31.371 0.6999999881
108714  -36.591  -39.226  -34.899 0.6000000238
45816  -34.807  -39.795  -30.860 0.6999999881
46687  -35.425  -38.434  -30.887 0.6999999881
47588  -36.136  -37.064  -30.241 0.6999999881
46700  -36.446  -38.154  -34.731 0.6000000238
48427  -35.954  -36.115  -31.077 0.6000000238
50058  -35.987  -34.727  -30.706 0.6000000238
49239  -36.795  -35.341  -29.081 0.5000000000
52268  -37.939  -31.988  -28.842 0.6000000238
50810  -36.766  -33.617  -29.321 0.6999999881
50800  -37.233  -33.248  -28.914 0.6000000238
101749  -36.455  -35.076  -29.893 0.6000000238
51543  -35.267  -32.211  -31.238 0.6000000238
95638  -40.032  -30.185  -29.472 0.4000000060
51536  -36.254  -32.244  -30.060 0.6000000238
53033  -42.906  -30.314  -28.795 0.3000000119
53851  -43.196  -29.572  -28.447 0.3000000119
52291  -36.258  -31.412  -30.183 0.6000000238
53852  -43.822  -29.383  -28.752 0.3000000119
54667  -44.221  -28.825  -28.718 0.3000000119
54707  -37.213  -28.227  -31.155 0.5000000000
56355  -42.533  -26.681  -27.524 0.3000000119
55584  -36.731  -27.778  -31.819 0.4000000060
57984  -43.182  -24.463  -27.397 0.3000000119
56425  -36.093  -26.674  -34.878 0.4000000060
57999  -40.634  -24.502  -28.372 0.3000000119
57210  -37.986  -24.553  -33.922 0.3000000119
102727  -44.925  -20.988  -27.635 0.3000000119
59615  -40.312  -22.277  -30.669 0.3000000119
59603  -40.468  -22.105  -29.882 0.3000000119
98668  -37.174  -23.825  -34.360 0.3000000119
60356  -41.425  -21.288  -27.956 0.3000000119
61926  -44.205  -19.675  -27.505 0.3000000119
101923  -46.235  -20.001  -28.439 0.3000000119
59623  -39.658  -22.571  -32.369 0.3000000119
58870  -36.544  -22.986  -34.178 0.3000000119
23894  -42.210  -64.902  -40.689 0.4000000060
35716  -33.315  -51.788  -31.685 0.8000000119
99836  -33.926  -49.327  -32.704 0.8000000119
46684  -44.113  -39.601  -30.868 0.4000000060
53913  -34.306  -29.334  -35.049 0.5000000000
47589  -42.177  -38.636  -30.884 0.4000000060
46689  -43.619  -39.242  -32.123 0.4000000060
50774  -43.564  -33.780  -26.306 0.3000000119
50050  -43.502  -34.409  -28.303 0.4000000060
51500  -43.922  -32.987  -26.553 0.3000000119
49248  -44.303  -36.115  -29.746 0.4000000060
50055  -44.031  -34.966  -29.385 0.4000000060
49251  -44.481  -35.250  -30.319 0.4000000060
107667  -44.329  -32.056  -27.314 0.3000000119
50806  -43.887  -33.458  -28.689 0.4000000060
51523  -43.978  -32.800  -28.288 0.3000000119
47582  -42.424  -37.539  -31.069 0.3000000119
106376  -44.440  -34.526  -30.046 0.4000000060
50812  -44.120  -34.076  -29.399 0.4000000060
51533  -44.720  -32.903  -30.256 0.3000000119
50813  -44.448  -33.393  -29.814 0.4000000060
52271  -45.282  -31.869  -29.765 0.3000000119
51524  -44.498  -32.531  -29.193 0.3000000119
50056  -44.549  -33.871  -30.515 0.4000000060
52287  -46.166  -32.609  -31.731 0.3000000119
52286  -45.766  -32.471  -31.381 0.3000000119
52296  -46.002  -32.572  -32.024 0.3000000119
98864  -32.563  -36.868  -34.680 0.5000000000
48443  -31.881  -36.043  -34.570 0.5000000000
49268  -33.758  -34.898  -34.644 0.5000000000
52297  -46.293  -32.640  -31.976 0.3000000119
50836  -34.201  -33.149  -34.406 0.5000000000
50077  -31.419  -34.059  -34.367 0.5000000000
51550  -31.932  -32.410  -34.438 0.5000000000
50834  -32.357  -33.364  -34.522 0.5000000000
108445  -33.127  -32.182  -34.621 0.4000000060
50833  -30.656  -33.075  -34.156 0.5000000000
52312  -33.444  -31.634  -34.630 0.5000000000
52310  -31.434  -31.558  -34.262 0.4000000060
53084  -31.564  -30.811  -34.114 0.4000000060
53087  -33.225  -30.136  -34.910 0.5000000000
52311  -32.529  -30.941  -34.559 0.4000000060
53085  -31.709  -30.101  -34.000 0.4000000060
53086  -32.200  -29.898  -34.510 0.5000000000
53911  -32.842  -29.349  -35.025 0.4000000060
106506  -32.312  -29.064  -34.619 0.5000000000
96231  -31.997  -29.216  -34.193 0.3000000119
54721  -32.609  -28.638  -34.953 0.4000000060
54723  -34.508  -28.472  -35.182 0.4000000060
54712  -32.382  -28.531  -33.399 0.3000000119
55596  -32.564  -27.408  -34.435 0.3000000119
54724  -33.868  -27.731  -35.342 0.3000000119
55606  -34.169  -26.900  -35.381 0.3000000119
55601  -32.831  -27.730  -34.996 0.3000000119
54718  -32.466  -27.603  -33.778 0.3000000119
55603  -34.785  -27.575  -35.307 0.3000000119
55602  -32.867  -26.853  -34.695 0.3000000119
55605  -33.345  -26.624  -35.161 0.3000000119
56432  -33.959  -25.890  -35.363 0.3000000119
55597  -32.809  -26.657  -34.153 0.3000000119
56423  -33.345  -25.840  -34.471 0.3000000119
56428  -33.216  -26.092  -34.777 0.3000000119
56431  -33.537  -25.636  -35.082 0.3000000119
49266  -30.709  -35.475  -34.283 0.5000000000
50763  -43.810  -34.152  -25.774 0.3000000119
49243  -43.585  -35.553  -28.716 0.4000000060
49265  -29.959  -35.796  -34.044 0.4000000060
102458  -30.720  -34.727  -34.221 0.5000000000
51549  -30.630  -32.217  -34.061 0.5000000000
99175  -43.195  -37.558  -32.260 0.4000000060
45812  -43.348  -39.890  -31.515 0.4000000060
47581  -41.713  -37.475  -30.009 0.3000000119
48425  -44.265  -37.330  -29.742 0.4000000060
108596  -33.383  -36.217  -34.703 0.5000000000
51552  -34.010  -32.328  -34.500 0.5000000000
93254  -33.720  -30.988  -34.652 0.5000000000
53912  -33.664  -29.585  -35.099 0.4000000060
51488  -44.153  -33.382  -25.881 0.3000000119
95810  -43.213  -34.370  -26.961 0.4000000060
51507  -43.981  -32.581  -27.378 0.3000000119
50789  -43.560  -33.414  -27.456 0.3000000119
105499  -43.754  -36.450  -29.055 0.4000000060
50807  -44.286  -32.974  -29.174 0.4000000060
52285  -45.105  -32.553  -30.728 0.3000000119
96258  -31.507  -37.598  -34.616 0.5000000000
103114  -30.817  -36.858  -34.513 0.5000000000
49267  -32.142  -35.000  -34.521 0.5000000000
98826  -33.234  -35.591  -34.646 0.5000000000
50079  -34.058  -34.271  -34.584 0.5000000000
50078  -33.035  -34.189  -34.629 0.5000000000
50835  -33.737  -33.621  -34.593 0.5000000000
105776  -32.468  -31.725  -34.522 0.4000000060
51551  -33.385  -32.843  -34.610 0.4000000060
54722  -33.517  -28.750  -35.213 0.3000000119
54717  -32.355  -28.313  -34.430 0.3000000119
35741  -35.702  -51.501  -35.083 0.6999999881
105295  -33.406  -51.262  -32.197 0.6999999881
36709  -33.761  -50.218  -32.842 0.6999999881
36710  -34.154  -50.633  -33.609 0.6999999881
37630  -35.357  -49.819  -34.553 0.6999999881
36719  -35.566  -50.608  -34.806 0.6999999881
37624  -34.436  -49.709  -33.664 0.6999999881
38419  -35.288  -48.987  -34.316 0.6999999881
46676  -43.089  -39.760  -28.568 0.3000000119
46677  -43.583  -39.763  -29.802 0.3000000119
47575  -43.055  -38.505  -27.795 0.3000000119
47576  -43.956  -38.508  -29.600 0.3000000119
106760  -43.433  -38.897  -28.846 0.3000000119
37619  -34.507  -48.743  -33.415 0.6999999881
45798  -43.051  -40.461  -29.699 0.3000000119
48418  -43.351  -37.838  -28.373 0.3000000119
48406  -42.933  -36.283  -27.372 0.3000000119
49236  -42.885  -35.731  -26.759 0.3000000119
38414  -35.342  -47.993  -34.095 0.6000000238
45807  -43.340  -40.303  -30.744 0.3000000119
48419  -43.609  -37.173  -28.836 0.3000000119
48407  -43.333  -36.247  -28.253 0.3000000119
49237  -43.123  -35.344  -27.546 0.3000000119
46688  -42.781  -39.598  -31.428 0.3000000119
47590  -43.037  -38.581  -31.851 0.3000000119
101243  -33.215  -52.467  -31.111 0.6999999881
33874  -33.393  -53.120  -30.460 0.6999999881
34740  -33.156  -52.519  -32.034 0.6999999881
34759  -35.987  -52.485  -35.531 0.6999999881
102669  -33.333  -51.859  -32.603 0.6999999881
35725  -33.594  -51.122  -32.984 0.6999999881
35733  -34.774  -51.087  -34.294 0.6999999881
35742  -36.582  -51.810  -35.950 0.6999999881
36725  -36.651  -50.847  -35.850 0.6999999881
102783  -42.733  -39.133  -26.266 0.3000000119
46664  -42.727  -39.063  -27.039 0.3000000119
47561  -42.812  -37.283  -27.264 0.3000000119
107373  -42.664  -37.341  -26.265 0.3000000119
49194  -43.011  -35.679  -26.215 0.3000000119
50024  -43.072  -35.099  -26.517 0.3000000119
106607  -43.225  -35.129  -26.050 0.3000000119
45784  -42.540  -40.050  -27.053 0.3000000119
105223  -43.199  -36.921  -28.008 0.3000000119
27981  -39.809  -60.230  -36.488 0.4000000060
28923  -39.632  -59.566  -35.844 0.4000000060
102101  -39.742  -58.867  -35.525 0.4000000060
110564  -40.606  -58.696  -37.068 0.4000000060
28922  -38.951  -59.824  -35.336 0.4000000060
30757  -39.056  -57.971  -34.138 0.4000000060
105000  -39.559  -58.375  -34.907 0.4000000060
28915  -39.158  -59.183  -35.102 0.4000000060
29830  -40.229  -58.264  -35.712 0.4000000060
29822  -38.778  -58.797  -34.377 0.5000000000
28914  -38.463  -59.653  -34.662 0.4000000060
30753  -39.315  -57.146  -33.910 0.4000000060
30752  -38.582  -57.514  -33.519 0.5000000000
29816  -38.331  -58.356  -33.700 0.5000000000
27969  -37.934  -60.333  -34.619 0.5000000000
30751  -37.817  -57.862  -33.151 0.5000000000
28913  -37.850  -59.840  -34.129 0.5000000000
27962  -36.633  -60.250  -33.615 0.5000000000
27961  -36.108  -60.766  -33.633 0.5000000000
29815  -37.553  -58.702  -33.338 0.5000000000
30742  -37.320  -57.404  -32.581 0.6000000238
27968  -37.371  -60.337  -34.028 0.5000000000
29814  -36.753  -59.006  -33.027 0.5000000000
28906  -36.444  -59.643  -33.280 0.5000000000
28897  -35.115  -59.528  -32.749 0.6000000238
28896  -34.261  -59.322  -32.581 0.5000000000
29808  -37.031  -58.214  -32.773 0.6000000238
28898  -35.887  -59.276  -32.836 0.5000000000
29805  -33.977  -58.445  -32.243 0.5000000000
110874  -32.533  -57.102  -33.786 0.5000000000
106259  -32.496  -58.063  -32.938 0.5000000000
29804  -32.953  -58.303  -32.489 0.5000000000
30750  -32.416  -57.311  -33.169 0.5000000000
32356  -35.786  -55.505  -37.127 0.4000000060
30741  -36.501  -57.705  -32.325 0.6000000238
33919  -36.086  -54.187  -36.859 0.5000000000
30733  -35.943  -57.233  -31.832 0.6000000238
29807  -36.165  -58.495  -32.557 0.5000000000
33109  -35.895  -55.208  -36.828 0.5000000000
30740  -35.611  -57.958  -32.136 0.6000000238
30739  -34.798  -58.072  -32.030 0.6000000238
29797  -33.434  -57.798  -32.098 0.6000000238
31576  -32.993  -57.004  -34.825 0.5000000000
31558  -32.523  -56.587  -32.592 0.5000000000
30738  -32.770  -57.408  -32.373 0.5000000000
33112  -35.370  -54.947  -37.194 0.4000000060
111021  -36.042  -54.291  -36.933 0.5000000000
32354  -34.359  -56.151  -37.504 0.4000000060
99110  -36.345  -53.333  -36.930 0.5000000000
33918  -35.796  -54.306  -36.079 0.5000000000
31550  -35.380  -56.739  -31.443 0.6000000238
31549  -34.380  -56.858  -31.409 0.6000000238
30731  -34.183  -57.647  -31.829 0.6000000238
30730  -33.493  -57.172  -31.743 0.6000000238
31547  -32.954  -56.608  -31.870 0.6000000238
31569  -32.540  -56.469  -33.478 0.5000000000
32320  -32.482  -55.801  -32.731 0.5000000000
32331  -32.606  -55.654  -33.396 0.5000000000
33922  -35.769  -54.085  -37.067 0.4000000060
33923  -36.196  -53.682  -36.974 0.5000000000
34762  -36.654  -52.408  -36.694 0.5000000000
33914  -36.164  -53.413  -36.290 0.5000000000
33913  -35.384  -53.261  -35.102 0.5000000000
31537  -34.102  -56.106  -31.007 0.6000000238
33912  -34.746  -53.958  -34.749 0.5000000000
33102  -35.169  -54.734  -35.591 0.5000000000
32311  -33.226  -55.864  -31.372 0.6000000238
32338  -33.230  -56.062  -34.498 0.5000000000
95802  -32.709  -56.032  -32.093 0.5000000000
33100  -33.989  -55.468  -34.922 0.5000000000
33090  -33.130  -55.142  -33.912 0.5000000000
34766  -36.609  -52.413  -37.132 0.5000000000
105834  -34.815  -52.097  -34.413 0.6000000238
32299  -33.808  -55.347  -30.687 0.6000000238
33091  -34.063  -54.667  -34.535 0.5000000000
33072  -33.062  -54.870  -31.153 0.6000000238
32310  -32.679  -55.345  -31.977 0.5000000000
33901  -32.986  -54.431  -33.488 0.5000000000
33082  -32.518  -54.943  -32.846 0.5000000000
34765  -36.029  -53.045  -37.217 0.4000000060
34763  -37.100  -51.665  -37.088 0.4000000060
33921  -34.736  -53.863  -36.950 0.4000000060
34758  -34.162  -52.929  -34.074 0.6000000238
110650  -32.890  -54.351  -31.358 0.6000000238
33902  -33.377  -53.654  -33.601 0.5000000000
33893  -32.898  -53.280  -32.408 0.6000000238
36726  -37.269  -50.681  -36.893 0.4000000060
35751  -37.178  -51.394  -37.146 0.4000000060
35750  -36.682  -51.481  -37.371 0.4000000060
35732  -34.116  -51.368  -33.772 0.6000000238
34747  -33.745  -51.975  -33.521 0.6000000238
97397  -33.193  -52.630  -33.134 0.5000000000
32339  -34.646  -56.144  -36.024 0.5000000000
34764  -34.889  -53.047  -36.906 0.4000000060
32312  -35.706  -56.137  -31.270 0.6000000238
33059  -33.647  -54.528  -30.422 0.6000000238
94930  -33.130  -54.016  -30.846 0.6000000238
93353  -33.029  -53.204  -31.369 0.6000000238
28908  -38.082  -59.190  -33.888 0.5000000000
28907  -37.265  -59.581  -33.577 0.5000000000
28905  -35.618  -60.142  -33.232 0.5000000000
29806  -35.135  -58.741  -32.417 0.6000000238
30732  -35.054  -57.453  -31.704 0.6000000238
31548  -33.601  -56.534  -31.435 0.6000000238
33071  -32.699  -54.571  -31.905 0.6000000238
33892  -32.696  -54.080  -32.633 0.6000000238
39189  -45.042  -47.140  -29.960 0.3000000119
110924  -45.255  -47.236  -30.558 0.3000000119
40046  -46.034  -46.629  -29.664 0.3000000119
40038  -45.434  -46.619  -28.512 0.3000000119
93836  -46.297  -46.337  -28.753 0.3000000119
40859  -46.920  -45.566  -27.812 0.3000000119
106481  -45.029  -46.682  -27.984 0.3000000119
94403  -45.377  -46.326  -27.661 0.3000000119
40033  -46.205  -46.000  -27.854 0.3000000119
40854  -46.895  -45.086  -27.222 0.3000000119
40025  -45.690  -45.697  -27.098 0.3000000119
40853  -46.357  -45.470  -27.303 0.3000000119
44972  -46.085  -40.545  -25.400 0.3000000119
92820  -45.597  -41.511  -25.414 0.3000000119
45763  -45.429  -39.826  -25.309 0.3000000119
95838  -44.554  -39.998  -25.325 0.3000000119
46640  -44.811  -39.238  -25.334 0.3000000119
44971  -45.097  -40.652  -25.287 0.3000000119
45762  -43.996  -39.431  -25.408 0.3000000119
101320  -37.476  -60.837  -34.496 0.4000000060
39202  -45.522  -47.270  -31.124 0.3000000119
93293  -47.466  -46.083  -30.021 0.3000000119
40039  -47.039  -45.945  -28.668 0.3000000119
108778  -47.419  -45.222  -27.727 0.3000000119
40848  -46.139  -45.004  -26.732 0.3000000119
98433  -46.180  -44.333  -26.384 0.3000000119
43330  -46.297  -42.278  -25.683 0.3000000119
43331  -47.151  -42.072  -25.960 0.3000000119
44204  -46.604  -41.415  -25.618 0.3000000119
109231  -46.094  -39.865  -25.372 0.3000000119
109949  -45.396  -39.259  -25.333 0.3000000119
41673  -47.572  -44.733  -27.363 0.3000000119
25294  -28.208  -63.527  -37.663 0.4000000060
25288  -27.721  -62.962  -36.990 0.3000000119
25289  -29.336  -62.982  -37.206 0.3000000119
26971  -30.078  -61.339  -36.692 0.3000000119
29821  -32.555  -59.096  -34.787 0.4000000060
28903  -32.537  -59.361  -33.859 0.4000000060
27966  -32.623  -60.600  -35.252 0.4000000060
26949  -32.732  -60.936  -34.210 0.4000000060
94561  -32.731  -58.492  -35.270 0.4000000060
105619  -32.551  -57.713  -34.173 0.4000000060
107587  -32.487  -58.492  -33.781 0.4000000060
110100  -32.446  -57.899  -33.379 0.4000000060
28894  -32.656  -58.854  -33.041 0.4000000060
27952  -33.562  -59.912  -32.913 0.4000000060
27958  -33.045  -60.464  -33.412 0.4000000060
27959  -33.893  -60.648  -33.226 0.4000000060
31594  -33.097  -57.080  -37.571 0.3000000119
31577  -34.137  -56.703  -35.886 0.4000000060
28895  -33.276  -59.112  -32.660 0.4000000060
27953  -34.546  -60.065  -32.922 0.4000000060
32349  -35.585  -56.030  -37.154 0.4000000060
27957  -32.594  -60.168  -34.029 0.4000000060
28904  -32.834  -59.670  -33.204 0.4000000060
23177  -41.032  -66.192  -40.060 0.3000000119
23889  -41.700  -65.459  -40.537 0.3000000119
24586  -42.290  -64.319  -40.656 0.3000000119
26107  -43.539  -62.369  -40.203 0.3000000119
26985  -42.972  -61.553  -39.941 0.3000000119
26104  -40.015  -62.718  -38.502 0.3000000119
25299  -39.522  -63.183  -38.022 0.3000000119
25298  -38.858  -63.691  -37.572 0.3000000119
26101  -39.744  -62.386  -37.838 0.3000000119
26100  -39.081  -62.899  -37.233 0.3000000119
27985  -39.945  -60.809  -37.078 0.3000000119
26976  -39.537  -61.400  -36.910 0.3000000119
26975  -39.038  -61.680  -36.355 0.3000000119
26968  -39.376  -60.960  -36.366 0.3000000119
99486  -38.479  -61.934  -35.857 0.3000000119
27992  -43.972  -61.090  -39.735 0.3000000119
27975  -38.499  -60.372  -35.220 0.3000000119
25306  -41.728  -63.353  -40.398 0.3000000119
22408  -39.354  -67.070  -37.256 0.4000000060
23143  -38.886  -66.707  -35.787 0.3000000119
23170  -40.795  -66.161  -38.570 0.4000000060
24557  -40.833  -64.419  -35.708 0.4000000060
24578  -43.341  -64.512  -39.384 0.4000000060
24582  -42.999  -64.416  -40.114 0.4000000060
24583  -43.894  -64.035  -39.829 0.4000000060
25270  -39.414  -63.376  -33.689 0.3000000119
25271  -39.973  -63.025  -33.916 0.3000000119
25277  -40.418  -63.278  -34.568 0.3000000119
25307  -43.154  -63.816  -40.413 0.3000000119
26071  -39.889  -62.320  -33.641 0.3000000119
26096  -39.333  -62.046  -37.075 0.3000000119
26103  -44.219  -62.446  -39.472 0.4000000060
26967  -38.648  -61.153  -35.698 0.3000000119
26981  -44.251  -61.346  -39.196 0.4000000060
26986  -44.085  -61.810  -40.025 0.4000000060
27976  -39.172  -60.373  -35.801 0.4000000060
27983  -42.423  -60.811  -36.854 0.4000000060
28924  -40.243  -58.865  -36.209 0.4000000060
28939  -44.311  -58.857  -39.057 0.4000000060
29831  -40.718  -58.036  -36.753 0.4000000060
29842  -43.876  -58.562  -38.409 0.4000000060
29843  -43.638  -58.288  -38.934 0.4000000060
30758  -39.749  -57.549  -34.576 0.4000000060
30767  -41.459  -56.661  -36.662 0.4000000060
30774  -43.396  -57.209  -37.314 0.3000000119
31580  -41.401  -55.783  -35.632 0.4000000060
32358  -42.999  -55.767  -36.889 0.3000000119
33101  -35.013  -55.420  -35.889 0.5000000000
33113  -35.915  -54.854  -36.919 0.4000000060
33883  -32.814  -53.914  -31.701 0.6000000238
35746  -37.085  -51.441  -36.738 0.4000000060
35747  -37.323  -51.183  -37.054 0.4000000060
35752  -37.061  -50.320  -37.186 0.5000000000
36640  -34.569  -50.525  -26.985 0.6999999881
36641  -35.242  -50.543  -26.746 0.6999999881
36642  -35.986  -50.439  -26.655 0.6000000238
36669  -39.027  -50.018  -29.188 0.5000000000
36718  -34.752  -50.358  -34.194 0.6999999881
36728  -37.296  -50.781  -37.071 0.4000000060
37554  -37.081  -49.399  -26.564 0.6000000238
37555  -37.850  -49.089  -26.945 0.5000000000
37604  -40.928  -48.938  -30.914 0.4000000060
37626  -44.899  -48.736  -34.754 0.3000000119
37631  -36.215  -50.045  -35.314 0.6999999881
38336  -34.200  -48.638  -26.454 0.6000000238
38382  -33.477  -48.718  -30.343 0.6999999881
38395  -33.638  -48.046  -31.406 0.6000000238
39133  -36.053  -46.910  -24.867 0.5000000000
39162  -39.404  -47.669  -26.327 0.5000000000
39188  -44.371  -47.268  -29.244 0.4000000060
39190  -46.005  -46.880  -30.593 0.3000000119
39241  -36.557  -47.197  -35.507 0.6999999881
39242  -45.128  -47.693  -34.554 0.3000000119
39994  -38.113  -46.013  -24.802 0.4000000060
40008  -34.521  -46.351  -25.724 0.6000000238
40037  -33.485  -46.641  -29.095 0.6000000238
40091  -37.090  -46.457  -36.144 0.6999999881
40821  -35.966  -45.582  -24.657 0.5000000000
40903  -37.249  -45.196  -36.512 0.6999999881
40904  -37.736  -45.209  -36.229 0.6999999881
41640  -35.890  -44.921  -24.773 0.5000000000
41664  -33.574  -44.053  -27.226 0.6000000238
41720  -37.994  -44.248  -36.048 0.8000000119
41722  -37.842  -43.832  -36.180 0.6999999881
42437  -42.366  -44.029  -25.495 0.4000000060
42454  -33.523  -43.532  -27.834 0.6000000238
42493  -37.720  -43.897  -35.682 0.8000000119
43319  -35.678  -43.327  -25.614 0.5000000000
44203  -44.914  -41.937  -25.382 0.4000000060
44219  -40.126  -42.118  -27.123 0.4000000060
44259  -33.806  -41.504  -30.683 0.6999999881
44266  -33.809  -41.790  -32.078 0.6999999881
44280  -37.652  -41.600  -36.067 0.6999999881
45043  -36.648  -40.414  -34.735 0.6999999881
45818  -43.879  -39.479  -32.030 0.4000000060
46694  -44.009  -38.905  -32.613 0.5000000000
46707  -36.221  -37.996  -35.270 0.6000000238
47571  -37.015  -37.293  -28.033 0.6000000238
48391  -42.755  -36.451  -26.472 0.3000000119
48403  -38.357  -36.290  -27.601 0.5000000000
49260  -44.059  -35.365  -33.324 0.5000000000
49261  -44.296  -35.349  -33.072 0.5000000000
50025  -43.340  -34.538  -26.126 0.3000000119
50067  -43.920  -34.722  -33.147 0.5000000000
50803  -39.685  -33.484  -28.397 0.4000000060
57212  -33.626  -25.272  -34.981 0.3000000119
58801  -43.958  -23.003  -27.376 0.3000000119
61126  -44.401  -20.371  -27.528 0.3000000119
61944  -45.580  -19.723  -28.046 0.3000000119
93511  -43.323  -47.431  -27.777 0.4000000060
93923  -44.043  -46.169  -26.364 0.4000000060
94879  -33.545  -46.915  -27.607 0.6000000238
95396  -36.802  -36.770  -28.631 0.5000000000
96035  -44.257  -59.372  -39.251 0.4000000060
96689  -33.468  -46.430  -28.287 0.6000000238
97823  -33.419  -43.858  -29.374 0.6000000238
98231  -40.396  -44.349  -25.460 0.4000000060
99288  -33.839  -52.002  -29.066 0.6999999881
101668  -33.448  -43.881  -31.933 0.6999999881
102495  -33.887  -43.767  -32.539 0.6999999881
102760  -42.094  -23.884  -27.492 0.3000000119
104891  -44.165  -38.432  -32.671 0.5000000000
104977  -44.934  -44.846  -26.032 0.4000000060
105044  -33.589  -44.759  -26.932 0.6000000238
105213  -33.806  -48.035  -26.802 0.6000000238
106340  -42.939  -63.008  -40.407 0.3000000119
106445  -42.112  -63.828  -37.073 0.4000000060
107320  -38.996  -55.097  -32.461 0.6000000238
107952  -30.575  -32.204  -33.979 0.5000000000
109340  -45.809  -46.354  -28.154 0.3000000119
109428  -36.001  -54.748  -36.801 0.5000000000
110032  -42.520  -47.130  -26.561 0.4000000060
110355  -42.630  -45.126  -25.527 0.4000000060
110406  -40.920  -44.261  -25.528 0.4000000060
110782  -38.141  -53.426  -30.795 0.6999999881
