#!ascii label  , from subject sub-v2s9x29167_ses-1 vox2ras=TkReg
1611
5556  -14.625  -86.734  -49.773 0.5000000000
5529  -13.843  -88.091  -44.972 0.5000000000
5514  -13.550  -87.639  -43.606 0.5000000000
4778  -12.929  -88.357  -42.059 0.5000000000
6886  -16.049  -85.090  -51.195 0.5000000000
6248  -15.424  -85.855  -50.938 0.5000000000
6244  -17.172  -85.505  -49.895 0.5000000000
6243  -16.207  -86.212  -49.258 0.5000000000
6238  -16.704  -86.248  -48.084 0.6000000238
6242  -15.278  -86.980  -47.915 0.5000000000
4069  -14.490  -89.697  -41.582 0.5000000000
5541  -14.232  -87.993  -45.852 0.5000000000
4070  -15.340  -89.563  -41.478 0.5000000000
5515  -14.047  -87.580  -44.370 0.6000000238
4057  -14.113  -88.982  -41.071 0.6000000238
108491  -14.131  -87.199  -43.733 0.6000000238
5495  -13.301  -87.967  -41.483 0.6000000238
4059  -15.949  -88.986  -40.756 0.6999999881
108631  -13.793  -86.861  -42.117 0.6999999881
4765  -14.542  -88.407  -40.394 0.6999999881
5483  -14.208  -87.625  -40.127 0.6999999881
4766  -15.472  -88.481  -40.053 0.6999999881
4060  -16.957  -89.122  -40.692 0.6999999881
6882  -17.373  -84.839  -50.362 0.5000000000
6874  -18.027  -85.289  -49.415 0.6000000238
6875  -18.947  -84.726  -49.168 0.6000000238
6869  -18.554  -85.675  -47.670 0.6000000238
102790  -15.439  -87.085  -46.052 0.5000000000
4071  -16.321  -89.381  -41.448 0.5000000000
4103  -17.678  -89.573  -43.094 0.5000000000
4104  -18.734  -89.473  -43.280 0.6999999881
4087  -17.466  -89.494  -42.251 0.6999999881
4088  -18.353  -89.436  -42.381 0.6999999881
5542  -14.912  -87.489  -45.992 0.6000000238
6232  -15.170  -87.087  -45.329 0.6999999881
4073  -18.078  -89.377  -41.587 0.6999999881
6210  -14.342  -86.537  -42.433 0.6999999881
6196  -14.023  -86.748  -40.717 0.6999999881
4062  -18.203  -89.260  -40.341 0.6999999881
5474  -14.958  -87.485  -39.007 0.6999999881
4750  -15.558  -87.934  -39.265 0.6999999881
4768  -17.101  -88.895  -40.045 0.6999999881
4048  -18.672  -89.236  -39.831 0.6999999881
4731  -16.469  -88.040  -38.847 0.6999999881
4712  -17.070  -88.106  -38.063 0.6999999881
4753  -18.157  -88.968  -39.269 0.6999999881
98602  -17.732  -88.437  -38.004 0.6999999881
6883  -18.313  -84.378  -49.776 0.5000000000
6884  -19.087  -84.175  -49.441 0.6000000238
7535  -20.038  -83.875  -48.142 0.6000000238
6870  -19.538  -85.027  -47.995 0.6000000238
6864  -20.270  -85.015  -46.041 0.6000000238
6868  -17.408  -86.071  -47.531 0.6000000238
6863  -19.756  -85.433  -45.850 0.6000000238
6233  -16.578  -86.434  -46.476 0.6000000238
4105  -19.571  -89.464  -43.897 0.6999999881
98570  -15.848  -86.731  -45.695 0.6999999881
4089  -19.144  -89.432  -42.457 0.6999999881
4106  -20.571  -89.386  -43.634 0.6999999881
6216  -16.150  -86.251  -44.136 0.6999999881
98560  -19.751  -89.467  -42.963 0.6999999881
102402  -21.164  -89.116  -43.133 0.6999999881
6215  -15.293  -86.476  -43.769 0.6999999881
98182  -15.862  -85.975  -43.230 0.6999999881
4074  -18.992  -89.388  -41.643 0.6999999881
4090  -20.569  -89.372  -42.653 0.6999999881
4091  -21.271  -89.003  -42.390 0.6999999881
6831  -14.827  -86.083  -41.969 0.6999999881
6826  -14.730  -85.946  -41.193 0.6999999881
4063  -19.197  -89.341  -40.438 0.6999999881
101163  -20.736  -89.279  -40.807 0.6999999881
5465  -15.576  -87.430  -38.434 0.6999999881
4049  -19.567  -89.284  -39.612 0.6999999881
98386  -19.811  -89.417  -41.093 0.6999999881
105686  -16.374  -87.607  -37.975 0.6999999881
4039  -19.015  -89.103  -38.904 0.6999999881
4690  -17.541  -88.142  -37.064 0.6999999881
109785  -19.482  -89.113  -38.372 0.6999999881
4713  -18.336  -88.570  -37.457 0.6999999881
7539  -18.093  -84.044  -49.626 0.5000000000
8218  -19.466  -83.844  -48.617 0.6000000238
8213  -19.763  -83.270  -46.936 0.6000000238
8212  -19.558  -83.008  -46.731 0.5000000000
8972  -19.548  -82.487  -46.221 0.6000000238
7533  -17.435  -83.898  -47.616 0.5000000000
7530  -20.093  -84.217  -46.499 0.6000000238
8962  -19.418  -81.514  -45.002 0.6000000238
6857  -20.026  -84.717  -45.261 0.6000000238
8199  -19.128  -83.107  -44.186 0.6000000238
6862  -18.644  -85.825  -46.009 0.6000000238
6841  -17.011  -85.989  -44.371 0.6999999881
6855  -18.841  -85.586  -44.806 0.6999999881
6840  -16.757  -85.850  -43.598 0.6999999881
110453  -17.466  -85.745  -43.883 0.6999999881
4780  -22.061  -88.424  -42.158 0.6999999881
106076  -15.280  -85.717  -41.587 0.6999999881
6833  -16.702  -85.562  -42.666 0.6999999881
105406  -22.117  -88.632  -41.146 0.6999999881
108665  -22.906  -87.881  -42.495 0.6999999881
6824  -15.389  -85.290  -40.027 0.6999999881
4769  -21.528  -88.933  -40.580 0.6999999881
4790  -23.417  -87.655  -43.498 0.6999999881
6170  -14.868  -86.205  -37.956 0.6000000238
4065  -21.001  -89.143  -40.053 0.6999999881
93047  -22.358  -88.637  -40.180 0.6999999881
4770  -22.905  -88.374  -40.961 0.6999999881
4781  -23.361  -88.018  -41.785 0.6999999881
4791  -23.860  -87.609  -42.873 0.6999999881
5456  -15.800  -87.204  -37.660 0.6999999881
4041  -20.873  -89.151  -38.691 0.6999999881
4735  -21.684  -88.901  -38.582 0.6000000238
4736  -22.517  -88.675  -38.527 0.6999999881
101191  -23.005  -88.526  -39.311 0.6999999881
4668  -17.584  -87.815  -35.892 0.6000000238
4734  -19.090  -88.900  -37.875 0.6999999881
4714  -19.674  -88.856  -37.024 0.6999999881
101940  -20.479  -89.163  -38.064 0.6999999881
100773  -21.168  -89.060  -37.843 0.6000000238
110286  -18.240  -88.015  -35.699 0.6000000238
98629  -19.004  -88.633  -36.936 0.6000000238
4017  -20.487  -89.045  -37.140 0.6000000238
4018  -21.349  -88.959  -36.889 0.5000000000
4030  -22.076  -88.809  -37.641 0.5000000000
100046  -22.860  -88.710  -36.976 0.5000000000
4670  -19.636  -88.299  -35.208 0.6000000238
99409  -20.486  -88.380  -34.770 0.5000000000
4671  -21.060  -88.698  -35.382 0.5000000000
8982  -19.548  -81.904  -46.341 0.6000000238
8981  -19.365  -81.607  -46.641 0.6000000238
9780  -19.626  -80.307  -44.419 0.5000000000
102742  -19.307  -80.018  -43.417 0.6999999881
8214  -17.448  -83.360  -46.317 0.5000000000
8980  -17.844  -82.042  -46.169 0.6000000238
9795  -18.878  -80.653  -46.665 0.6000000238
8209  -15.634  -83.056  -45.096 0.6000000238
8210  -16.856  -82.991  -45.682 0.6000000238
10572  -19.207  -80.491  -43.001 0.4000000060
8979  -16.326  -82.347  -45.398 0.6000000238
105667  -18.837  -81.939  -43.553 0.5000000000
8193  -18.711  -83.577  -43.201 0.6000000238
7508  -18.753  -84.546  -43.004 0.6000000238
93592  -17.594  -85.521  -43.283 0.6999999881
6835  -18.513  -85.120  -43.203 0.6000000238
6825  -16.213  -85.184  -40.746 0.6999999881
6819  -15.135  -85.350  -39.160 0.6000000238
7485  -15.821  -84.976  -39.469 0.6000000238
5442  -16.043  -86.877  -36.154 0.6000000238
4737  -23.410  -88.519  -38.358 0.6000000238
4756  -23.719  -88.357  -39.611 0.6000000238
96728  -24.143  -88.146  -40.233 0.6999999881
4772  -24.681  -87.751  -41.145 0.6999999881
4782  -24.325  -87.741  -42.024 0.6999999881
5429  -16.713  -87.223  -35.582 0.6000000238
105445  -22.851  -88.628  -37.836 0.6000000238
5484  -25.383  -87.432  -42.314 0.6999999881
5431  -19.072  -87.764  -34.741 0.6000000238
4695  -22.440  -88.762  -36.040 0.4000000060
4696  -23.744  -88.588  -36.893 0.4000000060
4716  -24.149  -88.494  -37.640 0.5000000000
4738  -24.270  -88.404  -38.507 0.6000000238
4773  -25.000  -87.813  -40.274 0.6000000238
5485  -25.800  -87.230  -41.336 0.6000000238
4647  -19.840  -88.063  -34.598 0.5000000000
95733  -20.971  -88.081  -34.018 0.5000000000
4649  -21.413  -88.431  -34.598 0.5000000000
4672  -21.946  -88.656  -35.274 0.5000000000
4717  -24.991  -88.405  -37.299 0.4000000060
97935  -24.814  -88.396  -37.997 0.6000000238
10579  -18.828  -79.848  -44.439 0.6000000238
10580  -19.840  -79.848  -45.139 0.6000000238
96600  -19.024  -79.819  -42.292 0.6000000238
9794  -17.188  -80.991  -46.247 0.6000000238
10595  -17.213  -79.886  -46.135 0.5000000000
103121  -16.575  -79.248  -45.142 0.6000000238
11442  -16.115  -78.722  -45.160 0.6000000238
10571  -19.132  -79.967  -42.270 0.6000000238
8970  -15.085  -82.330  -44.895 0.6999999881
11447  -15.357  -79.296  -45.482 0.6000000238
12251  -14.896  -78.275  -44.670 0.6000000238
8956  -18.357  -81.814  -42.476 0.5000000000
9769  -18.751  -80.827  -42.157 0.6000000238
9786  -14.141  -81.448  -45.403 0.6000000238
11446  -13.888  -79.771  -45.455 0.6999999881
105236  -18.255  -82.877  -42.645 0.5000000000
10592  -13.389  -80.497  -45.718 0.6999999881
8192  -18.446  -83.979  -42.245 0.6000000238
10591  -12.279  -80.826  -45.773 0.6000000238
6829  -17.413  -85.190  -41.999 0.6000000238
7507  -18.270  -84.863  -42.364 0.6000000238
7492  -17.233  -84.999  -40.643 0.6000000238
7491  -16.232  -85.049  -40.133 0.6000000238
7467  -15.604  -84.905  -37.175 0.6000000238
107323  -15.464  -85.656  -35.802 0.6000000238
98699  -18.170  -85.722  -33.618 0.6000000238
5416  -16.680  -86.776  -34.851 0.6000000238
6120  -18.975  -85.782  -33.146 0.6000000238
105050  -19.046  -87.193  -34.103 0.6000000238
4739  -25.066  -88.219  -38.665 0.6000000238
4758  -25.349  -87.819  -39.492 0.6000000238
102489  -25.703  -87.355  -40.307 0.6000000238
95127  -20.135  -87.448  -33.699 0.5000000000
4630  -21.759  -88.084  -33.850 0.5000000000
4650  -22.413  -88.372  -34.471 0.5000000000
6198  -27.497  -86.339  -41.018 0.6000000238
4718  -25.784  -88.053  -37.085 0.4000000060
5466  -25.812  -87.618  -38.780 0.6000000238
5475  -26.124  -87.110  -39.752 0.6000000238
11431  -17.039  -79.677  -42.972 0.6000000238
11430  -16.287  -78.963  -43.358 0.5000000000
11424  -16.844  -79.437  -42.286 0.6000000238
11407  -16.242  -78.821  -41.085 0.5000000000
10585  -17.620  -79.660  -45.464 0.6000000238
12239  -16.264  -77.303  -43.708 0.6000000238
11432  -18.639  -79.761  -42.972 0.5000000000
103497  -17.426  -79.350  -41.295 0.5000000000
106391  -18.217  -79.520  -40.455 0.5000000000
12245  -16.049  -77.699  -44.196 0.5000000000
109618  -16.579  -79.413  -43.726 0.6000000238
12244  -15.599  -77.582  -44.340 0.5000000000
10559  -18.618  -79.838  -41.440 0.6000000238
11440  -12.961  -79.348  -44.925 0.6999999881
12250  -13.402  -78.595  -44.539 0.6000000238
107578  -12.401  -78.118  -44.173 0.6000000238
8185  -18.215  -83.878  -41.555 0.5000000000
10583  -11.651  -80.141  -45.186 0.5000000000
11439  -11.830  -79.446  -45.022 0.6999999881
93453  -18.158  -84.517  -41.059 0.5000000000
7486  -16.878  -84.955  -39.947 0.5000000000
7478  -16.253  -84.788  -39.012 0.6000000238
7451  -16.378  -84.579  -35.381 0.6000000238
7439  -15.901  -84.800  -35.377 0.5000000000
7441  -17.075  -84.751  -34.295 0.6000000238
6772  -16.553  -85.336  -34.412 0.6000000238
5398  -20.449  -87.070  -33.044 0.5000000000
95230  -26.545  -87.481  -36.868 0.5000000000
5459  -26.380  -87.392  -37.943 0.5000000000
5467  -26.595  -86.780  -39.097 0.6000000238
6180  -27.391  -86.168  -39.555 0.6000000238
105086  -16.473  -77.105  -43.092 0.6000000238
11423  -16.218  -78.506  -42.432 0.6000000238
13096  -16.564  -76.409  -42.726 0.6000000238
11408  -17.379  -79.089  -40.245 0.5000000000
13110  -16.034  -76.844  -44.089 0.6000000238
13975  -15.854  -76.254  -43.859 0.6999999881
10541  -18.410  -80.045  -40.342 0.6000000238
13108  -13.577  -77.660  -43.824 0.6000000238
12243  -14.193  -77.879  -44.262 0.6000000238
9737  -18.346  -80.694  -40.976 0.6000000238
13107  -11.789  -77.788  -43.711 0.6000000238
13102  -13.107  -77.523  -43.021 0.6000000238
93613  -17.751  -83.006  -41.248 0.5000000000
7487  -18.091  -84.725  -40.414 0.5000000000
10577  -11.226  -79.940  -44.731 0.5000000000
93242  -11.246  -79.226  -44.583 0.6000000238
95265  -16.705  -84.722  -38.376 0.5000000000
7461  -16.906  -84.498  -35.964 0.6000000238
7469  -16.566  -84.582  -37.034 0.5000000000
7423  -18.624  -84.473  -33.637 0.5000000000
6758  -18.271  -85.047  -33.483 0.5000000000
5460  -27.156  -86.771  -37.474 0.6000000238
6171  -27.198  -86.453  -38.536 0.6000000238
13090  -16.091  -77.269  -41.287 0.6000000238
12230  -15.799  -78.412  -40.429 0.5000000000
13967  -16.487  -75.438  -42.697 0.6999999881
11385  -15.793  -78.732  -39.502 0.5000000000
13972  -16.065  -75.543  -43.520 0.6999999881
13104  -16.234  -76.230  -43.637 0.6000000238
11386  -17.181  -78.842  -39.375 0.5000000000
13103  -14.813  -76.915  -43.649 0.6000000238
11409  -17.997  -79.098  -39.646 0.5000000000
9717  -17.906  -80.872  -39.398 0.6000000238
13964  -13.371  -76.509  -41.705 0.6999999881
92091  -17.982  -81.141  -40.234 0.6000000238
13101  -11.553  -77.608  -42.850 0.6000000238
8922  -17.691  -82.094  -40.724 0.6000000238
12233  -10.883  -77.978  -42.258 0.6999999881
12238  -11.003  -78.010  -43.257 0.6999999881
8167  -18.378  -84.263  -40.519 0.5000000000
92504  -17.857  -83.262  -40.591 0.5000000000
11434  -10.845  -78.526  -43.671 0.6000000238
7488  -18.750  -84.667  -39.852 0.5000000000
11421  -11.485  -79.348  -42.052 0.5000000000
98952  -18.526  -85.232  -39.180 0.6000000238
7479  -17.731  -84.980  -39.697 0.5000000000
10557  -12.193  -80.238  -42.335 0.6000000238
6803  -18.030  -85.293  -38.062 0.5000000000
103379  -17.649  -84.573  -34.290 0.6000000238
7424  -19.315  -84.203  -33.175 0.5000000000
14849  -16.356  -75.637  -40.687 0.6999999881
13951  -15.653  -76.564  -39.725 0.5000000000
13084  -15.625  -77.496  -40.096 0.5000000000
15831  -16.363  -74.357  -41.904 0.8000000119
13959  -16.571  -75.441  -41.793 0.6999999881
12217  -15.564  -78.209  -39.543 0.5000000000
12203  -15.491  -78.405  -38.805 0.5000000000
14863  -15.454  -75.031  -42.243 0.6999999881
14864  -16.050  -74.764  -42.683 0.6999999881
13973  -16.132  -75.129  -43.079 0.8000000119
13971  -15.533  -75.906  -43.465 0.6999999881
97966  -16.361  -79.067  -37.987 0.5000000000
14862  -14.077  -75.716  -41.440 0.6999999881
13965  -14.870  -75.869  -42.428 0.6999999881
10526  -18.195  -79.539  -39.573 0.6000000238
11368  -17.424  -78.882  -38.523 0.5000000000
13963  -11.793  -76.593  -41.556 0.6000000238
8882  -17.708  -82.259  -39.017 0.6000000238
13093  -10.691  -77.580  -41.489 0.6999999881
13094  -11.337  -77.339  -41.857 0.6999999881
8159  -18.412  -83.741  -39.940 0.6000000238
12234  -11.080  -78.567  -41.768 0.6000000238
7480  -19.393  -85.045  -39.205 0.6000000238
105749  -18.909  -85.919  -37.526 0.6000000238
10558  -13.161  -80.816  -41.540 0.6000000238
7462  -18.137  -84.949  -35.795 0.6000000238
7442  -18.318  -84.342  -34.055 0.5000000000
15809  -17.110  -74.154  -40.389 0.6000000238
14850  -16.675  -74.843  -40.611 0.5000000000
102144  -15.938  -75.694  -39.514 0.5000000000
93825  -15.218  -77.695  -38.182 0.5000000000
15830  -16.187  -74.522  -42.159 0.8000000119
12176  -15.470  -78.699  -36.802 0.5000000000
14858  -14.692  -74.880  -41.253 0.6999999881
10509  -18.007  -79.723  -38.669 0.6000000238
9647  -12.411  -80.959  -36.483 0.6000000238
13957  -12.336  -75.936  -41.148 0.8000000119
11352  -12.768  -79.514  -36.762 0.6000000238
13955  -10.244  -76.352  -41.024 0.6999999881
14856  -11.590  -75.603  -40.851 0.8000000119
9695  -17.664  -81.214  -38.458 0.6000000238
10508  -13.266  -81.113  -38.207 0.6000000238
12228  -10.411  -77.701  -40.987 0.6000000238
8160  -19.247  -84.319  -39.469 0.6000000238
8161  -19.882  -84.640  -38.829 0.6000000238
11384  -12.932  -79.665  -39.449 0.6000000238
11406  -12.947  -79.864  -40.373 0.6000000238
12229  -11.161  -78.474  -40.934 0.6000000238
6811  -19.322  -85.730  -38.387 0.6000000238
6813  -20.146  -85.896  -37.855 0.6000000238
11405  -11.897  -79.281  -41.052 0.5000000000
7454  -19.491  -85.076  -34.971 0.5000000000
7443  -19.147  -84.197  -33.842 0.5000000000
7455  -20.379  -85.538  -35.633 0.5000000000
15810  -16.919  -74.457  -39.002 0.5000000000
105084  -16.425  -74.999  -39.354 0.5000000000
15823  -16.742  -73.955  -41.398 0.6000000238
16865  -17.772  -73.732  -40.063 0.5000000000
15829  -15.800  -74.415  -41.953 0.8000000119
16882  -16.584  -73.309  -41.289 0.6999999881
15821  -15.104  -73.981  -41.010 0.8000000119
14857  -13.253  -75.416  -40.769 0.8000000119
11369  -17.841  -79.064  -38.433 0.6000000238
11354  -16.110  -79.174  -37.147 0.5000000000
11322  -12.145  -79.616  -35.104 0.6000000238
14847  -12.622  -75.159  -40.064 0.8000000119
11341  -17.581  -79.464  -36.950 0.5000000000
108418  -12.589  -78.655  -36.194 0.6999999881
11338  -12.530  -79.675  -35.919 0.6000000238
98313  -11.274  -75.486  -40.025 0.8000000119
8868  -17.714  -81.922  -37.956 0.6000000238
93904  -17.656  -80.683  -37.798 0.6000000238
11356  -17.716  -79.475  -37.842 0.6000000238
12186  -12.549  -78.362  -37.326 0.6000000238
8151  -19.254  -83.631  -38.553 0.6000000238
8883  -18.279  -83.032  -38.846 0.6000000238
8855  -17.943  -81.856  -37.072 0.6000000238
11365  -12.912  -79.514  -38.546 0.6000000238
13083  -10.220  -77.326  -40.351 0.6000000238
13950  -10.114  -76.396  -40.327 0.5000000000
8152  -20.123  -83.920  -38.160 0.6000000238
12216  -11.094  -78.208  -40.185 0.6000000238
6796  -20.140  -86.299  -36.468 0.6000000238
8153  -20.484  -84.355  -37.507 0.6000000238
7463  -20.623  -85.182  -36.579 0.5000000000
7444  -21.109  -84.689  -35.123 0.5000000000
92453  -20.284  -84.691  -34.602 0.5000000000
8120  -21.708  -84.144  -34.688 0.5000000000
16874  -17.288  -73.258  -40.987 0.6000000238
16881  -15.656  -73.083  -40.991 0.6999999881
11285  -11.673  -79.303  -33.463 0.6000000238
11303  -11.948  -79.355  -34.207 0.6000000238
92556  -14.105  -74.044  -40.150 0.8000000119
11340  -17.092  -79.092  -36.630 0.5000000000
12151  -12.189  -78.960  -34.439 0.6000000238
15815  -13.222  -74.422  -39.693 0.8000000119
96549  -17.607  -79.338  -36.186 0.5000000000
12165  -12.381  -78.892  -35.290 0.6999999881
15814  -11.948  -74.742  -39.330 0.8000000119
9648  -17.877  -81.079  -36.609 0.6000000238
10468  -17.952  -80.016  -36.404 0.6000000238
13045  -12.222  -77.456  -36.665 0.8000000119
14846  -10.344  -75.769  -40.031 0.6999999881
8869  -18.333  -82.619  -37.744 0.6000000238
9649  -18.355  -81.531  -36.397 0.6000000238
110844  -12.129  -77.582  -37.450 0.6999999881
13061  -10.541  -77.047  -38.762 0.6999999881
13075  -10.105  -76.976  -39.659 0.6000000238
8870  -19.252  -83.114  -37.499 0.6000000238
9650  -19.091  -81.859  -36.187 0.6000000238
93844  -12.243  -78.711  -39.340 0.6000000238
8857  -19.616  -82.635  -36.696 0.5000000000
8143  -20.688  -84.164  -36.511 0.5000000000
100641  -17.469  -72.620  -40.814 0.6000000238
16875  -18.194  -72.902  -40.543 0.5000000000
11267  -10.636  -79.414  -32.157 0.6000000238
106204  -15.492  -72.449  -40.368 0.6999999881
11268  -11.235  -79.379  -32.748 0.6000000238
15816  -14.654  -73.504  -40.290 0.6999999881
17937  -15.818  -71.897  -40.147 0.6000000238
11286  -12.020  -79.017  -33.704 0.6000000238
12137  -11.602  -78.904  -32.881 0.6000000238
16872  -14.679  -72.874  -39.893 0.6000000238
16864  -13.996  -72.799  -38.704 0.6999999881
13028  -12.125  -77.330  -35.200 0.8000000119
15808  -12.809  -74.033  -39.108 0.6999999881
16863  -12.980  -73.530  -38.557 0.6000000238
13913  -11.956  -76.929  -35.888 0.8000000119
15806  -10.795  -74.520  -38.797 0.8000000119
103719  -10.944  -73.992  -38.300 0.6999999881
100755  -10.190  -76.313  -37.578 0.6999999881
13934  -9.995  -76.299  -38.400 0.6999999881
13941  -9.718  -75.493  -38.723 0.6000000238
98360  -9.905  -74.337  -38.328 0.8000000119
11266  -9.841  -79.520  -31.660 0.6000000238
11254  -11.012  -79.127  -32.026 0.6000000238
12999  -11.557  -78.114  -33.239 0.6999999881
16856  -14.093  -72.594  -37.816 0.6000000238
13884  -11.426  -77.337  -33.842 0.6999999881
13899  -11.009  -76.520  -34.614 0.6999999881
16855  -13.160  -73.215  -37.912 0.6999999881
107017  -12.599  -73.622  -37.362 0.6000000238
13912  -11.508  -76.667  -35.322 0.8000000119
13911  -9.958  -75.777  -35.768 0.6000000238
13923  -9.735  -75.742  -37.023 0.5000000000
15796  -10.455  -73.904  -37.901 0.6999999881
97578  -11.556  -73.784  -37.169 0.6999999881
16847  -12.779  -74.061  -36.423 0.6000000238
13924  -11.199  -76.624  -36.749 0.8000000119
14815  -9.154  -74.807  -37.619 0.6000000238
14827  -9.414  -74.791  -38.232 0.6000000238
11237  -8.995  -79.411  -30.417 0.6000000238
11239  -9.892  -79.042  -30.815 0.6000000238
12972  -10.941  -78.700  -31.909 0.6999999881
12110  -10.431  -78.926  -31.346 0.6000000238
12987  -11.160  -78.236  -32.584 0.6999999881
13869  -9.549  -76.844  -32.895 0.6999999881
13883  -10.394  -76.652  -33.804 0.6999999881
13898  -9.685  -75.878  -34.662 0.6000000238
101314  -13.592  -73.438  -37.039 0.6000000238
14803  -9.099  -74.891  -36.598 0.6000000238
109304  -14.194  -73.450  -36.448 0.5000000000
15773  -12.966  -74.276  -35.575 0.6000000238
16837  -13.799  -73.949  -35.835 0.5000000000
16829  -14.999  -73.291  -35.000 0.5000000000
15760  -12.547  -74.298  -35.195 0.6000000238
16828  -13.535  -74.154  -34.963 0.5000000000
12096  -8.790  -78.389  -29.488 0.6000000238
12100  -9.291  -78.634  -30.078 0.6000000238
12971  -9.982  -78.134  -31.157 0.6999999881
12101  -9.682  -78.417  -30.588 0.6999999881
12985  -9.113  -77.223  -31.232 0.6999999881
12986  -10.065  -77.660  -32.036 0.6999999881
101291  -8.602  -76.221  -32.833 0.6000000238
13882  -9.125  -76.111  -33.725 0.5000000000
14790  -8.574  -75.166  -34.543 0.6999999881
15756  -8.034  -73.920  -34.024 0.6000000238
14802  -8.979  -74.604  -35.464 0.6000000238
15769  -8.880  -74.115  -35.121 0.6000000238
16825  -9.040  -73.792  -35.162 0.6000000238
15771  -10.021  -74.122  -36.223 0.6000000238
16826  -11.096  -73.426  -34.707 0.5000000000
107171  -11.732  -72.634  -34.508 0.5000000000
17888  -12.658  -72.374  -34.455 0.5000000000
13799  -9.416  -76.300  -27.513 0.6999999881
13800  -10.357  -76.430  -27.747 0.6999999881
14697  -10.132  -75.813  -27.372 0.6999999881
97591  -8.815  -77.707  -29.139 0.6000000238
12923  -10.474  -76.741  -28.312 0.6999999881
13814  -11.235  -76.433  -28.023 0.6999999881
14700  -12.143  -75.199  -28.184 0.6999999881
15679  -12.735  -74.438  -28.561 0.6000000238
12953  -9.040  -77.792  -29.527 0.6999999881
13834  -10.189  -76.917  -29.132 0.6999999881
13815  -12.179  -76.179  -28.469 0.6999999881
13842  -9.189  -77.066  -30.377 0.6999999881
13833  -9.419  -77.350  -29.596 0.6999999881
13845  -11.930  -76.445  -29.793 0.6999999881
13868  -8.609  -76.586  -31.858 0.6999999881
14779  -7.786  -74.981  -32.810 0.6000000238
14780  -8.221  -75.498  -33.356 0.6000000238
103462  -8.104  -73.481  -33.471 0.6000000238
108511  -8.740  -71.444  -33.295 0.6000000238
94828  -8.851  -72.798  -34.626 0.6000000238
17885  -8.689  -71.722  -34.143 0.6000000238
17886  -9.300  -71.729  -34.458 0.5000000000
18870  -9.963  -70.657  -34.242 0.6000000238
19870  -10.566  -69.538  -33.928 0.6000000238
93864  -9.730  -73.011  -34.801 0.5000000000
17887  -10.579  -72.134  -34.514 0.5000000000
99073  -11.442  -71.041  -34.413 0.5000000000
109301  -9.443  -75.531  -27.250 0.6999999881
110040  -11.144  -75.549  -27.618 0.6999999881
15680  -13.482  -74.754  -29.072 0.6000000238
15681  -14.111  -74.179  -29.274 0.4000000060
14734  -12.783  -76.170  -29.958 0.6000000238
14725  -12.817  -76.096  -29.191 0.5000000000
16767  -15.060  -73.879  -30.238 0.4000000060
16760  -15.279  -73.369  -29.751 0.5000000000
12970  -9.304  -77.428  -30.607 0.6999999881
13843  -9.661  -76.853  -30.039 0.8000000119
13844  -10.755  -76.595  -29.781 0.6999999881
14735  -13.464  -75.561  -30.549 0.5000000000
14736  -14.084  -75.008  -31.068 0.4000000060
103724  -14.597  -74.452  -30.657 0.4000000060
16768  -15.529  -73.102  -30.529 0.4000000060
17826  -15.645  -72.294  -30.945 0.4000000060
14731  -8.853  -76.368  -30.721 0.8000000119
14741  -8.811  -75.568  -30.940 0.8000000119
14732  -9.926  -76.181  -30.464 0.8000000119
99358  -11.786  -75.500  -31.538 0.8000000119
110240  -12.601  -75.389  -31.807 0.6000000238
14744  -13.387  -75.292  -31.587 0.5000000000
15699  -14.560  -74.373  -31.522 0.4000000060
99024  -15.148  -73.780  -31.133 0.4000000060
13854  -8.575  -76.544  -30.979 0.6999999881
14761  -7.991  -75.288  -32.038 0.8000000119
15729  -8.215  -74.377  -32.200 0.6999999881
16798  -8.584  -73.165  -32.666 0.5000000000
15712  -14.071  -74.107  -32.255 0.5000000000
16782  -14.902  -73.516  -31.996 0.4000000060
17843  -15.192  -71.897  -31.571 0.4000000060
15728  -7.936  -74.603  -32.347 0.6000000238
17857  -8.603  -72.526  -33.043 0.5000000000
17858  -8.831  -71.780  -32.973 0.5000000000
18844  -8.929  -70.653  -33.076 0.6000000238
18869  -9.092  -70.770  -33.900 0.6000000238
19856  -9.373  -69.751  -33.092 0.6000000238
14698  -10.703  -75.172  -27.433 0.6000000238
15666  -10.346  -74.361  -27.440 0.5000000000
15668  -11.904  -74.099  -28.027 0.5000000000
16748  -12.613  -73.497  -28.397 0.4000000060
16749  -13.470  -73.671  -28.722 0.5000000000
16759  -14.763  -73.790  -29.487 0.5000000000
17803  -15.591  -72.610  -28.537 0.5000000000
17804  -16.175  -72.092  -28.896 0.5000000000
97255  -16.531  -71.491  -28.461 0.5000000000
103261  -15.818  -72.406  -30.223 0.5000000000
19802  -16.934  -70.229  -29.149 0.5000000000
14742  -10.473  -75.526  -31.136 0.6999999881
14764  -12.077  -75.069  -32.230 0.6000000238
15732  -12.270  -74.429  -32.507 0.5000000000
14765  -12.901  -75.015  -32.278 0.5000000000
18811  -16.217  -71.295  -29.950 0.5000000000
19801  -16.467  -70.621  -29.593 0.5000000000
14740  -8.195  -75.905  -30.995 0.8000000119
14762  -9.656  -74.961  -31.616 0.6999999881
15730  -9.144  -74.250  -32.195 0.6000000238
16800  -12.403  -73.479  -32.585 0.5000000000
16802  -14.171  -72.925  -32.315 0.4000000060
17842  -14.802  -72.438  -32.015 0.5000000000
18819  -15.747  -71.093  -30.452 0.4000000060
20733  -15.791  -70.015  -29.906 0.5000000000
93601  -9.330  -72.413  -32.724 0.5000000000
17860  -10.497  -72.599  -32.692 0.5000000000
92496  -11.540  -72.550  -32.621 0.6000000238
95423  -12.426  -72.301  -32.452 0.5000000000
17862  -14.024  -71.898  -32.128 0.5000000000
18833  -14.278  -71.130  -31.785 0.5000000000
17859  -9.441  -71.160  -32.694 0.5000000000
18846  -10.097  -70.052  -32.583 0.5000000000
106747  -11.396  -71.210  -32.421 0.5000000000
18847  -13.029  -70.603  -31.926 0.5000000000
19846  -9.613  -69.594  -32.924 0.6000000238
19848  -11.421  -68.772  -32.300 0.6000000238
16736  -10.514  -73.559  -27.633 0.5000000000
97226  -10.813  -72.727  -27.776 0.5000000000
16738  -12.048  -73.011  -28.075 0.5000000000
17787  -12.119  -72.082  -27.891 0.4000000060
17800  -12.941  -72.664  -28.301 0.4000000060
95828  -9.987  -72.830  -27.700 0.5000000000
106737  -11.503  -72.615  -27.878 0.4000000060
17801  -13.986  -72.954  -28.367 0.5000000000
17802  -14.891  -72.922  -28.326 0.6000000238
17790  -15.378  -72.464  -27.749 0.5000000000
17791  -16.061  -72.083  -28.055 0.5000000000
19775  -16.918  -70.907  -28.120 0.4000000060
19790  -17.283  -70.310  -28.518 0.4000000060
20711  -17.817  -69.677  -28.184 0.4000000060
18792  -11.668  -71.404  -27.534 0.4000000060
18793  -12.475  -71.422  -27.520 0.4000000060
95695  -12.878  -71.912  -27.910 0.4000000060
17788  -13.640  -72.252  -27.878 0.5000000000
17789  -14.605  -72.539  -27.707 0.5000000000
17773  -15.108  -72.251  -27.054 0.5000000000
17772  -14.303  -72.068  -27.099 0.4000000060
102992  -14.788  -71.867  -26.549 0.4000000060
18779  -15.446  -71.673  -26.637 0.5000000000
101628  -16.256  -71.153  -26.875 0.4000000060
107151  -16.788  -70.834  -27.469 0.4000000060
19776  -17.297  -70.329  -27.762 0.4000000060
110940  -17.988  -69.374  -27.709 0.4000000060
18777  -12.076  -70.865  -27.171 0.4000000060
17771  -13.332  -71.554  -27.271 0.4000000060
19735  -12.807  -70.432  -25.782 0.4000000060
18778  -14.119  -71.573  -26.394 0.4000000060
18769  -14.048  -71.122  -25.836 0.4000000060
18770  -14.860  -71.311  -25.992 0.5000000000
18771  -15.687  -71.028  -26.243 0.5000000000
19755  -16.939  -70.260  -26.872 0.4000000060
19738  -15.410  -70.401  -25.717 0.4000000060
20674  -16.430  -69.174  -25.621 0.4000000060
20675  -17.211  -69.002  -25.837 0.4000000060
20688  -17.386  -69.448  -26.548 0.4000000060
20703  -17.938  -69.023  -27.173 0.4000000060
19734  -12.097  -70.097  -26.086 0.4000000060
106815  -12.440  -69.926  -25.491 0.3000000119
19717  -13.852  -69.976  -25.253 0.3000000119
19737  -14.405  -70.587  -25.576 0.4000000060
21458  -12.908  -68.890  -24.354 0.4000000060
20661  -13.347  -69.433  -24.856 0.3000000119
20662  -14.157  -69.228  -25.049 0.4000000060
22306  -15.368  -67.605  -25.225 0.5000000000
21469  -15.738  -68.458  -25.425 0.4000000060
21470  -16.752  -68.327  -25.581 0.4000000060
21471  -17.588  -68.136  -25.913 0.4000000060
23069  -18.698  -66.931  -26.384 0.3000000119
100040  -15.074  -66.999  -24.945 0.5000000000
22297  -15.676  -66.871  -25.143 0.5000000000
22307  -16.177  -67.583  -25.408 0.4000000060
22308  -17.077  -67.493  -25.534 0.4000000060
110686  -17.743  -67.365  -25.770 0.3000000119
19715  -12.454  -69.470  -24.875 0.4000000060
21449  -13.360  -68.175  -24.200 0.4000000060
94157  -14.022  -68.074  -24.583 0.5000000000
22296  -14.623  -67.590  -24.857 0.5000000000
22288  -13.067  -67.476  -23.770 0.4000000060
23048  -14.557  -66.740  -24.646 0.5000000000
23049  -15.183  -66.338  -24.775 0.4000000060
23050  -15.951  -66.105  -24.933 0.4000000060
23061  -17.484  -66.681  -25.438 0.3000000119
97164  -14.510  -65.865  -24.499 0.3000000119
92990  -14.788  -65.067  -24.511 0.3000000119
23773  -15.369  -65.517  -24.647 0.3000000119
23047  -13.427  -66.630  -24.009 0.3000000119
23762  -12.939  -65.957  -23.750 0.4000000060
23774  -16.308  -65.196  -24.668 0.3000000119
23039  -12.710  -66.724  -23.513 0.3000000119
23761  -12.047  -65.256  -23.741 0.3000000119
9796  -19.985  -80.481  -46.676 0.6000000238
99731  -18.738  -79.891  -46.280 0.5000000000
15772  -11.737  -74.216  -36.007 0.6000000238
15783  -9.281  -74.568  -37.148 0.6000000238
4809  -13.079  -88.637  -44.534 0.5000000000
110879  -13.505  -87.265  -42.455 0.6000000238
6237  -15.896  -86.716  -46.682 0.5000000000
103946  -13.637  -87.380  -41.178 0.6999999881
4072  -17.243  -89.376  -41.483 0.6999999881
99080  -17.779  -89.281  -40.867 0.6999999881
6197  -14.324  -86.246  -40.130 0.6999999881
4752  -17.539  -88.893  -39.640 0.6999999881
4751  -16.863  -88.578  -39.510 0.6999999881
6856  -19.830  -85.172  -44.958 0.5000000000
95222  -19.937  -89.497  -42.023 0.6999999881
109406  -14.882  -85.544  -39.701 0.6999999881
6179  -14.565  -86.169  -38.782 0.6999999881
4064  -20.129  -89.330  -40.240 0.6999999881
5457  -16.246  -87.312  -37.079 0.6999999881
8971  -20.041  -81.243  -46.178 0.6000000238
93387  -21.662  -88.886  -39.893 0.6999999881
6793  -15.345  -85.518  -36.635 0.6000000238
4669  -18.118  -87.648  -35.150 0.6000000238
107988  -20.136  -88.778  -36.397 0.5000000000
9793  -15.533  -81.046  -45.703 0.6999999881
102561  -15.639  -86.264  -35.666 0.6000000238
4757  -24.478  -88.225  -39.382 0.6000000238
5418  -18.364  -87.102  -34.399 0.5000000000
5399  -21.273  -87.610  -33.254 0.5000000000
5458  -25.488  -88.100  -37.936 0.5000000000
104376  -15.992  -79.829  -45.941 0.6000000238
9792  -14.284  -80.666  -45.744 0.6999999881
8940  -18.032  -81.733  -41.591 0.6000000238
98842  -15.868  -84.623  -36.677 0.5000000000
6131  -16.108  -86.020  -34.663 0.5000000000
6119  -18.615  -86.496  -33.749 0.6000000238
6132  -16.923  -86.109  -34.319 0.5000000000
5397  -19.515  -86.856  -33.471 0.5000000000
5476  -26.958  -86.363  -40.153 0.6000000238
5445  -27.192  -86.943  -36.496 0.5000000000
13970  -14.151  -76.813  -42.638 0.6000000238
11355  -17.385  -79.053  -37.689 0.5000000000
10489  -13.058  -80.832  -37.399 0.6000000238
10540  -13.445  -80.675  -40.630 0.6000000238
6795  -19.950  -86.461  -36.523 0.6000000238
94556  -12.857  -79.425  -37.649 0.6000000238
12202  -12.423  -78.502  -38.390 0.6000000238
8856  -18.600  -82.321  -36.854 0.6000000238
13076  -11.189  -77.770  -39.268 0.6000000238
8142  -20.195  -83.489  -37.188 0.6000000238
15807  -11.948  -74.033  -38.637 0.8000000119
10469  -18.281  -80.712  -36.045 0.6000000238
13949  -10.011  -75.743  -39.405 0.6000000238
13942  -9.949  -76.270  -39.282 0.6999999881
13933  -9.454  -75.486  -38.036 0.6000000238
15784  -10.107  -73.955  -37.171 0.6999999881
15770  -9.298  -74.574  -35.988 0.6000000238
16827  -12.452  -73.707  -34.717 0.5000000000
15744  -7.801  -74.200  -33.175 0.5000000000
15758  -9.907  -73.910  -35.402 0.6000000238
18871  -12.718  -70.961  -34.302 0.5000000000
12922  -9.646  -76.842  -28.032 0.6999999881
12935  -8.856  -77.276  -28.571 0.6000000238
13835  -11.397  -76.641  -28.874 0.6999999881
110753  -12.279  -76.195  -30.301 0.6000000238
15667  -11.046  -74.271  -27.619 0.6000000238
15694  -14.052  -75.043  -30.208 0.5000000000
14726  -13.439  -75.542  -29.598 0.5000000000
18818  -15.384  -71.267  -31.043 0.5000000000
16737  -11.302  -73.365  -27.824 0.5000000000
18801  -16.497  -71.443  -29.231 0.5000000000
95599  -10.372  -74.478  -32.271 0.6000000238
93238  -10.171  -73.630  -32.609 0.6000000238
108908  -11.976  -69.632  -32.077 0.5000000000
17786  -11.218  -72.019  -27.769 0.5000000000
18794  -15.803  -71.905  -27.304 0.5000000000
19754  -11.702  -70.347  -26.756 0.4000000060
108003  -12.460  -70.603  -26.533 0.4000000060
18768  -13.296  -71.026  -26.272 0.4000000060
19716  -13.057  -70.014  -25.257 0.3000000119
96857  -16.152  -69.874  -25.749 0.5000000000
19740  -16.831  -69.746  -25.984 0.4000000060
20672  -14.714  -69.776  -25.371 0.4000000060
20673  -15.564  -69.443  -25.519 0.4000000060
104950  -17.656  -68.780  -26.355 0.4000000060
21482  -18.067  -68.253  -26.702 0.4000000060
21459  -13.712  -68.741  -24.639 0.3000000119
102717  -14.421  -68.458  -24.939 0.5000000000
21468  -14.923  -68.920  -25.267 0.4000000060
22309  -18.171  -67.548  -26.250 0.4000000060
23060  -16.513  -66.786  -25.285 0.4000000060
22295  -13.878  -67.297  -24.380 0.5000000000
109912  -14.018  -66.471  -24.390 0.4000000060
23771  -13.658  -65.856  -24.223 0.4000000060
23770  -12.986  -65.193  -24.132 0.3000000119
3514  -28.515  -90.242  -44.064 0.5000000000
97219  -29.021  -90.376  -43.313 0.5000000000
2955  -29.392  -91.516  -41.385 0.5000000000
3504  -29.407  -90.843  -42.161 0.5000000000
2940  -29.516  -91.811  -40.680 0.5000000000
3493  -29.461  -90.792  -41.260 0.5000000000
2914  -29.444  -91.712  -39.234 0.6000000238
4111  -27.936  -89.051  -44.656 0.5000000000
3515  -28.800  -89.975  -44.086 0.5000000000
4081  -29.173  -90.122  -43.302 0.5000000000
4066  -29.135  -90.143  -42.103 0.5000000000
103703  -29.144  -91.935  -38.216 0.6000000238
3485  -28.426  -90.125  -40.026 0.6000000238
99152  -28.721  -90.684  -39.368 0.6000000238
4110  -26.981  -88.389  -44.625 0.4000000060
91072  -22.078  -88.928  -46.915 0.4000000060
4823  -24.120  -87.783  -47.404 0.4000000060
91075  -24.193  -88.156  -48.999 0.5000000000
4812  -25.069  -87.955  -46.671 0.5000000000
5531  -25.107  -87.953  -45.918 0.5000000000
5516  -24.659  -87.594  -45.271 0.5000000000
4803  -26.178  -88.096  -45.045 0.5000000000
101202  -26.761  -88.053  -44.815 0.5000000000
3456  -27.838  -91.026  -37.593 0.6000000238
3441  -27.503  -90.435  -36.319 0.6000000238
4804  -27.215  -88.306  -44.553 0.5000000000
4805  -27.992  -88.905  -44.483 0.5000000000
4792  -27.345  -88.205  -43.926 0.5000000000
3455  -27.652  -90.123  -37.979 0.6000000238
4080  -28.245  -89.138  -42.691 0.5000000000
4052  -27.912  -89.271  -39.987 0.6000000238
3469  -27.856  -89.816  -38.976 0.6000000238
101043  -27.551  -90.364  -37.101 0.6000000238
4042  -27.996  -89.244  -38.400 0.6000000238
4031  -27.826  -89.588  -37.421 0.6000000238
95032  -28.501  -89.217  -36.145 0.6999999881
96799  -28.486  -88.945  -37.624 0.6000000238
4699  -28.980  -88.757  -36.960 0.6999999881
4129  -20.451  -89.473  -46.246 0.6000000238
4120  -21.109  -89.417  -45.545 0.6000000238
4107  -21.609  -89.123  -44.115 0.6000000238
91626  -22.611  -88.701  -45.713 0.5000000000
4800  -22.995  -88.017  -43.866 0.6000000238
4811  -24.579  -87.743  -46.252 0.5000000000
4810  -23.509  -87.922  -45.334 0.5000000000
5507  -24.354  -87.428  -44.216 0.5000000000
5518  -26.233  -87.769  -44.643 0.5000000000
5508  -25.145  -87.461  -43.544 0.5000000000
5519  -26.771  -87.814  -44.421 0.5000000000
4000  -27.631  -90.273  -34.768 0.6999999881
4008  -27.660  -89.973  -35.727 0.6000000238
4001  -28.067  -89.684  -34.019 0.8000000119
4793  -27.710  -88.534  -43.412 0.5000000000
4783  -27.448  -87.871  -42.032 0.5000000000
95848  -27.819  -88.710  -41.217 0.6000000238
4009  -28.353  -89.383  -35.043 0.6999999881
4740  -27.938  -89.122  -39.306 0.6000000238
101800  -29.472  -88.683  -36.304 0.6999999881
4741  -28.470  -88.449  -39.386 0.6000000238
105557  -28.817  -88.534  -38.543 0.6000000238
4720  -30.442  -88.284  -38.239 0.6999999881
4700  -29.971  -88.500  -37.227 0.6999999881
100402  -30.516  -88.527  -36.534 0.6000000238
3537  -19.315  -89.584  -46.107 0.5000000000
98942  -21.044  -89.394  -44.500 0.6000000238
108350  -22.595  -87.953  -42.968 0.6000000238
5509  -26.234  -87.471  -43.558 0.5000000000
5496  -26.423  -87.281  -42.513 0.6000000238
3993  -27.720  -90.530  -33.808 0.6999999881
5510  -26.936  -87.675  -43.539 0.5000000000
5497  -27.031  -86.839  -41.780 0.5000000000
4654  -28.769  -88.889  -34.145 0.5000000000
4622  -29.298  -88.608  -32.503 0.6000000238
5511  -27.154  -87.597  -42.596 0.6000000238
4774  -28.064  -87.233  -41.145 0.5000000000
4655  -29.645  -88.563  -34.572 0.6000000238
4759  -28.129  -88.347  -40.413 0.5000000000
4678  -29.026  -88.826  -35.605 0.6999999881
4679  -29.891  -88.582  -35.525 0.6000000238
4760  -29.027  -87.486  -40.110 0.5000000000
4680  -31.023  -88.554  -35.766 0.6000000238
5477  -30.103  -87.111  -39.896 0.5000000000
4743  -30.631  -87.733  -39.108 0.6000000238
4701  -31.498  -88.562  -36.708 0.5000000000
4722  -32.494  -88.148  -37.734 0.5000000000
4682  -33.583  -88.801  -35.943 0.5000000000
4119  -19.464  -89.553  -44.913 0.6000000238
98146  -20.303  -89.451  -44.677 0.6000000238
3536  -18.591  -89.744  -44.990 0.4000000060
5486  -26.519  -86.664  -40.802 0.5000000000
4636  -28.923  -88.678  -33.233 0.6000000238
5498  -27.707  -86.744  -41.430 0.5000000000
103832  -29.428  -88.528  -33.821 0.5000000000
105698  -28.587  -87.106  -40.693 0.5000000000
4656  -30.477  -88.528  -34.929 0.5000000000
106196  -31.238  -88.380  -33.853 0.5000000000
4637  -30.647  -88.152  -33.156 0.5000000000
5488  -28.994  -86.662  -40.300 0.5000000000
4657  -32.621  -88.971  -35.021 0.5000000000
6184  -30.819  -86.570  -39.236 0.6000000238
4681  -32.216  -88.785  -36.067 0.5000000000
101775  -33.022  -89.040  -35.796 0.6000000238
5469  -31.464  -87.043  -38.935 0.6000000238
5462  -32.509  -87.439  -37.872 0.5000000000
6199  -27.969  -86.245  -40.948 0.5000000000
5405  -31.584  -88.136  -33.191 0.5000000000
6200  -28.287  -86.186  -40.479 0.5000000000
6190  -28.679  -86.020  -39.889 0.5000000000
4639  -33.063  -88.787  -34.150 0.5000000000
5407  -33.746  -88.401  -33.249 0.5000000000
5388  -34.051  -87.643  -32.351 0.5000000000
6111  -35.133  -87.515  -32.479 0.5000000000
6752  -36.708  -85.950  -32.647 0.5000000000
6174  -29.538  -85.710  -38.442 0.6000000238
94337  -30.372  -85.945  -38.565 0.6000000238
4658  -33.344  -89.009  -35.095 0.5000000000
6175  -31.158  -86.448  -38.532 0.6000000238
5434  -35.028  -88.058  -36.213 0.5000000000
6165  -31.321  -86.238  -37.424 0.5000000000
96195  -32.772  -86.629  -36.783 0.5000000000
6162  -27.868  -86.295  -37.062 0.5000000000
96979  -34.478  -88.480  -33.713 0.5000000000
5389  -34.839  -88.177  -32.956 0.5000000000
6112  -35.960  -87.182  -32.634 0.5000000000
6172  -27.913  -86.080  -38.132 0.5000000000
6163  -28.617  -85.922  -36.576 0.6000000238
4640  -33.872  -88.726  -34.297 0.5000000000
95763  -35.313  -88.227  -33.900 0.5000000000
6113  -36.891  -86.705  -32.933 0.5000000000
6753  -37.615  -85.922  -33.073 0.5000000000
7417  -37.785  -85.056  -32.849 0.5000000000
6806  -30.573  -85.917  -37.769 0.5000000000
4641  -34.613  -88.526  -34.611 0.5000000000
5422  -35.954  -87.728  -34.967 0.5000000000
97080  -27.800  -86.461  -36.065 0.5000000000
5409  -37.032  -86.907  -33.960 0.5000000000
5408  -36.436  -87.357  -33.245 0.5000000000
8112  -39.406  -84.020  -33.368 0.4000000060
6765  -38.214  -86.021  -33.873 0.4000000060
7538  -16.721  -84.338  -49.088 0.4000000060
105880  -12.312  -80.338  -35.877 0.5000000000
11300  -9.781  -79.762  -33.995 0.5000000000
11301  -10.758  -79.951  -34.129 0.5000000000
11265  -9.129  -79.660  -32.288 0.5000000000
107414  -9.520  -79.703  -33.120 0.5000000000
10445  -11.865  -80.210  -35.280 0.5000000000
12921  -8.800  -76.905  -27.995 0.5000000000
14696  -8.682  -75.626  -27.313 0.5000000000
15665  -9.863  -74.927  -27.232 0.5000000000
6181  -27.988  -85.856  -39.201 0.5000000000
110007  -28.013  -85.877  -39.969 0.5000000000
3470  -28.301  -90.767  -38.509 0.6000000238
4719  -29.373  -88.521  -37.851 0.6999999881
4108  -22.491  -88.627  -44.298 0.6000000238
4761  -29.594  -87.855  -39.415 0.6000000238
101941  -31.193  -88.395  -37.607 0.6000000238
103657  -31.210  -88.050  -38.458 0.6000000238
4635  -28.421  -89.251  -33.395 0.6999999881
5487  -28.260  -86.565  -40.826 0.5000000000
5468  -30.928  -87.099  -39.420 0.6000000238
4744  -31.384  -87.531  -38.730 0.6000000238
4702  -32.164  -88.476  -37.250 0.5000000000
97387  -31.481  -88.629  -34.830 0.5000000000
4638  -32.099  -88.617  -34.028 0.5000000000
6183  -30.070  -86.041  -39.299 0.5000000000
6166  -32.314  -86.744  -37.514 0.5000000000
6182  -28.940  -85.723  -39.010 0.5000000000
6164  -29.590  -85.672  -37.449 0.5000000000
6173  -28.670  -85.768  -37.751 0.5000000000
5390  -35.719  -87.831  -32.956 0.5000000000
108133  -36.038  -87.748  -33.775 0.5000000000
7418  -38.621  -84.677  -33.177 0.5000000000
5423  -36.621  -87.222  -34.723 0.4000000060
7431  -38.453  -85.441  -33.407 0.4000000060
5358  -31.813  -87.599  -29.772 0.5000000000
103905  -31.700  -87.391  -30.543 0.6000000238
103499  -31.389  -87.576  -31.111 0.6000000238
5368  -30.866  -87.866  -31.082 0.6000000238
4610  -30.230  -88.891  -30.995 0.4000000060
6095  -32.869  -86.918  -31.159 0.4000000060
5386  -31.990  -87.744  -32.467 0.4000000060
5374  -31.604  -87.562  -31.742 0.5000000000
5373  -30.872  -87.787  -31.707 0.6000000238
5385  -31.081  -87.816  -32.415 0.5000000000
4616  -30.290  -88.320  -31.467 0.5000000000
4623  -30.181  -88.171  -32.327 0.5000000000
4614  -29.122  -88.941  -32.030 0.6000000238
3407  -27.827  -90.773  -33.020 0.6000000238
3422  -27.588  -91.064  -34.528 0.6000000238
2862  -27.914  -91.698  -35.110 0.6000000238
3430  -27.432  -90.977  -35.584 0.6000000238
2878  -28.087  -91.937  -36.051 0.6000000238
2892  -27.589  -91.139  -36.629 0.5000000000
107866  -28.729  -92.236  -37.156 0.5000000000
2385  -29.420  -92.528  -38.837 0.4000000060
2925  -29.572  -92.137  -39.840 0.5000000000
2954  -29.095  -91.352  -42.295 0.4000000060
10446  -18.146  -79.654  -35.768 0.4000000060
10447  -18.686  -80.240  -35.576 0.4000000060
9622  -18.807  -81.108  -35.782 0.5000000000
19871  -11.767  -69.537  -34.174 0.5000000000
19858  -11.118  -68.697  -33.416 0.5000000000
19859  -12.090  -68.725  -33.696 0.5000000000
20766  -12.204  -68.203  -32.991 0.4000000060
19849  -12.088  -68.805  -31.857 0.4000000060
21544  -16.132  -67.839  -31.692 0.4000000060
105120  -13.164  -69.776  -31.590 0.4000000060
21540  -12.366  -68.020  -31.309 0.4000000060
20753  -12.178  -67.820  -32.076 0.4000000060
19835  -13.852  -69.970  -31.423 0.4000000060
20744  -13.006  -68.765  -31.074 0.4000000060
22369  -15.127  -67.056  -31.520 0.4000000060
19815  -14.123  -69.315  -30.850 0.4000000060
21533  -13.119  -67.840  -30.505 0.4000000060
23820  -13.493  -65.647  -31.168 0.4000000060
19836  -14.561  -70.182  -31.178 0.4000000060
104715  -13.623  -68.628  -30.580 0.4000000060
101870  -14.998  -69.729  -30.377 0.4000000060
20732  -14.904  -69.128  -29.903 0.4000000060
20719  -17.290  -69.545  -29.056 0.3000000119
107149  -18.376  -68.411  -27.459 0.3000000119
21492  -18.672  -68.106  -28.052 0.3000000119
102766  -17.411  -68.597  -29.186 0.3000000119
21518  -18.097  -67.895  -28.848 0.3000000119
20755  -14.352  -68.390  -32.626 0.4000000060
20745  -14.013  -67.787  -32.277 0.4000000060
20754  -13.154  -67.763  -32.388 0.4000000060
20767  -13.069  -68.382  -32.947 0.4000000060
21543  -13.874  -67.245  -31.841 0.4000000060
21542  -12.771  -67.439  -31.686 0.4000000060
23109  -15.973  -66.548  -31.294 0.4000000060
22368  -13.029  -66.762  -31.489 0.4000000060
23107  -13.080  -66.286  -31.306 0.4000000060
110726  -12.540  -67.480  -30.941 0.4000000060
8764  -39.636  -83.303  -28.903 0.3000000119
8071  -39.757  -83.186  -29.051 0.3000000119
100343  -38.510  -84.490  -28.167 0.4000000060
108023  -39.055  -84.118  -28.622 0.3000000119
7377  -39.036  -84.230  -28.813 0.4000000060
6053  -37.936  -86.110  -27.895 0.3000000119
105908  -38.317  -85.504  -28.115 0.3000000119
7383  -38.548  -84.740  -28.715 0.4000000060
6039  -37.117  -87.108  -26.954 0.3000000119
107498  -37.641  -86.478  -27.934 0.3000000119
6718  -37.923  -86.054  -28.186 0.3000000119
6052  -37.334  -86.667  -27.548 0.3000000119
6063  -37.137  -87.024  -27.687 0.3000000119
6717  -36.982  -86.372  -28.414 0.3000000119
5345  -36.487  -87.774  -27.385 0.3000000119
6062  -36.193  -86.998  -28.135 0.3000000119
5326  -36.014  -88.514  -27.274 0.3000000119
5344  -35.252  -87.652  -27.887 0.3000000119
5343  -34.064  -87.882  -28.154 0.3000000119
3373  -34.001  -91.069  -27.170 0.3000000119
4565  -35.129  -89.668  -27.214 0.3000000119
107391  -34.038  -89.058  -27.876 0.3000000119
5342  -33.258  -88.057  -28.449 0.3000000119
3945  -34.488  -90.347  -27.301 0.4000000060
8077  -39.023  -84.165  -29.115 0.3000000119
7365  -37.701  -85.514  -27.534 0.4000000060
107053  -37.968  -85.355  -28.595 0.4000000060
6704  -37.521  -86.271  -27.453 0.3000000119
109745  -37.144  -85.656  -28.736 0.4000000060
5327  -36.356  -88.450  -26.804 0.3000000119
6716  -35.286  -85.979  -28.862 0.4000000060
6061  -34.733  -86.594  -28.588 0.4000000060
4566  -36.049  -88.909  -26.368 0.3000000119
99615  -34.093  -87.065  -28.508 0.4000000060
3365  -34.476  -90.690  -26.437 0.3000000119
3936  -34.849  -90.262  -25.920 0.4000000060
5359  -32.531  -87.758  -28.999 0.4000000060
4579  -32.893  -88.747  -28.481 0.3000000119
3357  -34.082  -90.919  -25.919 0.3000000119
8774  -39.246  -83.532  -29.275 0.3000000119
8775  -39.301  -82.758  -29.600 0.3000000119
9555  -39.310  -82.051  -29.973 0.3000000119
8080  -37.954  -83.401  -29.653 0.3000000119
99735  -36.660  -84.930  -27.369 0.4000000060
7382  -37.662  -84.729  -29.207 0.3000000119
8075  -36.353  -83.943  -29.843 0.3000000119
6038  -36.453  -87.307  -26.514 0.3000000119
102431  -36.767  -85.681  -27.132 0.4000000060
7381  -36.414  -84.810  -29.431 0.4000000060
6726  -35.825  -85.397  -29.198 0.4000000060
7380  -35.117  -84.755  -29.865 0.4000000060
5309  -36.633  -87.759  -26.656 0.3000000119
6037  -35.391  -87.272  -26.219 0.3000000119
6078  -34.285  -85.973  -29.263 0.4000000060
6077  -33.645  -85.944  -29.848 0.4000000060
3913  -35.582  -89.303  -25.819 0.3000000119
5306  -34.068  -88.080  -25.966 0.3000000119
100830  -33.058  -86.479  -29.717 0.4000000060
6088  -33.422  -86.292  -30.597 0.5000000000
4548  -34.987  -89.081  -25.630 0.3000000119
6076  -32.459  -86.998  -29.679 0.4000000060
6075  -32.101  -87.101  -30.292 0.4000000060
6094  -32.104  -87.230  -31.008 0.5000000000
2748  -32.735  -91.984  -25.843 0.3000000119
9554  -37.898  -81.855  -30.318 0.3000000119
10403  -38.572  -81.165  -30.359 0.3000000119
99459  -35.480  -84.913  -27.271 0.4000000060
7388  -35.213  -84.180  -30.535 0.4000000060
7402  -34.857  -84.784  -31.102 0.4000000060
6691  -35.607  -86.428  -26.559 0.4000000060
6730  -34.068  -85.575  -30.397 0.4000000060
6096  -33.634  -86.827  -31.511 0.4000000060
6036  -34.258  -87.219  -26.238 0.3000000119
5305  -33.041  -87.984  -26.355 0.3000000119
5376  -33.177  -87.310  -31.855 0.4000000060
3921  -33.561  -89.916  -25.818 0.3000000119
3356  -33.553  -90.943  -25.773 0.3000000119
3355  -32.688  -91.514  -25.877 0.3000000119
8782  -36.769  -82.394  -30.537 0.3000000119
8079  -36.621  -83.309  -30.185 0.3000000119
6702  -34.637  -85.546  -26.995 0.4000000060
7403  -35.340  -84.536  -31.562 0.5000000000
6097  -35.012  -86.456  -32.016 0.4000000060
6051  -33.462  -86.434  -26.710 0.4000000060
108187  -34.432  -86.981  -31.949 0.4000000060
4564  -31.627  -88.510  -27.176 0.3000000119
6035  -33.232  -87.183  -26.476 0.3000000119
3920  -32.424  -89.128  -26.547 0.3000000119
99233  -31.833  -90.562  -26.657 0.3000000119
2759  -31.237  -92.781  -25.877 0.3000000119
3364  -31.693  -91.752  -26.124 0.3000000119
8078  -35.716  -83.457  -30.670 0.3000000119
99381  -35.467  -83.838  -31.307 0.4000000060
6741  -35.171  -85.385  -31.778 0.4000000060
4563  -30.846  -88.587  -27.641 0.3000000119
109538  -30.376  -89.078  -27.954 0.3000000119
3934  -31.752  -89.431  -27.036 0.3000000119
3933  -31.017  -89.661  -27.494 0.3000000119
3363  -30.991  -90.735  -27.283 0.3000000119
4578  -29.778  -89.133  -28.431 0.3000000119
110713  -29.366  -90.722  -28.490 0.3000000119
3944  -30.311  -89.842  -27.996 0.3000000119
2774  -29.632  -91.708  -27.685 0.3000000119
3371  -30.125  -90.803  -27.941 0.3000000119
8102  -36.408  -83.334  -32.121 0.3000000119
93542  -36.801  -84.322  -32.489 0.4000000060
2789  -28.012  -91.279  -29.167 0.3000000119
2772  -27.745  -92.047  -28.585 0.3000000119
9578  -36.562  -81.346  -32.142 0.3000000119
8807  -36.512  -82.279  -32.097 0.3000000119
8808  -37.367  -83.130  -32.663 0.3000000119
9579  -37.054  -80.889  -32.724 0.3000000119
8818  -37.404  -82.040  -32.826 0.3000000119
8809  -38.536  -83.152  -33.101 0.3000000119
111220  -10.770  -68.780  -32.957 0.5000000000
102532  -16.273  -68.972  -29.532 0.5000000000
20752  -11.761  -68.222  -32.408 0.4000000060
3984  -28.320  -90.162  -32.484 0.6000000238
103566  -29.632  -88.560  -31.928 0.5000000000
5387  -33.006  -87.829  -32.476 0.4000000060
6751  -35.913  -86.168  -32.398 0.4000000060
7415  -35.857  -85.159  -32.247 0.4000000060
7416  -36.743  -85.094  -32.562 0.4000000060
8104  -38.383  -83.900  -32.981 0.3000000119
19860  -13.224  -69.235  -33.659 0.5000000000
20768  -14.367  -68.941  -33.061 0.4000000060
7366  -38.379  -85.250  -27.907 0.3000000119
99106  -35.766  -89.209  -26.745 0.3000000119
3935  -35.184  -90.047  -26.548 0.3000000119
8057  -37.481  -84.552  -27.656 0.4000000060
99911  -33.719  -86.421  -29.129 0.4000000060
6703  -35.870  -85.785  -26.861 0.4000000060
5308  -36.148  -88.193  -26.136 0.3000000119
7387  -34.673  -84.912  -30.403 0.4000000060
4546  -32.962  -88.778  -26.260 0.3000000119
6739  -34.090  -86.176  -31.302 0.4000000060
96662  -32.692  -90.301  -26.174 0.3000000119
8093  -35.906  -84.147  -32.032 0.4000000060
5325  -32.381  -87.177  -26.886 0.3000000119
2775  -30.699  -91.804  -26.839 0.3000000119
2773  -28.687  -91.936  -28.199 0.3000000119
98308  -29.130  -93.029  -37.208 0.5000000000
97098  -28.978  -92.944  -36.436 0.5000000000
2879  -28.765  -92.673  -35.515 0.5000000000
2845  -28.607  -91.737  -33.954 0.5000000000
3401  -28.909  -90.495  -31.953 0.4000000060
4611  -30.740  -88.438  -30.569 0.5000000000
4595  -31.122  -89.248  -29.840 0.3000000119
3956  -31.924  -90.282  -29.256 0.3000000119
4597  -32.093  -88.470  -29.168 0.4000000060
98148  -33.418  -89.883  -28.044 0.3000000119
3957  -32.453  -89.521  -28.737 0.3000000119
6050  -32.609  -86.477  -27.012 0.3000000119
7363  -33.507  -85.087  -27.331 0.3000000119
6701  -33.741  -85.818  -26.971 0.3000000119
97384  -38.541  -83.622  -28.332 0.3000000119
7362  -32.645  -84.767  -27.604 0.3000000119
7364  -34.199  -84.553  -27.419 0.3000000119
8055  -34.800  -84.092  -27.609 0.3000000119
8056  -35.886  -84.163  -27.613 0.3000000119
8068  -36.289  -83.411  -28.078 0.3000000119
8761  -36.010  -82.533  -28.393 0.3000000119
8054  -33.232  -84.223  -27.619 0.3000000119
8067  -34.913  -83.300  -28.001 0.3000000119
97391  -35.364  -82.655  -28.317 0.3000000119
8069  -37.694  -83.831  -27.994 0.3000000119
8763  -39.127  -83.101  -28.536 0.3000000119
98331  -34.027  -82.769  -28.105 0.3000000119
101116  -37.746  -82.522  -28.421 0.3000000119
97841  -37.061  -81.500  -28.609 0.3000000119
2390  -29.317  -92.388  -40.329 0.3000000119
3978  -29.520  -90.021  -31.412 0.5000000000
3408  -28.418  -90.997  -32.572 0.4000000060
2863  -28.699  -92.270  -34.685 0.5000000000
100544  -31.741  -89.125  -29.330 0.3000000119
24516  -15.193  -64.670  -31.109 0.3000000119
23821  -15.078  -65.723  -31.249 0.3000000119
22348  -13.372  -67.422  -30.003 0.3000000119
2905  -29.247  -92.756  -37.934 0.4000000060
1556  -28.430  -94.011  -36.744 0.4000000060
1511  -26.940  -95.143  -32.811 0.4000000060
94229  -28.158  -94.492  -34.454 0.4000000060
98644  -28.989  -93.997  -34.253 0.4000000060
2333  -29.588  -93.380  -34.005 0.4000000060
111448  -29.203  -91.939  -33.542 0.4000000060
94518  -28.804  -93.642  -35.456 0.4000000060
2351  -29.133  -93.242  -34.880 0.4000000060
2846  -29.446  -92.633  -34.096 0.4000000060
1491  -26.924  -94.687  -31.160 0.3000000119
1889  -28.150  -94.054  -31.985 0.4000000060
1904  -29.976  -93.787  -32.636 0.4000000060
2364  -28.939  -93.387  -35.901 0.4000000060
95068  -27.410  -94.926  -33.437 0.4000000060
1532  -28.477  -94.180  -35.088 0.4000000060
1501  -26.530  -95.378  -32.003 0.3000000119
1903  -28.997  -94.174  -32.821 0.4000000060
1911  -29.474  -93.910  -33.480 0.4000000060
1922  -28.986  -93.595  -34.688 0.4000000060
1912  -29.995  -93.437  -33.282 0.4000000060
2334  -29.916  -92.624  -33.417 0.4000000060
95908  -27.492  -94.171  -30.535 0.3000000119
106250  -27.537  -94.058  -31.325 0.3000000119
1890  -29.264  -93.979  -31.915 0.3000000119
2831  -30.879  -92.607  -32.341 0.3000000119
3402  -29.908  -90.987  -31.687 0.3000000119
2319  -30.412  -93.054  -32.833 0.3000000119
3396  -30.296  -90.662  -31.043 0.3000000119
3973  -30.564  -89.435  -30.434 0.3000000119
2830  -30.261  -92.188  -32.785 0.3000000119
2829  -29.129  -91.676  -32.922 0.3000000119
3930  -20.934  -89.312  -26.482 0.3000000119
3942  -21.190  -88.787  -26.586 0.3000000119
5340  -29.594  -87.772  -28.633 0.3000000119
4591  -22.885  -88.361  -29.728 0.3000000119
5363  -23.611  -88.018  -30.320 0.3000000119
5371  -25.190  -87.676  -31.084 0.3000000119
5366  -26.642  -87.613  -30.821 0.3000000119
5367  -27.328  -87.641  -30.330 0.3000000119
5355  -27.701  -87.235  -29.836 0.3000000119
5356  -28.399  -87.611  -29.455 0.3000000119
6074  -29.005  -87.231  -28.991 0.3000000119
5354  -24.178  -87.251  -30.170 0.3000000119
6083  -24.976  -86.881  -30.575 0.3000000119
6084  -25.754  -86.575  -30.528 0.3000000119
6086  -27.021  -86.925  -30.370 0.3000000119
6072  -27.399  -86.408  -29.748 0.3000000119
2305  -30.662  -93.310  -32.176 0.3000000119
95704  -22.113  -88.762  -28.118 0.3000000119
3975  -24.793  -88.987  -31.248 0.3000000119
3966  -22.731  -89.019  -29.958 0.3000000119
104781  -22.529  -88.747  -29.294 0.3000000119
3967  -23.305  -89.299  -30.513 0.3000000119
5364  -24.401  -87.749  -30.753 0.3000000119
6070  -25.358  -86.123  -30.134 0.3000000119
1490  -26.288  -95.664  -31.096 0.3000000119
1502  -27.303  -94.583  -32.015 0.3000000119
1512  -27.877  -94.531  -32.783 0.4000000060
1524  -28.389  -94.450  -33.670 0.4000000060
1937  -28.720  -93.801  -36.146 0.4000000060
2377  -28.895  -93.446  -36.806 0.4000000060
2382  -29.222  -92.907  -38.294 0.4000000060
2399  -28.950  -92.471  -40.895 0.3000000119
2400  -29.141  -91.963  -41.396 0.5000000000
2761  -33.834  -91.286  -26.379 0.3000000119
2816  -29.427  -91.332  -32.331 0.3000000119
2817  -30.686  -91.841  -32.223 0.3000000119
2828  -28.270  -91.340  -33.165 0.4000000060
2980  -28.740  -90.132  -43.978 0.5000000000
3370  -28.769  -91.035  -28.757 0.3000000119
3417  -27.855  -91.136  -33.725 0.6000000238
3486  -29.549  -91.382  -40.325 0.5000000000
3494  -29.526  -91.347  -41.212 0.5000000000
3523  -17.912  -89.702  -44.082 0.4000000060
3526  -28.360  -89.713  -44.533 0.5000000000
3527  -28.637  -89.892  -44.313 0.5000000000
3923  -35.220  -89.726  -25.736 0.3000000119
3924  -35.579  -89.511  -26.070 0.3000000119
3943  -29.555  -89.941  -28.538 0.3000000119
3972  -30.088  -89.680  -30.957 0.3000000119
3977  -28.896  -89.567  -31.932 0.6000000238
3983  -27.964  -89.953  -33.118 0.6999999881
4019  -22.049  -88.825  -36.687 0.4000000060
4020  -27.761  -89.754  -36.593 0.6000000238
4021  -28.317  -89.256  -36.922 0.6999999881
4029  -19.861  -89.112  -37.874 0.6999999881
4040  -19.973  -89.225  -38.731 0.6999999881
4050  -20.496  -89.224  -39.459 0.6999999881
4051  -21.317  -89.019  -39.346 0.6000000238
4053  -28.412  -89.750  -40.853 0.6000000238
4058  -14.983  -89.048  -40.835 0.6000000238
4061  -17.607  -89.122  -40.243 0.6999999881
4075  -20.512  -89.380  -41.461 0.6999999881
4076  -21.292  -89.049  -41.481 0.6999999881
4092  -21.945  -88.565  -43.193 0.6999999881
4096  -28.581  -89.526  -44.040 0.5000000000
4112  -28.450  -89.662  -44.475 0.5000000000
4121  -21.615  -89.226  -45.160 0.6000000238
4538  -35.716  -88.842  -25.832 0.3000000119
4545  -32.133  -87.997  -26.873 0.3000000119
4547  -33.862  -88.982  -25.836 0.3000000119
4549  -36.007  -88.940  -26.037 0.3000000119
4550  -36.334  -88.344  -26.504 0.3000000119
4580  -35.116  -88.743  -27.554 0.3000000119
4596  -31.345  -88.321  -29.823 0.3000000119
4606  -23.196  -88.662  -30.340 0.3000000119
4607  -23.943  -88.637  -30.920 0.3000000119
4613  -25.444  -88.425  -31.247 0.3000000119
4615  -29.613  -89.063  -31.515 0.5000000000
4621  -28.607  -89.242  -32.607 0.6000000238
4629  -20.643  -87.666  -33.632 0.5000000000
4648  -20.305  -87.913  -34.155 0.5000000000
4659  -34.069  -88.740  -35.258 0.5000000000
4660  -34.687  -88.463  -35.527 0.5000000000
4691  -18.415  -88.313  -36.348 0.6000000238
4692  -19.430  -88.515  -36.130 0.6000000238
4693  -20.800  -88.874  -36.204 0.5000000000
4694  -21.586  -88.835  -36.038 0.5000000000
4715  -23.401  -88.580  -37.557 0.5000000000
4721  -31.859  -88.107  -38.128 0.6000000238
4732  -17.442  -88.545  -38.857 0.6999999881
4733  -18.284  -88.763  -38.429 0.6999999881
4742  -29.816  -88.221  -38.718 0.6999999881
4749  -14.800  -87.896  -39.661 0.6999999881
4754  -22.093  -88.776  -39.314 0.6999999881
4755  -23.297  -88.375  -40.188 0.6999999881
4764  -13.756  -88.077  -40.837 0.6999999881
4767  -16.428  -88.715  -40.099 0.6999999881
4771  -23.758  -88.105  -41.003 0.6999999881
4779  -13.365  -88.709  -41.492 0.5000000000
4799  -12.885  -88.381  -43.508 0.5000000000
4801  -23.937  -87.499  -44.720 0.5000000000
4802  -25.329  -87.994  -45.705 0.5000000000
5307  -35.169  -88.134  -25.860 0.3000000119
5328  -36.871  -87.598  -26.997 0.3000000119
5352  -22.885  -87.935  -29.164 0.3000000119
5365  -25.811  -87.198  -30.878 0.3000000119
5369  -31.250  -87.785  -30.462 0.6000000238
5372  -25.919  -87.864  -31.165 0.3000000119
5375  -32.417  -87.402  -31.769 0.5000000000
5406  -32.595  -88.306  -33.242 0.5000000000
5417  -17.498  -86.953  -34.618 0.5000000000
5419  -19.657  -87.570  -34.145 0.6000000238
5421  -35.283  -88.159  -35.270 0.5000000000
5430  -17.277  -87.368  -35.180 0.6000000238
5441  -15.627  -86.787  -36.989 0.6000000238
5443  -16.823  -87.571  -36.493 0.6999999881
5454  -14.803  -86.851  -38.493 0.6999999881
5455  -15.251  -86.772  -37.760 0.6999999881
5461  -32.023  -87.578  -38.396 0.6000000238
5472  -14.131  -86.794  -40.072 0.6999999881
5473  -14.419  -87.060  -39.326 0.6999999881
5478  -30.413  -86.668  -39.650 0.6000000238
5482  -13.894  -87.307  -40.587 0.6999999881
5505  -12.770  -88.381  -42.699 0.5000000000
5506  -13.334  -87.498  -41.990 0.6000000238
5517  -25.367  -87.751  -45.119 0.5000000000
5530  -14.512  -87.552  -45.164 0.6000000238
5543  -15.313  -87.149  -46.775 0.5000000000
6060  -33.176  -87.112  -28.863 0.4000000060
6085  -26.356  -86.854  -30.619 0.3000000119
6087  -32.706  -86.703  -30.377 0.5000000000
6118  -17.434  -85.294  -33.948 0.6000000238
6124  -37.661  -86.484  -33.951 0.5000000000
6133  -17.793  -86.287  -34.043 0.5000000000
6146  -15.655  -85.864  -35.161 0.5000000000
6147  -16.048  -86.537  -35.250 0.6000000238
6160  -15.180  -86.212  -37.151 0.6000000238
6161  -15.442  -86.250  -36.334 0.6000000238
6176  -31.908  -86.907  -38.296 0.5000000000
6188  -14.375  -86.356  -39.540 0.6999999881
6189  -27.730  -86.055  -40.436 0.5000000000
6191  -29.655  -86.357  -39.834 0.5000000000
6205  -13.858  -86.822  -41.419 0.6999999881
6206  -14.309  -86.317  -40.877 0.6999999881
6211  -15.033  -86.247  -42.805 0.6999999881
6213  -13.798  -87.068  -42.931 0.6000000238
6214  -14.514  -86.722  -43.338 0.6999999881
6227  -14.728  -87.003  -44.368 0.6000000238
6228  -15.593  -86.647  -44.741 0.6999999881
6229  -16.564  -86.347  -45.200 0.6999999881
6249  -16.702  -85.222  -50.699 0.5000000000
6690  -34.459  -86.401  -26.551 0.4000000060
6692  -36.760  -86.516  -26.827 0.3000000119
6700  -32.833  -85.677  -27.268 0.3000000119
6705  -38.109  -85.792  -27.834 0.3000000119
6722  -25.835  -85.541  -29.577 0.3000000119
6725  -34.533  -85.347  -29.700 0.4000000060
6740  -34.512  -85.455  -31.159 0.5000000000
6771  -15.914  -85.315  -34.881 0.5000000000
6782  -15.649  -85.265  -35.384 0.6000000238
6783  -19.418  -85.917  -35.773 0.5000000000
6784  -20.005  -86.277  -35.892 0.6000000238
6794  -19.177  -86.072  -36.628 0.6000000238
6802  -15.172  -85.573  -37.547 0.6000000238
6804  -19.733  -86.277  -37.379 0.6000000238
6805  -20.059  -86.362  -37.266 0.6000000238
6809  -14.892  -85.749  -38.238 0.6000000238
6810  -15.276  -85.254  -38.222 0.6000000238
6812  -19.925  -85.957  -38.008 0.6000000238
6818  -14.599  -85.822  -39.449 0.6999999881
6823  -14.695  -85.766  -40.290 0.6999999881
6827  -15.348  -85.519  -40.897 0.6999999881
6828  -16.182  -85.378  -41.630 0.6999999881
6832  -15.580  -85.773  -42.304 0.6999999881
6834  -17.740  -85.267  -42.656 0.6999999881
6842  -18.290  -85.493  -43.875 0.6999999881
6843  -19.225  -85.155  -44.038 0.5000000000
6854  -17.659  -85.943  -45.112 0.6000000238
6861  -17.487  -86.115  -46.240 0.6000000238
6871  -20.097  -85.056  -46.969 0.6000000238
6876  -19.430  -84.413  -48.835 0.6000000238
6877  -19.963  -84.386  -48.089 0.6000000238
7376  -38.554  -84.662  -28.394 0.3000000119
7422  -17.827  -84.629  -33.947 0.6000000238
7440  -16.396  -84.806  -34.787 0.6000000238
7452  -17.145  -84.479  -34.909 0.6000000238
7453  -18.266  -84.599  -34.817 0.6000000238
7459  -15.632  -84.881  -36.067 0.6000000238
7460  -16.032  -84.521  -36.027 0.5000000000
7468  -15.977  -84.604  -37.396 0.5000000000
7470  -17.865  -85.019  -36.849 0.6000000238
7471  -20.302  -84.644  -38.254 0.6000000238
7472  -20.411  -85.465  -37.536 0.6000000238
7477  -15.586  -84.958  -38.756 0.6000000238
7481  -20.150  -85.337  -38.343 0.6000000238
7498  -17.259  -85.067  -41.260 0.6000000238
7499  -18.157  -84.677  -41.656 0.6000000238
7519  -19.288  -84.371  -43.733 0.6000000238
7520  -19.618  -84.088  -44.622 0.6000000238
7527  -19.654  -84.867  -44.282 0.6000000238
7534  -18.711  -83.788  -48.896 0.5000000000
7536  -20.185  -84.401  -47.228 0.6000000238
7540  -18.986  -83.984  -49.472 0.6000000238
7541  -19.499  -84.044  -48.892 0.6000000238
7544  -17.329  -84.646  -50.225 0.5000000000
8066  -33.856  -83.569  -27.764 0.3000000119
8070  -39.386  -83.766  -28.914 0.3000000119
8076  -37.848  -84.139  -29.435 0.3000000119
8103  -37.543  -84.099  -32.725 0.3000000119
8173  -18.166  -83.919  -41.023 0.5000000000
8205  -19.384  -82.697  -45.311 0.6000000238
8206  -19.686  -83.629  -45.804 0.6000000238
8211  -18.391  -82.759  -46.417 0.5000000000
8215  -18.861  -83.442  -47.406 0.5000000000
8216  -19.918  -83.566  -47.709 0.6000000238
8217  -20.101  -83.783  -47.491 0.6000000238
8762  -37.056  -82.936  -28.307 0.3000000119
8781  -36.011  -82.893  -30.781 0.3000000119
8783  -38.240  -82.811  -29.842 0.3000000119
8902  -17.687  -82.316  -39.955 0.6000000238
9537  -35.329  -81.865  -28.547 0.3000000119
9556  -39.912  -81.601  -29.972 0.3000000119
9672  -17.690  -81.286  -37.226 0.6000000238
9787  -20.193  -80.227  -45.864 0.6000000238
10427  -11.345  -80.088  -34.762 0.5000000000
10428  -11.814  -79.779  -34.691 0.6000000238
10466  -11.798  -80.730  -35.940 0.5000000000
10467  -12.722  -80.457  -36.644 0.6000000238
10488  -12.815  -81.036  -37.044 0.6000000238
10490  -17.737  -80.198  -37.080 0.6000000238
10578  -17.048  -79.802  -44.085 0.6000000238
10584  -12.561  -80.041  -45.449 0.6000000238
10586  -19.221  -79.708  -45.691 0.5000000000
10587  -19.826  -79.825  -46.285 0.6000000238
10593  -14.731  -80.098  -45.682 0.6000000238
10594  -16.560  -80.215  -46.192 0.6000000238
11229  -8.954  -79.085  -29.852 0.6000000238
11238  -9.412  -79.154  -30.427 0.6000000238
11252  -9.692  -79.311  -30.966 0.6000000238
11253  -10.355  -79.196  -31.483 0.6000000238
11284  -10.572  -79.745  -33.047 0.6000000238
11302  -11.514  -79.703  -34.094 0.5000000000
11323  -16.976  -79.048  -35.810 0.5000000000
11324  -17.523  -79.117  -35.612 0.5000000000
11353  -13.178  -80.373  -37.877 0.6000000238
11367  -15.967  -79.042  -38.735 0.5000000000
11383  -12.129  -79.015  -40.195 0.6000000238
11387  -18.028  -78.982  -38.996 0.6000000238
11420  -10.832  -78.454  -42.819 0.6999999881
11422  -12.721  -80.097  -41.327 0.6000000238
11429  -10.891  -79.172  -43.237 0.6000000238
11435  -16.245  -78.685  -44.559 0.6000000238
11441  -14.363  -78.990  -45.026 0.6000000238
11448  -16.445  -79.442  -45.602 0.6000000238
12150  -12.003  -78.311  -33.890 0.6000000238
12187  -15.560  -78.738  -37.852 0.5000000000
12235  -16.164  -77.983  -41.822 0.6000000238
12242  -11.140  -78.427  -44.106 0.6000000238
12249  -11.856  -78.755  -44.622 0.6999999881
12252  -15.916  -78.155  -44.700 0.5000000000
12954  -9.454  -77.150  -28.821 0.6999999881
12960  -9.266  -77.786  -30.025 0.6999999881
12998  -10.753  -77.477  -33.087 0.6999999881
13012  -11.899  -77.310  -34.565 0.8000000119
13013  -12.292  -78.140  -34.791 0.6000000238
13029  -12.407  -77.881  -35.619 0.6999999881
13044  -11.243  -77.007  -37.675 0.6999999881
13062  -11.858  -77.658  -38.142 0.6999999881
13077  -15.379  -77.482  -39.096 0.5000000000
13089  -10.074  -76.980  -41.037 0.6000000238
13095  -12.536  -77.169  -42.165 0.6000000238
13097  -16.308  -75.577  -43.277 0.6000000238
13100  -11.041  -77.819  -42.363 0.6999999881
13109  -15.228  -77.128  -44.060 0.6000000238
13801  -10.893  -75.981  -27.594 0.6999999881
13836  -12.314  -76.411  -29.251 0.6999999881
13853  -8.058  -75.874  -31.458 0.6999999881
13867  -8.066  -75.721  -32.314 0.6000000238
13956  -10.913  -76.044  -41.152 0.6000000238
13958  -16.128  -76.475  -40.863 0.5000000000
13962  -10.727  -76.798  -41.404 0.6999999881
13966  -16.555  -76.149  -41.932 0.6999999881
14699  -11.538  -75.836  -27.853 0.6999999881
14711  -12.878  -75.455  -28.791 0.5000000000
14733  -11.458  -76.084  -30.571 0.6999999881
14743  -12.579  -75.781  -30.926 0.6000000238
14745  -14.023  -74.829  -31.799 0.4000000060
14763  -11.061  -75.041  -32.001 0.6000000238
14789  -7.960  -74.657  -33.781 0.6000000238
14791  -9.065  -75.169  -35.502 0.6000000238
14801  -8.429  -74.334  -34.626 0.6000000238
14837  -9.854  -74.973  -38.818 0.8000000119
14838  -10.559  -75.271  -39.390 0.6999999881
14839  -16.155  -75.122  -38.227 0.5000000000
14848  -13.854  -74.690  -40.440 0.8000000119
14855  -10.502  -75.898  -40.814 0.8000000119
14859  -16.604  -74.713  -41.631 0.6999999881
14865  -16.290  -74.788  -42.423 0.8000000119
14868  -15.885  -75.185  -43.150 0.6999999881
15695  -14.474  -74.418  -29.890 0.4000000060
15710  -8.178  -75.295  -31.572 0.8000000119
15711  -8.550  -74.977  -31.618 0.6999999881
15731  -11.337  -74.453  -32.436 0.6000000238
15733  -13.140  -74.278  -32.461 0.5000000000
15757  -8.456  -73.792  -34.600 0.6000000238
15759  -11.415  -74.135  -35.223 0.6000000238
15795  -9.428  -74.357  -37.839 0.6000000238
15797  -11.898  -73.600  -37.987 0.6999999881
15822  -16.185  -73.881  -41.623 0.8000000119
16750  -14.393  -73.486  -28.875 0.5000000000
16751  -15.130  -73.202  -29.023 0.5000000000
16783  -15.371  -72.916  -31.487 0.4000000060
16797  -8.038  -73.525  -32.753 0.5000000000
16799  -11.443  -73.627  -32.663 0.5000000000
16801  -13.301  -73.242  -32.451 0.4000000060
16812  -8.395  -72.616  -33.373 0.6000000238
16823  -8.389  -72.940  -34.177 0.6000000238
16824  -8.738  -73.543  -34.779 0.6000000238
16871  -13.768  -73.577  -39.444 0.8000000119
16873  -16.523  -72.563  -40.992 0.6000000238
17814  -15.696  -72.690  -29.522 0.5000000000
17815  -16.152  -71.997  -29.705 0.5000000000
17827  -15.886  -71.772  -30.388 0.5000000000
17861  -12.266  -70.932  -32.259 0.5000000000
17884  -8.531  -71.839  -33.768 0.6000000238
17889  -13.781  -72.330  -34.336 0.5000000000
17902  -14.699  -73.333  -35.886 0.5000000000
18795  -16.431  -71.430  -27.695 0.4000000060
18834  -14.811  -70.964  -31.471 0.5000000000
18845  -9.214  -70.090  -32.888 0.6000000238
18856  -8.900  -70.553  -33.203 0.6000000238
18868  -8.789  -70.994  -33.597 0.6000000238
19736  -13.558  -70.580  -25.607 0.3000000119
19739  -16.274  -70.446  -26.179 0.5000000000
19789  -16.862  -70.870  -28.844 0.5000000000
19816  -15.192  -70.401  -30.714 0.4000000060
19817  -15.801  -70.560  -30.160 0.5000000000
19834  -12.622  -68.596  -31.432 0.4000000060
19845  -9.025  -70.044  -33.031 0.6000000238
19847  -10.556  -69.018  -32.690 0.5000000000
19855  -9.039  -70.268  -33.306 0.6000000238
19857  -10.191  -69.202  -33.161 0.6000000238
19869  -9.610  -69.916  -33.565 0.6000000238
20702  -17.588  -69.716  -27.378 0.4000000060
20712  -18.344  -68.987  -27.980 0.4000000060
20751  -11.267  -68.596  -32.746 0.5000000000
20765  -11.671  -68.332  -33.037 0.4000000060
21460  -15.006  -68.192  -25.192 0.5000000000
21503  -17.912  -69.113  -28.595 0.4000000060
21504  -18.193  -68.581  -28.536 0.3000000119
21541  -12.598  -67.895  -31.125 0.4000000060
21550  -12.467  -67.475  -31.833 0.4000000060
21551  -13.120  -67.509  -32.258 0.4000000060
22370  -16.701  -67.178  -31.570 0.4000000060
23108  -14.300  -66.425  -31.447 0.4000000060
91645  -24.813  -87.929  -47.786 0.5000000000
91933  -30.362  -88.402  -34.050 0.5000000000
92989  -10.025  -79.656  -32.387 0.5000000000
93158  -11.172  -69.670  -32.302 0.5000000000
93329  -12.632  -67.118  -31.314 0.4000000060
93503  -20.259  -88.609  -35.654 0.5000000000
93686  -18.347  -79.594  -41.949 0.5000000000
94036  -17.921  -82.914  -41.961 0.5000000000
94121  -15.184  -77.903  -37.334 0.5000000000
95487  -29.736  -88.351  -33.158 0.6000000238
95516  -18.047  -80.185  -46.399 0.5000000000
95590  -27.843  -88.037  -29.881 0.3000000119
95683  -19.788  -85.371  -38.658 0.6000000238
95809  -10.711  -77.975  -41.504 0.6000000238
96046  -13.170  -87.701  -42.789 0.5000000000
96261  -19.434  -85.522  -46.837 0.6000000238
96346  -13.464  -88.057  -44.213 0.5000000000
96608  -29.254  -92.763  -39.504 0.5000000000
97463  -11.213  -79.670  -33.420 0.6000000238
97943  -18.558  -89.331  -40.894 0.6999999881
99603  -16.052  -78.916  -40.195 0.5000000000
99699  -30.575  -90.326  -30.541 0.3000000119
99933  -15.813  -86.684  -47.608 0.5000000000
99941  -16.168  -88.337  -39.555 0.6999999881
99991  -20.725  -89.341  -41.979 0.6999999881
100391  -29.105  -88.763  -34.997 0.6000000238
100475  -14.281  -86.417  -41.641 0.6999999881
100532  -15.481  -78.596  -45.062 0.6000000238
101005  -23.758  -88.415  -39.030 0.6000000238
101135  -18.816  -88.124  -35.527 0.6000000238
101655  -14.831  -85.663  -38.740 0.6999999881
102330  -14.207  -69.540  -33.458 0.5000000000
102802  -10.994  -76.392  -36.106 0.8000000119
102928  -14.348  -73.784  -35.176 0.5000000000
103306  -11.431  -75.057  -27.714 0.6999999881
103329  -15.801  -84.738  -38.109 0.6000000238
103603  -33.670  -90.783  -27.736 0.4000000060
103858  -16.401  -69.780  -29.552 0.5000000000
103942  -13.272  -72.041  -32.275 0.5000000000
103995  -10.794  -79.026  -44.203 0.6000000238
104082  -13.944  -74.840  -29.613 0.5000000000
104958  -19.299  -80.055  -46.587 0.5000000000
105209  -39.292  -83.685  -28.710 0.3000000119
105482  -29.323  -92.059  -40.939 0.3000000119
105524  -18.830  -89.562  -44.182 0.6999999881
105872  -16.900  -64.686  -24.578 0.3000000119
105890  -15.349  -86.528  -49.403 0.5000000000
106300  -24.734  -88.292  -31.168 0.3000000119
106687  -27.993  -91.489  -34.398 0.6000000238
106915  -17.822  -85.758  -44.378 0.6999999881
107133  -13.852  -66.049  -31.353 0.4000000060
107260  -13.577  -74.811  -32.179 0.5000000000
107413  -23.438  -88.098  -48.164 0.4000000060
108119  -12.966  -80.199  -37.209 0.6000000238
108138  -12.731  -71.045  -27.013 0.4000000060
109009  -22.637  -88.268  -41.677 0.6999999881
109255  -18.693  -80.478  -41.663 0.6000000238
109261  -26.914  -87.360  -42.504 0.5000000000
109493  -33.157  -86.298  -30.106 0.5000000000
109608  -16.830  -87.760  -37.377 0.6999999881
109617  -18.373  -79.637  -41.235 0.5000000000
109909  -19.115  -89.359  -41.013 0.6999999881
110142  -19.174  -84.885  -43.632 0.6000000238
110203  -16.090  -85.638  -50.669 0.5000000000
110334  -14.311  -65.189  -31.183 0.4000000060
110339  -12.975  -87.946  -42.378 0.5000000000
110905  -18.027  -89.137  -39.862 0.6999999881
111124  -15.413  -80.326  -45.840 0.6999999881
111141  -18.641  -89.318  -40.374 0.6999999881
111453  -10.623  -71.550  -32.537 0.5000000000
