#!ascii label  , from subject sub-v2s9x29167_ses-1 vox2ras=TkReg
1510
48406  55.030  -27.694  18.737 0.0000000000
33324  42.460  -46.367  25.941 0.0000000000
29239  30.946  -51.286  30.248 0.0000000000
27616  25.325  -53.236  34.399 0.0000000000
27664  41.227  -54.308  31.718 0.0000000000
30163  34.488  -52.014  21.795 0.0000000000
46782  47.879  -30.087  18.221 0.0000000000
98051  56.420  -24.959  11.916 0.0000000000
103789  47.493  -30.100  25.048 0.0000000000
38953  41.349  -39.077  21.718 0.0000000000
34929  32.840  -44.319  16.565 0.0000000000
27609  33.476  -53.525  34.406 0.0000000000
28432  28.229  -52.379  32.582 0.0000000000
27540  30.808  -53.647  38.528 0.0000000000
28471  35.834  -52.329  31.119 0.0000000000
49126  51.104  -27.063  25.625 0.0000000000
33253  47.037  -46.611  30.584 0.0000000000
37211  46.765  -41.891  28.306 0.0000000000
40658  44.893  -38.028  26.272 0.0000000000
36464  41.546  -42.214  23.513 0.0000000000
36528  37.208  -41.983  18.884 0.0000000000
34111  37.807  -45.435  21.226 0.0000000000
31861  29.340  -48.085  20.230 0.0000000000
29370  30.465  -52.417  16.965 0.0000000000
102632  55.929  -27.092  15.044 0.0000000000
47677  57.201  -29.499  11.191 0.0000000000
110986  27.514  -49.275  24.862 0.0000000000
100564  25.268  -51.301  26.949 0.0000000000
30955  42.148  -50.306  28.310 0.0000000000
31812  37.869  -49.156  24.128 0.0000000000
29273  37.796  -51.799  27.161 0.0000000000
30983  32.576  -49.421  26.337 0.0000000000
47605  51.178  -29.486  17.628 0.0000000000
26773  27.353  -54.724  42.701 0.0000000000
26805  23.951  -55.061  39.089 0.0000000000
50901  53.920  -24.762  15.626 0.0000000000
104433  53.711  -24.685  20.792 0.0000000000
49170  50.763  -27.196  21.700 0.0000000000
48364  46.628  -28.903  21.418 0.0000000000
45842  43.422  -31.869  21.223 0.0000000000
44087  48.619  -33.328  27.606 0.0000000000
43270  43.493  -34.963  23.752 0.0000000000
41594  40.144  -35.924  18.723 0.0000000000
108868  37.080  -38.357  16.410 0.0000000000
32625  33.798  -48.547  19.304 0.0000000000
27571  35.118  -53.926  37.268 0.0000000000
94353  31.681  -53.564  36.067 0.0000000000
27525  33.285  -52.530  39.878 0.0000000000
27607  36.170  -53.899  35.110 0.0000000000
32556  45.359  -47.332  27.969 0.0000000000
34796  44.263  -44.708  27.110 0.0000000000
105077  43.850  -42.108  26.697 0.0000000000
34820  42.197  -44.097  25.063 0.0000000000
97198  39.736  -44.012  22.188 0.0000000000
34093  40.198  -45.668  23.411 0.0000000000
30185  27.476  -50.041  20.481 0.0000000000
30208  27.797  -50.942  18.618 0.0000000000
101746  55.375  -28.035  16.634 0.0000000000
47629  56.152  -28.696  14.827 0.0000000000
47603  55.355  -29.408  17.794 0.0000000000
30113  29.364  -50.049  27.992 0.0000000000
99098  26.341  -50.285  25.927 0.0000000000
94288  27.786  -50.437  28.357 0.0000000000
28418  26.683  -52.722  33.293 0.0000000000
28475  25.534  -52.417  30.760 0.0000000000
27671  24.293  -53.324  31.731 0.0000000000
26835  23.162  -54.312  32.893 0.0000000000
30059  44.986  -50.930  30.427 0.0000000000
29232  42.297  -52.823  29.410 0.0000000000
29270  40.076  -51.726  27.505 0.0000000000
28488  39.660  -53.134  29.166 0.0000000000
29216  33.172  -51.463  30.457 0.0000000000
30069  34.424  -50.564  28.842 0.0000000000
108677  31.749  -49.912  27.793 0.0000000000
31001  30.054  -49.090  25.664 0.0000000000
47592  49.438  -29.499  17.859 0.0000000000
45882  50.767  -31.818  18.635 0.0000000000
45005  49.358  -32.168  18.675 0.0000000000
114076  23.895  -57.619  39.600 0.0000000000
49992  52.519  -26.340  21.445 0.0000000000
49975  52.596  -25.607  22.989 0.0000000000
48315  48.944  -28.548  24.883 0.0000000000
49142  49.024  -28.110  23.453 0.0000000000
47535  46.773  -29.614  23.461 0.0000000000
46728  44.887  -30.043  20.923 0.0000000000
45830  44.738  -31.155  22.756 0.0000000000
39808  42.913  -38.658  23.971 0.0000000000
41516  44.435  -36.262  25.281 0.0000000000
40689  42.515  -37.305  23.026 0.0000000000
42413  41.930  -35.729  21.590 0.0000000000
40728  40.633  -37.497  20.006 0.0000000000
40750  38.651  -37.523  17.424 0.0000000000
38992  39.005  -39.210  18.742 0.0000000000
37348  34.518  -41.546  16.477 0.0000000000
30160  36.104  -52.175  22.896 0.0000000000
31844  36.028  -48.878  21.914 0.0000000000
31044  34.643  -51.593  20.719 0.0000000000
31071  30.183  -50.146  16.153 0.0000000000
52598  56.729  -23.650  8.406 0.0000000000
50983  57.050  -25.765  10.157 0.0000000000
100173  31.867  -52.373  32.055 0.0000000000
29206  29.303  -51.804  31.341 0.0000000000
108668  30.623  -52.762  33.102 0.0000000000
95171  29.101  -53.030  34.891 0.0000000000
27577  27.546  -53.293  36.156 0.0000000000
27624  39.145  -54.269  33.275 0.0000000000
27685  38.638  -53.661  31.255 0.0000000000
27648  37.271  -54.025  33.287 0.0000000000
27650  34.859  -53.190  33.069 0.0000000000
50783  51.873  -24.922  24.621 0.0000000000
47495  49.445  -29.398  27.352 0.0000000000
38875  45.993  -39.745  27.481 0.0000000000
38053  43.202  -40.138  25.060 0.0000000000
38084  41.382  -40.683  22.628 0.0000000000
38108  39.429  -40.566  20.210 0.0000000000
36485  39.699  -42.482  21.516 0.0000000000
35680  37.815  -43.578  20.306 0.0000000000
34894  35.645  -44.972  18.986 0.0000000000
31039  32.016  -49.181  21.271 0.0000000000
30191  32.727  -52.275  19.338 0.0000000000
31061  29.806  -49.509  18.674 0.0000000000
50050  56.517  -26.074  13.464 0.0000000000
49294  57.192  -26.763  11.441 0.0000000000
48439  56.827  -28.467  13.400 0.0000000000
29243  26.559  -51.524  29.787 0.0000000000
30951  45.680  -49.455  28.858 0.0000000000
31779  43.051  -48.476  27.344 0.0000000000
32587  40.665  -47.304  25.080 0.0000000000
30980  39.908  -49.503  26.226 0.0000000000
30134  38.240  -50.882  25.415 0.0000000000
94272  36.428  -51.356  24.615 0.0000000000
29233  37.211  -51.733  29.422 0.0000000000
30127  35.642  -50.434  26.711 0.0000000000
31009  33.300  -49.316  24.178 0.0000000000
31814  31.471  -48.625  23.935 0.0000000000
31838  28.212  -48.188  22.426 0.0000000000
48392  53.358  -28.002  18.918 0.0000000000
47589  54.932  -29.651  19.684 0.0000000000
45880  52.661  -31.053  18.680 0.0000000000
110133  28.999  -54.252  40.150 0.0000000000
27544  26.697  -53.470  38.434 0.0000000000
27519  25.115  -54.398  40.532 0.0000000000
27598  23.817  -53.763  36.285 0.0000000000
50925  55.150  -24.972  13.913 0.0000000000
50883  55.116  -25.174  15.935 0.0000000000
50015  54.955  -25.577  17.831 0.0000000000
49209  54.468  -26.879  19.182 0.0000000000
49211  52.645  -27.498  19.026 0.0000000000
49213  50.888  -27.809  18.772 0.0000000000
48380  48.857  -28.401  18.804 0.0000000000
49140  51.152  -26.738  23.997 0.0000000000
101873  48.083  -28.333  20.978 0.0000000000
47579  46.503  -29.280  19.329 0.0000000000
46761  45.197  -30.276  19.113 0.0000000000
45868  43.543  -31.627  19.321 0.0000000000
44941  47.783  -32.105  26.409 0.0000000000
42365  47.604  -35.733  26.674 0.0000000000
43254  45.720  -34.230  25.679 0.0000000000
44952  45.387  -32.594  24.626 0.0000000000
103529  43.444  -33.444  22.835 0.0000000000
44140  41.983  -33.568  20.385 0.0000000000
38141  37.149  -40.167  17.734 0.0000000000
94522  38.026  -47.322  22.749 0.0000000000
33370  35.760  -46.564  20.180 0.0000000000
33392  32.979  -46.420  17.808 0.0000000000
31067  32.349  -50.335  17.607 0.0000000000
32636  31.577  -47.509  17.003 0.0000000000
27537  34.543  -53.295  38.600 0.0000000000
28364  34.058  -52.091  39.598 0.0000000000
33306  43.830  -46.284  26.823 0.0000000000
34027  44.569  -45.519  27.361 0.0000000000
34038  43.373  -45.654  26.439 0.0000000000
34805  43.117  -44.171  26.084 0.0000000000
98201  42.475  -45.212  25.692 0.0000000000
34071  41.432  -45.300  24.586 0.0000000000
33343  41.289  -46.103  24.775 0.0000000000
49222  55.252  -27.402  17.629 0.0000000000
48415  55.346  -28.965  16.909 0.0000000000
113086  55.315  -28.898  18.543 0.0000000000
101038  29.881  -50.306  28.470 0.0000000000
30114  28.587  -50.205  28.156 0.0000000000
30075  29.109  -50.704  29.363 0.0000000000
27636  26.075  -52.950  33.846 0.0000000000
28419  25.969  -52.865  33.075 0.0000000000
27638  24.572  -53.451  33.524 0.0000000000
27656  23.686  -53.753  32.300 0.0000000000
27617  24.541  -53.484  34.372 0.0000000000
28423  40.608  -53.612  32.558 0.0000000000
27663  42.154  -53.757  31.489 0.0000000000
28443  43.424  -53.012  30.940 0.0000000000
27694  41.740  -53.969  30.408 0.0000000000
28487  40.573  -53.380  29.462 0.0000000000
27696  40.195  -53.592  29.994 0.0000000000
29238  31.741  -51.208  30.041 0.0000000000
30071  32.845  -50.706  29.236 0.0000000000
30073  31.043  -50.783  29.403 0.0000000000
30112  30.163  -49.981  27.894 0.0000000000
47593  48.556  -29.595  18.121 0.0000000000
45883  49.383  -31.178  18.212 0.0000000000
99729  48.514  -30.583  18.149 0.0000000000
51691  52.310  -24.042  21.986 0.0000000000
51671  52.806  -24.516  22.609 0.0000000000
51672  52.168  -24.323  22.956 0.0000000000
47520  47.941  -29.296  24.716 0.0000000000
47534  47.480  -29.155  23.783 0.0000000000
47521  47.128  -29.797  24.254 0.0000000000
46693  46.068  -30.074  23.160 0.0000000000
45816  45.846  -30.883  23.696 0.0000000000
38936  41.757  -39.228  22.384 0.0000000000
100992  42.757  -37.986  23.559 0.0000000000
39824  41.758  -38.530  22.027 0.0000000000
40715  41.481  -37.343  21.229 0.0000000000
39852  40.769  -38.181  20.509 0.0000000000
39863  40.277  -38.322  19.809 0.0000000000
38979  39.947  -39.235  19.958 0.0000000000
30161  35.458  -52.069  22.696 0.0000000000
31035  35.460  -51.721  21.822 0.0000000000
106910  34.665  -52.238  21.376 0.0000000000
51789  56.888  -24.933  10.287 0.0000000000
50952  56.935  -25.375  10.754 0.0000000000
27631  32.773  -53.280  33.678 0.0000000000
113092  31.034  -52.616  32.695 0.0000000000
27632  31.907  -53.233  33.678 0.0000000000
108294  31.482  -53.585  37.699 0.0000000000
94352  30.878  -53.470  35.919 0.0000000000
27574  30.169  -53.451  36.284 0.0000000000
27593  28.737  -53.194  35.490 0.0000000000
95077  28.745  -53.514  37.003 0.0000000000
27604  37.945  -53.544  34.449 0.0000000000
27647  38.035  -54.257  33.488 0.0000000000
27627  37.386  -54.042  34.122 0.0000000000
95302  35.319  -53.932  35.316 0.0000000000
96723  35.394  -53.689  34.444 0.0000000000
27630  33.685  -53.325  33.711 0.0000000000
28427  33.270  -52.705  32.536 0.0000000000
35594  47.454  -43.694  28.781 0.0000000000
37194  48.160  -41.309  29.141 0.0000000000
109188  48.236  -40.845  28.854 0.0000000000
38868  48.012  -39.597  28.343 0.0000000000
37227  45.903  -41.173  27.823 0.0000000000
36446  42.633  -42.566  25.176 0.0000000000
37241  43.385  -41.675  26.067 0.0000000000
37261  42.413  -41.479  24.404 0.0000000000
94619  42.373  -40.720  23.983 0.0000000000
37270  41.503  -41.407  23.085 0.0000000000
37278  40.507  -41.488  21.910 0.0000000000
36472  40.632  -42.194  22.399 0.0000000000
34857  38.995  -45.007  21.809 0.0000000000
100144  38.589  -43.858  21.109 0.0000000000
34872  37.792  -44.707  20.807 0.0000000000
34892  36.903  -44.064  19.692 0.0000000000
34115  37.275  -45.077  20.535 0.0000000000
31859  31.135  -48.638  20.923 0.0000000000
31052  31.360  -50.115  19.638 0.0000000000
31875  29.674  -48.761  19.055 0.0000000000
50042  56.310  -26.474  14.199 0.0000000000
49263  56.695  -27.287  13.497 0.0000000000
49249  56.417  -27.792  14.193 0.0000000000
47628  56.815  -29.951  14.127 0.0000000000
31019  27.185  -49.124  23.795 0.0000000000
31011  26.627  -49.650  24.411 0.0000000000
113884  28.712  -51.913  31.543 0.0000000000
29221  28.533  -51.543  30.802 0.0000000000
29208  27.160  -52.014  31.303 0.0000000000
28477  23.961  -53.007  30.053 0.0000000000
28493  24.523  -52.521  29.592 0.0000000000
98732  44.576  -51.432  29.637 0.0000000000
30066  45.287  -50.337  29.393 0.0000000000
30953  44.086  -49.830  28.627 0.0000000000
30961  44.225  -48.934  28.044 0.0000000000
30962  43.057  -49.228  27.996 0.0000000000
30978  41.417  -48.801  26.776 0.0000000000
109488  41.509  -49.393  27.328 0.0000000000
29271  39.357  -51.924  27.242 0.0000000000
30124  39.240  -50.873  26.253 0.0000000000
29281  37.980  -51.499  25.835 0.0000000000
113760  36.848  -51.374  24.784 0.0000000000
30135  36.833  -51.340  25.368 0.0000000000
28470  36.864  -52.511  30.891 0.0000000000
28491  37.541  -52.286  30.177 0.0000000000
110422  36.819  -51.822  30.070 0.0000000000
30108  34.015  -49.907  27.404 0.0000000000
97574  34.647  -50.282  28.103 0.0000000000
30964  33.882  -49.670  26.627 0.0000000000
30996  34.515  -49.765  25.166 0.0000000000
104685  33.253  -49.310  24.956 0.0000000000
31813  32.434  -48.902  23.999 0.0000000000
108609  31.898  -48.894  24.637 0.0000000000
31002  29.203  -49.204  25.770 0.0000000000
31815  29.823  -48.617  24.457 0.0000000000
31817  28.012  -48.747  24.115 0.0000000000
105014  52.722  -28.921  18.230 0.0000000000
47591  53.412  -29.566  19.004 0.0000000000
46797  51.614  -30.224  17.774 0.0000000000
45866  51.112  -32.379  19.147 0.0000000000
27516  28.243  -54.516  42.083 0.0000000000
104346  28.178  -54.103  39.779 0.0000000000
27530  26.554  -54.105  40.226 0.0000000000
94956  24.059  -56.217  40.288 0.0000000000
26797  24.308  -54.888  40.031 0.0000000000
27562  24.330  -53.613  37.940 0.0000000000
27563  23.850  -54.126  38.133 0.0000000000
104129  23.278  -54.287  35.770 0.0000000000
26028  23.269  -55.376  37.243 0.0000000000
50938  55.513  -24.840  13.108 0.0000000000
50913  54.815  -24.965  14.713 0.0000000000
50900  54.626  -24.736  15.583 0.0000000000
50023  55.108  -25.304  16.830 0.0000000000
102160  54.718  -24.749  16.369 0.0000000000
50845  53.973  -24.765  19.942 0.0000000000
50844  54.270  -25.199  19.343 0.0000000000
50000  53.960  -25.434  20.197 0.0000000000
49196  53.885  -26.421  19.829 0.0000000000
50001  53.536  -26.061  20.566 0.0000000000
49169  51.627  -26.757  21.467 0.0000000000
49186  51.718  -27.013  20.488 0.0000000000
105952  49.999  -27.643  20.000 0.0000000000
49200  49.435  -27.962  19.339 0.0000000000
49201  49.189  -27.913  20.175 0.0000000000
112437  51.720  -25.773  25.324 0.0000000000
49941  51.969  -25.710  24.823 0.0000000000
105373  50.841  -27.149  24.609 0.0000000000
98741  47.713  -28.585  22.355 0.0000000000
48362  48.287  -28.296  21.772 0.0000000000
48363  47.395  -28.580  21.402 0.0000000000
48372  47.478  -28.497  20.411 0.0000000000
48373  46.725  -28.786  20.667 0.0000000000
47580  45.763  -29.702  19.406 0.0000000000
47570  45.521  -29.580  20.434 0.0000000000
45850  43.878  -31.164  20.823 0.0000000000
45867  43.984  -31.101  19.912 0.0000000000
45851  43.471  -31.649  20.282 0.0000000000
97520  43.014  -32.145  19.751 0.0000000000
44929  48.329  -32.804  26.852 0.0000000000
39793  46.454  -38.029  26.938 0.0000000000
40646  47.799  -37.129  27.228 0.0000000000
40657  46.196  -37.261  26.587 0.0000000000
42384  44.209  -35.553  24.848 0.0000000000
42376  44.864  -35.491  25.510 0.0000000000
43263  44.534  -34.785  24.997 0.0000000000
44104  45.480  -33.399  25.196 0.0000000000
44109  44.810  -33.379  24.592 0.0000000000
44953  44.645  -32.746  24.013 0.0000000000
44116  43.743  -33.647  23.445 0.0000000000
42423  41.004  -35.889  20.136 0.0000000000
43289  41.754  -35.003  21.022 0.0000000000
42433  40.996  -34.846  19.809 0.0000000000
43315  40.740  -34.401  18.927 0.0000000000
100544  40.281  -35.089  18.584 0.0000000000
41606  39.330  -36.167  17.484 0.0000000000
40751  38.089  -38.025  17.173 0.0000000000
40761  38.273  -37.229  16.701 0.0000000000
37311  38.415  -41.404  19.690 0.0000000000
38120  38.330  -40.722  19.127 0.0000000000
37324  37.251  -41.245  18.477 0.0000000000
38156  34.758  -40.708  16.159 0.0000000000
31810  39.249  -48.280  24.910 0.0000000000
94056  39.465  -47.128  23.951 0.0000000000
32603  37.676  -48.026  23.164 0.0000000000
32620  35.073  -47.905  20.659 0.0000000000
32619  35.754  -47.225  20.807 0.0000000000
33371  35.159  -47.137  20.123 0.0000000000
33383  34.213  -46.455  18.786 0.0000000000
33384  33.455  -46.870  18.469 0.0000000000
95117  31.504  -52.165  17.818 0.0000000000
29344  32.627  -52.182  18.725 0.0000000000
29358  31.388  -52.114  17.360 0.0000000000
31884  30.404  -49.012  16.232 0.0000000000
33402  31.275  -46.736  16.493 0.0000000000
48459  57.335  -28.593  11.270 0.0000000000
49313  57.170  -27.628  10.506 0.0000000000
46776  55.219  -30.206  19.322 0.0000000000
94788  34.113  -53.895  36.334 0.0000000000
94787  32.134  -53.515  35.284 0.0000000000
95282  33.893  -53.749  37.459 0.0000000000
27555  32.566  -53.559  38.123 0.0000000000
27539  31.992  -53.497  38.872 0.0000000000
109172  35.727  -54.168  36.725 0.0000000000
33267  47.136  -46.829  28.837 0.0000000000
34010  47.538  -45.868  29.495 0.0000000000
34017  46.965  -46.074  28.643 0.0000000000
34775  46.876  -44.347  28.551 0.0000000000
35607  45.471  -43.369  27.849 0.0000000000
36429  45.501  -41.970  27.770 0.0000000000
35616  44.125  -43.716  27.038 0.0000000000
35622  42.964  -43.191  25.757 0.0000000000
35634  41.936  -43.483  24.559 0.0000000000
35654  40.613  -43.509  22.878 0.0000000000
34836  41.131  -44.231  23.733 0.0000000000
34838  40.091  -45.108  22.914 0.0000000000
34106  39.118  -45.629  22.241 0.0000000000
31863  28.143  -48.670  19.901 0.0000000000
31054  28.628  -48.717  19.251 0.0000000000
30194  27.648  -49.937  19.666 0.0000000000
49239  55.501  -27.098  15.986 0.0000000000
48423  55.666  -28.018  15.667 0.0000000000
47620  55.693  -29.154  15.869 0.0000000000
31003  28.368  -49.361  25.879 0.0000000000
31004  26.846  -49.754  25.391 0.0000000000
30988  27.961  -49.670  26.666 0.0000000000
102027  27.015  -50.480  27.763 0.0000000000
30097  26.502  -50.903  28.233 0.0000000000
28433  27.280  -52.487  32.718 0.0000000000
28457  26.664  -52.440  31.936 0.0000000000
28434  26.508  -52.646  32.644 0.0000000000
28459  24.895  -52.848  31.240 0.0000000000
26857  22.467  -54.929  31.710 0.0000000000
29230  44.126  -52.276  29.935 0.0000000000
29253  42.557  -51.861  29.082 0.0000000000
30085  41.814  -51.048  28.486 0.0000000000
29254  41.532  -52.048  28.718 0.0000000000
29256  39.805  -52.385  27.847 0.0000000000
28504  38.780  -52.366  28.046 0.0000000000
28472  34.913  -52.099  31.153 0.0000000000
29234  35.346  -51.163  29.636 0.0000000000
29236  33.411  -51.002  29.740 0.0000000000
30090  33.026  -50.375  28.545 0.0000000000
30966  32.324  -49.657  27.247 0.0000000000
112106  31.236  -49.257  26.093 0.0000000000
30967  31.424  -49.622  27.193 0.0000000000
30986  29.817  -49.389  26.406 0.0000000000
47606  50.270  -29.491  17.694 0.0000000000
46798  50.676  -30.324  17.785 0.0000000000
46799  49.829  -30.332  17.837 0.0000000000
45004  50.050  -31.951  18.598 0.0000000000
26014  23.893  -56.743  40.507 0.0000000000
95034  24.085  -56.968  39.887 0.0000000000
102747  24.226  -56.696  38.249 0.0000000000
25201  24.314  -57.836  38.541 0.0000000000
51689  53.412  -24.404  21.386 0.0000000000
49991  53.258  -25.679  21.492 0.0000000000
49974  53.221  -25.147  22.175 0.0000000000
95563  52.955  -25.580  22.302 0.0000000000
49976  51.774  -26.425  22.505 0.0000000000
48314  50.296  -27.923  25.690 0.0000000000
48329  49.812  -27.799  24.505 0.0000000000
48330  48.725  -28.403  24.010 0.0000000000
47552  47.217  -29.052  22.937 0.0000000000
48348  46.905  -28.922  22.124 0.0000000000
47563  45.502  -29.611  21.402 0.0000000000
46712  45.682  -29.783  22.317 0.0000000000
100629  44.666  -30.756  22.254 0.0000000000
45831  44.242  -31.363  22.279 0.0000000000
39799  44.234  -38.373  25.793 0.0000000000
40668  44.447  -37.575  25.691 0.0000000000
39815  43.212  -37.945  24.265 0.0000000000
41523  43.346  -36.409  24.039 0.0000000000
42392  43.216  -35.723  23.569 0.0000000000
43271  43.111  -35.106  23.191 0.0000000000
41540  42.084  -36.456  22.034 0.0000000000
41565  41.295  -36.689  20.757 0.0000000000
41580  40.506  -36.534  19.491 0.0000000000
41595  39.656  -36.436  18.233 0.0000000000
40739  39.645  -37.473  18.583 0.0000000000
39874  39.395  -38.499  18.760 0.0000000000
39003  38.092  -38.916  17.746 0.0000000000
36529  36.582  -42.466  18.608 0.0000000000
36540  36.203  -42.118  18.030 0.0000000000
36541  35.494  -42.420  17.625 0.0000000000
37349  33.782  -41.894  16.182 0.0000000000
37365  32.644  -41.593  15.222 0.0000000000
31015  37.057  -50.362  23.535 0.0000000000
31832  36.904  -48.584  22.807 0.0000000000
31833  36.388  -49.721  22.481 0.0000000000
31845  35.440  -50.087  21.350 0.0000000000
31866  34.190  -49.843  19.753 0.0000000000
30235  30.169  -51.535  16.494 0.0000000000
30255  28.542  -50.949  15.339 0.0000000000
52582  56.805  -23.743  9.251 0.0000000000
51818  56.864  -24.533  8.543 0.0000000000
50119  56.916  -26.435  8.953 0.0000000000
29218  31.534  -51.631  30.814 0.0000000000
101040  30.200  -51.364  30.446 0.0000000000
29205  30.540  -52.062  31.648 0.0000000000
28430  30.415  -52.510  32.512 0.0000000000
28415  29.753  -52.607  32.923 0.0000000000
27610  31.543  -53.366  34.443 0.0000000000
27634  30.054  -52.936  33.761 0.0000000000
28416  28.866  -52.575  33.196 0.0000000000
27613  28.365  -52.883  34.683 0.0000000000
27614  27.459  -52.914  34.826 0.0000000000
94224  26.958  -53.133  35.624 0.0000000000
26845  39.756  -54.462  32.616 0.0000000000
27665  39.942  -54.558  31.652 0.0000000000
27646  38.694  -54.388  32.821 0.0000000000
27667  37.833  -54.125  32.703 0.0000000000
28448  36.491  -53.086  31.833 0.0000000000
99006  36.758  -53.845  34.491 0.0000000000
109391  35.825  -53.489  33.385 0.0000000000
99248  35.440  -52.807  31.969 0.0000000000
28450  33.546  -52.375  31.853 0.0000000000
28451  32.689  -52.366  31.960 0.0000000000
45886  46.654  -31.040  18.312 0.0000000000
104036  47.117  -31.851  18.360 0.0000000000
102615  46.233  -31.833  18.155 0.0000000000
51660  51.004  -24.588  23.952 0.0000000000
49112  51.257  -26.725  26.310 0.0000000000
48300  50.422  -27.881  26.651 0.0000000000
48301  49.591  -28.623  26.046 0.0000000000
111413  48.544  -30.156  26.363 0.0000000000
38874  47.091  -39.230  27.690 0.0000000000
38882  45.272  -39.192  26.990 0.0000000000
37228  44.913  -41.235  27.464 0.0000000000
38023  44.007  -40.272  26.422 0.0000000000
38884  43.936  -39.453  26.026 0.0000000000
38905  43.263  -39.422  24.848 0.0000000000
38069  42.307  -39.990  23.518 0.0000000000
38097  41.240  -39.907  22.053 0.0000000000
109397  40.422  -39.599  20.747 0.0000000000
103081  40.401  -40.917  21.487 0.0000000000
37297  39.416  -41.273  20.614 0.0000000000
36511  38.291  -42.129  20.051 0.0000000000
35667  39.666  -43.327  21.805 0.0000000000
35668  39.034  -43.104  21.176 0.0000000000
111653  37.523  -42.803  19.666 0.0000000000
35692  36.670  -43.569  19.258 0.0000000000
35703  35.294  -43.919  18.121 0.0000000000
111754  34.605  -44.470  17.850 0.0000000000
31037  33.700  -51.255  21.673 0.0000000000
30174  33.602  -51.900  20.887 0.0000000000
31045  32.644  -50.726  20.758 0.0000000000
30192  31.876  -51.868  19.207 0.0000000000
29346  30.772  -52.296  17.555 0.0000000000
30207  28.440  -50.635  18.222 0.0000000000
30221  29.005  -51.809  17.355 0.0000000000
50936  56.252  -24.865  12.568 0.0000000000
50088  56.889  -25.574  11.377 0.0000000000
110219  57.029  -26.561  12.269 0.0000000000
48449  57.112  -28.038  12.711 0.0000000000
48438  57.329  -29.177  12.595 0.0000000000
96237  56.633  -28.894  13.991 0.0000000000
47641  57.216  -29.756  13.322 0.0000000000
29241  28.839  -51.064  30.024 0.0000000000
29261  27.139  -51.142  29.425 0.0000000000
29275  25.992  -51.201  28.242 0.0000000000
29224  26.058  -51.940  30.274 0.0000000000
29244  25.822  -51.711  29.454 0.0000000000
32520  46.916  -48.142  29.442 0.0000000000
32536  45.416  -48.233  28.192 0.0000000000
32557  44.559  -47.664  27.603 0.0000000000
32577  42.746  -47.014  26.294 0.0000000000
32586  41.755  -47.026  25.607 0.0000000000
96096  41.395  -48.114  26.165 0.0000000000
31799  39.773  -48.697  25.619 0.0000000000
31800  39.003  -49.040  25.255 0.0000000000
30123  39.836  -50.311  26.641 0.0000000000
105860  39.425  -50.162  26.103 0.0000000000
31007  37.961  -49.880  24.502 0.0000000000
30149  37.312  -50.835  24.234 0.0000000000
29299  36.037  -52.352  23.156 0.0000000000
30151  35.469  -51.763  23.371 0.0000000000
27684  39.380  -53.454  30.296 0.0000000000
28490  38.029  -52.319  29.382 0.0000000000
95316  37.374  -51.575  27.892 0.0000000000
29260  35.971  -51.006  28.968 0.0000000000
30087  36.093  -50.858  28.252 0.0000000000
29274  37.056  -51.405  27.170 0.0000000000
97788  36.183  -50.850  25.655 0.0000000000
30145  34.791  -50.287  24.260 0.0000000000
31017  33.833  -49.828  23.414 0.0000000000
31018  33.077  -49.295  23.282 0.0000000000
31835  31.360  -48.530  22.702 0.0000000000
31836  30.552  -48.332  22.448 0.0000000000
106525  30.536  -48.573  24.214 0.0000000000
94970  29.966  -48.268  22.904 0.0000000000
96297  28.829  -47.933  21.978 0.0000000000
100379  27.548  -48.818  21.318 0.0000000000
48391  54.437  -28.058  19.353 0.0000000000
96417  54.694  -28.974  19.589 0.0000000000
105333  53.862  -28.864  19.432 0.0000000000
102600  51.937  -30.885  18.202 0.0000000000
45864  52.740  -31.949  19.334 0.0000000000
111800  47.937  -31.925  18.506 0.0000000000
29109  32.752  -51.983  40.447 0.0000000000
107957  32.031  -52.482  40.861 0.0000000000
96308  31.042  -53.376  40.592 0.0000000000
27514  29.871  -53.433  41.575 0.0000000000
27541  29.835  -53.782  38.786 0.0000000000
27558  28.287  -53.592  37.810 0.0000000000
27559  27.258  -53.454  37.623 0.0000000000
95074  25.667  -53.283  36.791 0.0000000000
27518  25.994  -54.623  40.997 0.0000000000
27531  25.460  -53.867  39.902 0.0000000000
27561  25.189  -53.321  37.707 0.0000000000
27597  24.614  -53.453  35.800 0.0000000000
26821  23.244  -54.264  34.792 0.0000000000
50953  55.925  -24.587  11.485 0.0000000000
50937  55.960  -24.574  12.883 0.0000000000
50924  55.756  -24.769  13.542 0.0000000000
50043  55.790  -25.666  14.680 0.0000000000
50939  54.522  -25.489  13.245 0.0000000000
50912  55.424  -24.977  14.257 0.0000000000
50032  55.527  -25.983  15.525 0.0000000000
50022  55.370  -26.142  16.375 0.0000000000
49231  55.240  -26.379  17.288 0.0000000000
97058  55.045  -26.663  18.357 0.0000000000
50855  54.481  -24.979  18.333 0.0000000000
50007  54.630  -25.877  18.831 0.0000000000
49210  53.811  -27.289  19.464 0.0000000000
48393  52.216  -28.103  18.281 0.0000000000
49185  52.738  -26.586  20.574 0.0000000000
49198  51.939  -27.287  19.458 0.0000000000
48395  50.515  -28.358  18.216 0.0000000000
48409  49.942  -28.795  17.933 0.0000000000
48396  49.098  -28.816  18.230 0.0000000000
48397  48.225  -28.877  18.529 0.0000000000
50782  52.077  -24.914  24.139 0.0000000000
49957  51.999  -25.891  23.769 0.0000000000
49154  50.929  -26.937  22.783 0.0000000000
49156  49.269  -27.883  22.908 0.0000000000
49172  49.120  -27.958  22.173 0.0000000000
49188  49.887  -27.667  20.939 0.0000000000
48371  48.283  -28.241  20.101 0.0000000000
48381  48.107  -28.487  19.101 0.0000000000
46783  47.080  -30.067  18.409 0.0000000000
47594  46.397  -29.738  18.779 0.0000000000
46785  45.480  -30.662  18.519 0.0000000000
46743  44.999  -30.064  19.956 0.0000000000
46762  44.574  -30.627  19.507 0.0000000000
46670  49.067  -30.173  27.141 0.0000000000
45786  47.774  -31.256  26.087 0.0000000000
105730  48.063  -34.988  26.706 0.0000000000
41508  45.877  -36.472  26.279 0.0000000000
104402  47.119  -34.947  26.387 0.0000000000
43245  47.610  -34.256  26.465 0.0000000000
44930  47.616  -32.941  26.360 0.0000000000
44942  46.861  -32.669  25.753 0.0000000000
45803  46.470  -31.142  24.609 0.0000000000
44958  45.065  -32.127  23.949 0.0000000000
44966  44.071  -32.093  22.782 0.0000000000
44974  43.309  -32.455  21.827 0.0000000000
44121  43.057  -33.982  22.488 0.0000000000
44129  42.506  -33.403  21.162 0.0000000000
44975  42.965  -32.638  21.216 0.0000000000
44152  41.967  -33.154  19.568 0.0000000000
41607  38.819  -36.715  17.081 0.0000000000
41618  38.621  -36.536  16.314 0.0000000000
38980  39.406  -39.933  19.728 0.0000000000
38994  37.796  -39.790  18.068 0.0000000000
39004  37.356  -39.381  17.443 0.0000000000
38143  35.790  -40.772  17.003 0.0000000000
38155  36.066  -40.108  16.744 0.0000000000
105696  40.633  -46.572  24.492 0.0000000000
33353  39.696  -46.368  23.447 0.0000000000
33359  38.613  -46.202  22.182 0.0000000000
32608  37.339  -47.590  22.486 0.0000000000
32613  36.990  -47.052  21.749 0.0000000000
34112  37.083  -45.807  20.889 0.0000000000
34124  35.558  -45.636  19.314 0.0000000000
34132  34.569  -45.643  18.491 0.0000000000
34142  33.282  -45.430  17.442 0.0000000000
30190  33.265  -52.089  19.792 0.0000000000
31051  33.856  -51.139  19.501 0.0000000000
31874  33.363  -49.069  18.763 0.0000000000
31070  30.902  -49.984  16.536 0.0000000000
31879  32.278  -49.070  17.650 0.0000000000
104015  32.745  -48.427  18.231 0.0000000000
33393  32.249  -46.949  17.490 0.0000000000
34143  32.428  -46.100  17.158 0.0000000000
50108  57.139  -26.435  10.530 0.0000000000
49322  57.023  -27.390  9.789 0.0000000000
49323  56.717  -27.208  9.111 0.0000000000
47588  55.265  -29.338  19.076 0.0000000000
33307  43.133  -46.384  26.390 0.0000000000
34039  42.754  -45.744  26.028 0.0000000000
34050  42.188  -45.732  25.567 0.0000000000
34051  41.721  -45.697  25.119 0.0000000000
33325  41.815  -46.381  25.440 0.0000000000
48405  55.293  -28.414  17.932 0.0000000000
48390  55.166  -28.570  19.042 0.0000000000
30074  29.992  -50.639  29.179 0.0000000000
109520  30.373  -51.000  29.835 0.0000000000
27615  26.113  -53.032  34.686 0.0000000000
27637  25.355  -53.174  33.597 0.0000000000
114014  24.950  -53.335  33.963 0.0000000000
27643  41.469  -53.794  32.090 0.0000000000
27681  42.020  -54.090  31.059 0.0000000000
27682  41.202  -54.341  31.006 0.0000000000
27695  40.921  -53.901  30.241 0.0000000000
30093  30.615  -50.369  28.558 0.0000000000
45885  47.657  -30.982  18.300 0.0000000000
111934  46.940  -30.457  24.606 0.0000000000
46681  46.504  -30.308  23.963 0.0000000000
39838  41.394  -38.480  21.499 0.0000000000
39839  40.923  -38.814  21.058 0.0000000000
100033  40.477  -38.840  20.409 0.0000000000
30162  35.167  -51.998  22.519 0.0000000000
30172  35.005  -52.319  21.764 0.0000000000
30173  34.302  -52.225  21.114 0.0000000000
51778  56.395  -24.735  11.152 0.0000000000
104899  56.504  -24.364  10.324 0.0000000000
96179  32.477  -53.448  34.407 0.0000000000
95079  30.525  -53.556  37.325 0.0000000000
95078  29.658  -53.525  37.084 0.0000000000
27556  30.015  -53.628  37.885 0.0000000000
29174  37.860  -52.457  34.636 0.0000000000
27605  37.415  -53.750  34.602 0.0000000000
94351  34.320  -53.801  35.321 0.0000000000
27608  34.486  -53.616  34.462 0.0000000000
36416  47.161  -42.888  28.579 0.0000000000
36415  47.896  -43.146  29.052 0.0000000000
99170  47.912  -42.243  28.941 0.0000000000
37210  48.181  -41.441  29.002 0.0000000000
37992  47.882  -41.306  28.660 0.0000000000
37226  46.941  -40.919  28.167 0.0000000000
37250  42.425  -42.119  24.704 0.0000000000
36463  42.056  -42.134  24.173 0.0000000000
37269  41.961  -41.435  23.742 0.0000000000
36471  41.147  -41.994  22.898 0.0000000000
34871  38.418  -44.681  21.292 0.0000000000
31860  30.192  -48.231  20.603 0.0000000000
31869  29.991  -48.443  19.680 0.0000000000
31870  29.211  -48.419  19.365 0.0000000000
28455  28.492  -52.188  31.999 0.0000000000
29207  28.012  -51.885  31.438 0.0000000000
28456  27.648  -52.248  32.001 0.0000000000
28494  23.726  -52.877  29.224 0.0000000000
30083  43.908  -50.750  29.063 0.0000000000
30954  42.955  -50.023  28.508 0.0000000000
30963  42.146  -49.625  27.880 0.0000000000
29272  38.594  -52.024  27.273 0.0000000000
94941  38.195  -51.724  26.530 0.0000000000
29286  37.282  -51.475  25.781 0.0000000000
29282  37.495  -51.591  26.428 0.0000000000
29214  36.088  -51.741  30.290 0.0000000000
30965  33.216  -49.614  26.937 0.0000000000
30982  33.398  -49.479  26.156 0.0000000000
30998  32.882  -49.308  25.556 0.0000000000
31801  32.592  -49.116  24.833 0.0000000000
30999  31.867  -49.153  25.547 0.0000000000
31010  28.510  -49.033  25.075 0.0000000000
48407  51.743  -28.762  17.725 0.0000000000
47604  52.018  -29.466  17.684 0.0000000000
95980  28.691  -53.598  42.678 0.0000000000
27529  27.699  -54.472  40.645 0.0000000000
27517  27.197  -54.934  41.557 0.0000000000
26810  23.492  -54.659  37.811 0.0000000000
26815  23.269  -54.420  36.760 0.0000000000
50067  54.593  -25.599  12.218 0.0000000000
50068  53.677  -26.138  12.476 0.0000000000
99606  54.257  -24.952  15.037 0.0000000000
50884  54.253  -24.474  16.451 0.0000000000
49187  50.754  -27.344  20.695 0.0000000000
49125  51.617  -26.425  25.124 0.0000000000
97467  46.198  -29.169  20.069 0.0000000000
47569  46.075  -29.162  20.970 0.0000000000
45841  43.881  -31.376  21.571 0.0000000000
44983  43.089  -32.204  20.579 0.0000000000
44095  48.518  -33.480  27.060 0.0000000000
39794  45.500  -38.456  26.712 0.0000000000
113888  45.638  -37.803  26.529 0.0000000000
43264  43.978  -34.861  24.385 0.0000000000
99880  44.371  -34.122  24.489 0.0000000000
44110  44.225  -33.481  23.957 0.0000000000
44111  43.831  -34.216  23.876 0.0000000000
102348  41.333  -35.158  20.444 0.0000000000
42434  40.557  -35.405  19.303 0.0000000000
42447  39.838  -35.454  17.918 0.0000000000
39885  37.500  -38.560  17.004 0.0000000000
40762  37.582  -37.742  16.355 0.0000000000
37312  37.801  -41.388  19.067 0.0000000000
31811  38.467  -48.882  24.616 0.0000000000
32598  38.857  -47.863  24.155 0.0000000000
31821  38.100  -48.384  23.847 0.0000000000
32621  34.421  -48.206  20.056 0.0000000000
33376  33.920  -47.405  19.152 0.0000000000
29359  30.852  -52.388  17.126 0.0000000000
29369  30.948  -52.348  16.959 0.0000000000
94207  33.274  -53.197  39.383 0.0000000000
27554  33.566  -53.510  38.316 0.0000000000
112032  32.320  -53.205  39.864 0.0000000000
27553  35.493  -53.449  37.903 0.0000000000
102877  35.794  -53.968  37.273 0.0000000000
27589  35.222  -54.153  36.239 0.0000000000
33282  46.272  -46.883  28.383 0.0000000000
34026  45.259  -45.070  27.771 0.0000000000
34785  45.828  -44.219  28.073 0.0000000000
34786  44.886  -44.019  27.547 0.0000000000
100664  44.647  -43.114  27.410 0.0000000000
34806  42.556  -44.561  25.602 0.0000000000
100800  42.648  -43.869  25.520 0.0000000000
35633  42.420  -43.322  25.119 0.0000000000
35643  41.497  -43.570  23.958 0.0000000000
34821  41.619  -44.368  24.441 0.0000000000
34092  40.790  -45.669  24.078 0.0000000000
34837  40.632  -44.876  23.426 0.0000000000
34105  39.654  -45.678  22.830 0.0000000000
31047  27.634  -49.153  20.324 0.0000000000
98748  27.507  -50.773  19.832 0.0000000000
47612  55.552  -29.878  16.607 0.0000000000
30987  28.929  -49.491  26.547 0.0000000000
30970  28.698  -49.799  27.365 0.0000000000
30095  28.494  -50.533  28.865 0.0000000000
30115  27.876  -50.062  27.569 0.0000000000
30096  27.089  -50.802  28.640 0.0000000000
103280  27.313  -52.638  33.474 0.0000000000
27654  25.222  -53.155  32.846 0.0000000000
27670  25.089  -53.065  32.036 0.0000000000
27686  24.120  -53.171  30.885 0.0000000000
26862  23.327  -53.645  30.438 0.0000000000
27672  23.548  -53.711  31.391 0.0000000000
26847  23.079  -54.335  31.974 0.0000000000
26848  22.604  -54.885  32.573 0.0000000000
108322  43.189  -51.379  31.646 0.0000000000
94957  42.907  -53.300  30.047 0.0000000000
28485  43.522  -52.877  30.306 0.0000000000
29231  43.289  -52.599  29.719 0.0000000000
28502  40.179  -52.902  28.634 0.0000000000
28503  39.434  -52.652  28.321 0.0000000000
100063  39.028  -52.703  28.651 0.0000000000
28473  33.922  -51.852  31.051 0.0000000000
108211  33.890  -51.336  30.209 0.0000000000
30091  32.368  -50.488  28.755 0.0000000000
30110  32.364  -50.113  28.101 0.0000000000
30968  30.532  -49.590  27.069 0.0000000000
30969  29.577  -49.679  27.217 0.0000000000
25187  23.803  -57.248  39.994 0.0000000000
26022  24.158  -57.491  39.162 0.0000000000
49990  53.501  -24.941  21.613 0.0000000000
50820  53.176  -24.651  22.131 0.0000000000
49955  52.905  -25.006  22.870 0.0000000000
110097  52.451  -26.137  22.207 0.0000000000
47553  46.460  -29.433  22.650 0.0000000000
46694  45.263  -30.580  22.809 0.0000000000
39807  43.305  -38.696  24.648 0.0000000000
40669  43.715  -37.934  25.122 0.0000000000
40688  43.030  -37.213  23.794 0.0000000000
41532  42.880  -36.475  23.340 0.0000000000
41533  42.467  -36.454  22.666 0.0000000000
40716  41.070  -37.467  20.640 0.0000000000
41566  40.914  -36.850  20.225 0.0000000000
40729  40.203  -37.462  19.283 0.0000000000
39864  39.781  -38.702  19.414 0.0000000000
39875  38.776  -38.711  18.250 0.0000000000
36530  35.860  -42.982  18.244 0.0000000000
36542  34.882  -42.656  17.292 0.0000000000
36569  33.099  -42.201  15.813 0.0000000000
31022  36.515  -50.923  22.932 0.0000000000
31823  36.824  -49.627  23.084 0.0000000000
31023  36.032  -51.442  22.384 0.0000000000
31036  34.899  -51.959  21.207 0.0000000000
31846  35.006  -50.590  20.782 0.0000000000
31858  34.610  -50.099  20.354 0.0000000000
51808  56.935  -24.605  9.538 0.0000000000
50984  57.044  -25.648  9.522 0.0000000000
50986  56.927  -25.649  8.576 0.0000000000
29204  31.302  -52.029  31.543 0.0000000000
28414  31.422  -52.890  33.133 0.0000000000
100202  29.768  -52.366  32.256 0.0000000000
27591  30.347  -53.313  35.349 0.0000000000
27612  29.783  -53.093  34.679 0.0000000000
112689  29.455  -52.711  33.449 0.0000000000
27635  29.140  -52.810  34.084 0.0000000000
28404  28.418  -52.664  33.868 0.0000000000
27576  28.312  -53.356  36.205 0.0000000000
27594  27.914  -53.128  35.483 0.0000000000
28412  39.154  -53.717  33.575 0.0000000000
29184  39.037  -52.360  33.438 0.0000000000
27645  39.863  -53.992  33.016 0.0000000000
26855  39.388  -54.473  32.558 0.0000000000
26846  39.124  -54.414  32.968 0.0000000000
27668  37.084  -53.683  32.502 0.0000000000
27669  36.314  -53.494  32.781 0.0000000000
114045  35.390  -53.505  33.763 0.0000000000
28425  35.443  -53.183  32.721 0.0000000000
109400  34.832  -52.857  32.419 0.0000000000
28449  34.435  -52.479  31.818 0.0000000000
28426  34.117  -52.752  32.480 0.0000000000
28428  32.450  -52.688  32.583 0.0000000000
29203  32.109  -51.986  31.409 0.0000000000
49113  50.925  -27.283  26.271 0.0000000000
49100  50.931  -26.974  26.735 0.0000000000
96080  49.780  -28.438  27.359 0.0000000000
47505  49.735  -28.716  26.907 0.0000000000
47506  49.058  -29.430  26.486 0.0000000000
106437  47.598  -45.007  29.204 0.0000000000
38005  47.046  -40.094  27.966 0.0000000000
39787  46.195  -38.844  27.212 0.0000000000
36430  44.532  -42.160  27.310 0.0000000000
103187  43.230  -40.894  25.467 0.0000000000
106236  43.591  -40.849  26.130 0.0000000000
38038  43.531  -40.183  25.766 0.0000000000
38883  44.560  -39.652  26.681 0.0000000000
103999  43.509  -39.613  25.427 0.0000000000
38070  41.878  -40.692  23.304 0.0000000000
38083  41.800  -39.962  22.821 0.0000000000
38098  40.635  -40.202  21.424 0.0000000000
38085  40.827  -40.747  22.025 0.0000000000
36484  40.212  -42.102  21.810 0.0000000000
37286  39.922  -41.556  21.310 0.0000000000
37298  38.811  -41.743  20.337 0.0000000000
36497  39.245  -42.109  20.919 0.0000000000
103398  40.505  -42.929  22.540 0.0000000000
35655  40.159  -43.472  22.353 0.0000000000
35679  38.344  -43.334  20.652 0.0000000000
36499  37.947  -42.849  20.082 0.0000000000
35691  37.339  -43.414  19.782 0.0000000000
36513  37.044  -42.772  19.255 0.0000000000
34893  36.296  -44.373  19.237 0.0000000000
34903  35.677  -44.357  18.670 0.0000000000
34904  35.028  -44.855  18.382 0.0000000000
31038  32.858  -50.033  21.559 0.0000000000
31046  31.737  -49.630  20.460 0.0000000000
31053  30.425  -49.197  19.247 0.0000000000
30193  30.839  -50.557  18.866 0.0000000000
30204  31.537  -52.126  18.390 0.0000000000
30205  30.251  -51.062  18.224 0.0000000000
31064  27.954  -50.038  18.957 0.0000000000
31063  28.544  -49.438  18.780 0.0000000000
30222  27.997  -51.565  17.814 0.0000000000
29362  27.819  -52.188  17.455 0.0000000000
99112  56.652  -25.787  12.788 0.0000000000
30130  27.103  -49.932  26.295 0.0000000000
30138  26.113  -50.187  24.960 0.0000000000
97991  30.021  -51.733  31.174 0.0000000000
29220  29.426  -51.425  30.604 0.0000000000
113398  27.183  -51.418  30.078 0.0000000000
29242  27.912  -51.155  29.954 0.0000000000
29262  26.395  -51.276  28.929 0.0000000000
28474  26.340  -52.227  31.067 0.0000000000
28506  24.279  -52.405  28.725 0.0000000000
29245  25.070  -52.001  29.142 0.0000000000
29264  24.812  -51.864  28.265 0.0000000000
30049  44.290  -50.504  31.348 0.0000000000
30945  45.643  -49.785  29.320 0.0000000000
30934  45.701  -49.755  30.029 0.0000000000
31749  46.099  -49.261  29.535 0.0000000000
113863  46.304  -48.881  28.927 0.0000000000
32534  46.615  -48.348  28.875 0.0000000000
31766  46.045  -48.827  28.676 0.0000000000
31777  44.698  -48.381  27.931 0.0000000000
31778  43.852  -48.046  27.365 0.0000000000
32576  43.652  -47.154  26.866 0.0000000000
31788  42.932  -47.738  26.727 0.0000000000
32578  42.077  -47.493  26.128 0.0000000000
31789  42.180  -48.242  26.706 0.0000000000
31790  40.636  -48.761  26.230 0.0000000000
30086  40.870  -51.282  28.045 0.0000000000
30104  40.340  -50.694  27.308 0.0000000000
30125  38.641  -51.208  25.943 0.0000000000
30133  38.921  -50.497  25.715 0.0000000000
30994  38.530  -49.909  25.163 0.0000000000
30142  37.905  -50.584  24.871 0.0000000000
30143  36.715  -51.445  24.282 0.0000000000
29290  36.165  -51.940  23.687 0.0000000000
29300  35.928  -52.344  23.234 0.0000000000
30144  35.766  -51.490  24.085 0.0000000000
102575  39.532  -54.140  31.229 0.0000000000
29258  37.657  -51.865  28.630 0.0000000000
112907  34.842  -50.793  29.199 0.0000000000
106940  34.894  -50.131  27.370 0.0000000000
30107  35.484  -50.470  27.793 0.0000000000
30106  36.288  -50.865  27.366 0.0000000000
30126  36.683  -51.183  26.357 0.0000000000
31008  33.929  -49.558  24.674 0.0000000000
106639  34.081  -49.754  24.003 0.0000000000
31016  34.578  -50.623  23.435 0.0000000000
111688  31.402  -48.553  23.284 0.0000000000
31824  32.173  -48.745  23.087 0.0000000000
31000  30.871  -49.043  25.557 0.0000000000
31803  30.329  -48.777  24.973 0.0000000000
31827  28.581  -48.406  23.418 0.0000000000
31826  29.687  -48.418  23.654 0.0000000000
31837  29.152  -48.164  22.775 0.0000000000
111256  28.316  -48.023  21.848 0.0000000000
46778  52.591  -30.082  18.151 0.0000000000
46777  53.429  -30.356  19.155 0.0000000000
46779  51.113  -31.056  18.210 0.0000000000
45881  51.705  -31.694  18.749 0.0000000000
45007  47.730  -32.794  18.667 0.0000000000
98529  33.026  -51.736  39.744 0.0000000000
29094  32.046  -51.936  40.947 0.0000000000
28355  31.772  -52.170  41.202 0.0000000000
27526  31.892  -53.027  40.540 0.0000000000
27512  31.473  -52.629  41.172 0.0000000000
27528  29.421  -54.143  40.916 0.0000000000
27527  30.185  -53.781  40.734 0.0000000000
101437  29.625  -54.049  39.891 0.0000000000
27542  28.865  -53.862  38.976 0.0000000000
105345  27.128  -53.795  39.452 0.0000000000
27543  27.740  -53.657  38.664 0.0000000000
95075  26.778  -53.319  36.637 0.0000000000
27560  26.218  -53.341  37.547 0.0000000000
26788  24.670  -55.041  41.000 0.0000000000
26776  24.566  -55.911  42.615 0.0000000000
26787  25.390  -55.260  41.655 0.0000000000
27579  24.593  -53.420  36.840 0.0000000000
27618  23.933  -53.696  35.181 0.0000000000
26828  22.681  -54.886  34.426 0.0000000000
25206  23.722  -56.288  37.137 0.0000000000
97008  56.098  -24.653  12.111 0.0000000000
50954  55.619  -24.856  12.066 0.0000000000
50051  56.074  -25.239  13.950 0.0000000000
50926  54.155  -25.362  14.178 0.0000000000
50899  55.172  -25.107  15.066 0.0000000000
51721  54.175  -24.532  17.820 0.0000000000
49195  54.239  -25.945  19.527 0.0000000000
49197  53.142  -26.835  19.829 0.0000000000
49212  51.761  -27.735  18.622 0.0000000000
49199  50.883  -27.486  19.699 0.0000000000
49214  49.818  -28.259  18.600 0.0000000000
51659  51.983  -24.604  23.832 0.0000000000
49141  49.961  -27.542  23.676 0.0000000000
49189  48.950  -28.033  21.150 0.0000000000
49171  49.893  -27.595  21.919 0.0000000000
48383  46.902  -28.783  19.763 0.0000000000
105604  47.575  -28.562  19.587 0.0000000000
48382  47.263  -29.043  18.862 0.0000000000
47595  45.784  -30.128  18.779 0.0000000000
45888  44.801  -30.819  18.665 0.0000000000
98332  44.151  -31.173  19.013 0.0000000000
99491  48.637  -31.908  27.291 0.0000000000
45772  48.391  -31.430  26.802 0.0000000000
45785  48.466  -30.775  26.635 0.0000000000
41506  47.990  -36.400  27.037 0.0000000000
41498  48.338  -36.350  27.490 0.0000000000
41505  48.291  -35.679  27.015 0.0000000000
110343  44.631  -36.875  25.628 0.0000000000
40667  45.210  -37.188  26.170 0.0000000000
41515  45.057  -36.339  25.834 0.0000000000
42375  45.616  -35.108  25.856 0.0000000000
42374  46.293  -34.820  26.097 0.0000000000
43253  46.664  -34.187  26.136 0.0000000000
44097  47.150  -33.505  26.197 0.0000000000
44943  46.000  -32.820  25.282 0.0000000000
44951  46.222  -32.090  25.016 0.0000000000
45804  45.666  -31.704  24.231 0.0000000000
108971  43.989  -32.860  23.323 0.0000000000
44959  44.581  -32.164  23.415 0.0000000000
44967  43.560  -32.656  22.499 0.0000000000
42400  42.379  -35.671  22.265 0.0000000000
43279  42.779  -34.815  22.539 0.0000000000
43288  42.263  -34.909  21.752 0.0000000000
43303  41.520  -34.345  20.311 0.0000000000
43302  42.102  -34.205  21.087 0.0000000000
44984  42.524  -32.775  20.297 0.0000000000
44141  41.566  -33.722  19.769 0.0000000000
103450  40.412  -34.504  17.922 0.0000000000
40749  39.188  -37.039  17.800 0.0000000000
40773  37.411  -37.337  15.458 0.0000000000
41619  38.003  -36.965  15.915 0.0000000000
111007  39.836  -39.969  20.308 0.0000000000
38130  37.531  -40.507  18.283 0.0000000000
38129  38.147  -40.217  18.612 0.0000000000
37337  35.824  -41.509  17.443 0.0000000000
37347  35.245  -41.179  16.775 0.0000000000
108911  35.077  -39.975  15.853 0.0000000000
109953  35.439  -40.401  16.445 0.0000000000
39021  35.688  -39.672  16.168 0.0000000000
33326  41.265  -46.822  25.149 0.0000000000
32596  40.058  -47.182  24.526 0.0000000000
111499  38.990  -47.343  23.675 0.0000000000
32601  39.086  -46.916  23.288 0.0000000000
95475  38.581  -46.835  22.710 0.0000000000
33358  39.161  -46.298  22.741 0.0000000000
32607  37.910  -46.746  22.141 0.0000000000
114053  36.470  -48.704  22.358 0.0000000000
32609  36.591  -47.997  22.206 0.0000000000
109177  36.444  -46.901  21.188 0.0000000000
33365  36.876  -46.427  21.197 0.0000000000
33369  36.408  -46.314  20.592 0.0000000000
34117  36.061  -45.926  19.871 0.0000000000
34125  34.932  -46.052  19.062 0.0000000000
34133  33.801  -45.980  18.125 0.0000000000
34141  34.211  -45.150  17.921 0.0000000000
30183  33.226  -52.144  19.972 0.0000000000
30182  33.893  -52.063  20.652 0.0000000000
101470  32.987  -52.283  19.449 0.0000000000
30219  32.560  -51.378  18.064 0.0000000000
30203  33.132  -51.507  18.728 0.0000000000
31059  33.559  -50.561  18.916 0.0000000000
31060  32.925  -49.960  18.220 0.0000000000
30254  29.675  -50.612  15.961 0.0000000000
100151  30.688  -51.103  16.502 0.0000000000
31883  31.105  -48.595  16.645 0.0000000000
31880  31.733  -48.505  17.236 0.0000000000
32632  32.195  -47.904  17.639 0.0000000000
33385  32.764  -47.344  18.106 0.0000000000
33403  30.588  -46.754  15.981 0.0000000000
101556  31.775  -46.008  16.570 0.0000000000
52601  56.525  -23.752  7.607 0.0000000000
28382  35.181  -52.781  38.504 0.0000000000
28374  34.672  -52.384  39.112 0.0000000000
27538  33.939  -52.594  39.504 0.0000000000
109538  33.500  -52.231  39.875 0.0000000000
33284  44.465  -46.801  27.365 0.0000000000
33283  45.162  -46.219  27.764 0.0000000000
33305  44.371  -46.080  27.231 0.0000000000
34037  44.000  -45.535  26.868 0.0000000000
100210  43.699  -44.191  26.636 0.0000000000
34797  43.564  -44.890  26.518 0.0000000000
34798  42.962  -45.045  26.065 0.0000000000
34807  41.999  -44.986  25.171 0.0000000000
30094  29.249  -50.417  28.672 0.0000000000
28406  26.891  -52.842  34.148 0.0000000000
27655  24.428  -53.423  32.594 0.0000000000
101757  23.773  -53.774  33.215 0.0000000000
99995  23.835  -53.773  34.157 0.0000000000
28445  42.260  -52.749  31.762 0.0000000000
105813  43.121  -52.419  31.463 0.0000000000
28444  42.840  -53.247  31.323 0.0000000000
28467  42.502  -53.716  30.510 0.0000000000
28486  42.069  -53.535  29.855 0.0000000000
28501  41.207  -53.007  29.136 0.0000000000
96224  41.325  -53.610  29.810 0.0000000000
29217  32.339  -51.565  30.643 0.0000000000
29237  32.579  -51.126  29.899 0.0000000000
30072  32.025  -50.776  29.320 0.0000000000
30092  31.594  -50.375  28.544 0.0000000000
30111  31.017  -49.954  27.845 0.0000000000
46781  49.118  -30.227  17.932 0.0000000000
45884  48.576  -31.557  18.411 0.0000000000
25194  23.729  -57.605  39.669 0.0000000000
50798  52.409  -24.711  23.455 0.0000000000
47519  48.695  -29.122  25.517 0.0000000000
39816  42.519  -38.663  23.322 0.0000000000
39823  42.141  -38.610  22.674 0.0000000000
102232  42.402  -38.084  22.984 0.0000000000
40696  42.096  -37.831  22.354 0.0000000000
41541  41.871  -37.214  21.842 0.0000000000
40697  41.663  -37.924  21.652 0.0000000000
39851  41.248  -38.053  21.079 0.0000000000
98079  39.401  -39.264  19.276 0.0000000000
30181  34.404  -52.224  21.031 0.0000000000
51809  56.516  -23.933  9.864 0.0000000000
28429  31.672  -52.652  32.622 0.0000000000
27653  32.205  -52.986  33.116 0.0000000000
27633  31.022  -53.129  33.734 0.0000000000
27572  32.081  -53.600  37.019 0.0000000000
27573  31.109  -53.535  36.689 0.0000000000
27592  29.542  -53.261  35.482 0.0000000000
27575  29.198  -53.418  36.242 0.0000000000
28413  38.458  -53.130  34.114 0.0000000000
27625  38.550  -54.020  33.893 0.0000000000
26834  38.602  -54.264  33.433 0.0000000000
27626  38.021  -54.152  34.031 0.0000000000
27629  34.617  -53.409  33.736 0.0000000000
27651  33.902  -53.033  33.114 0.0000000000
27652  33.023  -53.011  33.125 0.0000000000
35593  47.760  -43.739  29.064 0.0000000000
113995  47.885  -43.318  29.061 0.0000000000
102272  47.985  -42.576  28.946 0.0000000000
37984  48.410  -40.121  29.027 0.0000000000
38867  48.347  -39.599  28.869 0.0000000000
38004  47.888  -40.521  28.468 0.0000000000
38006  46.213  -40.493  27.768 0.0000000000
36445  43.039  -42.350  25.682 0.0000000000
37249  42.835  -41.693  25.169 0.0000000000
37260  42.819  -40.798  24.712 0.0000000000
37277  40.982  -41.406  22.506 0.0000000000
34870  39.155  -44.132  21.652 0.0000000000
34883  38.063  -44.072  20.729 0.0000000000
34884  37.424  -44.239  20.250 0.0000000000
34885  36.805  -44.739  19.907 0.0000000000
34123  36.195  -45.181  19.577 0.0000000000
31868  30.858  -48.897  20.045 0.0000000000
47619  56.506  -30.199  14.916 0.0000000000
101489  26.607  -50.411  26.853 0.0000000000
29222  27.582  -51.611  30.688 0.0000000000
29223  26.798  -51.756  30.545 0.0000000000
28476  24.717  -52.673  30.420 0.0000000000
28492  25.319  -52.212  29.949 0.0000000000
30067  45.063  -50.991  29.710 0.0000000000
30082  44.987  -50.517  29.178 0.0000000000
31768  45.118  -49.671  28.711 0.0000000000
31767  45.285  -48.968  28.423 0.0000000000
31780  42.196  -48.912  27.334 0.0000000000
30979  40.656  -49.627  26.923 0.0000000000
30105  39.607  -51.190  26.896 0.0000000000
29280  38.891  -51.582  26.546 0.0000000000
113411  38.417  -51.532  26.195 0.0000000000
109256  37.376  -51.232  25.079 0.0000000000
28447  37.558  -53.491  31.744 0.0000000000
28469  37.803  -52.939  30.880 0.0000000000
104939  36.354  -51.400  29.500 0.0000000000
30089  33.812  -50.258  28.312 0.0000000000
30128  34.652  -49.892  26.643 0.0000000000
30137  35.202  -50.106  25.730 0.0000000000
30981  34.227  -49.630  25.969 0.0000000000
30997  33.677  -49.461  25.430 0.0000000000
31804  29.495  -48.853  25.057 0.0000000000
31816  29.014  -48.628  24.320 0.0000000000
31839  27.516  -48.659  22.224 0.0000000000
31828  27.672  -48.615  23.135 0.0000000000
31027  27.062  -49.160  22.883 0.0000000000
27515  29.138  -53.837  41.945 0.0000000000
102565  28.684  -54.445  40.993 0.0000000000
26798  24.117  -56.236  41.045 0.0000000000
27532  24.773  -54.117  39.780 0.0000000000
26804  24.317  -54.065  38.900 0.0000000000
27580  23.751  -53.889  37.292 0.0000000000
109192  22.902  -54.912  36.259 0.0000000000
51722  53.888  -24.599  18.903 0.0000000000
106689  50.175  -27.783  19.227 0.0000000000
108686  48.759  -28.174  19.473 0.0000000000
50768  51.606  -25.199  25.234 0.0000000000
110619  52.023  -25.110  24.882 0.0000000000
48347  48.548  -28.261  22.625 0.0000000000
46729  44.381  -30.738  21.456 0.0000000000
46744  44.430  -30.595  20.431 0.0000000000
44996  43.078  -32.124  18.781 0.0000000000
44997  42.505  -32.567  19.250 0.0000000000
40647  47.492  -37.871  27.349 0.0000000000
100953  48.091  -37.706  27.652 0.0000000000
40656  47.011  -37.393  26.934 0.0000000000
41507  47.011  -36.595  26.690 0.0000000000
41522  43.854  -36.324  24.694 0.0000000000
43255  45.071  -34.715  25.474 0.0000000000
44103  46.286  -33.456  25.700 0.0000000000
43262  44.935  -34.072  25.123 0.0000000000
42414  41.493  -35.819  20.891 0.0000000000
43314  41.195  -34.143  19.569 0.0000000000
41617  39.143  -36.008  16.727 0.0000000000
37310  38.998  -41.109  20.096 0.0000000000
38119  38.912  -40.607  19.639 0.0000000000
102694  37.821  -40.815  18.713 0.0000000000
38131  36.990  -40.792  18.003 0.0000000000
37363  34.025  -41.061  15.837 0.0000000000
32588  39.958  -47.807  25.102 0.0000000000
32597  39.522  -47.633  24.534 0.0000000000
32602  38.468  -47.517  23.372 0.0000000000
32615  35.496  -48.345  21.243 0.0000000000
32614  36.167  -47.673  21.565 0.0000000000
33374  35.369  -46.346  19.646 0.0000000000
33375  34.637  -46.894  19.480 0.0000000000
29331  32.295  -52.370  18.996 0.0000000000
29330  32.733  -52.288  19.207 0.0000000000
29345  32.225  -52.266  18.640 0.0000000000
29357  32.077  -52.206  17.999 0.0000000000
30220  31.922  -51.372  17.456 0.0000000000
31078  29.538  -49.722  15.658 0.0000000000
31885  29.889  -49.164  15.875 0.0000000000
113087  30.459  -48.161  16.225 0.0000000000
49293  57.303  -27.880  11.130 0.0000000000
46759  54.790  -30.358  19.845 0.0000000000
94482  33.205  -53.594  35.318 0.0000000000
94483  32.856  -53.633  36.381 0.0000000000
95753  32.982  -53.617  37.444 0.0000000000
27588  35.902  -54.201  36.053 0.0000000000
27570  36.195  -53.913  36.736 0.0000000000
33252  47.440  -46.476  29.808 0.0000000000
33266  47.408  -46.656  29.247 0.0000000000
34016  47.480  -45.954  28.996 0.0000000000
105594  47.268  -45.208  28.789 0.0000000000
34018  46.067  -45.828  28.264 0.0000000000
109588  46.313  -45.033  28.331 0.0000000000
35595  46.440  -43.533  28.342 0.0000000000
36417  46.031  -42.711  28.121 0.0000000000
107942  45.195  -42.658  27.685 0.0000000000
36437  43.988  -42.851  26.893 0.0000000000
35617  43.534  -43.448  26.457 0.0000000000
36438  43.435  -42.601  26.280 0.0000000000
36456  42.195  -42.739  24.640 0.0000000000
36457  41.753  -42.842  24.086 0.0000000000
103017  41.357  -42.967  23.611 0.0000000000
35644  41.044  -43.510  23.419 0.0000000000
103213  40.731  -44.096  23.236 0.0000000000
34822  41.145  -44.909  24.020 0.0000000000
34855  40.247  -44.302  22.729 0.0000000000
34856  39.575  -44.856  22.330 0.0000000000
34110  38.539  -45.527  21.732 0.0000000000
31862  28.644  -48.288  19.992 0.0000000000
31055  28.025  -49.245  19.413 0.0000000000
110591  27.657  -50.553  19.189 0.0000000000
96098  27.456  -51.727  19.611 0.0000000000
29332  27.526  -51.282  19.002 0.0000000000
46812  56.199  -30.530  15.708 0.0000000000
110727  27.996  -49.274  25.418 0.0000000000
102917  27.623  -49.525  25.768 0.0000000000
30129  27.306  -50.104  27.041 0.0000000000
30116  26.076  -50.900  27.504 0.0000000000
28458  25.759  -52.629  31.562 0.0000000000
28435  25.892  -52.798  32.327 0.0000000000
26856  22.820  -54.349  31.000 0.0000000000
29199  43.750  -52.087  31.188 0.0000000000
29213  44.019  -52.362  30.507 0.0000000000
29229  44.609  -51.710  30.102 0.0000000000
30068  43.674  -51.738  29.397 0.0000000000
30084  42.806  -50.913  28.804 0.0000000000
29255  40.557  -52.282  28.289 0.0000000000
28510  39.181  -52.297  27.717 0.0000000000
103469  35.355  -51.705  30.499 0.0000000000
29215  34.624  -51.478  30.341 0.0000000000
29235  34.320  -50.938  29.580 0.0000000000
30070  33.645  -50.610  29.062 0.0000000000
30109  33.123  -49.952  27.759 0.0000000000
30984  31.760  -49.411  26.513 0.0000000000
107392  31.111  -49.430  26.621 0.0000000000
30985  30.598  -49.299  26.229 0.0000000000
48408  50.795  -28.789  17.761 0.0000000000
46780  50.278  -31.159  18.184 0.0000000000
108475  24.160  -56.036  41.117 0.0000000000
103218  23.910  -55.872  38.637 0.0000000000
24331  24.072  -57.936  39.130 0.0000000000
95375  53.648  -25.322  21.026 0.0000000000
48316  48.142  -28.768  24.114 0.0000000000
48331  48.060  -28.605  23.310 0.0000000000
47562  46.184  -29.262  21.834 0.0000000000
95504  44.974  -30.162  21.880 0.0000000000
43232  48.577  -34.184  27.566 0.0000000000
40678  44.066  -37.013  25.175 0.0000000000
40679  43.520  -37.131  24.532 0.0000000000
42385  43.653  -35.625  24.234 0.0000000000
42393  42.795  -35.711  22.930 0.0000000000
41553  41.685  -36.558  21.406 0.0000000000
41581  40.061  -36.767  18.838 0.0000000000
110856  39.896  -38.128  19.171 0.0000000000
40740  39.069  -37.933  18.068 0.0000000000
96314  38.556  -38.235  17.730 0.0000000000
110602  36.752  -41.829  18.414 0.0000000000
37338  35.047  -41.979  17.086 0.0000000000
36549  34.314  -42.463  16.796 0.0000000000
37364  33.337  -41.422  15.597 0.0000000000
31822  37.381  -49.063  23.548 0.0000000000
31834  35.905  -50.395  21.953 0.0000000000
31857  34.988  -49.045  20.752 0.0000000000
108381  29.797  -52.104  16.745 0.0000000000
30234  30.783  -51.986  16.739 0.0000000000
30236  29.266  -51.309  16.086 0.0000000000
109419  29.075  -50.331  15.498 0.0000000000
29219  30.758  -51.685  31.012 0.0000000000
28452  31.013  -52.389  32.157 0.0000000000
111879  30.311  -52.323  32.062 0.0000000000
28453  29.858  -52.101  31.757 0.0000000000
28454  29.208  -52.156  31.907 0.0000000000
28431  29.062  -52.379  32.456 0.0000000000
27590  31.186  -53.400  35.257 0.0000000000
27611  30.639  -53.233  34.517 0.0000000000
28417  27.976  -52.531  33.283 0.0000000000
28405  27.743  -52.703  34.050 0.0000000000
109199  26.728  -52.976  34.946 0.0000000000
27595  26.259  -53.106  35.332 0.0000000000
27644  40.542  -54.293  32.337 0.0000000000
26844  40.389  -54.581  32.121 0.0000000000
26853  40.525  -54.518  31.670 0.0000000000
26854  39.910  -54.657  32.134 0.0000000000
27666  39.183  -54.424  31.882 0.0000000000
102398  38.387  -54.149  32.139 0.0000000000
27606  36.835  -53.752  34.967 0.0000000000
27649  36.685  -53.858  33.751 0.0000000000
27628  36.122  -53.712  34.214 0.0000000000
29202  32.954  -51.919  31.267 0.0000000000
45008  46.687  -32.655  18.265 0.0000000000
50784  50.832  -24.815  24.896 0.0000000000
50769  50.898  -25.254  25.769 0.0000000000
49929  51.439  -25.962  25.983 0.0000000000
49918  50.696  -25.783  26.459 0.0000000000
47507  48.245  -29.782  25.624 0.0000000000
46671  47.941  -30.523  25.821 0.0000000000
95042  47.969  -38.525  27.859 0.0000000000
39786  47.057  -38.505  27.407 0.0000000000
38007  45.390  -40.493  27.489 0.0000000000
37240  44.089  -41.252  26.774 0.0000000000
38022  44.618  -40.445  27.096 0.0000000000
38876  45.092  -39.865  27.202 0.0000000000
38893  44.609  -38.848  26.368 0.0000000000
113185  44.095  -38.892  25.906 0.0000000000
39800  43.686  -38.908  25.415 0.0000000000
38906  43.007  -39.219  24.287 0.0000000000
106957  42.820  -39.940  24.292 0.0000000000
38919  42.641  -39.303  23.744 0.0000000000
38935  42.213  -39.297  23.062 0.0000000000
38954  40.894  -39.504  21.408 0.0000000000
37296  40.042  -40.588  20.845 0.0000000000
36512  37.744  -42.182  19.534 0.0000000000
36465  40.973  -42.750  23.041 0.0000000000
36473  40.170  -42.757  22.040 0.0000000000
36498  38.607  -42.538  20.541 0.0000000000
96669  36.442  -43.105  18.811 0.0000000000
35702  36.061  -43.727  18.696 0.0000000000
30184  32.320  -51.218  19.924 0.0000000000
29360  30.192  -52.447  17.019 0.0000000000
31876  29.137  -48.921  18.779 0.0000000000
31062  29.217  -49.946  18.314 0.0000000000
30206  29.567  -51.385  17.752 0.0000000000
102707  29.671  -52.299  16.968 0.0000000000
50066  56.794  -25.701  12.108 0.0000000000
95278  56.951  -26.893  12.822 0.0000000000
49276  57.290  -27.653  11.953 0.0000000000
48448  57.422  -28.841  11.867 0.0000000000
30146  26.041  -50.219  24.020 0.0000000000
29240  29.657  -51.006  29.904 0.0000000000
114129  28.422  -50.797  29.475 0.0000000000
30076  27.780  -50.747  29.124 0.0000000000
29276  25.396  -51.414  27.841 0.0000000000
29263  25.585  -51.554  28.649 0.0000000000
30058  45.389  -50.424  29.809 0.0000000000
32505  46.696  -47.667  30.478 0.0000000000
32504  47.275  -47.231  29.701 0.0000000000
32533  47.123  -47.523  29.070 0.0000000000
103051  46.754  -47.591  28.720 0.0000000000
32535  46.184  -47.977  28.445 0.0000000000
32585  42.178  -46.876  25.864 0.0000000000
31797  41.321  -47.457  25.616 0.0000000000
31798  40.642  -48.007  25.640 0.0000000000
30103  41.299  -50.241  27.750 0.0000000000
30993  39.257  -49.642  25.682 0.0000000000
31014  37.565  -49.868  23.971 0.0000000000
30150  36.464  -51.613  23.516 0.0000000000
29311  35.859  -52.376  23.023 0.0000000000
29301  35.764  -52.356  22.966 0.0000000000
27683  40.278  -54.196  30.851 0.0000000000
28489  38.849  -52.806  29.347 0.0000000000
28468  38.408  -52.839  30.256 0.0000000000
28505  38.415  -52.381  28.612 0.0000000000
29257  38.095  -52.055  27.888 0.0000000000
30088  35.261  -50.683  28.706 0.0000000000
29259  36.776  -51.324  28.648 0.0000000000
98736  36.721  -51.182  27.874 0.0000000000
30136  35.838  -50.777  25.021 0.0000000000
30995  35.227  -50.323  24.886 0.0000000000
31024  34.324  -50.870  22.797 0.0000000000
31025  33.726  -50.262  22.615 0.0000000000
31026  32.951  -49.542  22.412 0.0000000000
31847  32.164  -48.915  22.109 0.0000000000
31848  31.280  -48.527  21.837 0.0000000000
31849  30.365  -48.212  21.558 0.0000000000
31850  29.357  -47.918  21.235 0.0000000000
31802  31.161  -48.804  24.818 0.0000000000
31825  30.703  -48.449  23.334 0.0000000000
95170  29.697  -48.078  22.172 0.0000000000
31852  28.061  -48.358  20.731 0.0000000000
102648  27.420  -49.525  21.095 0.0000000000
47590  54.191  -29.705  19.746 0.0000000000
45879  53.388  -31.157  19.300 0.0000000000
45006  48.627  -32.455  18.772 0.0000000000
29125  33.981  -51.845  39.515 0.0000000000
28365  33.026  -52.226  40.231 0.0000000000
28354  32.377  -52.213  40.720 0.0000000000
27511  32.647  -52.641  40.275 0.0000000000
99206  31.415  -53.468  39.686 0.0000000000
27513  30.702  -53.001  41.446 0.0000000000
99894  30.445  -53.751  39.701 0.0000000000
27557  29.251  -53.683  37.893 0.0000000000
95076  27.814  -53.434  36.883 0.0000000000
27578  26.062  -53.218  35.978 0.0000000000
27596  25.478  -53.242  35.342 0.0000000000
26786  26.488  -55.305  42.283 0.0000000000
106354  26.055  -53.524  39.188 0.0000000000
27545  24.989  -53.502  38.836 0.0000000000
107844  25.799  -53.368  38.306 0.0000000000
111930  25.274  -53.309  36.144 0.0000000000
96911  24.755  -53.412  35.020 0.0000000000
26827  23.219  -54.308  33.822 0.0000000000
26033  22.946  -55.554  36.152 0.0000000000
50967  55.865  -24.358  10.740 0.0000000000
50923  56.176  -24.927  13.251 0.0000000000
49230  55.348  -27.064  16.747 0.0000000000
50869  54.587  -24.682  17.227 0.0000000000
48394  51.302  -28.213  18.161 0.0000000000
97317  47.768  -29.503  18.400 0.0000000000
49956  52.292  -25.196  23.695 0.0000000000
49940  52.185  -25.206  24.506 0.0000000000
49155  50.006  -27.500  22.878 0.0000000000
46784  46.190  -30.461  18.483 0.0000000000
45802  47.241  -30.883  25.279 0.0000000000
42364  48.487  -34.853  27.111 0.0000000000
43243  48.566  -34.064  27.187 0.0000000000
106151  45.542  -35.805  25.964 0.0000000000
42366  46.428  -35.642  26.285 0.0000000000
43244  48.368  -34.253  26.848 0.0000000000
44096  48.046  -33.578  26.593 0.0000000000
45787  47.037  -31.704  25.517 0.0000000000
45817  45.101  -31.472  23.411 0.0000000000
45818  44.535  -31.650  22.948 0.0000000000
45832  43.662  -31.914  22.072 0.0000000000
43278  43.347  -34.308  23.161 0.0000000000
44122  42.626  -34.089  21.864 0.0000000000
44128  43.039  -33.231  22.018 0.0000000000
44166  41.399  -33.570  18.965 0.0000000000
38981  38.841  -39.937  19.055 0.0000000000
38993  38.454  -39.478  18.430 0.0000000000
39019  36.887  -38.991  16.781 0.0000000000
37336  36.584  -41.369  17.974 0.0000000000
38142  36.443  -40.654  17.444 0.0000000000
39005  36.676  -39.760  17.113 0.0000000000
33352  40.270  -46.196  23.882 0.0000000000
97331  40.011  -46.673  24.069 0.0000000000
33363  38.117  -46.052  21.727 0.0000000000
33364  37.485  -46.249  21.479 0.0000000000
34116  36.662  -45.500  20.213 0.0000000000
34131  35.157  -45.431  18.816 0.0000000000
34917  33.197  -44.724  17.003 0.0000000000
30189  34.151  -51.713  20.307 0.0000000000
29329  33.038  -52.262  19.264 0.0000000000
111138  33.430  -51.710  19.243 0.0000000000
31867  33.820  -49.774  19.225 0.0000000000
30233  31.239  -51.431  16.843 0.0000000000
31068  31.665  -49.836  17.102 0.0000000000
32628  33.275  -47.845  18.724 0.0000000000
33394  31.839  -46.642  16.960 0.0000000000
34148  32.461  -45.202  16.691 0.0000000000
50118  57.047  -26.552  9.602 0.0000000000
50121  56.530  -26.661  8.444 0.0000000000
48476  56.799  -28.813  10.484 0.0000000000
103005  55.372  -30.239  18.269 0.0000000000
28466  42.735  -53.604  30.996 0.0000000000
30935  45.291  -50.169  30.429 0.0000000000
30944  46.092  -49.245  29.004 0.0000000000
30952  45.406  -49.967  29.081 0.0000000000
31748  46.447  -48.807  29.198 0.0000000000
31851  28.484  -47.978  21.355 0.0000000000
37991  48.296  -40.251  28.811 0.0000000000
49907  50.974  -26.236  26.637 0.0000000000
96725  28.729  -47.990  20.689 0.0000000000
104916  42.199  -37.063  22.386 0.0000000000
105455  27.935  -48.238  21.644 0.0000000000
112348  46.680  -45.543  28.504 0.0000000000
113600  43.078  -53.354  30.571 0.0000000000
113890  48.156  -36.754  27.342 0.0000000000
