#!ascii label  , from subject sub-v2s9x29167_ses-1 vox2ras=TkReg
755
82531  39.449  17.273  12.582 0.0000000000
83779  42.282  19.767  11.939 0.0000000000
78603  47.475  10.225  14.610 0.0000000000
80938  35.365  14.420  11.566 0.0000000000
79849  38.594  12.399  11.759 0.0000000000
82591  41.757  17.721  7.374 0.0000000000
84889  39.006  21.548  13.379 0.0000000000
85435  39.393  22.297  8.556 0.0000000000
76515  43.766  7.370  16.455 0.0000000000
75904  40.669  6.774  11.205 0.0000000000
82527  44.542  17.613  12.021 0.0000000000
80381  42.864  13.631  15.498 0.0000000000
81919  45.251  16.156  16.260 0.0000000000
97019  42.197  12.932  17.515 0.0000000000
85452  42.655  23.281  3.913 0.0000000000
99702  43.987  19.156  7.060 0.0000000000
78658  43.116  11.810  9.251 0.0000000000
81967  37.056  16.024  12.093 0.0000000000
80413  37.248  13.226  11.743 0.0000000000
80922  38.831  14.737  13.608 0.0000000000
83162  40.322  18.015  9.733 0.0000000000
82552  37.642  17.986  10.981 0.0000000000
85941  39.661  23.749  13.011 0.0000000000
100320  42.551  5.292  16.371 0.0000000000
101333  42.637  4.758  14.166 0.0000000000
94824  43.555  2.545  14.764 0.0000000000
83855  40.305  19.270  2.480 0.0000000000
83769  44.888  18.560  11.843 0.0000000000
82514  45.329  17.303  13.837 0.0000000000
83131  44.013  18.562  14.458 0.0000000000
81922  38.452  17.035  16.683 0.0000000000
81433  41.324  15.912  17.419 0.0000000000
80361  39.731  13.644  17.102 0.0000000000
79211  40.679  11.427  17.069 0.0000000000
84344  40.141  20.630  10.387 0.0000000000
84361  40.881  20.647  7.548 0.0000000000
100977  43.227  19.754  9.819 0.0000000000
83161  45.416  18.270  9.857 0.0000000000
79229  44.468  11.880  15.392 0.0000000000
79240  42.784  11.631  13.314 0.0000000000
78619  45.683  10.879  11.676 0.0000000000
78639  36.787  10.906  11.167 0.0000000000
78662  37.907  10.414  9.573 0.0000000000
112919  43.370  16.894  4.855 0.0000000000
83242  39.439  18.421  5.684 0.0000000000
84338  40.219  20.397  12.027 0.0000000000
83746  41.382  19.309  14.908 0.0000000000
87419  40.828  26.217  8.934 0.0000000000
86467  41.276  25.069  7.248 0.0000000000
84897  39.106  21.760  10.542 0.0000000000
77231  46.089  8.602  16.057 0.0000000000
77268  45.228  8.664  12.218 0.0000000000
75893  43.138  6.915  13.673 0.0000000000
106480  41.409  3.847  11.091 0.0000000000
82529  41.676  17.380  12.385 0.0000000000
81474  40.759  15.442  14.677 0.0000000000
81950  44.015  16.355  14.320 0.0000000000
80913  45.156  14.855  15.846 0.0000000000
80884  46.491  14.080  17.146 0.0000000000
82481  42.411  17.450  17.225 0.0000000000
107568  43.790  14.845  17.603 0.0000000000
79198  45.634  11.410  17.528 0.0000000000
77883  43.358  9.640  17.250 0.0000000000
77226  41.900  8.611  16.368 0.0000000000
106348  39.089  21.677  4.485 0.0000000000
84400  43.560  21.136  3.103 0.0000000000
84380  42.732  20.527  4.752 0.0000000000
83252  45.074  18.000  4.576 0.0000000000
82603  44.905  17.466  7.003 0.0000000000
82563  43.410  17.466  9.271 0.0000000000
79825  40.563  12.626  13.593 0.0000000000
79271  40.579  11.590  11.170 0.0000000000
78667  39.969  11.298  7.670 0.0000000000
77291  42.213  9.112  10.357 0.0000000000
82532  37.952  16.941  12.202 0.0000000000
81480  37.903  15.512  12.793 0.0000000000
81962  38.901  16.102  13.503 0.0000000000
82539  39.750  17.662  11.685 0.0000000000
83163  38.967  18.371  10.178 0.0000000000
98342  38.236  17.584  11.603 0.0000000000
82541  37.381  17.324  11.581 0.0000000000
74510  43.047  4.593  16.285 0.0000000000
73745  43.375  3.705  15.922 0.0000000000
73003  43.327  3.198  16.107 0.0000000000
99577  36.097  9.787  7.712 0.0000000000
83770  44.220  19.120  12.213 0.0000000000
83147  44.514  18.513  13.571 0.0000000000
83760  42.616  19.434  13.443 0.0000000000
81447  37.935  16.104  16.495 0.0000000000
81445  39.212  15.254  16.736 0.0000000000
84337  41.745  20.032  11.454 0.0000000000
109980  42.164  20.086  9.769 0.0000000000
83787  42.603  19.837  11.185 0.0000000000
83786  44.967  18.889  10.819 0.0000000000
78593  46.521  11.187  15.132 0.0000000000
78611  45.948  11.039  12.777 0.0000000000
78610  46.893  10.698  13.087 0.0000000000
101530  34.583  14.042  11.590 0.0000000000
80415  35.572  13.189  11.545 0.0000000000
79850  37.699  12.441  11.624 0.0000000000
79851  36.766  12.425  11.552 0.0000000000
79273  38.184  11.640  11.398 0.0000000000
78653  37.291  10.546  10.604 0.0000000000
79289  38.663  11.091  10.983 0.0000000000
82615  43.153  17.153  5.948 0.0000000000
98498  40.956  17.672  5.017 0.0000000000
83225  40.571  18.141  6.526 0.0000000000
81486  35.380  15.370  11.530 0.0000000000
80939  34.070  14.740  11.569 0.0000000000
84333  39.220  20.929  13.019 0.0000000000
84319  39.293  20.578  13.897 0.0000000000
84320  38.953  21.272  14.122 0.0000000000
85938  39.277  23.022  13.501 0.0000000000
85942  39.225  23.126  11.860 0.0000000000
85425  38.987  21.849  12.389 0.0000000000
98597  39.438  20.867  11.919 0.0000000000
76514  44.509  7.630  16.100 0.0000000000
76535  44.412  7.364  14.649 0.0000000000
76536  44.023  6.828  15.248 0.0000000000
73026  42.302  3.317  12.959 0.0000000000
73765  41.766  3.867  12.707 0.0000000000
73770  43.026  3.260  11.114 0.0000000000
82528  43.137  17.383  12.234 0.0000000000
82522  42.518  17.132  13.075 0.0000000000
82521  44.323  17.212  12.905 0.0000000000
96215  45.456  17.015  14.934 0.0000000000
81470  45.355  16.374  14.896 0.0000000000
81460  45.526  15.596  16.153 0.0000000000
80900  46.058  14.299  16.505 0.0000000000
81429  45.528  15.489  16.796 0.0000000000
83117  40.555  19.645  17.030 0.0000000000
83116  41.383  18.973  16.638 0.0000000000
83103  40.956  19.073  17.198 0.0000000000
112518  41.996  14.460  17.463 0.0000000000
81432  42.433  15.840  17.513 0.0000000000
97845  43.490  14.139  17.591 0.0000000000
80357  44.446  13.613  17.720 0.0000000000
79793  44.025  12.748  17.644 0.0000000000
78567  45.057  10.446  17.477 0.0000000000
98727  42.665  11.727  17.482 0.0000000000
109350  39.789  10.755  16.448 0.0000000000
77891  41.707  9.477  16.476 0.0000000000
84937  41.151  22.322  3.902 0.0000000000
84390  41.368  21.554  3.623 0.0000000000
84936  42.594  22.605  3.664 0.0000000000
85955  40.448  23.722  7.526 0.0000000000
85960  41.008  23.821  6.334 0.0000000000
85437  40.235  22.807  7.044 0.0000000000
84359  42.686  19.759  7.152 0.0000000000
84360  41.574  20.452  6.714 0.0000000000
83816  43.123  19.618  6.073 0.0000000000
83826  43.553  19.514  5.201 0.0000000000
83815  44.387  18.724  6.104 0.0000000000
114115  45.422  17.245  6.169 0.0000000000
114174  45.260  17.925  7.268 0.0000000000
82534  45.288  17.996  11.043 0.0000000000
82562  44.763  17.622  9.536 0.0000000000
105058  44.061  17.477  10.804 0.0000000000
99818  42.862  17.478  10.724 0.0000000000
81473  41.472  15.123  15.057 0.0000000000
80386  40.466  13.775  14.611 0.0000000000
80385  41.154  13.513  14.999 0.0000000000
79269  43.061  11.523  11.081 0.0000000000
107657  41.963  11.606  11.480 0.0000000000
96220  41.993  12.014  8.979 0.0000000000
79294  40.251  11.231  9.385 0.0000000000
113393  41.031  11.365  8.282 0.0000000000
76564  42.258  7.723  12.059 0.0000000000
77278  43.630  8.828  11.275 0.0000000000
77280  41.504  8.314  10.968 0.0000000000
81482  36.711  15.492  11.891 0.0000000000
80937  35.949  13.882  11.582 0.0000000000
80926  37.003  14.823  12.032 0.0000000000
80395  38.156  14.021  12.519 0.0000000000
109452  38.640  13.506  12.541 0.0000000000
82578  41.212  17.890  8.737 0.0000000000
81970  36.510  16.270  11.687 0.0000000000
75867  43.172  6.189  16.326 0.0000000000
75225  43.323  5.627  15.153 0.0000000000
75216  43.327  5.201  16.110 0.0000000000
106395  42.990  4.116  14.868 0.0000000000
82526  45.173  17.951  11.755 0.0000000000
82520  45.124  17.479  13.286 0.0000000000
83146  45.165  17.769  13.272 0.0000000000
83130  45.099  17.946  14.090 0.0000000000
82501  43.886  17.759  15.753 0.0000000000
82491  39.042  18.121  17.061 0.0000000000
82482  40.772  17.898  17.436 0.0000000000
104746  39.693  16.093  16.989 0.0000000000
81434  40.105  15.227  17.113 0.0000000000
80360  40.554  13.458  17.302 0.0000000000
79202  41.208  11.918  17.360 0.0000000000
79797  39.812  12.756  17.183 0.0000000000
79212  39.468  11.924  17.016 0.0000000000
78579  39.238  11.210  16.554 0.0000000000
85965  42.479  24.055  4.037 0.0000000000
84356  39.806  21.036  8.840 0.0000000000
84908  40.164  21.197  8.005 0.0000000000
84355  40.632  20.629  8.567 0.0000000000
84348  42.500  19.958  9.102 0.0000000000
83793  43.952  19.577  9.004 0.0000000000
97986  45.165  18.910  8.624 0.0000000000
83792  45.106  18.916  10.064 0.0000000000
83785  45.289  18.321  10.583 0.0000000000
79816  43.159  12.856  15.453 0.0000000000
79820  42.586  12.288  14.999 0.0000000000
79233  43.714  11.620  14.777 0.0000000000
78620  44.411  11.232  11.631 0.0000000000
79267  44.308  11.299  9.969 0.0000000000
75260  40.235  5.383  9.442 0.0000000000
75911  39.794  6.474  9.631 0.0000000000
78641  34.853  10.768  11.360 0.0000000000
79852  35.783  12.438  11.521 0.0000000000
78640  35.844  10.820  11.273 0.0000000000
78655  35.362  10.186  10.943 0.0000000000
77968  36.300  9.844  9.719 0.0000000000
77980  37.217  10.049  8.992 0.0000000000
78669  37.751  10.605  7.594 0.0000000000
82641  42.886  16.730  3.706 0.0000000000
82631  39.650  17.755  4.335 0.0000000000
83780  41.253  20.055  12.045 0.0000000000
83761  41.275  19.600  13.904 0.0000000000
83773  40.603  19.993  12.938 0.0000000000
83748  39.782  20.177  15.677 0.0000000000
83735  39.510  20.577  16.945 0.0000000000
83728  39.316  20.259  17.164 0.0000000000
83110  37.817  18.947  16.626 0.0000000000
86942  41.051  26.120  8.785 0.0000000000
86464  40.692  24.641  8.252 0.0000000000
107939  39.524  23.029  8.908 0.0000000000
84905  39.224  22.312  9.395 0.0000000000
84900  39.298  21.508  9.975 0.0000000000
101126  39.920  20.645  11.223 0.0000000000
77900  47.011  9.233  15.648 0.0000000000
77927  47.363  9.510  13.468 0.0000000000
114147  45.742  8.216  14.039 0.0000000000
76560  43.429  7.683  12.939 0.0000000000
75900  41.615  6.439  12.470 0.0000000000
75894  42.848  6.162  13.989 0.0000000000
75244  41.484  5.607  12.558 0.0000000000
75248  40.735  5.329  11.442 0.0000000000
82530  40.450  17.390  12.504 0.0000000000
81961  39.664  16.280  13.842 0.0000000000
82523  41.124  17.118  13.199 0.0000000000
81951  42.409  16.213  14.480 0.0000000000
81463  42.900  15.148  15.356 0.0000000000
81957  44.876  16.851  13.672 0.0000000000
81471  44.828  16.069  14.764 0.0000000000
80914  43.560  14.536  15.585 0.0000000000
80379  45.301  13.652  16.084 0.0000000000
80378  46.487  13.434  16.549 0.0000000000
79209  47.144  12.327  16.701 0.0000000000
83745  42.311  19.245  14.377 0.0000000000
111860  43.010  18.059  15.947 0.0000000000
82488  43.744  17.269  16.392 0.0000000000
81910  42.022  16.823  17.498 0.0000000000
81909  43.144  16.594  17.376 0.0000000000
81430  44.757  15.687  17.316 0.0000000000
80886  45.857  14.312  17.466 0.0000000000
79791  46.636  12.870  17.420 0.0000000000
106918  47.148  10.994  16.648 0.0000000000
108258  46.743  10.117  16.816 0.0000000000
77888  44.700  8.837  17.126 0.0000000000
77224  44.170  8.055  16.756 0.0000000000
78570  42.048  10.779  17.189 0.0000000000
77890  42.623  9.100  16.819 0.0000000000
76516  42.967  7.286  16.539 0.0000000000
75861  41.674  6.708  16.180 0.0000000000
84403  40.285  20.508  3.572 0.0000000000
83843  42.064  20.412  2.825 0.0000000000
83852  44.230  19.505  2.329 0.0000000000
112724  40.543  21.672  6.537 0.0000000000
84935  42.930  22.614  3.831 0.0000000000
84388  43.400  21.193  3.430 0.0000000000
84387  44.162  20.610  3.021 0.0000000000
83263  44.918  17.807  3.119 0.0000000000
82627  44.997  17.291  4.691 0.0000000000
82614  44.664  16.731  5.695 0.0000000000
96742  43.995  17.263  7.163 0.0000000000
83184  45.440  18.144  8.547 0.0000000000
82576  44.498  17.495  8.684 0.0000000000
94512  42.025  17.659  8.218 0.0000000000
108558  41.494  17.735  9.360 0.0000000000
82538  40.972  17.584  11.582 0.0000000000
81475  39.858  15.485  14.325 0.0000000000
80391  39.355  13.876  13.692 0.0000000000
79830  39.573  12.689  12.556 0.0000000000
79241  41.373  12.347  13.883 0.0000000000
79829  40.342  12.359  12.701 0.0000000000
109205  39.786  11.797  11.558 0.0000000000
78651  39.184  10.849  10.149 0.0000000000
78661  38.800  10.906  8.440 0.0000000000
77949  45.972  10.003  11.258 0.0000000000
77951  44.306  9.835  10.459 0.0000000000
77977  43.270  11.163  9.128 0.0000000000
76580  40.190  7.875  9.754 0.0000000000
77978  41.518  10.893  8.440 0.0000000000
72235  45.420  1.499  15.629 0.0000000000
73024  45.039  1.952  13.811 0.0000000000
103534  38.680  17.046  12.537 0.0000000000
81965  38.351  16.325  12.905 0.0000000000
81964  39.140  16.710  13.152 0.0000000000
113191  38.930  17.795  11.425 0.0000000000
82540  38.893  17.474  12.032 0.0000000000
112848  38.430  17.271  12.110 0.0000000000
73737  43.196  3.947  16.168 0.0000000000
83771  43.028  19.500  12.530 0.0000000000
83759  43.859  19.106  13.066 0.0000000000
83778  43.445  19.532  11.671 0.0000000000
78592  47.260  10.873  15.380 0.0000000000
78604  47.138  10.670  14.202 0.0000000000
78609  47.378  10.222  13.597 0.0000000000
101534  34.825  13.174  11.573 0.0000000000
109927  35.253  13.727  11.558 0.0000000000
78638  37.715  11.003  11.080 0.0000000000
79272  39.072  11.702  11.444 0.0000000000
82606  41.677  17.669  6.392 0.0000000000
111900  41.140  17.922  6.938 0.0000000000
112470  34.773  14.819  11.543 0.0000000000
99511  39.072  22.397  14.042 0.0000000000
114109  39.077  22.466  12.509 0.0000000000
84339  39.107  21.323  12.341 0.0000000000
76524  44.060  6.939  15.926 0.0000000000
76523  44.548  7.440  15.436 0.0000000000
73771  42.428  3.281  11.799 0.0000000000
82487  44.807  16.963  15.771 0.0000000000
81935  45.343  16.356  15.320 0.0000000000
97844  42.300  13.857  17.496 0.0000000000
80358  43.184  13.288  17.582 0.0000000000
79794  42.906  12.467  17.548 0.0000000000
98180  43.592  11.908  17.557 0.0000000000
77893  40.010  10.109  16.077 0.0000000000
85968  42.290  23.929  3.891 0.0000000000
85453  41.806  23.206  3.780 0.0000000000
111955  42.495  23.020  3.718 0.0000000000
85956  39.736  22.837  7.996 0.0000000000
85438  39.724  22.248  7.719 0.0000000000
83805  43.976  19.343  8.014 0.0000000000
109531  45.214  17.797  6.572 0.0000000000
83803  44.987  18.376  7.227 0.0000000000
82535  44.826  17.712  11.263 0.0000000000
82546  45.001  17.768  10.459 0.0000000000
82536  43.633  17.455  11.425 0.0000000000
80915  42.456  14.347  15.412 0.0000000000
80916  41.622  14.307  15.212 0.0000000000
80382  41.959  13.516  15.277 0.0000000000
79286  43.335  11.730  9.661 0.0000000000
79270  42.597  11.694  10.230 0.0000000000
79287  42.667  12.037  9.186 0.0000000000
78659  41.688  11.565  8.652 0.0000000000
76565  41.668  7.706  11.672 0.0000000000
76566  40.990  7.603  11.216 0.0000000000
81481  37.314  15.470  12.307 0.0000000000
80923  38.252  14.757  13.010 0.0000000000
80925  37.627  14.703  12.432 0.0000000000
80392  38.710  14.026  13.060 0.0000000000
82564  40.884  17.913  9.339 0.0000000000
83172  40.358  18.145  8.981 0.0000000000
82551  38.523  18.107  10.906 0.0000000000
83174  38.598  18.682  9.477 0.0000000000
81969  37.201  16.630  11.934 0.0000000000
82542  36.738  17.012  11.559 0.0000000000
81485  36.121  15.611  11.613 0.0000000000
110381  43.056  5.667  16.337 0.0000000000
73754  43.116  3.202  14.794 0.0000000000
73025  43.000  2.779  13.640 0.0000000000
73035  43.887  2.527  13.044 0.0000000000
83856  39.288  19.259  2.282 0.0000000000
83154  45.200  18.061  11.797 0.0000000000
96584  45.122  17.842  12.487 0.0000000000
110272  44.895  18.355  12.575 0.0000000000
83114  44.565  18.021  14.909 0.0000000000
81921  39.351  17.049  16.979 0.0000000000
80891  39.549  14.425  16.934 0.0000000000
80890  40.347  14.311  17.199 0.0000000000
79796  40.784  12.653  17.373 0.0000000000
79802  38.921  12.483  16.981 0.0000000000
79213  38.672  11.780  16.735 0.0000000000
84350  40.363  20.621  9.455 0.0000000000
107409  44.958  19.104  9.356 0.0000000000
109015  44.303  19.448  9.808 0.0000000000
83777  44.558  19.116  11.441 0.0000000000
83776  45.138  18.396  11.257 0.0000000000
83157  45.300  18.052  11.140 0.0000000000
79815  44.218  12.733  15.666 0.0000000000
79230  43.433  12.143  15.228 0.0000000000
78612  44.831  11.089  12.576 0.0000000000
78637  45.084  11.114  10.792 0.0000000000
79268  44.200  11.398  10.348 0.0000000000
78636  44.903  11.077  10.380 0.0000000000
78642  34.067  10.432  11.296 0.0000000000
80936  36.819  14.029  11.790 0.0000000000
80414  36.371  13.196  11.592 0.0000000000
79274  37.232  11.637  11.401 0.0000000000
79275  36.294  11.608  11.431 0.0000000000
78654  36.314  10.303  10.680 0.0000000000
77969  35.664  9.912  10.374 0.0000000000
78663  36.996  10.161  9.997 0.0000000000
98401  38.106  10.579  8.432 0.0000000000
82025  44.109  16.667  3.897 0.0000000000
82618  40.076  18.004  5.129 0.0000000000
82630  40.625  17.542  4.336 0.0000000000
83253  39.142  18.198  4.973 0.0000000000
83762  39.896  19.906  14.076 0.0000000000
83736  38.703  20.739  16.706 0.0000000000
83109  38.750  19.216  17.096 0.0000000000
87418  41.066  26.340  8.166 0.0000000000
86460  40.757  25.416  9.068 0.0000000000
86461  40.367  24.673  9.576 0.0000000000
97264  40.234  24.162  8.960 0.0000000000
85428  38.999  22.238  11.294 0.0000000000
85946  39.195  22.897  10.688 0.0000000000
85950  39.306  22.887  9.822 0.0000000000
85431  39.122  22.290  10.227 0.0000000000
84901  39.142  21.916  9.834 0.0000000000
77246  46.465  8.542  14.780 0.0000000000
76553  43.973  7.442  13.793 0.0000000000
76561  42.566  7.378  12.717 0.0000000000
95538  42.282  6.699  13.048 0.0000000000
75236  42.727  5.423  14.148 0.0000000000
73766  41.271  4.179  12.078 0.0000000000
74539  41.464  4.706  12.538 0.0000000000
74540  40.992  4.706  11.787 0.0000000000
75245  41.063  5.283  12.058 0.0000000000
74543  40.754  4.718  11.053 0.0000000000
74545  41.131  4.252  9.972 0.0000000000
73790  41.755  3.889  9.857 0.0000000000
81958  43.334  16.704  13.721 0.0000000000
81959  41.815  16.678  13.798 0.0000000000
106441  42.240  15.567  15.030 0.0000000000
81472  43.346  15.804  14.942 0.0000000000
81956  45.391  17.048  13.850 0.0000000000
106672  45.179  15.845  15.276 0.0000000000
81462  44.156  15.388  15.386 0.0000000000
80380  43.997  13.690  15.774 0.0000000000
80365  46.709  13.802  16.952 0.0000000000
79813  46.825  12.554  16.405 0.0000000000
79801  47.093  13.053  16.890 0.0000000000
103756  42.297  18.331  16.145 0.0000000000
82489  42.847  17.761  16.546 0.0000000000
81911  41.072  16.947  17.442 0.0000000000
81431  43.622  15.625  17.523 0.0000000000
81908  44.167  16.202  17.280 0.0000000000
106002  44.479  15.150  17.542 0.0000000000
106062  45.364  15.043  17.363 0.0000000000
80887  44.748  14.451  17.691 0.0000000000
79792  45.480  13.071  17.750 0.0000000000
113662  45.973  12.268  17.615 0.0000000000
78565  46.817  11.878  17.197 0.0000000000
78566  46.388  10.690  17.204 0.0000000000
78568  43.825  10.406  17.460 0.0000000000
77882  44.434  9.648  17.381 0.0000000000
114004  44.019  9.178  17.309 0.0000000000
77889  43.638  8.771  17.104 0.0000000000
79201  41.941  11.489  17.371 0.0000000000
79210  41.314  11.116  17.101 0.0000000000
77225  42.989  8.097  16.700 0.0000000000
76517  42.044  7.589  16.333 0.0000000000
85455  38.836  22.494  4.756 0.0000000000
84391  39.846  21.077  4.083 0.0000000000
84401  42.907  21.393  3.049 0.0000000000
84402  41.610  20.906  3.295 0.0000000000
84412  43.381  20.721  2.708 0.0000000000
103207  43.688  19.801  2.230 0.0000000000
83853  44.097  20.494  2.725 0.0000000000
98199  40.321  21.410  7.145 0.0000000000
84368  42.234  20.245  6.044 0.0000000000
84369  41.765  21.178  5.414 0.0000000000
84381  42.898  21.987  4.193 0.0000000000
84389  43.109  21.880  3.768 0.0000000000
83825  44.461  18.815  4.868 0.0000000000
83834  43.620  19.889  4.079 0.0000000000
83833  44.441  19.243  3.624 0.0000000000
83842  44.411  19.741  2.857 0.0000000000
83832  44.762  18.535  3.404 0.0000000000
102299  44.952  17.736  3.862 0.0000000000
83224  45.227  17.557  6.679 0.0000000000
82613  45.324  16.905  6.144 0.0000000000
82604  44.485  16.914  6.440 0.0000000000
83791  45.371  18.551  9.284 0.0000000000
103584  45.456  18.343  8.764 0.0000000000
83171  45.512  18.161  9.170 0.0000000000
82577  43.179  17.456  8.455 0.0000000000
95013  42.200  17.610  8.982 0.0000000000
82548  42.278  17.572  9.856 0.0000000000
82537  42.246  17.493  11.514 0.0000000000
96867  41.594  17.634  10.699 0.0000000000
81953  40.394  16.082  14.295 0.0000000000
80387  39.855  14.055  14.294 0.0000000000
80390  40.090  13.317  14.084 0.0000000000
79826  39.783  12.997  13.310 0.0000000000
79235  42.160  12.074  14.131 0.0000000000
107479  41.970  11.947  13.279 0.0000000000
96006  41.734  11.639  10.314 0.0000000000
94759  40.997  11.780  11.796 0.0000000000
79249  40.092  12.116  12.011 0.0000000000
79288  39.778  11.268  10.800 0.0000000000
79297  40.526  11.387  8.221 0.0000000000
78660  39.608  11.187  8.537 0.0000000000
105536  39.359  11.238  7.683 0.0000000000
78668  38.729  11.071  7.518 0.0000000000
77267  46.371  8.958  12.343 0.0000000000
77937  46.604  9.692  11.904 0.0000000000
77276  46.001  9.319  11.690 0.0000000000
77952  43.199  9.364  10.479 0.0000000000
77965  43.760  10.458  9.804 0.0000000000
77966  43.018  10.051  9.649 0.0000000000
75921  39.484  6.605  8.853 0.0000000000
76574  39.980  7.064  9.951 0.0000000000
76581  39.537  7.209  9.270 0.0000000000
81966  37.608  16.181  12.425 0.0000000000
81478  38.518  15.514  13.343 0.0000000000
82549  40.387  17.856  10.664 0.0000000000
113807  39.705  18.121  10.159 0.0000000000
82550  39.357  18.016  10.849 0.0000000000
74520  43.306  4.494  16.036 0.0000000000
73014  43.532  2.828  15.734 0.0000000000
83148  43.393  19.039  13.950 0.0000000000
81446  38.828  16.122  16.666 0.0000000000
109096  39.102  13.812  16.899 0.0000000000
95229  41.247  20.321  10.190 0.0000000000
107390  41.787  20.129  10.907 0.0000000000
84343  42.489  19.951  10.439 0.0000000000
94911  43.957  19.544  10.685 0.0000000000
79228  45.932  11.824  15.621 0.0000000000
79232  44.978  11.305  15.070 0.0000000000
78605  46.159  11.068  13.934 0.0000000000
96356  46.520  10.623  12.256 0.0000000000
78652  38.202  10.710  10.458 0.0000000000
82616  41.873  17.461  5.399 0.0000000000
82617  40.822  17.912  5.710 0.0000000000
83241  40.111  18.257  5.868 0.0000000000
81972  34.890  16.215  11.336 0.0000000000
81487  34.460  15.488  11.452 0.0000000000
103149  33.831  14.082  11.652 0.0000000000
84332  39.714  20.454  12.954 0.0000000000
110820  39.633  23.972  11.847 0.0000000000
84894  39.107  21.502  11.463 0.0000000000
77232  45.315  8.071  15.628 0.0000000000
77247  45.199  7.900  14.783 0.0000000000
98375  43.814  6.934  14.460 0.0000000000
103622  42.146  4.314  13.472 0.0000000000
73772  41.626  3.700  11.798 0.0000000000
96820  42.020  3.525  11.069 0.0000000000
81948  45.390  16.888  14.429 0.0000000000
81461  45.368  15.833  15.673 0.0000000000
80912  45.729  15.044  16.365 0.0000000000
81444  45.805  15.020  16.621 0.0000000000
80885  46.013  14.748  17.042 0.0000000000
83733  40.890  19.409  15.985 0.0000000000
83133  42.036  18.850  15.409 0.0000000000
82490  41.775  18.327  17.049 0.0000000000
101296  41.765  15.032  17.431 0.0000000000
80888  42.738  14.824  17.517 0.0000000000
108931  44.792  12.102  17.639 0.0000000000
79199  44.297  11.203  17.562 0.0000000000
79200  43.244  11.132  17.474 0.0000000000
78569  42.860  10.508  17.308 0.0000000000
78578  40.593  10.708  16.644 0.0000000000
78577  41.485  10.312  16.722 0.0000000000
77892  40.872  9.820  16.220 0.0000000000
85969  40.310  23.422  4.394 0.0000000000
85454  40.150  22.579  4.379 0.0000000000
84946  42.494  21.820  3.414 0.0000000000
84934  43.030  21.916  3.543 0.0000000000
109195  41.868  20.151  7.659 0.0000000000
83240  45.226  17.790  5.721 0.0000000000
82545  45.383  18.032  10.473 0.0000000000
82561  45.389  18.016  9.731 0.0000000000
82547  43.723  17.494  10.111 0.0000000000
80918  40.900  14.453  14.915 0.0000000000
79822  40.811  12.935  14.455 0.0000000000
79248  42.340  11.626  12.383 0.0000000000
105364  40.985  11.539  9.867 0.0000000000
79293  41.193  11.543  8.725 0.0000000000
78666  40.566  11.245  7.931 0.0000000000
77269  44.040  8.374  12.144 0.0000000000
77279  42.419  8.413  11.343 0.0000000000
97653  36.213  14.795  11.684 0.0000000000
112872  37.282  14.388  12.063 0.0000000000
80396  37.577  13.948  12.070 0.0000000000
79832  38.156  13.234  12.023 0.0000000000
79831  38.931  12.925  12.280 0.0000000000
83185  41.220  17.938  8.013 0.0000000000
82592  40.724  18.124  7.425 0.0000000000
83187  39.784  18.424  8.505 0.0000000000
83173  39.538  18.380  9.378 0.0000000000
82543  36.081  16.982  11.314 0.0000000000
81971  35.715  16.232  11.439 0.0000000000
75859  43.437  6.740  16.318 0.0000000000
75866  43.680  6.398  15.831 0.0000000000
75215  43.479  5.839  15.924 0.0000000000
96081  43.189  4.966  15.303 0.0000000000
73755  42.450  3.561  13.661 0.0000000000
73036  42.747  2.997  12.584 0.0000000000
100985  45.041  17.741  12.508 0.0000000000
82500  45.300  17.405  14.499 0.0000000000
110174  44.957  17.455  15.143 0.0000000000
83108  39.749  19.360  17.359 0.0000000000
83104  40.547  18.848  17.381 0.0000000000
82483  39.943  18.063  17.337 0.0000000000
81912  40.211  17.013  17.291 0.0000000000
102595  40.500  16.109  17.274 0.0000000000
107691  40.691  15.560  17.294 0.0000000000
103141  40.905  15.033  17.310 0.0000000000
80889  41.308  14.187  17.379 0.0000000000
80359  41.423  13.266  17.445 0.0000000000
79795  42.046  12.184  17.481 0.0000000000
113947  41.515  12.583  17.459 0.0000000000
79203  40.299  11.992  17.242 0.0000000000
103240  40.009  11.349  16.845 0.0000000000
78594  39.109  10.425  15.978 0.0000000000
99678  39.586  21.706  8.280 0.0000000000
84349  41.367  20.323  9.243 0.0000000000
84354  41.647  20.233  8.412 0.0000000000
97647  42.724  19.782  8.250 0.0000000000
83804  44.953  18.830  7.854 0.0000000000
79817  42.371  12.934  15.277 0.0000000000
79234  42.901  11.817  14.356 0.0000000000
96676  43.472  11.498  13.851 0.0000000000
79238  44.595  11.256  13.781 0.0000000000
79239  43.800  11.281  12.934 0.0000000000
79247  43.292  11.409  12.157 0.0000000000
112718  43.751  11.416  11.300 0.0000000000
97894  40.160  5.711  10.085 0.0000000000
75910  40.229  6.536  10.418 0.0000000000
77953  34.502  10.034  11.019 0.0000000000
79276  35.378  11.583  11.475 0.0000000000
100437  34.922  9.760  10.429 0.0000000000
77989  36.754  9.967  8.257 0.0000000000
82629  41.778  17.285  4.481 0.0000000000
82642  41.474  17.000  3.541 0.0000000000
106646  40.022  18.401  7.059 0.0000000000
83226  39.722  18.482  6.404 0.0000000000
83772  41.821  19.726  12.782 0.0000000000
83747  40.499  19.564  14.988 0.0000000000
113721  40.353  19.806  15.882 0.0000000000
83734  40.157  20.135  16.792 0.0000000000
82492  38.096  17.988  16.662 0.0000000000
104232  41.203  25.717  8.306 0.0000000000
85953  40.103  23.608  8.318 0.0000000000
85945  39.483  23.726  10.978 0.0000000000
85949  39.749  23.747  9.616 0.0000000000
84904  39.309  21.674  9.197 0.0000000000
84351  39.625  21.021  9.711 0.0000000000
84345  39.431  21.105  10.705 0.0000000000
98327  40.863  20.353  11.180 0.0000000000
94846  47.425  9.927  15.347 0.0000000000
113577  47.610  9.905  14.005 0.0000000000
77914  47.439  9.436  14.526 0.0000000000
77261  46.722  8.730  13.408 0.0000000000
77262  45.486  8.391  13.187 0.0000000000
76552  44.832  7.875  13.933 0.0000000000
77263  44.410  8.084  13.067 0.0000000000
77270  42.968  8.061  12.130 0.0000000000
76562  41.867  7.178  12.340 0.0000000000
75903  41.243  6.981  11.833 0.0000000000
75224  43.585  6.308  14.917 0.0000000000
74530  42.028  5.126  13.302 0.0000000000
75237  42.109  5.942  13.213 0.0000000000
101207  40.963  6.071  11.846 0.0000000000
109226  40.469  5.945  10.995 0.0000000000
112115  40.502  5.290  10.750 0.0000000000
82524  40.019  17.024  13.276 0.0000000000
81960  40.670  16.597  13.818 0.0000000000
81952  41.219  16.218  14.360 0.0000000000
103566  41.575  15.783  14.743 0.0000000000
81464  42.085  14.938  15.280 0.0000000000
81949  45.235  16.677  14.285 0.0000000000
79814  45.557  12.664  15.948 0.0000000000
79227  47.130  11.764  16.045 0.0000000000
79226  47.189  11.540  16.292 0.0000000000
83132  42.989  18.837  14.680 0.0000000000
83115  43.258  18.399  15.334 0.0000000000
108745  41.168  18.485  17.324 0.0000000000
101104  41.565  17.740  17.366 0.0000000000
81920  43.218  17.165  16.976 0.0000000000
105482  44.190  16.674  16.748 0.0000000000
81907  44.936  16.091  16.932 0.0000000000
80356  45.470  13.863  17.750 0.0000000000
80355  46.279  13.647  17.502 0.0000000000
80354  46.873  13.370  17.105 0.0000000000
79790  47.139  12.653  17.020 0.0000000000
79208  47.159  11.971  16.810 0.0000000000
78591  47.364  10.580  15.738 0.0000000000
77899  47.159  10.051  16.169 0.0000000000
77887  46.484  9.336  16.519 0.0000000000
77881  45.731  9.626  17.160 0.0000000000
77222  45.648  8.864  16.750 0.0000000000
77223  45.072  8.311  16.409 0.0000000000
107965  42.510  11.140  17.387 0.0000000000
78576  42.338  9.978  16.927 0.0000000000
75860  42.614  6.738  16.443 0.0000000000
75207  42.454  6.051  16.397 0.0000000000
102672  41.643  5.893  16.225 0.0000000000
83844  40.747  19.974  3.074 0.0000000000
103618  41.351  19.604  2.533 0.0000000000
83854  42.486  19.682  2.323 0.0000000000
83271  43.833  18.698  1.629 0.0000000000
84909  39.886  21.776  7.557 0.0000000000
84914  40.257  22.082  6.785 0.0000000000
84370  40.815  21.161  6.447 0.0000000000
84923  42.745  22.624  4.219 0.0000000000
94249  42.851  23.049  3.857 0.0000000000
83269  44.666  17.810  2.497 0.0000000000
82044  44.709  17.170  2.750 0.0000000000
82628  44.597  16.869  4.842 0.0000000000
83239  45.374  17.198  5.651 0.0000000000
109761  45.170  16.884  5.558 0.0000000000
82605  42.961  17.383  6.845 0.0000000000
82590  42.974  17.454  7.672 0.0000000000
83795  45.389  18.304  8.063 0.0000000000
83205  45.279  17.949  7.585 0.0000000000
82588  45.149  17.759  8.097 0.0000000000
82575  45.360  17.908  8.956 0.0000000000
82589  44.233  17.403  7.848 0.0000000000
94176  41.127  17.784  9.927 0.0000000000
81477  39.134  15.490  13.875 0.0000000000
80919  40.182  14.652  14.567 0.0000000000
80920  39.460  14.724  14.163 0.0000000000
80394  39.161  13.343  12.903 0.0000000000
79848  39.354  12.340  11.934 0.0000000000
79821  41.681  12.698  14.845 0.0000000000
96479  41.332  12.012  12.749 0.0000000000
106987  38.727  10.698  9.543 0.0000000000
77936  47.076  10.128  12.510 0.0000000000
78618  46.360  10.334  11.680 0.0000000000
77277  44.983  9.311  11.268 0.0000000000
77950  45.170  10.411  10.663 0.0000000000
77964  44.491  10.864  10.078 0.0000000000
77976  43.856  11.342  9.621 0.0000000000
98299  42.483  11.556  8.777 0.0000000000
76573  40.466  7.341  10.551 0.0000000000
77281  40.829  8.159  10.529 0.0000000000
77292  41.401  8.933  10.101 0.0000000000
77302  39.567  8.118  8.820 0.0000000000
112845  40.767  8.666  9.821 0.0000000000
77967  42.196  10.207  9.270 0.0000000000
77986  41.079  11.251  8.193 0.0000000000
73013  44.158  1.980  15.595 0.0000000000
72248  45.645  1.619  14.711 0.0000000000
72249  44.234  2.126  14.332 0.0000000000
73764  42.099  3.415  12.353 0.0000000000
73773  41.114  4.187  11.426 0.0000000000
73782  41.032  4.245  10.702 0.0000000000
74546  40.561  4.837  10.193 0.0000000000
77245  47.233  8.896  13.999 0.0000000000
77928  46.948  9.397  12.613 0.0000000000
78635  45.587  10.695  10.995 0.0000000000
79292  42.432  12.033  8.970 0.0000000000
80899  46.169  14.483  16.833 0.0000000000
83270  44.350  18.306  1.989 0.0000000000
83841  44.617  18.699  2.694 0.0000000000
107561  43.796  11.510  9.699 0.0000000000
110437  43.060  11.941  14.908 0.0000000000
