#!ascii label  , from subject sub-v2s9x29157_ses-1 vox2ras=TkReg
1322
92673  43.427  12.941  -15.638 0.0000000000
94693  45.858  16.594  -3.220 0.0000000000
91767  45.269  13.496  0.777 0.0000000000
92692  35.912  12.669  -16.058 0.0000000000
116551  39.161  12.918  -9.989 0.0000000000
94800  48.041  16.168  -10.947 0.0000000000
119396  39.363  22.701  1.780 0.0000000000
95409  38.435  17.207  -4.909 0.0000000000
90966  48.656  10.886  4.987 0.0000000000
88166  44.152  7.106  -0.255 0.0000000000
91876  51.695  12.437  -8.919 0.0000000000
92564  45.504  13.376  -6.700 0.0000000000
94676  48.399  16.856  -0.982 0.0000000000
93887  42.385  15.014  5.789 0.0000000000
136416  42.744  23.418  -9.714 0.0000000000
96178  47.199  18.208  -9.129 0.0000000000
118369  40.529  11.439  -3.622 0.0000000000
93396  39.837  13.897  -16.266 0.0000000000
91917  37.984  12.410  -14.174 0.0000000000
92651  41.119  12.761  -12.172 0.0000000000
93365  46.692  14.192  -14.641 0.0000000000
93368  41.493  15.202  -13.824 0.0000000000
99633  36.890  23.889  1.354 0.0000000000
88903  48.221  8.198  8.320 0.0000000000
87243  48.306  6.804  4.376 0.0000000000
133373  49.619  4.109  4.720 0.0000000000
100413  47.028  25.085  -15.105 0.0000000000
93292  49.516  14.859  -5.775 0.0000000000
133107  51.050  13.878  -4.086 0.0000000000
95393  48.098  18.812  -2.421 0.0000000000
97440  42.366  21.539  7.540 0.0000000000
95329  40.767  17.535  3.705 0.0000000000
94570  42.698  18.103  9.727 0.0000000000
93138  43.669  14.340  9.429 0.0000000000
94708  42.465  16.165  -4.598 0.0000000000
95432  43.317  17.308  -7.277 0.0000000000
94037  46.975  15.624  -7.156 0.0000000000
94068  50.816  14.988  -9.737 0.0000000000
92531  45.470  13.678  -2.978 0.0000000000
92547  42.940  13.285  -4.750 0.0000000000
91789  42.262  12.646  -1.554 0.0000000000
91117  36.382  11.613  -10.376 0.0000000000
91092  37.970  11.243  -8.022 0.0000000000
113628  48.614  19.680  -11.300 0.0000000000
96229  45.702  18.910  -11.117 0.0000000000
96829  41.157  19.672  -1.918 0.0000000000
97531  43.416  21.442  -1.988 0.0000000000
132712  35.342  22.881  -4.029 0.0000000000
96848  36.720  19.586  -6.350 0.0000000000
96120  38.042  18.532  -1.768 0.0000000000
92474  47.603  13.114  2.921 0.0000000000
91019  43.951  11.086  1.292 0.0000000000
89654  46.432  9.230  3.070 0.0000000000
87279  46.118  5.920  0.074 0.0000000000
91913  47.460  12.615  -14.026 0.0000000000
92631  44.757  12.847  -11.160 0.0000000000
91867  47.691  12.585  -8.591 0.0000000000
114387  48.242  13.500  -3.673 0.0000000000
93970  45.947  16.072  0.109 0.0000000000
96098  43.410  18.461  -0.982 0.0000000000
127998  43.323  15.978  1.094 0.0000000000
93917  45.509  15.282  3.195 0.0000000000
93163  45.693  14.350  6.146 0.0000000000
91651  46.869  10.805  9.534 0.0000000000
99809  43.688  23.539  -14.277 0.0000000000
99765  46.074  23.527  -11.288 0.0000000000
130730  44.472  20.803  -9.058 0.0000000000
97594  48.196  20.909  -9.758 0.0000000000
96224  50.891  17.985  -10.936 0.0000000000
92659  49.629  13.894  -12.556 0.0000000000
92603  42.209  13.963  -8.878 0.0000000000
91849  39.744  13.039  -6.854 0.0000000000
90383  39.162  10.409  -6.504 0.0000000000
89687  41.434  9.460  -1.161 0.0000000000
92687  42.071  13.692  -16.407 0.0000000000
92676  40.769  12.671  -14.861 0.0000000000
92662  42.713  12.394  -13.775 0.0000000000
93393  44.934  14.043  -16.331 0.0000000000
93366  43.590  14.808  -14.735 0.0000000000
93383  43.038  14.361  -15.963 0.0000000000
129631  41.459  14.376  -16.245 0.0000000000
117978  47.762  7.938  7.518 0.0000000000
86300  49.156  5.981  6.780 0.0000000000
85444  47.847  4.529  5.648 0.0000000000
133078  36.748  8.662  -7.579 0.0000000000
115025  48.204  15.608  -4.795 0.0000000000
93997  49.556  16.230  -3.704 0.0000000000
94684  46.572  17.540  -2.817 0.0000000000
96031  41.442  20.319  8.372 0.0000000000
96030  42.941  20.101  8.646 0.0000000000
94000  44.475  15.917  -3.800 0.0000000000
94716  44.420  15.898  -5.464 0.0000000000
94010  46.440  15.688  -4.570 0.0000000000
94027  48.593  14.972  -6.427 0.0000000000
93253  44.653  13.969  -1.141 0.0000000000
92520  43.744  13.417  -2.446 0.0000000000
91779  43.829  13.132  -0.196 0.0000000000
92679  35.274  12.668  -14.909 0.0000000000
91932  35.653  11.795  -15.390 0.0000000000
91905  38.193  12.478  -11.441 0.0000000000
135862  37.165  12.167  -12.001 0.0000000000
91895  37.552  12.244  -10.715 0.0000000000
91103  36.871  11.160  -8.759 0.0000000000
91871  37.894  12.129  -8.945 0.0000000000
126922  47.902  17.989  -11.208 0.0000000000
96910  46.550  19.256  -11.647 0.0000000000
95472  46.350  17.374  -10.598 0.0000000000
93388  37.479  14.042  -14.841 0.0000000000
93390  35.850  13.656  -13.957 0.0000000000
97503  39.545  20.873  0.427 0.0000000000
97502  41.012  21.295  0.224 0.0000000000
98991  40.320  22.518  1.808 0.0000000000
98993  37.932  23.008  1.468 0.0000000000
136679  36.776  21.272  0.117 0.0000000000
97504  38.383  20.804  0.410 0.0000000000
96119  39.087  18.609  -1.673 0.0000000000
91712  48.585  12.279  4.234 0.0000000000
90320  47.618  11.092  2.967 0.0000000000
89643  48.575  10.062  4.341 0.0000000000
86333  48.541  4.899  3.180 0.0000000000
86348  46.535  5.801  2.271 0.0000000000
86389  48.151  5.547  -0.052 0.0000000000
126995  48.505  12.773  -11.762 0.0000000000
128344  47.742  12.662  -10.579 0.0000000000
120127  49.443  12.212  -8.747 0.0000000000
93272  50.432  15.131  -2.609 0.0000000000
133624  50.063  13.270  -4.114 0.0000000000
93991  48.586  15.425  -1.865 0.0000000000
93275  46.937  14.368  -2.319 0.0000000000
93968  47.328  16.480  -0.700 0.0000000000
127347  42.360  20.993  0.514 0.0000000000
96117  43.822  20.086  -1.603 0.0000000000
96086  41.547  18.850  0.341 0.0000000000
93905  40.861  16.214  4.426 0.0000000000
136634  41.135  15.935  1.932 0.0000000000
93920  42.485  15.245  3.250 0.0000000000
93950  43.857  15.677  1.798 0.0000000000
93214  44.186  14.921  4.065 0.0000000000
93194  45.956  14.770  4.710 0.0000000000
93165  43.729  14.579  6.571 0.0000000000
92368  43.884  12.956  12.022 0.0000000000
92381  45.088  12.523  10.432 0.0000000000
121004  43.084  23.439  -11.918 0.0000000000
126929  44.593  23.522  -12.712 0.0000000000
127380  43.899  23.522  -10.206 0.0000000000
129661  37.457  18.378  -5.674 0.0000000000
96855  38.950  19.715  -7.281 0.0000000000
96167  39.851  18.336  -6.741 0.0000000000
95448  44.870  17.737  -8.172 0.0000000000
96180  43.581  18.922  -8.287 0.0000000000
96858  46.045  18.990  -9.056 0.0000000000
97596  46.141  20.963  -9.397 0.0000000000
96872  48.398  19.837  -9.499 0.0000000000
96870  49.902  19.484  -9.902 0.0000000000
95459  50.374  18.025  -9.804 0.0000000000
92598  51.982  13.227  -9.524 0.0000000000
93349  51.627  14.510  -11.346 0.0000000000
92629  50.183  13.559  -11.816 0.0000000000
91900  48.836  13.240  -13.332 0.0000000000
92601  45.474  13.738  -8.807 0.0000000000
114218  43.906  13.749  -9.740 0.0000000000
92580  44.392  14.133  -7.637 0.0000000000
91813  41.341  12.599  -4.449 0.0000000000
92559  41.588  13.383  -5.834 0.0000000000
91825  40.340  12.566  -5.494 0.0000000000
91080  39.096  11.349  -6.386 0.0000000000
90374  39.517  10.503  -4.723 0.0000000000
128925  43.651  8.907  1.192 0.0000000000
90347  42.572  10.619  0.356 0.0000000000
88168  42.903  8.262  -0.742 0.0000000000
93398  37.608  13.258  -15.554 0.0000000000
91931  36.432  11.919  -15.688 0.0000000000
91929  38.641  12.675  -15.136 0.0000000000
92665  39.694  12.729  -12.881 0.0000000000
92652  39.690  12.729  -11.638 0.0000000000
94098  46.682  15.225  -11.345 0.0000000000
93386  39.351  14.248  -15.626 0.0000000000
89619  48.683  9.226  7.480 0.0000000000
89631  48.794  9.149  5.231 0.0000000000
88109  49.334  7.312  5.931 0.0000000000
86323  49.748  4.750  4.949 0.0000000000
93300  51.747  12.863  -7.489 0.0000000000
91844  51.703  12.303  -7.086 0.0000000000
123058  51.095  13.772  -4.990 0.0000000000
93988  50.458  16.090  -2.809 0.0000000000
95387  48.961  18.022  -1.814 0.0000000000
117565  42.452  20.784  4.527 0.0000000000
96065  41.343  19.111  2.879 0.0000000000
117770  42.064  19.222  5.595 0.0000000000
120634  41.798  17.298  6.839 0.0000000000
93875  41.807  15.841  7.191 0.0000000000
93150  43.166  14.629  7.657 0.0000000000
93856  42.550  15.721  9.718 0.0000000000
93841  42.834  15.204  11.768 0.0000000000
92370  42.175  13.554  12.090 0.0000000000
99102  41.083  22.948  -9.059 0.0000000000
94711  39.820  16.599  -4.487 0.0000000000
134644  41.146  17.205  -6.336 0.0000000000
115039  43.139  16.338  -5.837 0.0000000000
94727  44.797  16.416  -6.826 0.0000000000
94750  46.649  16.667  -8.292 0.0000000000
94749  48.383  16.610  -9.074 0.0000000000
94052  48.189  15.179  -7.950 0.0000000000
93302  49.650  14.445  -7.422 0.0000000000
129329  45.509  13.205  -4.760 0.0000000000
92566  44.054  13.672  -6.165 0.0000000000
133744  44.410  13.350  -3.925 0.0000000000
92521  42.896  13.093  -2.829 0.0000000000
91796  41.619  12.311  -2.762 0.0000000000
88185  45.705  7.093  -2.553 0.0000000000
117017  43.886  7.431  -2.029 0.0000000000
91119  34.568  11.144  -11.186 0.0000000000
91919  36.658  11.949  -13.514 0.0000000000
91123  36.248  11.735  -11.410 0.0000000000
90420  34.944  11.012  -10.000 0.0000000000
90412  36.160  10.798  -8.964 0.0000000000
90404  36.519  10.489  -8.278 0.0000000000
136924  37.526  9.812  -7.602 0.0000000000
97637  47.283  20.336  -13.058 0.0000000000
96933  45.957  19.746  -12.405 0.0000000000
95396  43.281  18.298  -2.620 0.0000000000
134295  44.827  19.506  -2.473 0.0000000000
133945  42.778  20.926  -2.192 0.0000000000
97501  42.152  21.209  0.297 0.0000000000
98240  42.653  22.219  1.989 0.0000000000
98208  42.449  22.546  4.545 0.0000000000
98205  42.309  22.120  7.082 0.0000000000
97566  34.801  20.440  -5.234 0.0000000000
96837  35.274  19.228  -4.468 0.0000000000
95406  36.928  17.574  -4.058 0.0000000000
95399  38.100  17.345  -3.204 0.0000000000
133980  39.791  17.449  -2.648 0.0000000000
127705  41.328  17.689  -2.595 0.0000000000
91755  46.464  13.085  1.924 0.0000000000
91757  44.925  12.474  1.122 0.0000000000
91002  46.170  11.625  2.120 0.0000000000
90323  45.412  10.087  2.360 0.0000000000
88151  44.680  7.597  1.680 0.0000000000
88127  47.101  7.848  3.532 0.0000000000
88136  45.880  7.297  2.612 0.0000000000
87291  45.365  6.378  -0.311 0.0000000000
91915  45.695  12.720  -15.360 0.0000000000
91903  44.533  12.276  -13.453 0.0000000000
91892  45.620  12.506  -11.868 0.0000000000
130460  46.201  13.135  -10.064 0.0000000000
115500  46.975  12.710  -6.948 0.0000000000
91833  49.923  11.815  -6.400 0.0000000000
91834  47.834  12.322  -6.378 0.0000000000
91810  46.935  12.842  -5.050 0.0000000000
92517  46.562  13.780  -2.949 0.0000000000
93265  45.472  14.427  -1.344 0.0000000000
93247  45.688  15.337  0.365 0.0000000000
96825  46.361  19.986  -2.205 0.0000000000
96114  46.614  20.025  -1.874 0.0000000000
96095  46.950  18.973  -1.198 0.0000000000
95354  40.643  17.293  1.568 0.0000000000
94664  42.533  16.862  0.069 0.0000000000
94662  45.371  16.989  0.026 0.0000000000
94648  44.763  16.490  0.539 0.0000000000
119385  45.339  15.652  1.843 0.0000000000
130077  46.261  14.670  1.987 0.0000000000
93212  46.889  14.714  3.549 0.0000000000
115899  47.468  14.030  4.700 0.0000000000
91695  47.245  12.878  5.957 0.0000000000
132324  44.147  14.345  8.309 0.0000000000
91673  46.355  12.704  7.561 0.0000000000
91650  47.055  11.517  8.147 0.0000000000
90265  47.372  9.631  9.462 0.0000000000
100405  45.054  24.199  -14.904 0.0000000000
99793  46.095  24.210  -13.013 0.0000000000
131488  47.535  24.164  -12.201 0.0000000000
96165  41.869  18.242  -7.423 0.0000000000
99085  43.924  22.557  -8.992 0.0000000000
98357  44.988  22.386  -9.274 0.0000000000
99098  46.592  22.890  -9.979 0.0000000000
98364  47.301  22.074  -10.834 0.0000000000
97605  48.253  21.150  -10.350 0.0000000000
96226  49.330  19.108  -11.158 0.0000000000
114161  49.647  17.427  -11.458 0.0000000000
136998  51.354  16.833  -10.767 0.0000000000
115142  51.097  16.227  -11.531 0.0000000000
94097  49.054  15.367  -11.537 0.0000000000
124584  48.609  13.779  -13.991 0.0000000000
91925  47.658  13.510  -15.586 0.0000000000
92649  42.591  12.743  -12.032 0.0000000000
92634  41.729  13.134  -10.474 0.0000000000
92620  40.617  13.468  -9.337 0.0000000000
118810  42.827  14.123  -7.173 0.0000000000
92583  41.143  13.788  -7.729 0.0000000000
92606  39.552  13.235  -8.445 0.0000000000
91851  38.708  12.240  -7.899 0.0000000000
90394  38.436  10.994  -7.486 0.0000000000
91770  42.642  12.171  -0.166 0.0000000000
91046  41.288  11.213  -1.041 0.0000000000
90364  40.443  10.265  -2.592 0.0000000000
88194  42.640  7.703  -3.028 0.0000000000
89700  40.078  9.442  -3.997 0.0000000000
84494  48.074  3.441  3.723 0.0000000000
113998  49.346  3.732  2.441 0.0000000000
92686  42.973  13.977  -16.520 0.0000000000
92674  42.406  12.836  -15.350 0.0000000000
92684  45.021  13.675  -16.504 0.0000000000
93382  44.163  14.307  -15.971 0.0000000000
92685  44.175  14.029  -16.398 0.0000000000
134661  42.512  14.081  -16.483 0.0000000000
87216  48.317  6.431  6.688 0.0000000000
94706  47.145  16.097  -3.925 0.0000000000
94692  46.836  16.675  -3.290 0.0000000000
94694  44.905  16.467  -3.213 0.0000000000
94012  44.910  15.728  -4.337 0.0000000000
93998  46.177  15.996  -3.806 0.0000000000
94009  47.349  15.690  -4.668 0.0000000000
92499  45.134  14.333  0.040 0.0000000000
92500  44.423  13.686  -0.489 0.0000000000
92490  44.726  13.663  0.168 0.0000000000
91940  35.791  12.478  -16.048 0.0000000000
91933  35.216  11.970  -15.191 0.0000000000
91939  35.836  12.238  -16.093 0.0000000000
91893  38.988  12.734  -11.037 0.0000000000
91894  38.332  12.524  -10.369 0.0000000000
91883  37.725  12.203  -9.756 0.0000000000
91882  38.421  12.561  -9.424 0.0000000000
95491  48.498  17.196  -11.175 0.0000000000
95492  46.814  17.970  -10.851 0.0000000000
94783  47.219  17.007  -10.712 0.0000000000
93399  36.617  13.280  -15.484 0.0000000000
93389  36.639  13.949  -14.388 0.0000000000
92678  35.871  13.201  -15.422 0.0000000000
98243  39.481  21.989  1.401 0.0000000000
98256  40.179  21.456  0.913 0.0000000000
98979  39.990  23.230  2.308 0.0000000000
99631  38.678  23.293  1.902 0.0000000000
120344  37.928  21.526  0.725 0.0000000000
99004  38.476  21.919  1.166 0.0000000000
97518  38.895  20.233  -0.034 0.0000000000
90977  48.614  11.639  4.506 0.0000000000
90304  48.648  10.892  4.183 0.0000000000
122866  48.653  11.086  4.420 0.0000000000
86363  47.815  5.000  1.540 0.0000000000
91888  49.884  12.682  -10.137 0.0000000000
118522  48.643  12.712  -10.267 0.0000000000
91877  50.462  12.311  -9.271 0.0000000000
93979  49.073  16.330  -1.503 0.0000000000
93273  49.243  14.837  -2.439 0.0000000000
93980  47.884  15.951  -1.311 0.0000000000
97473  42.372  20.990  1.889 0.0000000000
119045  42.028  19.997  0.495 0.0000000000
96762  41.801  20.001  2.450 0.0000000000
129873  41.525  15.541  4.732 0.0000000000
93904  41.174  15.698  4.161 0.0000000000
115812  41.956  15.276  4.052 0.0000000000
93215  43.029  14.922  4.181 0.0000000000
93197  43.112  14.774  5.150 0.0000000000
93181  44.134  14.603  5.578 0.0000000000
93182  43.189  14.684  5.919 0.0000000000
91619  43.649  12.231  12.090 0.0000000000
118844  41.662  23.517  -9.949 0.0000000000
121003  42.134  23.445  -11.909 0.0000000000
99768  42.573  23.475  -11.056 0.0000000000
99767  43.485  23.471  -11.032 0.0000000000
99738  43.431  23.387  -9.616 0.0000000000
95420  37.846  17.715  -5.276 0.0000000000
95427  39.089  18.097  -6.315 0.0000000000
95426  39.897  17.639  -6.273 0.0000000000
95446  46.493  17.682  -8.638 0.0000000000
114675  45.686  18.203  -8.585 0.0000000000
96179  46.626  18.585  -9.077 0.0000000000
96873  46.869  19.491  -9.355 0.0000000000
96195  47.681  19.039  -9.376 0.0000000000
96193  49.114  19.235  -9.510 0.0000000000
95460  49.256  18.201  -9.461 0.0000000000
92614  52.054  12.930  -9.571 0.0000000000
128230  51.885  13.300  -10.314 0.0000000000
91887  51.298  12.755  -9.989 0.0000000000
91889  49.376  13.065  -11.166 0.0000000000
124012  45.588  13.652  -8.111 0.0000000000
116457  44.954  14.028  -8.266 0.0000000000
92579  45.205  13.715  -7.492 0.0000000000
91801  40.878  12.024  -3.990 0.0000000000
91814  40.621  12.274  -4.763 0.0000000000
91069  40.204  11.514  -4.341 0.0000000000
91070  39.629  11.207  -4.908 0.0000000000
91063  39.776  10.886  -4.311 0.0000000000
88956  43.618  8.210  0.928 0.0000000000
123531  43.209  8.864  0.642 0.0000000000
88167  43.585  7.616  -0.459 0.0000000000
93397  38.958  13.609  -15.775 0.0000000000
92690  38.204  12.997  -15.466 0.0000000000
131484  39.334  13.298  -15.713 0.0000000000
92664  40.513  12.617  -13.388 0.0000000000
92677  39.732  12.689  -14.772 0.0000000000
132965  40.310  12.729  -12.166 0.0000000000
93354  46.524  14.559  -12.434 0.0000000000
94099  45.698  15.304  -11.418 0.0000000000
93355  45.449  14.714  -12.421 0.0000000000
93367  42.555  15.077  -14.347 0.0000000000
94111  43.980  14.765  -12.918 0.0000000000
93395  40.684  14.219  -16.406 0.0000000000
93385  40.057  14.391  -15.935 0.0000000000
89620  48.237  8.649  8.778 0.0000000000
88902  48.844  8.211  7.705 0.0000000000
88090  48.753  7.479  7.665 0.0000000000
86311  49.411  5.105  6.316 0.0000000000
86310  49.688  5.289  6.049 0.0000000000
85450  49.734  4.434  5.196 0.0000000000
86332  49.464  4.545  4.063 0.0000000000
85459  49.652  3.975  3.778 0.0000000000
100414  45.865  24.790  -15.469 0.0000000000
134143  46.372  25.472  -16.704 0.0000000000
93294  50.676  13.867  -6.635 0.0000000000
93290  51.241  13.305  -5.906 0.0000000000
93291  50.584  14.309  -5.576 0.0000000000
126307  49.060  16.863  -3.220 0.0000000000
93996  50.445  15.875  -3.456 0.0000000000
94682  49.305  17.313  -2.499 0.0000000000
94681  49.875  16.765  -2.329 0.0000000000
95392  48.682  18.386  -2.132 0.0000000000
96733  42.994  21.096  7.136 0.0000000000
96740  42.370  20.171  5.147 0.0000000000
95299  42.790  18.861  8.988 0.0000000000
119278  42.729  19.141  7.899 0.0000000000
94576  42.037  16.874  7.951 0.0000000000
93865  42.305  16.507  9.176 0.0000000000
93850  42.043  16.311  11.101 0.0000000000
93842  42.259  15.647  11.633 0.0000000000
93124  42.686  14.736  12.103 0.0000000000
93125  41.929  15.010  11.946 0.0000000000
94709  41.550  16.290  -4.425 0.0000000000
94719  41.157  16.445  -5.047 0.0000000000
122914  43.016  16.171  -5.168 0.0000000000
94030  45.957  15.777  -6.184 0.0000000000
94021  45.079  15.953  -6.009 0.0000000000
94726  45.510  16.168  -6.790 0.0000000000
94751  45.975  16.441  -7.685 0.0000000000
130179  46.562  16.082  -7.692 0.0000000000
94735  47.318  15.779  -8.034 0.0000000000
94018  48.679  15.271  -5.432 0.0000000000
94035  48.683  14.811  -7.279 0.0000000000
93295  49.574  14.555  -6.546 0.0000000000
93301  50.935  13.663  -7.692 0.0000000000
92544  45.311  13.325  -3.993 0.0000000000
92532  44.555  13.490  -3.245 0.0000000000
92512  42.864  13.081  -1.936 0.0000000000
91799  42.181  12.777  -3.211 0.0000000000
91790  41.690  12.229  -1.967 0.0000000000
91125  33.949  10.981  -12.934 0.0000000000
91124  35.229  11.453  -12.007 0.0000000000
116099  37.095  12.028  -14.592 0.0000000000
136639  36.305  11.734  -14.883 0.0000000000
91918  37.446  12.308  -13.237 0.0000000000
130816  36.889  11.972  -10.894 0.0000000000
91118  35.567  11.392  -10.736 0.0000000000
91111  35.842  11.166  -9.754 0.0000000000
91102  37.560  11.525  -8.575 0.0000000000
90403  37.288  10.844  -8.197 0.0000000000
90396  37.011  10.140  -7.859 0.0000000000
90395  37.828  10.493  -7.737 0.0000000000
97616  48.259  20.530  -11.203 0.0000000000
97636  47.610  20.399  -12.117 0.0000000000
96911  45.602  19.420  -11.634 0.0000000000
96934  44.955  19.758  -11.912 0.0000000000
123198  42.017  18.712  -2.473 0.0000000000
96135  42.798  19.265  -2.511 0.0000000000
96828  42.079  20.446  -2.122 0.0000000000
97516  41.555  21.065  -0.506 0.0000000000
98241  42.328  21.792  1.267 0.0000000000
98956  42.555  23.359  4.199 0.0000000000
98209  41.979  22.411  6.265 0.0000000000
131433  34.525  21.505  -5.662 0.0000000000
98322  34.650  21.211  -4.538 0.0000000000
96835  35.026  19.775  -4.085 0.0000000000
96145  35.367  18.992  -3.749 0.0000000000
96147  36.283  18.075  -4.279 0.0000000000
96795  37.183  19.743  -0.684 0.0000000000
96121  37.077  18.635  -1.910 0.0000000000
96140  37.562  18.028  -2.530 0.0000000000
121854  38.834  16.945  -3.486 0.0000000000
96139  38.522  17.949  -2.352 0.0000000000
96118  40.116  18.924  -1.711 0.0000000000
96137  40.509  18.228  -2.275 0.0000000000
95397  42.308  17.787  -2.647 0.0000000000
92475  46.967  13.545  2.415 0.0000000000
91741  46.060  12.394  1.755 0.0000000000
91740  46.906  12.482  2.302 0.0000000000
90321  47.151  10.102  3.203 0.0000000000
90322  46.390  10.760  2.566 0.0000000000
89655  45.566  9.212  2.556 0.0000000000
88941  44.751  9.337  2.065 0.0000000000
88940  44.989  8.454  2.227 0.0000000000
88110  48.800  7.594  4.995 0.0000000000
88917  48.546  8.458  4.665 0.0000000000
88126  47.876  7.735  4.179 0.0000000000
86364  46.460  5.613  1.525 0.0000000000
87256  46.424  6.460  2.704 0.0000000000
86365  45.636  6.060  1.225 0.0000000000
87272  44.998  6.650  1.279 0.0000000000
87280  45.385  6.199  0.566 0.0000000000
87301  46.047  6.533  -1.050 0.0000000000
87290  46.598  6.186  -0.595 0.0000000000
91914  46.558  12.612  -14.649 0.0000000000
115889  45.536  12.300  -13.399 0.0000000000
91902  46.769  12.443  -12.287 0.0000000000
91879  47.643  12.737  -9.610 0.0000000000
91880  46.837  12.952  -10.094 0.0000000000
91868  46.865  12.971  -9.021 0.0000000000
91848  46.938  12.762  -7.981 0.0000000000
91831  51.274  12.498  -5.728 0.0000000000
91832  51.187  12.129  -6.311 0.0000000000
91819  50.343  12.177  -5.515 0.0000000000
92541  48.869  13.042  -4.288 0.0000000000
91808  48.943  12.442  -5.064 0.0000000000
91809  47.844  12.782  -4.729 0.0000000000
91821  47.825  12.496  -5.495 0.0000000000
92543  47.027  13.126  -4.337 0.0000000000
92529  47.292  13.483  -3.580 0.0000000000
93264  46.368  14.806  -1.563 0.0000000000
93982  45.949  15.257  -0.639 0.0000000000
122431  45.187  14.469  -0.486 0.0000000000
96133  44.358  20.372  -2.448 0.0000000000
96132  45.562  19.167  -2.519 0.0000000000
135460  44.282  20.766  -2.358 0.0000000000
136583  43.150  19.487  -1.169 0.0000000000
96115  45.582  20.214  -1.949 0.0000000000
96097  44.603  19.064  -1.404 0.0000000000
96096  45.870  18.991  -1.254 0.0000000000
121211  44.090  17.819  -0.772 0.0000000000
96052  40.914  18.297  3.240 0.0000000000
96066  40.797  18.317  1.977 0.0000000000
95340  40.596  17.442  2.616 0.0000000000
93952  41.695  15.961  1.437 0.0000000000
116361  41.462  16.493  0.894 0.0000000000
94639  42.385  16.259  0.777 0.0000000000
94663  44.311  17.063  -0.233 0.0000000000
94649  43.517  16.497  0.339 0.0000000000
94638  44.261  16.116  1.124 0.0000000000
93934  44.284  15.476  2.674 0.0000000000
133765  44.736  15.710  2.133 0.0000000000
93933  45.169  15.527  2.570 0.0000000000
93241  45.852  15.219  1.702 0.0000000000
93230  45.941  15.243  2.454 0.0000000000
93229  46.665  14.530  2.635 0.0000000000
93213  46.300  15.065  3.126 0.0000000000
93179  46.068  14.487  5.445 0.0000000000
93178  46.776  14.433  5.004 0.0000000000
92425  46.402  14.140  5.835 0.0000000000
92424  47.086  13.777  5.436 0.0000000000
92403  46.629  13.419  6.345 0.0000000000
93139  42.864  14.801  8.795 0.0000000000
135035  45.990  11.260  10.526 0.0000000000
123002  45.522  12.604  9.366 0.0000000000
92390  45.946  12.543  8.557 0.0000000000
90935  47.535  10.628  8.413 0.0000000000
129989  42.092  23.348  -13.651 0.0000000000
99811  41.881  23.411  -14.609 0.0000000000
99810  42.783  23.414  -14.434 0.0000000000
99822  44.174  23.792  -14.810 0.0000000000
99779  45.288  23.566  -11.974 0.0000000000
130376  45.482  23.775  -12.648 0.0000000000
99778  46.481  24.028  -12.159 0.0000000000
100376  47.306  24.275  -12.259 0.0000000000
99764  46.966  23.799  -11.700 0.0000000000
95423  42.540  17.142  -6.826 0.0000000000
96158  41.272  17.675  -6.833 0.0000000000
95433  42.615  17.775  -7.405 0.0000000000
96860  44.135  19.466  -8.586 0.0000000000
122665  43.499  19.801  -8.511 0.0000000000
97585  43.635  20.714  -8.746 0.0000000000
98342  44.257  21.586  -9.040 0.0000000000
97584  45.150  21.359  -9.268 0.0000000000
97595  47.292  21.037  -9.577 0.0000000000
98355  46.861  21.820  -9.682 0.0000000000
99097  47.101  22.295  -9.977 0.0000000000
99111  46.968  22.681  -10.390 0.0000000000
98360  47.578  21.806  -10.089 0.0000000000
98353  48.338  21.067  -9.943 0.0000000000
96205  50.447  18.929  -10.217 0.0000000000
96907  49.988  19.201  -10.498 0.0000000000
96225  50.463  18.473  -10.721 0.0000000000
95490  49.201  18.191  -11.389 0.0000000000
95489  50.439  17.914  -11.285 0.0000000000
127496  50.085  15.751  -9.660 0.0000000000
94766  50.255  16.843  -9.862 0.0000000000
117268  51.031  16.212  -10.405 0.0000000000
93350  51.090  14.503  -11.749 0.0000000000
94096  51.389  15.322  -11.473 0.0000000000
117513  50.866  15.235  -11.778 0.0000000000
115725  50.201  15.924  -11.639 0.0000000000
132197  49.598  14.489  -12.015 0.0000000000
93352  48.958  14.256  -12.559 0.0000000000
91912  48.478  13.002  -14.198 0.0000000000
91924  48.133  13.229  -15.032 0.0000000000
129538  47.577  13.118  -15.394 0.0000000000
91926  46.959  13.398  -15.795 0.0000000000
92648  44.093  12.633  -11.804 0.0000000000
113664  43.457  12.473  -12.707 0.0000000000
92602  43.058  13.905  -9.379 0.0000000000
92633  42.489  13.079  -10.858 0.0000000000
92618  42.357  13.465  -9.877 0.0000000000
92635  40.923  13.161  -10.252 0.0000000000
92619  41.515  13.506  -9.551 0.0000000000
92557  43.471  13.515  -5.524 0.0000000000
92567  43.117  13.778  -6.313 0.0000000000
92570  40.361  13.260  -6.569 0.0000000000
92569  41.176  13.605  -6.735 0.0000000000
92584  40.369  13.479  -7.290 0.0000000000
92605  40.312  13.538  -8.317 0.0000000000
92585  39.664  13.206  -7.696 0.0000000000
91869  39.102  12.838  -8.144 0.0000000000
91850  39.217  12.617  -7.360 0.0000000000
90393  38.834  10.816  -7.039 0.0000000000
89725  38.659  10.263  -7.290 0.0000000000
89724  39.190  9.790  -7.043 0.0000000000
91018  44.541  11.694  1.333 0.0000000000
91035  44.007  12.041  0.840 0.0000000000
91036  43.141  11.538  0.534 0.0000000000
89682  41.723  9.865  -0.489 0.0000000000
90356  41.842  10.761  -0.287 0.0000000000
90357  41.347  10.324  -0.761 0.0000000000
136314  40.982  9.798  -1.539 0.0000000000
88193  43.829  7.230  -3.752 0.0000000000
88187  43.255  7.606  -2.575 0.0000000000
137077  43.297  7.447  -3.201 0.0000000000
92696  40.583  13.982  -16.421 0.0000000000
92689  40.178  13.297  -15.851 0.0000000000
92675  41.577  12.791  -15.266 0.0000000000
92663  41.564  12.449  -13.870 0.0000000000
93381  45.775  14.128  -15.800 0.0000000000
93356  45.074  14.422  -13.594 0.0000000000
116375  44.609  14.439  -15.326 0.0000000000
93384  41.959  14.767  -15.476 0.0000000000
92695  41.513  14.111  -16.616 0.0000000000
88098  48.518  7.398  7.593 0.0000000000
87206  48.961  6.743  7.158 0.0000000000
86312  48.840  5.582  6.546 0.0000000000
85443  48.653  4.109  5.643 0.0000000000
94017  50.034  15.109  -4.953 0.0000000000
94705  48.362  16.155  -4.044 0.0000000000
94691  47.925  16.800  -3.315 0.0000000000
95394  47.303  18.561  -2.592 0.0000000000
96728  42.049  21.047  8.276 0.0000000000
96727  42.787  20.887  8.227 0.0000000000
96720  42.425  20.409  8.682 0.0000000000
95288  42.570  18.850  9.934 0.0000000000
114405  43.034  16.115  -3.803 0.0000000000
94707  43.364  15.986  -4.560 0.0000000000
94013  44.222  15.800  -4.630 0.0000000000
94022  45.001  15.697  -5.053 0.0000000000
94029  46.765  15.605  -6.305 0.0000000000
94019  47.498  15.477  -5.502 0.0000000000
134619  45.059  13.911  -2.002 0.0000000000
131735  44.630  13.638  -2.505 0.0000000000
92519  44.215  13.639  -1.740 0.0000000000
92501  43.527  13.260  -0.821 0.0000000000
91788  42.869  12.997  -1.162 0.0000000000
117332  38.108  12.503  -12.671 0.0000000000
91116  37.060  11.879  -10.063 0.0000000000
91110  36.587  11.413  -9.506 0.0000000000
91109  37.265  11.733  -9.245 0.0000000000
114653  48.484  18.780  -11.406 0.0000000000
96909  47.710  19.695  -11.815 0.0000000000
96227  47.459  18.806  -11.445 0.0000000000
96228  46.430  18.598  -11.086 0.0000000000
96206  45.846  18.087  -10.670 0.0000000000
93372  37.274  14.637  -13.488 0.0000000000
93373  36.435  14.510  -13.117 0.0000000000
92666  34.906  13.328  -13.703 0.0000000000
96792  40.646  20.431  -0.878 0.0000000000
97517  40.163  20.570  -0.182 0.0000000000
98242  40.824  22.015  1.311 0.0000000000
99641  37.195  23.183  1.201 0.0000000000
99006  36.727  22.748  0.646 0.0000000000
99005  37.639  22.382  1.064 0.0000000000
98271  37.309  20.953  0.219 0.0000000000
96794  38.203  19.654  -0.595 0.0000000000
96812  38.642  19.117  -1.118 0.0000000000
96793  39.367  19.825  -0.606 0.0000000000
91727  48.427  12.929  4.033 0.0000000000
91739  47.860  12.117  2.949 0.0000000000
90989  48.381  11.437  3.587 0.0000000000
90305  48.183  10.587  3.639 0.0000000000
89645  47.357  9.251  3.547 0.0000000000
121416  48.017  5.889  3.739 0.0000000000
137293  47.052  6.458  3.227 0.0000000000
86347  47.493  5.212  2.318 0.0000000000
86375  46.813  5.514  0.737 0.0000000000
86390  47.101  5.699  0.002 0.0000000000
91901  48.066  12.602  -12.946 0.0000000000
91890  47.324  12.552  -11.358 0.0000000000
91878  48.474  12.514  -9.168 0.0000000000
136131  48.537  12.280  -8.365 0.0000000000
93281  50.770  14.569  -3.168 0.0000000000
92540  50.779  13.365  -4.424 0.0000000000
93282  49.975  14.279  -3.012 0.0000000000
92528  49.390  13.609  -3.598 0.0000000000
93283  48.566  14.048  -3.059 0.0000000000
92516  47.509  13.935  -2.921 0.0000000000
93274  47.991  14.611  -2.428 0.0000000000
93981  46.823  15.602  -1.074 0.0000000000
93969  46.477  16.217  -0.353 0.0000000000
96790  42.745  21.074  -1.445 0.0000000000
96807  43.868  21.470  -2.011 0.0000000000
96791  42.389  20.604  -0.620 0.0000000000
96100  42.101  18.896  -0.318 0.0000000000
94602  40.753  16.787  4.161 0.0000000000
94625  40.609  16.643  3.135 0.0000000000
93921  40.789  15.999  3.620 0.0000000000
93936  41.875  15.529  2.324 0.0000000000
93935  43.100  15.374  2.463 0.0000000000
93919  43.599  15.185  3.333 0.0000000000
114543  45.249  15.009  4.000 0.0000000000
93195  44.808  14.740  4.770 0.0000000000
93180  45.316  14.573  5.520 0.0000000000
93164  44.840  14.486  6.377 0.0000000000
93129  43.650  14.184  11.143 0.0000000000
92382  44.288  13.636  10.169 0.0000000000
92375  44.316  13.025  11.208 0.0000000000
91625  45.687  10.959  11.247 0.0000000000
99781  41.709  23.398  -12.715 0.0000000000
99780  42.627  23.377  -12.779 0.0000000000
99796  43.145  23.378  -13.575 0.0000000000
99795  44.094  23.500  -13.487 0.0000000000
121877  43.607  23.406  -12.745 0.0000000000
121005  44.170  23.479  -11.797 0.0000000000
99766  45.054  23.485  -11.089 0.0000000000
96161  37.089  18.975  -6.043 0.0000000000
131347  37.422  19.446  -6.532 0.0000000000
113600  37.805  18.912  -6.331 0.0000000000
96854  39.429  18.941  -6.971 0.0000000000
95431  44.119  17.548  -7.713 0.0000000000
96163  43.421  18.066  -7.821 0.0000000000
136185  44.910  18.411  -8.447 0.0000000000
114895  45.310  18.993  -8.760 0.0000000000
96859  44.861  19.607  -8.843 0.0000000000
97583  45.104  20.406  -9.176 0.0000000000
96874  45.843  19.788  -9.243 0.0000000000
131474  46.756  20.296  -9.426 0.0000000000
123313  48.551  20.380  -9.672 0.0000000000
97593  48.881  20.527  -9.912 0.0000000000
96871  49.171  20.002  -9.751 0.0000000000
96192  50.205  18.884  -9.801 0.0000000000
95458  50.666  18.396  -10.202 0.0000000000
93333  51.696  13.972  -9.654 0.0000000000
94067  51.558  15.057  -10.486 0.0000000000
93332  51.878  14.143  -10.355 0.0000000000
132168  51.787  13.883  -11.052 0.0000000000
92645  50.281  14.020  -12.165 0.0000000000
92660  48.904  13.621  -13.362 0.0000000000
125181  49.433  13.700  -12.684 0.0000000000
92646  49.293  13.296  -12.322 0.0000000000
92616  45.342  13.592  -9.459 0.0000000000
114425  43.986  13.171  -10.693 0.0000000000
131507  44.664  14.022  -9.104 0.0000000000
126276  43.735  14.248  -8.886 0.0000000000
93303  42.998  14.238  -8.625 0.0000000000
92548  41.931  13.101  -5.008 0.0000000000
92558  42.531  13.481  -5.647 0.0000000000
92560  40.715  13.150  -5.975 0.0000000000
91835  39.989  12.818  -6.144 0.0000000000
91826  39.398  12.269  -6.440 0.0000000000
119064  39.781  12.271  -5.757 0.0000000000
90378  39.293  10.834  -5.542 0.0000000000
90336  43.843  10.199  1.350 0.0000000000
90346  43.296  10.466  0.889 0.0000000000
89672  43.456  9.593  1.065 0.0000000000
88966  42.619  8.867  -0.034 0.0000000000
88979  42.210  8.636  -1.215 0.0000000000
92691  36.433  12.694  -15.925 0.0000000000
91938  36.179  12.262  -16.084 0.0000000000
91937  36.860  12.519  -15.605 0.0000000000
91930  37.465  12.376  -15.267 0.0000000000
133284  38.888  12.581  -13.622 0.0000000000
91904  38.946  12.619  -12.144 0.0000000000
131667  39.657  12.883  -10.772 0.0000000000
94079  46.952  16.015  -10.786 0.0000000000
94100  44.829  15.406  -11.505 0.0000000000
127103  40.827  14.774  -15.263 0.0000000000
93369  39.823  14.816  -14.691 0.0000000000
93387  38.438  14.124  -15.251 0.0000000000
100872  37.307  25.265  2.766 0.0000000000
100252  37.787  24.654  2.466 0.0000000000
99620  38.215  24.015  2.207 0.0000000000
90281  48.682  10.015  5.952 0.0000000000
90291  48.737  10.205  4.925 0.0000000000
89626  48.912  9.166  6.246 0.0000000000
88916  49.074  8.152  5.741 0.0000000000
87230  49.184  6.662  5.248 0.0000000000
87205  49.167  6.453  6.878 0.0000000000
117534  49.472  6.567  5.934 0.0000000000
87242  49.115  5.731  4.640 0.0000000000
85475  49.262  4.309  2.474 0.0000000000
92577  51.780  12.550  -7.744 0.0000000000
91864  51.723  12.303  -7.962 0.0000000000
125526  51.754  12.567  -7.067 0.0000000000
92563  51.582  12.565  -6.311 0.0000000000
93285  51.072  14.208  -4.183 0.0000000000
94008  50.434  15.454  -4.144 0.0000000000
94007  50.934  15.044  -3.654 0.0000000000
92526  50.984  14.454  -3.608 0.0000000000
133714  50.662  15.543  -2.786 0.0000000000
93978  49.756  16.557  -1.893 0.0000000000
94659  48.536  17.724  -1.130 0.0000000000
96749  41.944  19.928  3.670 0.0000000000
96051  41.603  19.110  4.093 0.0000000000
96043  41.243  18.326  4.253 0.0000000000
96037  42.983  20.112  7.620 0.0000000000
95317  41.890  18.253  6.244 0.0000000000
95318  41.189  17.750  4.821 0.0000000000
94589  41.081  16.831  5.261 0.0000000000
94588  41.347  16.324  5.753 0.0000000000
135492  41.664  15.729  6.383 0.0000000000
93166  42.649  14.830  6.671 0.0000000000
93151  42.294  15.216  7.801 0.0000000000
93130  43.036  15.213  10.612 0.0000000000
93849  42.392  16.003  11.224 0.0000000000
93123  43.215  14.254  12.100 0.0000000000
92369  43.168  13.498  12.222 0.0000000000
90911  42.955  11.590  11.643 0.0000000000
99740  41.450  23.294  -9.432 0.0000000000
131412  39.729  16.779  -5.064 0.0000000000
95417  40.139  17.031  -5.658 0.0000000000
95416  40.971  16.827  -5.777 0.0000000000
94729  42.451  16.636  -6.153 0.0000000000
94728  43.248  16.721  -6.595 0.0000000000
94717  43.702  16.029  -5.328 0.0000000000
117522  44.067  16.273  -6.200 0.0000000000
94737  44.112  16.815  -7.122 0.0000000000
95430  44.784  17.088  -7.650 0.0000000000
95447  45.635  17.142  -8.135 0.0000000000
95445  47.349  17.480  -8.873 0.0000000000
95444  48.245  17.405  -9.232 0.0000000000
118886  47.643  16.625  -8.655 0.0000000000
113841  48.170  15.850  -8.587 0.0000000000
94050  49.721  15.077  -9.095 0.0000000000
94036  47.820  15.252  -7.226 0.0000000000
119492  48.875  14.755  -7.902 0.0000000000
93318  50.871  14.146  -8.836 0.0000000000
93317  51.806  13.117  -8.459 0.0000000000
91823  45.810  13.080  -5.933 0.0000000000
92565  44.935  13.382  -6.045 0.0000000000
92555  45.246  13.238  -5.328 0.0000000000
92545  44.658  13.322  -4.650 0.0000000000
92546  43.847  13.388  -4.916 0.0000000000
92533  43.714  13.325  -3.432 0.0000000000
92534  42.928  13.117  -3.784 0.0000000000
91812  42.126  12.866  -4.135 0.0000000000
91800  41.523  12.416  -3.609 0.0000000000
91062  41.041  11.817  -3.207 0.0000000000
88175  44.212  7.193  -1.093 0.0000000000
113694  44.871  7.157  -1.961 0.0000000000
90427  33.526  10.720  -11.740 0.0000000000
91130  35.683  11.662  -14.131 0.0000000000
91906  36.021  11.701  -12.699 0.0000000000
90413  35.357  10.553  -9.149 0.0000000000
89726  36.867  9.412  -7.624 0.0000000000
96932  47.020  19.791  -12.458 0.0000000000
96944  46.589  19.957  -13.254 0.0000000000
94784  46.259  16.614  -10.600 0.0000000000
120225  45.623  17.139  -10.483 0.0000000000
133554  44.553  17.056  -2.810 0.0000000000
94685  45.496  17.556  -2.764 0.0000000000
116827  44.158  18.965  -2.576 0.0000000000
96134  43.713  20.079  -2.518 0.0000000000
97544  43.438  21.400  -2.123 0.0000000000
97532  41.771  20.887  -1.185 0.0000000000
97514  42.652  21.106  -1.580 0.0000000000
97515  42.349  21.039  -0.783 0.0000000000
96781  42.318  20.899  -0.042 0.0000000000
97486  42.362  21.345  1.034 0.0000000000
97458  42.572  21.551  3.842 0.0000000000
97451  42.453  21.845  5.666 0.0000000000
98200  42.200  22.147  7.299 0.0000000000
96841  35.846  19.727  -6.005 0.0000000000
97563  34.753  20.461  -4.650 0.0000000000
96838  34.992  19.797  -4.897 0.0000000000
96153  36.348  19.066  -5.684 0.0000000000
96154  36.185  18.468  -5.015 0.0000000000
95410  36.960  17.899  -4.895 0.0000000000
114642  37.658  17.379  -4.476 0.0000000000
115111  36.335  21.557  -0.163 0.0000000000
119167  36.668  18.266  -2.718 0.0000000000
130728  37.598  17.311  -3.831 0.0000000000
95405  38.363  16.933  -4.063 0.0000000000
94699  39.227  16.639  -3.975 0.0000000000
117657  39.918  16.530  -3.922 0.0000000000
94697  41.239  16.455  -3.666 0.0000000000
96138  39.487  18.044  -2.237 0.0000000000
123721  40.436  17.149  -2.831 0.0000000000
94696  42.124  16.321  -3.714 0.0000000000
94687  42.865  16.835  -2.971 0.0000000000
94695  43.892  16.409  -3.285 0.0000000000
91756  45.848  13.167  1.410 0.0000000000
91017  45.326  11.793  1.637 0.0000000000
117075  44.734  11.151  1.653 0.0000000000
91001  47.001  11.603  2.515 0.0000000000
90334  45.382  10.949  2.090 0.0000000000
90335  44.576  10.324  1.778 0.0000000000
89662  44.080  9.477  1.496 0.0000000000
88955  44.245  8.515  1.540 0.0000000000
88152  44.088  7.738  1.153 0.0000000000
89644  48.284  9.264  4.220 0.0000000000
88931  47.646  8.539  3.877 0.0000000000
88932  46.759  8.536  3.333 0.0000000000
88135  46.643  7.177  3.179 0.0000000000
132187  46.404  7.874  3.110 0.0000000000
88939  45.874  8.349  2.748 0.0000000000
120621  45.282  7.767  2.294 0.0000000000
88158  44.383  7.171  0.991 0.0000000000
87292  44.650  6.773  -0.483 0.0000000000
87302  45.107  6.757  -1.106 0.0000000000
129376  44.727  12.565  -15.127 0.0000000000
91916  43.863  12.412  -14.553 0.0000000000
92647  44.851  12.444  -12.217 0.0000000000
92630  45.387  12.944  -10.749 0.0000000000
91891  46.209  12.750  -10.838 0.0000000000
126489  45.676  13.240  -10.063 0.0000000000
92615  46.074  13.330  -9.414 0.0000000000
92600  46.176  13.331  -8.473 0.0000000000
129846  46.246  13.023  -6.565 0.0000000000
91845  50.746  11.883  -7.252 0.0000000000
91866  49.423  11.984  -7.881 0.0000000000
91846  49.334  11.807  -7.114 0.0000000000
91807  50.138  12.738  -4.691 0.0000000000
91820  48.903  12.061  -5.876 0.0000000000
91847  48.097  12.213  -7.482 0.0000000000
91822  46.796  12.739  -5.923 0.0000000000
91811  46.082  13.008  -5.251 0.0000000000
92530  46.292  13.390  -3.749 0.0000000000
92518  45.948  14.178  -2.224 0.0000000000
92489  45.530  14.446  0.606 0.0000000000
122051  46.504  18.844  -2.572 0.0000000000
96131  47.442  19.629  -2.211 0.0000000000
96805  44.789  20.365  -2.155 0.0000000000
124306  45.962  20.158  -2.083 0.0000000000
130288  47.755  19.698  -2.037 0.0000000000
96113  48.105  19.489  -1.932 0.0000000000
96094  47.786  18.924  -1.262 0.0000000000
95369  47.321  18.079  -0.614 0.0000000000
118184  41.357  19.281  1.932 0.0000000000
95361  40.863  18.007  0.924 0.0000000000
95374  41.435  17.823  0.301 0.0000000000
94650  41.721  16.965  0.345 0.0000000000
95373  42.222  17.666  -0.237 0.0000000000
95371  45.134  17.882  -0.606 0.0000000000
95370  46.242  17.791  -0.441 0.0000000000
94661  46.845  17.136  -0.334 0.0000000000
114436  45.995  16.734  -0.055 0.0000000000
94647  45.401  16.286  0.520 0.0000000000
94637  45.114  16.126  1.212 0.0000000000
93961  45.552  15.768  1.188 0.0000000000
131900  45.764  15.125  1.090 0.0000000000
92482  45.949  14.337  1.369 0.0000000000
92481  46.424  13.896  1.915 0.0000000000
92465  47.301  14.016  3.214 0.0000000000
117987  46.201  15.029  3.831 0.0000000000
93193  46.825  14.687  4.294 0.0000000000
92464  47.902  13.503  3.715 0.0000000000
133259  48.331  12.868  4.401 0.0000000000
91713  48.403  12.316  4.740 0.0000000000
91694  47.909  12.162  5.651 0.0000000000
93149  44.416  14.436  7.342 0.0000000000
92405  45.332  14.192  7.018 0.0000000000
93137  44.603  13.638  9.186 0.0000000000
92391  45.104  13.780  8.101 0.0000000000
92404  45.998  13.833  6.689 0.0000000000
91672  46.883  12.564  6.909 0.0000000000
91671  47.380  11.869  6.868 0.0000000000
90951  48.038  11.032  6.770 0.0000000000
90273  48.415  10.098  7.135 0.0000000000
89616  48.338  9.325  8.565 0.0000000000
89617  47.858  9.109  9.204 0.0000000000
89621  47.811  8.627  9.001 0.0000000000
100404  46.261  24.641  -14.520 0.0000000000
99794  45.053  23.736  -13.358 0.0000000000
99807  45.584  24.178  -13.934 0.0000000000
100394  46.713  24.617  -13.542 0.0000000000
122361  47.557  24.720  -13.213 0.0000000000
100384  47.740  24.461  -12.700 0.0000000000
99777  47.866  24.125  -12.369 0.0000000000
99087  41.403  22.387  -8.741 0.0000000000
99730  42.032  23.035  -8.975 0.0000000000
96166  41.112  18.467  -7.293 0.0000000000
96164  42.694  18.594  -7.838 0.0000000000
98344  42.564  21.618  -8.620 0.0000000000
128195  42.895  22.913  -8.927 0.0000000000
99101  43.660  23.099  -9.160 0.0000000000
99100  44.711  23.092  -9.390 0.0000000000
99736  45.299  23.390  -9.789 0.0000000000
98356  45.946  22.065  -9.483 0.0000000000
99099  45.808  22.961  -9.647 0.0000000000
99750  46.407  23.292  -10.771 0.0000000000
99749  46.818  23.203  -11.123 0.0000000000
99118  47.162  23.007  -11.302 0.0000000000
99125  47.648  23.418  -12.048 0.0000000000
117488  47.459  22.290  -11.785 0.0000000000
96887  49.580  19.894  -10.132 0.0000000000
96908  49.363  19.721  -10.683 0.0000000000
115375  49.201  17.131  -9.495 0.0000000000
94765  50.973  17.472  -10.458 0.0000000000
119714  51.395  17.061  -10.932 0.0000000000
94781  51.567  15.525  -11.148 0.0000000000
94797  51.382  16.291  -11.217 0.0000000000
95488  51.149  17.275  -11.206 0.0000000000
94798  50.525  17.002  -11.545 0.0000000000
94799  49.345  16.562  -11.413 0.0000000000
133948  47.796  15.189  -11.338 0.0000000000
93353  47.613  14.453  -12.393 0.0000000000
93364  47.809  14.084  -14.371 0.0000000000
93379  48.091  13.547  -15.037 0.0000000000
93380  47.677  13.910  -15.516 0.0000000000
92671  47.005  13.765  -15.815 0.0000000000
92672  45.674  13.698  -16.127 0.0000000000
130109  41.941  12.653  -12.574 0.0000000000
92632  43.276  12.945  -11.328 0.0000000000
92650  41.845  12.873  -11.471 0.0000000000
116828  41.214  12.902  -11.055 0.0000000000
127170  40.436  12.862  -11.132 0.0000000000
92636  40.057  13.165  -10.100 0.0000000000
114719  44.645  13.753  -6.826 0.0000000000
92581  43.495  14.337  -7.952 0.0000000000
92582  42.531  14.240  -8.012 0.0000000000
92568  42.186  13.758  -6.502 0.0000000000
121364  41.939  13.997  -7.368 0.0000000000
131237  41.810  14.031  -8.113 0.0000000000
92604  41.261  13.775  -8.643 0.0000000000
92621  39.754  13.308  -9.190 0.0000000000
91881  39.046  12.977  -8.960 0.0000000000
91870  38.535  12.467  -8.600 0.0000000000
91091  38.438  11.652  -7.794 0.0000000000
91090  38.854  11.790  -7.215 0.0000000000
116484  38.187  9.936  -7.471 0.0000000000
91768  44.325  12.861  0.435 0.0000000000
91769  43.427  12.491  0.157 0.0000000000
91781  42.365  12.486  -0.840 0.0000000000
91045  41.947  11.768  -0.547 0.0000000000
91051  41.739  12.064  -1.228 0.0000000000
91052  41.315  11.647  -1.690 0.0000000000
91056  41.148  11.676  -2.390 0.0000000000
91057  40.511  11.062  -2.924 0.0000000000
88176  43.408  7.722  -1.328 0.0000000000
88177  42.778  8.115  -1.604 0.0000000000
119263  42.278  8.343  -1.979 0.0000000000
88195  41.969  7.802  -3.655 0.0000000000
88985  41.959  8.223  -2.694 0.0000000000
88980  41.673  8.774  -1.955 0.0000000000
89692  40.609  9.492  -2.674 0.0000000000
89697  40.199  9.769  -3.269 0.0000000000
90369  40.105  10.390  -3.372 0.0000000000
89701  39.648  9.884  -4.417 0.0000000000
89707  39.436  9.914  -5.470 0.0000000000
85451  47.859  3.895  5.117 0.0000000000
84483  48.211  3.631  4.528 0.0000000000
84510  48.451  3.374  2.822 0.0000000000
84509  49.328  3.719  3.285 0.0000000000
84477  48.904  3.865  5.031 0.0000000000
84493  49.212  3.726  4.175 0.0000000000
85441  49.748  4.710  5.799 0.0000000000
85442  49.419  4.300  5.679 0.0000000000
85460  49.665  4.056  3.262 0.0000000000
86313  47.846  5.462  6.030 0.0000000000
86322  49.814  4.856  5.543 0.0000000000
86334  47.185  5.744  2.914 0.0000000000
86349  45.752  6.334  1.977 0.0000000000
86374  47.964  5.198  0.736 0.0000000000
86376  45.996  5.789  0.802 0.0000000000
87215  49.460  6.112  6.304 0.0000000000
87229  49.641  5.663  5.572 0.0000000000
87244  47.417  7.008  3.687 0.0000000000
87273  44.607  6.724  0.324 0.0000000000
87300  46.965  6.541  -1.276 0.0000000000
88089  49.074  6.998  7.262 0.0000000000
88097  49.291  6.857  6.638 0.0000000000
88099  47.489  7.193  6.262 0.0000000000
88150  45.236  7.098  2.019 0.0000000000
88159  43.904  7.486  0.422 0.0000000000
88186  44.011  7.327  -2.895 0.0000000000
88188  42.670  7.943  -2.316 0.0000000000
88909  49.176  7.610  6.948 0.0000000000
88965  43.250  8.173  0.149 0.0000000000
89673  42.868  9.665  0.522 0.0000000000
89681  42.211  9.774  -0.004 0.0000000000
89686  42.082  9.167  -0.564 0.0000000000
89688  40.725  10.119  -1.911 0.0000000000
89691  41.020  9.433  -2.019 0.0000000000
89698  39.853  9.975  -3.768 0.0000000000
90306  47.986  9.864  3.757 0.0000000000
90360  40.979  10.334  -1.305 0.0000000000
90363  40.837  10.941  -1.930 0.0000000000
90370  39.790  10.398  -4.028 0.0000000000
90910  44.209  11.285  11.737 0.0000000000
90950  48.466  10.734  5.897 0.0000000000
90967  48.437  11.505  5.276 0.0000000000
90988  48.668  11.610  4.118 0.0000000000
91037  42.350  11.429  0.043 0.0000000000
91073  39.990  11.912  -5.140 0.0000000000
91074  39.480  11.647  -5.656 0.0000000000
91101  38.187  11.886  -8.313 0.0000000000
91635  46.406  11.070  10.068 0.0000000000
91780  43.064  12.787  -0.526 0.0000000000
91795  42.218  12.732  -2.339 0.0000000000
91818  50.989  12.844  -5.105 0.0000000000
91824  41.075  12.873  -5.250 0.0000000000
91865  50.766  12.052  -8.326 0.0000000000
91927  45.210  13.258  -16.241 0.0000000000
91928  44.535  13.208  -16.158 0.0000000000
91945  35.828  12.465  -16.155 0.0000000000
91946  35.795  12.499  -16.219 0.0000000000
92423  47.837  13.151  4.959 0.0000000000
92445  47.993  13.524  4.309 0.0000000000
92446  47.492  14.266  4.082 0.0000000000
92510  43.970  13.573  -1.093 0.0000000000
92511  43.475  13.355  -1.492 0.0000000000
92527  50.628  13.867  -3.661 0.0000000000
92539  51.064  13.517  -4.737 0.0000000000
92542  47.804  13.194  -4.157 0.0000000000
92554  51.338  13.003  -5.456 0.0000000000
92556  44.373  13.424  -5.426 0.0000000000
92578  46.099  13.245  -7.456 0.0000000000
92599  51.895  12.697  -8.684 0.0000000000
92613  51.973  13.571  -10.272 0.0000000000
92617  44.809  13.388  -10.097 0.0000000000
92628  51.219  13.384  -10.980 0.0000000000
92644  51.106  13.941  -11.650 0.0000000000
92661  48.580  13.351  -14.383 0.0000000000
92688  41.100  13.359  -15.934 0.0000000000
92694  42.213  14.075  -16.484 0.0000000000
93196  43.830  14.747  4.737 0.0000000000
93263  47.395  15.102  -1.762 0.0000000000
93271  50.964  15.041  -3.099 0.0000000000
93286  50.835  14.647  -4.489 0.0000000000
93293  51.544  13.081  -6.798 0.0000000000
93319  49.681  14.538  -8.244 0.0000000000
93341  51.869  14.335  -10.866 0.0000000000
93351  50.327  14.384  -11.966 0.0000000000
93394  42.128  14.292  -16.354 0.0000000000
93874  41.948  15.367  6.523 0.0000000000
93888  41.601  15.626  5.667 0.0000000000
93889  41.046  15.975  4.997 0.0000000000
93903  42.240  15.125  4.891 0.0000000000
93918  44.620  15.260  3.384 0.0000000000
93937  40.960  15.862  2.671 0.0000000000
93951  42.676  15.687  1.604 0.0000000000
93989  50.318  15.971  -2.304 0.0000000000
93990  49.759  15.741  -2.014 0.0000000000
93995  50.772  15.499  -3.123 0.0000000000
93999  45.303  15.946  -3.749 0.0000000000
94001  43.769  15.912  -3.960 0.0000000000
94011  45.602  15.694  -4.464 0.0000000000
94020  46.599  15.590  -5.452 0.0000000000
94028  47.661  15.338  -6.346 0.0000000000
94051  48.845  15.189  -8.515 0.0000000000
94066  51.739  15.019  -10.880 0.0000000000
94095  51.699  14.935  -11.172 0.0000000000
94563  42.355  18.233  10.190 0.0000000000
94640  40.979  16.468  1.395 0.0000000000
94641  40.688  16.510  2.154 0.0000000000
94651  40.974  17.146  0.803 0.0000000000
94660  47.752  17.422  -0.634 0.0000000000
94674  49.550  17.249  -1.921 0.0000000000
94675  49.194  17.157  -1.488 0.0000000000
94683  47.589  17.638  -2.799 0.0000000000
94686  43.889  17.459  -2.726 0.0000000000
94688  41.789  16.849  -3.026 0.0000000000
94689  41.030  16.834  -3.069 0.0000000000
94698  40.462  16.618  -3.511 0.0000000000
94700  39.119  16.834  -4.640 0.0000000000
94710  40.621  16.423  -4.319 0.0000000000
94718  42.436  16.356  -5.421 0.0000000000
94720  40.382  16.605  -5.059 0.0000000000
94725  46.176  15.969  -7.030 0.0000000000
94730  41.744  16.571  -5.636 0.0000000000
94736  45.297  16.595  -7.409 0.0000000000
94767  49.073  15.923  -9.293 0.0000000000
94782  51.519  16.070  -10.904 0.0000000000
95367  48.362  18.606  -1.474 0.0000000000
95368  48.022  18.184  -0.856 0.0000000000
95372  43.204  17.355  -0.408 0.0000000000
95386  49.338  17.550  -2.129 0.0000000000
95395  44.733  18.156  -2.638 0.0000000000
95398  39.028  17.344  -2.833 0.0000000000
95400  37.158  17.670  -3.332 0.0000000000
95401  36.398  18.017  -3.525 0.0000000000
95403  48.571  17.681  -2.631 0.0000000000
95404  39.639  16.846  -3.288 0.0000000000
95418  39.270  17.275  -5.502 0.0000000000
95419  38.559  17.673  -5.617 0.0000000000
95424  41.715  17.032  -6.394 0.0000000000
95425  40.646  17.371  -6.303 0.0000000000
95471  51.033  17.800  -10.710 0.0000000000
96078  41.312  19.023  1.135 0.0000000000
96099  42.684  18.580  -0.653 0.0000000000
96112  48.415  19.120  -1.980 0.0000000000
96116  44.529  20.759  -1.975 0.0000000000
96130  48.117  19.434  -2.022 0.0000000000
96136  41.532  19.179  -2.271 0.0000000000
96142  35.381  19.374  -3.068 0.0000000000
96144  35.842  18.379  -3.776 0.0000000000
96148  35.674  18.640  -4.419 0.0000000000
96159  40.510  18.053  -6.819 0.0000000000
96160  38.215  18.259  -5.999 0.0000000000
96162  44.221  18.259  -8.206 0.0000000000
96191  50.484  19.012  -10.027 0.0000000000
96194  48.097  18.273  -9.342 0.0000000000
96204  50.692  18.415  -10.398 0.0000000000
96774  41.963  20.255  1.301 0.0000000000
96804  48.086  19.552  -2.018 0.0000000000
96806  43.983  21.243  -2.220 0.0000000000
96808  43.273  21.076  -1.614 0.0000000000
96809  41.965  20.718  -1.723 0.0000000000
96810  40.881  20.139  -1.435 0.0000000000
96811  39.751  19.462  -1.191 0.0000000000
96813  37.580  19.111  -1.206 0.0000000000
96824  47.000  20.004  -2.068 0.0000000000
96826  43.912  21.233  -2.318 0.0000000000
96827  43.217  20.755  -2.355 0.0000000000
96842  35.558  19.194  -5.195 0.0000000000
96847  38.592  18.922  -6.641 0.0000000000
96856  38.074  19.584  -6.864 0.0000000000
96886  50.083  19.405  -10.029 0.0000000000
97445  42.549  21.907  7.118 0.0000000000
97485  42.527  21.679  1.593 0.0000000000
97519  37.804  20.278  -0.146 0.0000000000
97530  43.744  21.444  -2.109 0.0000000000
97545  42.808  21.211  -2.024 0.0000000000
97565  35.175  20.068  -5.582 0.0000000000
97592  49.508  19.980  -9.970 0.0000000000
97604  49.010  20.510  -9.993 0.0000000000
97615  48.950  20.336  -10.470 0.0000000000
98257  38.968  21.350  0.903 0.0000000000
98258  36.945  21.802  0.450 0.0000000000
98272  36.576  20.879  -0.257 0.0000000000
98328  34.498  21.758  -5.200 0.0000000000
98343  43.384  21.638  -8.776 0.0000000000
98354  47.662  21.569  -9.886 0.0000000000
98992  38.564  22.544  1.479 0.0000000000
99064  34.803  22.152  -4.474 0.0000000000
99086  42.275  22.393  -8.743 0.0000000000
99112  46.608  23.061  -10.352 0.0000000000
99621  37.335  24.252  1.900 0.0000000000
99632  37.684  23.604  1.677 0.0000000000
99729  42.828  23.213  -9.224 0.0000000000
99735  46.133  23.246  -10.039 0.0000000000
99737  44.349  23.407  -9.643 0.0000000000
99739  42.164  23.365  -9.517 0.0000000000
99751  45.684  23.449  -10.361 0.0000000000
99752  44.804  23.576  -10.173 0.0000000000
99753  43.053  23.487  -10.288 0.0000000000
99754  42.271  23.508  -10.213 0.0000000000
99763  47.338  23.732  -11.889 0.0000000000
99808  44.586  23.772  -14.144 0.0000000000
100253  36.942  24.903  2.134 0.0000000000
100425  45.543  25.139  -16.409 0.0000000000
113839  41.847  16.326  -5.031 0.0000000000
113895  44.499  18.936  -8.520 0.0000000000
114424  43.169  13.364  -10.286 0.0000000000
114629  49.960  18.623  -11.094 0.0000000000
116697  44.896  7.210  -2.776 0.0000000000
117006  45.144  20.202  -2.188 0.0000000000
117042  43.766  14.100  -6.979 0.0000000000
118950  43.075  22.370  -8.803 0.0000000000
119057  41.487  15.515  3.298 0.0000000000
119172  49.100  8.446  6.415 0.0000000000
119287  45.716  13.560  7.524 0.0000000000
119627  44.271  20.109  -8.823 0.0000000000
119733  49.339  15.704  -4.434 0.0000000000
119868  42.902  7.416  -3.784 0.0000000000
120018  34.555  21.026  -5.194 0.0000000000
120370  46.184  13.140  -4.548 0.0000000000
120403  48.860  4.579  6.167 0.0000000000
120810  49.885  16.574  -3.004 0.0000000000
121164  37.012  20.383  -0.310 0.0000000000
121523  47.703  20.264  -9.482 0.0000000000
122795  42.615  21.197  6.004 0.0000000000
123048  46.531  22.515  -9.779 0.0000000000
123193  47.097  24.513  -12.710 0.0000000000
123252  43.188  7.774  -1.976 0.0000000000
123813  42.744  20.035  -0.938 0.0000000000
124301  45.769  15.655  -5.330 0.0000000000
124825  42.358  19.970  -2.347 0.0000000000
125244  46.166  9.877  2.760 0.0000000000
125262  47.501  19.760  -1.881 0.0000000000
126054  43.759  13.315  -4.251 0.0000000000
126249  48.153  12.807  3.487 0.0000000000
128222  48.486  12.229  3.748 0.0000000000
128420  48.058  9.909  8.636 0.0000000000
129477  48.759  11.921  -6.628 0.0000000000
129755  44.243  14.262  -8.384 0.0000000000
129805  51.487  14.209  -11.499 0.0000000000
130436  46.318  12.312  -13.181 0.0000000000
130783  44.738  15.922  1.658 0.0000000000
131097  44.265  23.500  -10.855 0.0000000000
131317  41.347  23.496  -11.940 0.0000000000
131598  44.416  7.302  -2.401 0.0000000000
131776  41.985  17.537  -7.016 0.0000000000
132009  50.334  13.076  -10.796 0.0000000000
132070  46.006  6.235  -0.482 0.0000000000
132140  40.765  23.281  -9.448 0.0000000000
132192  49.373  5.810  6.512 0.0000000000
132222  49.968  15.082  -11.807 0.0000000000
132584  47.179  14.407  4.509 0.0000000000
132673  49.344  12.475  -9.502 0.0000000000
133033  42.796  12.574  12.095 0.0000000000
133760  41.572  16.172  6.528 0.0000000000
133809  47.861  13.723  -3.303 0.0000000000
133929  42.166  19.901  -0.071 0.0000000000
133972  40.095  10.919  -3.738 0.0000000000
134526  48.339  4.972  6.133 0.0000000000
134557  43.355  14.572  8.455 0.0000000000
134696  44.910  15.439  2.971 0.0000000000
134732  35.217  19.531  -3.565 0.0000000000
134748  38.325  10.430  -7.484 0.0000000000
134821  43.394  22.825  -8.929 0.0000000000
134902  42.808  17.893  -0.566 0.0000000000
135219  41.535  18.759  -7.554 0.0000000000
135257  45.734  16.290  -7.234 0.0000000000
135631  44.717  16.716  -7.269 0.0000000000
136019  45.515  12.414  1.461 0.0000000000
136698  47.650  19.653  -9.417 0.0000000000
136837  49.684  4.217  4.551 0.0000000000
136846  49.986  15.844  -3.923 0.0000000000
136953  42.444  8.709  -0.630 0.0000000000
137002  40.622  9.828  -2.271 0.0000000000
137028  36.803  18.538  -5.468 0.0000000000
