#!ascii label  , from subject sub-v2s9x29152_ses-1 vox2ras=TkReg
1094
88517  -40.981  12.726  3.774 0.0000000000
97217  -36.089  27.028  -2.466 0.0000000000
126981  -35.758  19.297  7.539 0.0000000000
91274  -44.971  16.336  -6.429 0.0000000000
98337  -41.088  29.068  -1.644 0.0000000000
94965  -41.508  23.286  -0.195 0.0000000000
94473  -41.731  22.202  -5.072 0.0000000000
132752  -37.095  15.910  -8.755 0.0000000000
87128  -39.280  10.230  10.337 0.0000000000
117046  -39.637  13.697  9.960 0.0000000000
99838  -30.793  31.580  0.146 0.0000000000
100390  -35.163  32.089  -2.557 0.0000000000
101399  -39.723  35.500  -5.362 0.0000000000
91784  -42.828  18.820  7.539 0.0000000000
94399  -36.113  21.375  1.236 0.0000000000
91845  -40.630  17.723  1.446 0.0000000000
89855  -44.920  13.652  0.143 0.0000000000
123401  -38.176  17.381  -1.936 0.0000000000
89892  -33.183  14.413  -4.481 0.0000000000
88525  -41.527  11.819  2.185 0.0000000000
98346  -41.559  28.501  -4.972 0.0000000000
96651  -43.464  25.605  -4.154 0.0000000000
96075  -40.610  24.321  -4.408 0.0000000000
94470  -38.454  21.386  -4.795 0.0000000000
87836  -41.524  11.070  10.804 0.0000000000
88448  -40.383  13.181  12.597 0.0000000000
99828  -27.711  31.553  2.068 0.0000000000
100922  -37.873  34.252  -3.917 0.0000000000
92401  -40.110  19.681  11.535 0.0000000000
93105  -39.804  19.968  8.232 0.0000000000
96601  -32.852  25.640  -1.658 0.0000000000
124523  -36.026  23.453  -0.455 0.0000000000
131527  -42.895  19.861  -4.804 0.0000000000
93179  -39.921  20.013  -0.981 0.0000000000
92512  -42.630  17.934  -2.074 0.0000000000
91200  -44.486  16.488  1.072 0.0000000000
91246  -45.318  14.902  -3.748 0.0000000000
91231  -41.888  15.898  -1.933 0.0000000000
91904  -41.374  17.343  -4.486 0.0000000000
90579  -35.189  14.967  -6.909 0.0000000000
97804  -39.346  28.242  -2.278 0.0000000000
96582  -40.158  25.092  0.695 0.0000000000
97190  -42.131  26.566  -0.072 0.0000000000
125455  -44.389  23.483  -4.333 0.0000000000
93895  -43.394  20.288  -7.761 0.0000000000
125527  -40.972  17.700  -8.793 0.0000000000
93228  -39.955  19.551  -8.851 0.0000000000
93891  -36.569  20.426  -7.959 0.0000000000
123336  -41.497  10.585  7.956 0.0000000000
87848  -42.206  11.227  8.073 0.0000000000
88499  -39.514  13.018  5.928 0.0000000000
98312  -26.562  28.713  0.640 0.0000000000
98321  -29.819  28.527  -1.555 0.0000000000
98824  -32.849  28.980  -2.207 0.0000000000
98827  -35.363  29.750  -2.487 0.0000000000
124436  -39.076  31.213  -2.644 0.0000000000
99870  -40.660  32.058  -2.789 0.0000000000
115275  -40.680  31.057  -6.195 0.0000000000
100427  -38.865  33.486  -6.876 0.0000000000
119342  -40.094  16.532  12.250 0.0000000000
91151  -38.946  16.217  8.424 0.0000000000
90473  -40.750  15.567  5.304 0.0000000000
92450  -35.438  18.252  4.171 0.0000000000
123419  -39.407  22.235  1.895 0.0000000000
93136  -38.269  19.762  2.355 0.0000000000
91812  -38.024  17.936  4.435 0.0000000000
91806  -42.930  18.425  5.470 0.0000000000
91174  -44.963  16.903  3.997 0.0000000000
89823  -42.355  13.769  2.514 0.0000000000
89852  -41.082  14.064  1.043 0.0000000000
90518  -38.390  15.396  0.677 0.0000000000
90528  -35.533  15.562  -0.447 0.0000000000
91912  -37.664  17.410  -5.688 0.0000000000
91239  -34.922  15.998  -2.936 0.0000000000
89875  -33.374  14.449  -1.345 0.0000000000
87861  -42.093  11.412  4.933 0.0000000000
87869  -42.209  11.307  3.742 0.0000000000
87875  -41.953  11.715  2.772 0.0000000000
98364  -41.083  28.168  -6.149 0.0000000000
97255  -41.024  26.413  -4.707 0.0000000000
97254  -40.057  26.209  -4.713 0.0000000000
121419  -38.841  24.715  -4.414 0.0000000000
93103  -36.995  19.757  7.984 0.0000000000
127526  -34.946  26.067  -2.088 0.0000000000
92547  -44.139  18.265  -6.299 0.0000000000
92527  -42.327  18.846  -3.429 0.0000000000
92529  -44.825  16.767  -5.360 0.0000000000
91884  -45.165  15.653  -3.860 0.0000000000
116035  -45.223  15.693  -5.513 0.0000000000
91263  -43.412  16.030  -4.693 0.0000000000
91906  -44.090  16.101  -6.153 0.0000000000
98335  -40.113  29.121  -2.251 0.0000000000
97201  -40.634  27.351  -0.471 0.0000000000
97794  -42.026  27.539  -1.128 0.0000000000
95507  -43.036  23.926  -4.917 0.0000000000
96078  -44.223  24.396  -4.297 0.0000000000
95019  -44.110  22.637  -5.760 0.0000000000
94496  -44.262  21.578  -6.726 0.0000000000
93885  -43.460  21.347  -7.228 0.0000000000
93894  -42.232  20.036  -8.671 0.0000000000
93884  -41.066  20.449  -6.826 0.0000000000
93881  -37.560  20.847  -7.555 0.0000000000
88469  -40.703  12.809  11.159 0.0000000000
87842  -41.476  11.081  9.084 0.0000000000
88489  -40.648  12.350  8.233 0.0000000000
88490  -41.337  12.051  7.684 0.0000000000
88488  -39.545  13.028  8.048 0.0000000000
99836  -29.024  31.385  0.755 0.0000000000
99315  -28.093  30.145  -0.199 0.0000000000
129615  -30.042  30.066  -1.111 0.0000000000
124951  -31.472  28.950  -1.913 0.0000000000
99327  -31.859  30.488  -1.061 0.0000000000
134427  -34.347  31.817  -2.351 0.0000000000
99850  -34.387  31.013  -1.313 0.0000000000
123121  -35.880  31.106  -1.976 0.0000000000
124330  -36.998  30.192  -2.911 0.0000000000
100392  -37.080  32.342  -2.500 0.0000000000
101387  -39.405  35.102  -4.650 0.0000000000
100912  -39.935  33.981  -2.789 0.0000000000
101389  -40.050  34.315  -4.428 0.0000000000
99877  -40.550  31.860  -5.133 0.0000000000
100939  -40.230  33.974  -5.880 0.0000000000
99882  -39.774  31.871  -6.886 0.0000000000
100938  -39.846  34.627  -6.186 0.0000000000
91134  -35.463  16.531  9.415 0.0000000000
90446  -35.582  14.907  9.023 0.0000000000
90447  -36.558  15.412  9.783 0.0000000000
89778  -38.728  15.484  11.411 0.0000000000
130539  -37.916  16.523  10.901 0.0000000000
92409  -41.280  20.417  9.551 0.0000000000
91768  -40.152  18.552  10.892 0.0000000000
91782  -40.738  17.846  8.551 0.0000000000
90468  -38.914  15.428  6.687 0.0000000000
91159  -41.526  16.850  6.978 0.0000000000
93800  -33.864  20.469  1.630 0.0000000000
93131  -33.937  19.314  2.752 0.0000000000
93789  -35.331  19.973  2.409 0.0000000000
95459  -41.309  24.462  1.188 0.0000000000
95457  -39.562  23.621  1.448 0.0000000000
94949  -40.361  22.784  1.461 0.0000000000
92503  -40.585  18.676  -0.529 0.0000000000
93161  -39.414  19.502  0.493 0.0000000000
118337  -39.646  18.250  1.506 0.0000000000
92465  -37.933  18.863  3.191 0.0000000000
92461  -39.244  17.854  3.157 0.0000000000
91813  -39.826  17.653  4.484 0.0000000000
91831  -41.469  17.469  2.767 0.0000000000
90508  -45.551  14.752  0.619 0.0000000000
91181  -45.333  16.720  3.253 0.0000000000
90495  -45.280  15.845  2.506 0.0000000000
90485  -42.596  15.407  3.601 0.0000000000
89839  -43.793  13.485  1.225 0.0000000000
89209  -42.883  13.003  1.373 0.0000000000
89854  -43.731  13.327  0.717 0.0000000000
91870  -40.297  16.892  -2.112 0.0000000000
91214  -40.421  16.125  -0.768 0.0000000000
91212  -38.342  16.519  -0.444 0.0000000000
90530  -37.044  15.944  0.070 0.0000000000
91868  -36.964  16.897  -1.076 0.0000000000
91929  -38.982  16.560  -9.263 0.0000000000
92554  -39.306  17.951  -6.639 0.0000000000
91918  -37.565  16.492  -7.581 0.0000000000
89900  -34.053  14.565  -6.278 0.0000000000
90569  -35.144  15.197  -5.370 0.0000000000
90567  -34.109  14.937  -3.969 0.0000000000
90542  -33.711  15.059  -1.812 0.0000000000
134938  -32.843  14.407  -3.289 0.0000000000
89240  -31.991  13.703  -2.181 0.0000000000
86427  -44.324  9.710  6.637 0.0000000000
87880  -40.318  11.679  1.890 0.0000000000
98339  -41.636  28.465  -3.716 0.0000000000
97814  -42.070  27.732  -2.298 0.0000000000
97236  -42.346  26.914  -4.059 0.0000000000
123941  -41.483  25.094  -4.534 0.0000000000
95006  -40.843  22.613  -4.537 0.0000000000
93862  -40.039  20.881  -4.837 0.0000000000
95005  -39.752  22.332  -4.374 0.0000000000
124462  -40.666  10.471  10.893 0.0000000000
86374  -41.828  10.036  12.868 0.0000000000
89149  -40.517  14.447  12.005 0.0000000000
100360  -30.807  32.793  2.513 0.0000000000
100407  -36.760  32.802  -3.009 0.0000000000
101893  -38.741  36.754  -6.027 0.0000000000
101903  -39.235  36.496  -6.014 0.0000000000
92399  -37.644  19.081  11.151 0.0000000000
122379  -39.955  21.518  9.443 0.0000000000
93106  -41.392  20.182  8.477 0.0000000000
94946  -35.940  22.298  0.333 0.0000000000
94452  -41.437  21.233  -2.617 0.0000000000
94440  -40.554  21.474  -1.214 0.0000000000
93189  -40.912  19.912  -2.477 0.0000000000
92511  -41.722  18.497  -1.619 0.0000000000
91861  -42.196  17.749  -0.242 0.0000000000
91846  -42.034  17.422  1.484 0.0000000000
91862  -43.193  17.290  -0.569 0.0000000000
121556  -45.172  15.515  -1.653 0.0000000000
89877  -45.390  14.042  -1.773 0.0000000000
90534  -44.051  14.062  -1.063 0.0000000000
91232  -43.121  15.305  -2.461 0.0000000000
91882  -41.606  16.586  -3.218 0.0000000000
129947  -39.813  17.797  -3.507 0.0000000000
116093  -36.140  15.811  -7.475 0.0000000000
92430  -34.105  18.739  6.672 0.0000000000
119306  -37.675  27.489  -2.447 0.0000000000
96606  -38.082  25.455  -1.213 0.0000000000
97200  -39.716  26.934  -1.156 0.0000000000
97181  -41.261  26.213  0.599 0.0000000000
95485  -42.444  24.029  -0.833 0.0000000000
96624  -43.459  25.574  -2.705 0.0000000000
125919  -43.681  24.177  -2.648 0.0000000000
94987  -43.196  22.914  -2.928 0.0000000000
94462  -43.386  21.631  -4.250 0.0000000000
93874  -44.371  20.857  -6.504 0.0000000000
92559  -44.060  17.903  -7.439 0.0000000000
92558  -43.124  17.504  -7.822 0.0000000000
92575  -42.012  18.312  -9.709 0.0000000000
93246  -40.204  18.447  -10.639 0.0000000000
93244  -38.367  18.362  -9.891 0.0000000000
93883  -39.380  20.275  -6.668 0.0000000000
93898  -38.083  19.934  -8.909 0.0000000000
87149  -41.434  11.065  9.332 0.0000000000
87162  -42.144  11.083  8.301 0.0000000000
87172  -42.993  10.591  7.389 0.0000000000
135890  -42.639  11.227  7.156 0.0000000000
127636  -41.314  12.042  6.120 0.0000000000
88508  -39.613  13.118  5.040 0.0000000000
97782  -28.320  27.154  -0.506 0.0000000000
98316  -27.779  28.533  -0.499 0.0000000000
128058  -29.639  26.969  -1.237 0.0000000000
97789  -31.271  27.265  -1.816 0.0000000000
97213  -32.716  27.285  -2.224 0.0000000000
125877  -34.794  27.468  -2.576 0.0000000000
99319  -32.023  31.242  -0.734 0.0000000000
122314  -32.978  30.765  -1.082 0.0000000000
98826  -34.468  29.462  -2.330 0.0000000000
97801  -35.998  27.928  -2.851 0.0000000000
98333  -37.800  28.917  -3.053 0.0000000000
98830  -38.514  29.540  -2.888 0.0000000000
126178  -40.496  30.704  -2.470 0.0000000000
133579  -37.665  33.126  -2.688 0.0000000000
99864  -39.631  32.149  -2.372 0.0000000000
98837  -40.865  30.516  -2.564 0.0000000000
98842  -41.122  30.004  -4.142 0.0000000000
98845  -41.289  29.752  -5.459 0.0000000000
99367  -40.492  30.332  -7.817 0.0000000000
99908  -39.175  30.710  -8.526 0.0000000000
101408  -39.058  36.248  -6.529 0.0000000000
89142  -39.976  15.209  12.321 0.0000000000
89786  -40.080  16.011  11.568 0.0000000000
91759  -39.869  17.690  12.209 0.0000000000
91137  -40.128  16.614  11.575 0.0000000000
132413  -38.566  14.648  8.731 0.0000000000
89176  -38.194  14.468  6.963 0.0000000000
89803  -39.156  14.314  5.255 0.0000000000
89808  -39.658  14.098  4.607 0.0000000000
91800  -35.149  17.679  5.649 0.0000000000
96024  -38.315  24.473  -0.344 0.0000000000
94948  -37.632  22.855  0.687 0.0000000000
94400  -37.621  21.639  1.817 0.0000000000
94432  -39.725  21.119  0.499 0.0000000000
93804  -39.117  20.951  1.962 0.0000000000
93791  -36.847  20.452  2.386 0.0000000000
93126  -37.212  19.311  3.182 0.0000000000
92451  -36.253  18.162  4.416 0.0000000000
131902  -36.661  17.724  6.174 0.0000000000
92434  -38.956  18.475  6.923 0.0000000000
92435  -40.378  18.732  6.922 0.0000000000
92437  -42.965  18.975  6.817 0.0000000000
91832  -42.982  17.472  2.632 0.0000000000
113376  -44.311  18.131  5.095 0.0000000000
91161  -43.545  17.749  6.312 0.0000000000
90474  -42.211  16.187  5.161 0.0000000000
90484  -41.499  14.850  3.744 0.0000000000
132622  -41.502  13.808  3.166 0.0000000000
89199  -42.210  12.762  2.235 0.0000000000
89207  -41.286  12.715  1.612 0.0000000000
89206  -39.805  13.094  1.572 0.0000000000
90533  -42.533  14.612  -0.419 0.0000000000
90520  -40.456  14.988  0.537 0.0000000000
89835  -38.497  14.223  1.295 0.0000000000
89218  -37.074  13.997  0.780 0.0000000000
89849  -36.568  14.534  0.459 0.0000000000
92546  -41.295  18.022  -6.103 0.0000000000
92534  -39.789  18.204  -4.863 0.0000000000
91891  -38.105  17.880  -3.878 0.0000000000
132069  -36.266  15.784  -6.534 0.0000000000
91889  -36.523  17.132  -3.482 0.0000000000
130835  -36.390  17.109  -2.580 0.0000000000
91225  -35.561  16.428  -1.572 0.0000000000
89876  -34.059  14.895  -0.996 0.0000000000
88510  -41.465  12.005  4.193 0.0000000000
135846  -42.295  11.086  3.135 0.0000000000
88518  -41.831  12.137  3.179 0.0000000000
97865  -40.418  27.717  -6.334 0.0000000000
97853  -40.704  27.394  -5.636 0.0000000000
97273  -39.850  26.801  -5.241 0.0000000000
135515  -36.882  21.063  8.341 0.0000000000
131017  -36.302  19.514  7.738 0.0000000000
97196  -35.707  26.330  -2.203 0.0000000000
96604  -35.841  25.603  -1.779 0.0000000000
96605  -36.812  25.623  -1.635 0.0000000000
92538  -44.946  16.993  -6.200 0.0000000000
91907  -45.359  16.000  -6.043 0.0000000000
91896  -45.327  15.746  -5.188 0.0000000000
91265  -45.137  15.905  -6.245 0.0000000000
91264  -44.698  15.619  -5.694 0.0000000000
91915  -44.467  16.468  -6.776 0.0000000000
98336  -41.113  29.118  -1.811 0.0000000000
98325  -41.136  28.536  -1.214 0.0000000000
97805  -41.450  28.373  -1.364 0.0000000000
95007  -42.386  23.121  -4.996 0.0000000000
95008  -43.993  23.368  -5.363 0.0000000000
95018  -43.444  22.732  -5.706 0.0000000000
94494  -43.496  21.897  -6.680 0.0000000000
93873  -42.070  21.160  -6.390 0.0000000000
93872  -41.128  21.279  -5.193 0.0000000000
113621  -39.124  10.632  9.279 0.0000000000
88479  -40.475  12.596  10.061 0.0000000000
88482  -39.984  12.790  8.978 0.0000000000
89166  -38.981  13.740  8.628 0.0000000000
99837  -29.812  31.303  0.229 0.0000000000
121747  -30.403  30.769  -0.567 0.0000000000
99326  -30.817  30.235  -1.149 0.0000000000
99318  -31.330  31.095  -0.516 0.0000000000
100405  -34.179  32.275  -3.216 0.0000000000
100389  -33.520  32.052  -2.732 0.0000000000
99859  -34.827  31.352  -1.796 0.0000000000
99860  -35.630  31.512  -2.041 0.0000000000
99861  -36.473  31.625  -2.259 0.0000000000
100391  -36.172  32.161  -2.492 0.0000000000
101887  -39.607  35.596  -5.316 0.0000000000
101388  -39.703  34.869  -4.640 0.0000000000
101400  -40.040  34.734  -5.252 0.0000000000
100933  -40.311  33.756  -4.981 0.0000000000
101410  -39.866  35.292  -5.731 0.0000000000
112777  -34.700  17.068  9.399 0.0000000000
114430  -35.285  17.717  9.797 0.0000000000
113519  -35.851  15.720  9.305 0.0000000000
112565  -36.165  17.110  9.939 0.0000000000
91135  -36.636  16.301  9.997 0.0000000000
92419  -41.852  19.921  8.782 0.0000000000
91779  -41.799  19.127  8.777 0.0000000000
91783  -42.279  18.548  8.128 0.0000000000
91153  -41.075  17.346  7.738 0.0000000000
91154  -42.700  18.026  7.461 0.0000000000
94414  -34.606  21.496  0.740 0.0000000000
94397  -34.549  20.769  1.418 0.0000000000
93788  -34.485  20.062  2.140 0.0000000000
93801  -35.339  20.491  1.868 0.0000000000
95472  -41.032  23.583  1.146 0.0000000000
94964  -40.765  22.635  0.330 0.0000000000
92494  -40.384  18.412  0.221 0.0000000000
92493  -39.654  18.755  0.645 0.0000000000
92467  -39.417  18.014  2.396 0.0000000000
91844  -40.303  17.613  2.139 0.0000000000
91830  -40.189  17.534  2.907 0.0000000000
131932  -41.306  17.455  2.032 0.0000000000
89841  -45.397  14.235  0.547 0.0000000000
90507  -45.332  15.019  1.441 0.0000000000
89825  -44.451  14.586  1.686 0.0000000000
89840  -44.763  13.912  0.889 0.0000000000
91869  -39.338  17.232  -1.940 0.0000000000
91229  -39.839  16.683  -1.358 0.0000000000
91228  -38.828  16.937  -1.188 0.0000000000
91227  -37.809  16.978  -1.072 0.0000000000
117740  -37.435  15.958  -9.124 0.0000000000
114653  -38.142  16.447  -8.436 0.0000000000
91928  -37.252  15.849  -8.682 0.0000000000
89899  -33.245  14.437  -5.986 0.0000000000
90577  -34.075  14.620  -5.266 0.0000000000
90555  -33.528  14.839  -2.988 0.0000000000
89882  -32.357  14.126  -2.795 0.0000000000
89891  -31.987  14.086  -4.425 0.0000000000
87184  -43.954  10.299  6.494 0.0000000000
87874  -40.918  11.220  2.141 0.0000000000
116818  -41.380  29.247  -3.893 0.0000000000
97829  -41.716  27.633  -4.504 0.0000000000
96649  -40.535  25.461  -4.526 0.0000000000
96650  -41.768  25.931  -4.542 0.0000000000
96076  -42.063  24.500  -4.636 0.0000000000
123626  -40.133  23.243  -4.311 0.0000000000
120587  -38.313  23.809  -4.327 0.0000000000
86362  -41.499  9.479  13.931 0.0000000000
88459  -40.790  13.096  11.975 0.0000000000
120293  -40.281  14.231  12.321 0.0000000000
100359  -29.926  32.830  2.850 0.0000000000
101397  -38.301  35.917  -5.248 0.0000000000
101901  -38.246  37.172  -6.582 0.0000000000
101900  -36.905  36.504  -6.433 0.0000000000
93760  -38.664  22.018  8.940 0.0000000000
94365  -38.975  22.074  9.370 0.0000000000
93093  -39.319  20.872  8.669 0.0000000000
93094  -40.900  20.899  8.993 0.0000000000
114402  -32.103  26.061  -1.702 0.0000000000
135150  -36.202  22.810  -0.036 0.0000000000
93852  -42.486  20.534  -3.932 0.0000000000
93845  -41.488  20.321  -3.046 0.0000000000
93198  -42.111  19.717  -3.702 0.0000000000
92520  -43.062  17.999  -3.092 0.0000000000
92519  -41.989  18.657  -2.512 0.0000000000
92504  -41.488  18.314  -0.798 0.0000000000
91871  -42.370  17.878  -1.116 0.0000000000
91872  -43.404  17.282  -1.594 0.0000000000
91245  -45.325  14.918  -3.768 0.0000000000
127567  -45.423  15.053  -1.968 0.0000000000
91218  -45.692  14.568  -1.217 0.0000000000
89884  -45.252  14.368  -2.515 0.0000000000
90547  -44.910  14.130  -2.481 0.0000000000
90557  -44.555  14.731  -3.025 0.0000000000
91894  -42.044  16.614  -4.117 0.0000000000
91254  -42.935  15.977  -3.865 0.0000000000
91881  -40.736  16.972  -2.764 0.0000000000
91893  -40.799  17.301  -3.514 0.0000000000
97803  -38.599  27.460  -2.189 0.0000000000
97199  -38.807  26.767  -1.685 0.0000000000
97189  -41.459  26.858  0.184 0.0000000000
97188  -40.932  26.884  0.195 0.0000000000
124346  -41.728  26.237  0.504 0.0000000000
96593  -42.121  25.739  0.484 0.0000000000
96594  -42.632  25.667  -0.496 0.0000000000
97237  -43.060  26.258  -3.848 0.0000000000
97806  -42.530  27.001  -2.220 0.0000000000
96637  -43.621  25.632  -3.602 0.0000000000
95499  -44.431  23.961  -3.924 0.0000000000
95492  -44.128  24.261  -3.292 0.0000000000
95491  -43.846  23.730  -3.138 0.0000000000
120274  -43.040  23.679  -2.161 0.0000000000
94995  -44.087  22.795  -4.148 0.0000000000
94453  -42.703  21.925  -3.279 0.0000000000
94463  -44.367  22.441  -4.966 0.0000000000
93886  -43.993  21.289  -7.291 0.0000000000
93887  -44.130  20.730  -7.151 0.0000000000
93213  -43.833  19.172  -6.838 0.0000000000
93231  -43.343  19.464  -8.402 0.0000000000
92577  -43.417  18.505  -8.384 0.0000000000
93241  -42.881  19.249  -9.366 0.0000000000
93229  -41.064  19.673  -8.812 0.0000000000
93239  -40.854  19.041  -10.261 0.0000000000
93238  -39.611  19.088  -10.032 0.0000000000
93245  -39.301  18.494  -10.322 0.0000000000
93861  -39.130  20.780  -4.961 0.0000000000
93871  -39.661  20.479  -5.581 0.0000000000
93870  -38.773  20.505  -5.843 0.0000000000
94501  -36.903  21.017  -7.847 0.0000000000
128281  -41.632  10.726  11.593 0.0000000000
87141  -41.463  10.979  10.350 0.0000000000
87840  -41.377  11.073  9.863 0.0000000000
87843  -41.897  11.184  8.547 0.0000000000
122420  -42.589  10.951  7.924 0.0000000000
87850  -42.721  11.008  7.624 0.0000000000
88495  -40.663  12.387  6.554 0.0000000000
88500  -40.341  12.525  5.494 0.0000000000
125405  -25.967  28.247  1.667 0.0000000000
97771  -26.343  27.567  1.868 0.0000000000
97173  -26.915  27.238  1.264 0.0000000000
132253  -27.312  27.225  0.565 0.0000000000
97781  -27.557  27.686  -0.117 0.0000000000
99300  -26.853  31.227  2.185 0.0000000000
99305  -27.303  30.465  0.805 0.0000000000
98814  -28.849  29.120  -1.156 0.0000000000
98812  -28.219  29.259  -0.685 0.0000000000
98320  -29.061  28.463  -1.305 0.0000000000
97786  -28.666  27.826  -1.038 0.0000000000
97787  -29.385  27.784  -1.358 0.0000000000
97788  -30.366  27.734  -1.647 0.0000000000
98323  -32.077  28.618  -2.123 0.0000000000
98328  -32.688  28.132  -2.320 0.0000000000
97798  -33.333  27.743  -2.405 0.0000000000
98329  -33.829  28.292  -2.507 0.0000000000
99849  -33.668  31.005  -1.107 0.0000000000
99332  -35.411  30.714  -1.942 0.0000000000
99329  -34.678  30.546  -1.666 0.0000000000
98330  -34.889  28.830  -2.714 0.0000000000
98331  -35.719  28.777  -2.950 0.0000000000
98332  -36.726  28.610  -3.064 0.0000000000
98828  -36.326  29.521  -2.955 0.0000000000
99334  -37.894  30.911  -2.752 0.0000000000
98829  -37.810  29.852  -3.045 0.0000000000
99335  -38.713  30.315  -2.820 0.0000000000
98831  -39.601  29.882  -2.579 0.0000000000
125797  -39.614  30.695  -2.542 0.0000000000
116582  -37.281  33.500  -3.432 0.0000000000
100910  -38.278  33.898  -3.003 0.0000000000
100913  -40.213  33.635  -2.859 0.0000000000
100394  -39.987  32.945  -2.261 0.0000000000
100395  -40.304  32.890  -2.578 0.0000000000
99337  -40.679  31.339  -2.652 0.0000000000
99340  -40.995  31.041  -3.056 0.0000000000
99342  -40.862  30.815  -4.783 0.0000000000
131433  -41.093  30.258  -6.064 0.0000000000
98862  -41.193  29.460  -6.657 0.0000000000
99353  -40.883  30.251  -7.021 0.0000000000
136230  -40.546  30.822  -7.200 0.0000000000
100434  -39.079  32.267  -7.141 0.0000000000
99892  -39.371  31.446  -7.647 0.0000000000
100433  -38.647  31.602  -7.956 0.0000000000
130894  -38.404  32.449  -7.499 0.0000000000
89147  -38.094  14.322  11.033 0.0000000000
90443  -39.364  16.349  11.763 0.0000000000
89148  -39.557  15.715  11.962 0.0000000000
89779  -39.978  16.101  12.083 0.0000000000
130242  -40.162  15.866  12.113 0.0000000000
90449  -39.956  16.198  11.553 0.0000000000
128720  -38.789  19.213  11.625 0.0000000000
115252  -38.686  18.364  11.647 0.0000000000
92400  -39.778  18.761  12.113 0.0000000000
91148  -39.548  17.191  8.949 0.0000000000
91777  -40.018  17.428  11.137 0.0000000000
91147  -39.279  16.641  9.528 0.0000000000
90459  -38.917  15.949  9.358 0.0000000000
90461  -38.384  15.481  8.013 0.0000000000
89170  -38.311  14.314  7.859 0.0000000000
120880  -38.203  15.100  7.271 0.0000000000
90469  -40.162  15.794  6.175 0.0000000000
90471  -38.870  14.890  5.891 0.0000000000
90472  -39.606  15.082  5.368 0.0000000000
89186  -39.381  13.759  4.891 0.0000000000
90477  -39.918  14.729  4.730 0.0000000000
93123  -34.573  18.692  3.504 0.0000000000
91809  -34.405  17.797  5.082 0.0000000000
96590  -38.658  25.170  -0.671 0.0000000000
96589  -37.952  24.923  -0.868 0.0000000000
96025  -39.225  24.726  0.081 0.0000000000
95451  -39.487  22.928  1.763 0.0000000000
95456  -38.658  23.238  1.119 0.0000000000
128520  -38.474  22.372  1.708 0.0000000000
94417  -37.407  22.244  1.172 0.0000000000
93828  -40.264  20.609  -1.329 0.0000000000
94433  -40.094  21.197  -0.457 0.0000000000
93827  -39.763  20.430  -0.432 0.0000000000
93144  -38.720  19.702  1.844 0.0000000000
93160  -39.051  19.964  1.343 0.0000000000
130491  -38.492  20.548  2.200 0.0000000000
128332  -37.976  21.086  2.284 0.0000000000
93792  -37.655  20.419  2.427 0.0000000000
93134  -36.761  19.828  2.804 0.0000000000
93135  -37.628  19.663  2.767 0.0000000000
92453  -37.928  18.294  3.810 0.0000000000
92452  -37.102  18.258  4.251 0.0000000000
91811  -37.421  17.874  4.828 0.0000000000
91810  -36.651  17.876  4.883 0.0000000000
91802  -37.221  17.754  5.595 0.0000000000
92433  -37.814  18.238  7.004 0.0000000000
91791  -38.097  17.965  6.231 0.0000000000
91805  -41.100  18.047  5.331 0.0000000000
92442  -40.670  18.361  6.104 0.0000000000
92436  -41.997  19.136  6.894 0.0000000000
92443  -42.307  18.627  6.173 0.0000000000
91847  -43.293  17.241  1.293 0.0000000000
114217  -43.555  17.339  2.100 0.0000000000
91175  -45.231  16.995  3.723 0.0000000000
91170  -44.843  17.299  4.010 0.0000000000
91169  -44.453  17.546  4.684 0.0000000000
91166  -44.188  17.936  5.568 0.0000000000
91165  -43.519  17.174  5.784 0.0000000000
91168  -43.984  16.910  5.238 0.0000000000
90493  -42.811  14.880  2.802 0.0000000000
89815  -42.003  14.568  3.138 0.0000000000
89193  -41.707  12.822  2.950 0.0000000000
89838  -41.835  13.034  1.381 0.0000000000
89208  -42.257  12.705  1.708 0.0000000000
89837  -40.462  13.610  1.380 0.0000000000
90545  -42.759  15.115  -1.453 0.0000000000
91215  -41.531  15.660  -1.038 0.0000000000
90531  -39.923  15.780  -0.017 0.0000000000
90519  -39.362  15.290  0.652 0.0000000000
120159  -39.855  14.493  1.071 0.0000000000
120386  -38.852  14.737  1.137 0.0000000000
89834  -37.820  13.921  1.177 0.0000000000
89851  -38.019  14.749  1.058 0.0000000000
90529  -36.282  15.765  -0.188 0.0000000000
90516  -36.757  15.265  0.342 0.0000000000
90515  -35.989  15.117  0.128 0.0000000000
89848  -35.843  14.328  0.183 0.0000000000
89864  -35.275  14.865  -0.204 0.0000000000
115204  -42.089  17.722  -8.462 0.0000000000
92557  -42.378  17.493  -7.235 0.0000000000
92556  -41.102  18.086  -7.327 0.0000000000
91913  -38.525  17.859  -5.836 0.0000000000
92545  -39.480  18.236  -5.646 0.0000000000
92544  -38.991  18.250  -5.005 0.0000000000
92525  -39.148  18.113  -4.149 0.0000000000
91903  -38.245  17.920  -4.827 0.0000000000
91271  -35.660  15.513  -7.217 0.0000000000
91252  -35.438  16.013  -3.992 0.0000000000
91253  -36.118  16.346  -4.616 0.0000000000
91241  -35.931  16.783  -3.138 0.0000000000
115262  -35.989  16.836  -2.111 0.0000000000
91224  -34.893  16.099  -1.952 0.0000000000
90543  -34.427  15.535  -1.450 0.0000000000
89862  -33.836  14.159  -0.788 0.0000000000
87862  -42.810  10.924  4.767 0.0000000000
87206  -42.410  10.621  3.079 0.0000000000
135785  -41.384  28.370  -5.645 0.0000000000
97275  -41.291  27.221  -4.987 0.0000000000
97274  -40.588  26.824  -5.045 0.0000000000
123942  -39.726  24.764  -4.426 0.0000000000
96648  -39.417  25.506  -4.542 0.0000000000
93092  -37.888  20.894  8.451 0.0000000000
93104  -38.272  19.696  8.062 0.0000000000
125996  -34.062  26.157  -2.075 0.0000000000
130938  -34.406  25.608  -1.807 0.0000000000
96022  -36.188  24.270  -0.870 0.0000000000
132245  -42.663  19.032  -4.287 0.0000000000
92537  -43.617  18.401  -5.322 0.0000000000
92528  -43.485  18.050  -4.200 0.0000000000
91895  -44.423  16.877  -4.084 0.0000000000
91883  -43.868  17.118  -2.777 0.0000000000
91256  -45.062  15.214  -4.388 0.0000000000
90570  -45.166  14.836  -3.978 0.0000000000
91255  -44.824  15.219  -4.817 0.0000000000
91905  -42.853  16.583  -5.119 0.0000000000
92536  -41.899  17.323  -5.396 0.0000000000
118501  -40.344  27.712  -1.104 0.0000000000
97792  -41.042  28.110  -0.703 0.0000000000
97793  -41.323  28.004  -0.724 0.0000000000
131331  -42.128  27.030  -0.637 0.0000000000
96077  -43.531  24.548  -4.636 0.0000000000
96638  -44.119  25.093  -3.993 0.0000000000
95508  -44.136  23.838  -4.809 0.0000000000
95009  -44.376  23.183  -5.044 0.0000000000
94475  -44.289  22.341  -5.626 0.0000000000
94486  -44.210  22.112  -6.355 0.0000000000
94495  -44.074  21.904  -6.852 0.0000000000
119154  -43.135  20.382  -8.002 0.0000000000
93899  -42.735  19.629  -9.125 0.0000000000
115241  -42.299  20.632  -7.557 0.0000000000
128992  -41.365  20.198  -7.898 0.0000000000
93219  -40.259  20.016  -7.530 0.0000000000
93869  -37.888  20.825  -6.270 0.0000000000
87160  -39.965  10.617  8.029 0.0000000000
88470  -41.391  11.788  11.379 0.0000000000
88480  -41.267  11.499  10.149 0.0000000000
114338  -41.211  11.683  9.022 0.0000000000
88483  -41.649  11.609  8.375 0.0000000000
88494  -39.736  12.834  7.130 0.0000000000
98305  -25.991  28.876  1.238 0.0000000000
99829  -28.690  31.786  1.912 0.0000000000
99306  -28.205  31.027  0.738 0.0000000000
99316  -28.870  30.692  -0.144 0.0000000000
99317  -29.537  30.383  -0.684 0.0000000000
98815  -29.435  29.614  -1.180 0.0000000000
98322  -30.692  28.745  -1.762 0.0000000000
98816  -30.163  29.396  -1.475 0.0000000000
98817  -31.188  29.566  -1.561 0.0000000000
98818  -32.268  29.630  -1.645 0.0000000000
100388  -32.954  31.900  -2.084 0.0000000000
99858  -33.904  31.409  -1.651 0.0000000000
99330  -35.119  31.058  -1.669 0.0000000000
125242  -36.110  30.455  -2.417 0.0000000000
99333  -36.748  31.070  -2.369 0.0000000000
99862  -37.420  31.765  -2.483 0.0000000000
101379  -38.953  34.521  -3.684 0.0000000000
101380  -39.620  34.349  -3.650 0.0000000000
100923  -39.957  34.232  -3.532 0.0000000000
100408  -40.558  32.875  -3.186 0.0000000000
99873  -40.746  31.933  -3.716 0.0000000000
100418  -40.503  32.818  -4.379 0.0000000000
100422  -40.426  32.830  -5.554 0.0000000000
120156  -40.430  31.945  -6.058 0.0000000000
99883  -40.279  31.484  -6.731 0.0000000000
100429  -40.236  32.546  -6.229 0.0000000000
100428  -39.818  33.132  -6.465 0.0000000000
91765  -34.339  17.809  9.562 0.0000000000
91133  -33.956  16.999  9.222 0.0000000000
91146  -34.541  16.319  8.988 0.0000000000
90458  -35.100  15.642  8.899 0.0000000000
89777  -37.289  14.475  10.430 0.0000000000
89785  -37.604  15.314  10.572 0.0000000000
90448  -37.813  15.947  10.718 0.0000000000
91136  -39.396  16.557  11.891 0.0000000000
92408  -40.472  19.650  10.706 0.0000000000
91760  -40.062  18.600  12.159 0.0000000000
92418  -41.117  19.537  9.657 0.0000000000
91778  -40.379  18.312  9.490 0.0000000000
91152  -39.690  16.751  7.981 0.0000000000
90462  -38.870  15.837  7.516 0.0000000000
91158  -39.918  16.316  7.127 0.0000000000
93132  -34.956  19.412  2.821 0.0000000000
93124  -35.609  18.940  3.398 0.0000000000
96012  -40.586  24.600  1.275 0.0000000000
96011  -39.789  24.355  1.133 0.0000000000
96005  -40.207  23.902  1.610 0.0000000000
94937  -40.310  23.449  1.633 0.0000000000
94936  -39.958  22.850  1.857 0.0000000000
93172  -40.129  19.419  -0.847 0.0000000000
93171  -39.650  19.794  -0.305 0.0000000000
92502  -39.804  19.090  -0.136 0.0000000000
93145  -39.129  19.160  1.257 0.0000000000
92481  -38.824  18.883  2.062 0.0000000000
128712  -38.267  19.160  2.643 0.0000000000
92466  -38.709  18.473  2.797 0.0000000000
92460  -38.550  18.205  3.383 0.0000000000
91818  -38.850  17.794  3.903 0.0000000000
131223  -38.803  17.733  4.624 0.0000000000
91819  -40.042  17.562  3.689 0.0000000000
91820  -41.588  17.613  3.646 0.0000000000
91201  -45.392  15.459  0.579 0.0000000000
91190  -44.900  16.692  2.267 0.0000000000
91191  -45.288  15.639  1.562 0.0000000000
116037  -45.305  15.921  2.471 0.0000000000
90487  -45.214  16.518  3.353 0.0000000000
90486  -43.982  15.947  3.503 0.0000000000
90494  -43.927  15.364  2.556 0.0000000000
89824  -43.202  13.840  1.876 0.0000000000
89200  -42.603  12.999  1.865 0.0000000000
89853  -42.434  13.326  0.904 0.0000000000
91230  -40.842  16.347  -1.584 0.0000000000
91213  -39.350  16.406  -0.559 0.0000000000
91199  -38.858  15.995  0.165 0.0000000000
90517  -37.535  15.358  0.551 0.0000000000
91198  -37.895  16.026  0.188 0.0000000000
91211  -37.414  16.493  -0.443 0.0000000000
91210  -36.607  16.375  -0.572 0.0000000000
92566  -39.998  17.154  -9.041 0.0000000000
92555  -40.100  17.949  -7.559 0.0000000000
92565  -39.148  17.374  -7.915 0.0000000000
91919  -38.414  17.328  -7.064 0.0000000000
119474  -37.875  17.220  -6.506 0.0000000000
90578  -34.708  14.750  -6.288 0.0000000000
91262  -35.687  15.509  -5.934 0.0000000000
119253  -34.630  14.937  -4.928 0.0000000000
90568  -34.751  15.463  -3.907 0.0000000000
90556  -34.280  15.502  -2.655 0.0000000000
89883  -33.035  14.574  -2.215 0.0000000000
89874  -32.658  14.080  -1.721 0.0000000000
120056  -44.394  9.468  6.619 0.0000000000
98833  -41.351  29.286  -2.624 0.0000000000
124574  -41.608  28.497  -2.453 0.0000000000
126913  -41.987  27.691  -3.449 0.0000000000
97257  -42.653  26.168  -4.270 0.0000000000
97256  -41.848  26.798  -4.475 0.0000000000
121042  -42.771  25.317  -4.501 0.0000000000
123197  -41.383  23.584  -4.565 0.0000000000
94472  -40.409  21.646  -4.643 0.0000000000
95004  -38.745  22.178  -4.449 0.0000000000
96074  -39.420  23.952  -4.305 0.0000000000
95506  -39.061  23.041  -4.273 0.0000000000
129796  -41.130  10.049  11.921 0.0000000000
87129  -41.865  10.673  12.460 0.0000000000
87805  -41.803  10.392  14.158 0.0000000000
87829  -41.834  11.184  12.796 0.0000000000
87837  -41.787  11.150  11.861 0.0000000000
89158  -40.296  14.107  11.229 0.0000000000
99822  -28.318  32.265  2.453 0.0000000000
99823  -29.151  32.397  2.476 0.0000000000
99830  -29.780  32.105  1.974 0.0000000000
99831  -30.514  32.041  1.167 0.0000000000
100406  -35.816  32.673  -3.287 0.0000000000
101385  -37.478  34.656  -4.668 0.0000000000
101386  -38.689  35.177  -4.579 0.0000000000
101398  -39.280  36.035  -5.473 0.0000000000
101894  -39.551  35.937  -5.692 0.0000000000
94347  -39.364  21.698  10.372 0.0000000000
93744  -40.082  20.919  10.965 0.0000000000
93083  -40.996  20.946  9.524 0.0000000000
93095  -41.587  20.407  8.960 0.0000000000
93107  -42.058  19.780  8.383 0.0000000000
94945  -35.072  22.176  0.246 0.0000000000
94415  -35.618  21.692  0.743 0.0000000000
94986  -42.014  22.138  -2.471 0.0000000000
94977  -41.003  22.325  -0.896 0.0000000000
93844  -40.753  20.468  -2.239 0.0000000000
93180  -40.448  19.807  -1.678 0.0000000000
93190  -41.546  19.462  -2.910 0.0000000000
93181  -41.196  19.191  -2.091 0.0000000000
92510  -40.855  18.928  -1.303 0.0000000000
92495  -41.276  18.086  -0.026 0.0000000000
91855  -42.080  17.578  0.587 0.0000000000
91856  -43.160  17.227  0.369 0.0000000000
91216  -44.270  16.518  0.013 0.0000000000
91873  -44.567  16.281  -2.298 0.0000000000
91863  -44.255  16.524  -1.055 0.0000000000
91217  -45.295  15.498  -0.491 0.0000000000
91202  -45.731  14.536  -0.222 0.0000000000
89867  -45.227  13.718  -0.830 0.0000000000
90535  -44.992  13.857  -1.692 0.0000000000
90546  -44.094  14.531  -2.024 0.0000000000
91244  -43.854  15.308  -3.566 0.0000000000
91243  -42.326  15.978  -2.872 0.0000000000
91242  -41.231  16.492  -2.385 0.0000000000
118727  -38.888  17.583  -2.524 0.0000000000
91277  -36.537  16.077  -7.721 0.0000000000
122990  -36.058  16.315  -7.556 0.0000000000
119089  -35.532  15.954  -7.404 0.0000000000
91270  -34.790  15.268  -7.337 0.0000000000
90583  -34.615  14.867  -7.323 0.0000000000
89906  -34.299  14.693  -7.137 0.0000000000
89898  -32.128  14.401  -6.015 0.0000000000
97218  -37.044  26.880  -2.279 0.0000000000
97198  -37.309  26.210  -1.852 0.0000000000
117650  -38.107  26.107  -1.599 0.0000000000
96607  -39.005  25.988  -1.108 0.0000000000
96591  -39.586  25.525  -0.261 0.0000000000
97187  -40.082  26.407  -0.471 0.0000000000
96592  -40.542  25.910  0.283 0.0000000000
96013  -41.191  24.906  1.219 0.0000000000
95473  -41.786  24.254  0.501 0.0000000000
97203  -42.700  26.391  -1.425 0.0000000000
96625  -44.002  25.144  -3.458 0.0000000000
96059  -43.808  24.795  -2.815 0.0000000000
96608  -43.132  25.296  -1.710 0.0000000000
96058  -43.184  24.450  -1.835 0.0000000000
94978  -42.005  22.888  -1.637 0.0000000000
93853  -43.426  20.931  -4.765 0.0000000000
94474  -44.249  21.762  -5.285 0.0000000000
93863  -44.171  20.919  -5.665 0.0000000000
93212  -43.681  19.606  -5.906 0.0000000000
91922  -44.434  16.874  -7.030 0.0000000000
91921  -44.041  16.976  -7.462 0.0000000000
92569  -43.369  17.817  -8.063 0.0000000000
92568  -42.532  17.976  -8.863 0.0000000000
92567  -41.570  17.878  -9.610 0.0000000000
93240  -42.454  19.133  -9.648 0.0000000000
116974  -41.202  17.998  -10.346 0.0000000000
92574  -40.685  17.453  -10.034 0.0000000000
91942  -39.665  17.257  -10.286 0.0000000000
91935  -38.043  16.710  -9.512 0.0000000000
91934  -37.209  16.640  -9.062 0.0000000000
132363  -40.605  20.682  -5.646 0.0000000000
116680  -40.155  20.328  -6.356 0.0000000000
93893  -39.114  20.142  -7.896 0.0000000000
93882  -38.447  20.521  -7.077 0.0000000000
93892  -38.187  20.386  -8.173 0.0000000000
93227  -38.845  19.804  -8.974 0.0000000000
87140  -40.480  10.722  9.876 0.0000000000
87148  -40.245  10.786  8.992 0.0000000000
87161  -41.505  10.853  8.698 0.0000000000
87150  -41.787  11.089  8.645 0.0000000000
86425  -42.985  10.004  7.113 0.0000000000
86426  -43.784  9.926  6.960 0.0000000000
87173  -43.657  10.143  6.966 0.0000000000
87851  -43.095  10.749  7.002 0.0000000000
87853  -42.261  11.475  6.253 0.0000000000
88496  -41.980  11.628  7.145 0.0000000000
88501  -41.232  11.971  5.200 0.0000000000
88509  -40.480  12.621  4.623 0.0000000000
98811  -27.490  29.435  -0.157 0.0000000000
98313  -27.141  28.590  0.049 0.0000000000
124722  -28.124  27.923  -0.654 0.0000000000
97783  -28.950  27.228  -1.035 0.0000000000
97186  -29.781  25.981  -0.951 0.0000000000
97192  -30.517  26.685  -1.456 0.0000000000
97193  -31.355  26.383  -1.612 0.0000000000
97790  -32.039  26.861  -1.934 0.0000000000
120964  -31.301  28.190  -1.974 0.0000000000
97797  -32.001  27.726  -2.145 0.0000000000
97194  -32.768  26.465  -1.988 0.0000000000
97214  -33.524  26.855  -2.268 0.0000000000
97215  -34.423  26.800  -2.361 0.0000000000
97216  -35.223  26.834  -2.426 0.0000000000
99839  -31.338  31.818  -0.088 0.0000000000
98819  -33.332  29.898  -1.595 0.0000000000
99328  -33.895  30.751  -1.256 0.0000000000
98820  -34.036  29.983  -1.707 0.0000000000
98825  -33.678  29.114  -2.324 0.0000000000
128154  -34.252  28.766  -2.544 0.0000000000
97800  -35.209  28.089  -2.786 0.0000000000
97802  -36.810  27.677  -2.669 0.0000000000
129962  -37.429  28.160  -2.811 0.0000000000
129378  -38.288  28.159  -2.631 0.0000000000
130155  -37.124  29.406  -3.137 0.0000000000
98334  -38.924  28.927  -2.705 0.0000000000
98832  -40.847  29.897  -2.388 0.0000000000
99863  -38.535  31.950  -2.505 0.0000000000
134041  -38.688  33.412  -2.468 0.0000000000
100393  -39.181  32.865  -2.283 0.0000000000
99336  -40.170  31.426  -2.425 0.0000000000
129385  -40.978  29.711  -2.236 0.0000000000
98838  -41.051  30.051  -2.857 0.0000000000
121690  -41.452  29.235  -4.949 0.0000000000
98846  -41.416  28.874  -5.861 0.0000000000
98388  -41.141  28.709  -6.666 0.0000000000
99893  -40.082  30.985  -7.725 0.0000000000
99366  -39.801  30.332  -8.317 0.0000000000
101409  -39.655  35.865  -5.973 0.0000000000
100937  -39.403  35.093  -6.448 0.0000000000
100944  -38.414  34.463  -7.019 0.0000000000
88457  -39.290  13.575  12.035 0.0000000000
88458  -40.194  14.313  12.385 0.0000000000
89143  -40.258  15.099  12.182 0.0000000000
129275  -40.139  15.387  11.450 0.0000000000
89165  -39.259  14.727  9.919 0.0000000000
113551  -37.414  18.116  10.888 0.0000000000
91127  -38.967  17.154  11.660 0.0000000000
91128  -39.937  17.016  12.012 0.0000000000
91767  -40.061  17.692  12.221 0.0000000000
89795  -39.138  15.669  9.940 0.0000000000
89171  -38.703  13.631  7.419 0.0000000000
89177  -38.655  13.666  6.361 0.0000000000
89802  -38.434  14.250  6.002 0.0000000000
89180  -38.984  13.690  5.507 0.0000000000
89187  -40.079  13.442  4.328 0.0000000000
91799  -34.089  18.036  5.791 0.0000000000
135121  -34.684  18.126  6.366 0.0000000000
91788  -35.290  18.036  6.513 0.0000000000
117155  -36.863  23.892  -0.548 0.0000000000
96010  -38.890  23.982  0.525 0.0000000000
95471  -37.798  23.670  0.014 0.0000000000
95455  -36.871  23.165  -0.050 0.0000000000
94947  -36.751  22.524  0.455 0.0000000000
94416  -36.591  21.868  1.004 0.0000000000
131942  -36.746  21.365  1.589 0.0000000000
122202  -40.479  21.898  -0.386 0.0000000000
94419  -40.237  21.938  0.664 0.0000000000
94418  -39.806  22.037  1.683 0.0000000000
93815  -39.390  20.334  0.595 0.0000000000
126390  -39.460  21.223  1.514 0.0000000000
94402  -39.323  21.633  1.998 0.0000000000
94401  -38.702  21.518  2.120 0.0000000000
93803  -37.186  21.011  2.107 0.0000000000
93802  -36.245  20.848  1.786 0.0000000000
93790  -36.055  20.230  2.364 0.0000000000
93133  -35.862  19.600  2.843 0.0000000000
92458  -36.338  18.588  3.849 0.0000000000
118606  -35.770  17.797  4.903 0.0000000000
91789  -35.951  17.770  6.336 0.0000000000
92431  -35.831  18.376  7.073 0.0000000000
92422  -36.499  18.849  7.510 0.0000000000
92423  -37.440  18.806  7.544 0.0000000000
92424  -38.634  18.957  7.584 0.0000000000
91792  -39.224  18.144  6.103 0.0000000000
92425  -40.139  19.305  7.632 0.0000000000
92426  -41.712  19.580  7.726 0.0000000000
92427  -42.605  19.243  7.550 0.0000000000
91821  -43.235  17.753  3.702 0.0000000000
91180  -44.706  17.418  2.947 0.0000000000
91822  -44.391  17.580  3.622 0.0000000000
118347  -43.533  18.236  4.738 0.0000000000
92444  -43.320  18.529  6.215 0.0000000000
129157  -43.208  18.627  6.652 0.0000000000
136036  -43.072  18.570  7.226 0.0000000000
91160  -42.821  17.528  6.830 0.0000000000
91164  -42.184  16.619  6.159 0.0000000000
90479  -42.409  15.801  4.376 0.0000000000
90478  -41.035  15.239  4.463 0.0000000000
89809  -40.462  14.234  4.028 0.0000000000
89192  -40.853  13.444  3.617 0.0000000000
88526  -41.918  12.292  2.451 0.0000000000
88534  -41.839  12.415  1.934 0.0000000000
88533  -40.815  12.256  1.755 0.0000000000
88532  -39.589  12.290  1.681 0.0000000000
89866  -44.086  13.514  -0.112 0.0000000000
89865  -42.983  13.664  0.369 0.0000000000
90521  -41.692  14.423  0.429 0.0000000000
90532  -41.075  15.404  -0.169 0.0000000000
89836  -39.293  14.013  1.405 0.0000000000
89205  -38.704  13.552  1.431 0.0000000000
89204  -38.152  12.970  1.321 0.0000000000
89850  -37.289  14.639  0.742 0.0000000000
91920  -43.559  16.906  -7.225 0.0000000000
91914  -42.955  16.891  -6.446 0.0000000000
119710  -40.227  18.273  -6.378 0.0000000000
121128  -40.281  18.215  -5.535 0.0000000000
92535  -40.775  17.908  -5.011 0.0000000000
92526  -40.270  17.860  -4.186 0.0000000000
91892  -38.973  17.863  -3.232 0.0000000000
91879  -38.025  17.716  -2.931 0.0000000000
91278  -36.850  16.121  -7.834 0.0000000000
91901  -36.730  16.957  -4.733 0.0000000000
91902  -37.427  17.491  -4.719 0.0000000000
91890  -37.225  17.526  -3.683 0.0000000000
91878  -37.113  17.427  -2.545 0.0000000000
91877  -36.640  17.065  -1.831 0.0000000000
91226  -36.255  16.669  -1.288 0.0000000000
91209  -35.842  16.211  -0.790 0.0000000000
90544  -35.136  15.927  -1.089 0.0000000000
90527  -34.790  15.279  -0.713 0.0000000000
86347  -41.921  9.974  13.822 0.0000000000
87118  -41.957  10.502  13.319 0.0000000000
89134  -40.367  14.239  12.252 0.0000000000
89794  -38.192  15.088  8.118 0.0000000000
89856  -45.621  14.055  -0.166 0.0000000000
89868  -45.732  14.036  -1.037 0.0000000000
89905  -33.454  14.711  -6.955 0.0000000000
89913  -34.330  14.930  -7.601 0.0000000000
90467  -38.350  14.751  6.516 0.0000000000
90480  -43.973  16.416  4.356 0.0000000000
90548  -45.420  14.280  -1.942 0.0000000000
90558  -45.196  14.655  -3.210 0.0000000000
90559  -45.257  14.647  -3.006 0.0000000000
90587  -34.317  14.951  -7.598 0.0000000000
91233  -45.243  15.208  -2.899 0.0000000000
91240  -35.432  16.441  -2.544 0.0000000000
91272  -36.536  15.933  -7.253 0.0000000000
91281  -36.711  16.194  -8.009 0.0000000000
91282  -36.855  16.022  -8.206 0.0000000000
91758  -38.445  17.613  11.445 0.0000000000
91780  -42.392  19.312  8.156 0.0000000000
91785  -43.090  18.855  7.097 0.0000000000
91790  -37.293  17.869  6.398 0.0000000000
91793  -43.258  18.346  6.843 0.0000000000
91794  -43.619  18.305  6.177 0.0000000000
91801  -36.219  17.665  5.563 0.0000000000
91803  -38.271  17.791  5.270 0.0000000000
91804  -39.539  17.841  5.294 0.0000000000
91807  -43.932  18.289  5.549 0.0000000000
91814  -41.452  17.792  4.506 0.0000000000
91815  -44.327  17.870  4.477 0.0000000000
91823  -45.098  17.269  3.608 0.0000000000
91854  -41.022  17.809  0.715 0.0000000000
91880  -39.853  17.464  -2.745 0.0000000000
91927  -36.812  16.320  -8.394 0.0000000000
91930  -43.943  17.466  -7.612 0.0000000000
91936  -39.015  16.757  -9.588 0.0000000000
91937  -39.851  16.903  -9.966 0.0000000000
91941  -38.899  17.555  -10.132 0.0000000000
92432  -36.739  18.090  6.955 0.0000000000
92459  -37.176  18.775  3.632 0.0000000000
92482  -40.186  18.156  0.888 0.0000000000
92573  -37.710  17.802  -9.518 0.0000000000
92576  -42.889  18.380  -9.130 0.0000000000
92581  -39.758  17.913  -10.614 0.0000000000
92582  -40.411  17.672  -10.630 0.0000000000
92583  -41.708  18.680  -10.062 0.0000000000
92584  -42.544  18.828  -9.635 0.0000000000
92585  -43.044  18.883  -9.282 0.0000000000
93076  -39.450  19.870  11.599 0.0000000000
93082  -40.685  20.672  10.431 0.0000000000
93125  -36.497  19.193  3.301 0.0000000000
93220  -43.614  19.351  -7.674 0.0000000000
93226  -37.369  20.346  -8.398 0.0000000000
93230  -41.977  19.353  -9.629 0.0000000000
93242  -43.187  19.194  -9.009 0.0000000000
93752  -40.425  21.383  10.093 0.0000000000
93864  -44.440  21.665  -6.116 0.0000000000
93900  -43.107  19.743  -8.714 0.0000000000
94348  -40.021  21.546  10.323 0.0000000000
94356  -38.714  22.225  9.564 0.0000000000
94357  -39.684  21.840  9.773 0.0000000000
94398  -35.403  21.109  1.268 0.0000000000
94441  -41.177  21.834  -1.851 0.0000000000
94451  -40.689  21.103  -1.952 0.0000000000
94461  -42.175  21.078  -3.399 0.0000000000
94471  -39.413  21.478  -4.592 0.0000000000
94483  -38.325  20.889  -5.380 0.0000000000
94484  -42.713  21.997  -5.945 0.0000000000
94485  -43.901  22.356  -6.420 0.0000000000
95452  -39.985  23.336  1.800 0.0000000000
95458  -40.767  24.160  1.445 0.0000000000
95498  -44.154  23.400  -3.753 0.0000000000
95509  -44.314  23.750  -4.495 0.0000000000
96023  -37.496  24.452  -0.684 0.0000000000
96026  -41.807  25.056  0.957 0.0000000000
96027  -42.400  24.958  0.088 0.0000000000
96044  -37.305  25.082  -1.211 0.0000000000
96045  -42.850  24.864  -0.914 0.0000000000
96065  -44.237  24.603  -3.720 0.0000000000
96583  -40.970  25.423  1.024 0.0000000000
96584  -41.532  25.607  0.865 0.0000000000
96603  -34.991  25.296  -1.661 0.0000000000
97195  -33.384  26.132  -1.963 0.0000000000
97197  -36.465  26.252  -2.071 0.0000000000
97202  -41.677  27.358  -0.306 0.0000000000
97219  -37.925  26.785  -2.040 0.0000000000
97220  -43.035  26.296  -2.925 0.0000000000
97774  -26.411  28.059  1.137 0.0000000000
97775  -26.950  27.886  0.538 0.0000000000
97776  -27.784  26.784  0.235 0.0000000000
97784  -41.197  27.533  -0.213 0.0000000000
97791  -39.550  27.576  -1.703 0.0000000000
97799  -34.055  27.534  -2.487 0.0000000000
97815  -42.527  26.980  -3.233 0.0000000000
98317  -28.433  28.509  -0.926 0.0000000000
98324  -40.585  28.459  -1.475 0.0000000000
98813  -28.803  29.851  -0.763 0.0000000000
99865  -40.341  32.186  -2.516 0.0000000000
100868  -29.732  33.234  2.855 0.0000000000
100869  -30.691  33.383  2.950 0.0000000000
100902  -39.616  33.523  -2.425 0.0000000000
100903  -40.063  33.450  -2.486 0.0000000000
100909  -36.395  33.305  -3.816 0.0000000000
100911  -39.298  34.093  -2.809 0.0000000000
100924  -40.269  33.642  -3.830 0.0000000000
112539  -37.995  16.177  -9.198 0.0000000000
114108  -44.511  17.315  -6.719 0.0000000000
119466  -41.374  27.913  -5.381 0.0000000000
120716  -38.925  12.850  1.545 0.0000000000
120991  -38.090  32.611  -2.466 0.0000000000
122746  -42.894  16.695  -5.743 0.0000000000
124844  -43.796  25.018  -4.341 0.0000000000
125461  -33.261  28.453  -2.384 0.0000000000
125784  -40.903  18.325  -10.569 0.0000000000
125876  -35.449  27.459  -2.624 0.0000000000
125892  -34.490  28.155  -2.637 0.0000000000
128052  -37.308  17.200  -1.649 0.0000000000
129340  -41.651  9.850  14.356 0.0000000000
132321  -41.472  10.832  14.192 0.0000000000
132654  -37.521  25.675  -1.510 0.0000000000
134255  -33.905  17.935  5.211 0.0000000000
134961  -29.420  29.025  -1.411 0.0000000000
135386  -37.220  20.119  2.610 0.0000000000
135392  -40.386  15.333  12.050 0.0000000000
135605  -38.227  17.576  -9.839 0.0000000000
