#!ascii label  , from subject sub-v2s9x29152_ses-1 vox2ras=TkReg
1116
132764  -15.271  -80.172  -52.397 0.5000000000
7928  -14.654  -80.267  -52.668 0.6000000238
112525  -20.165  -76.485  -49.387 0.3000000119
6369  -13.786  -81.468  -52.034 0.5000000000
11053  -19.808  -76.530  -51.721 0.4000000060
11054  -20.604  -76.030  -51.442 0.4000000060
11046  -20.957  -76.079  -50.638 0.4000000060
115301  -20.253  -76.155  -52.122 0.4000000060
10221  -14.236  -76.773  -52.503 0.5000000000
9498  -14.804  -77.730  -52.901 0.5000000000
8722  -14.873  -79.464  -53.017 0.5000000000
9494  -13.830  -78.464  -51.718 0.6000000238
9495  -14.383  -78.251  -52.464 0.5000000000
8721  -14.524  -79.860  -52.851 0.6000000238
11035  -20.217  -77.102  -48.346 0.3000000119
8718  -14.003  -79.866  -52.716 0.5000000000
11065  -19.043  -76.778  -52.754 0.5000000000
11061  -19.450  -76.780  -52.319 0.5000000000
127793  -21.543  -76.878  -48.555 0.3000000119
116901  -13.817  -79.686  -52.448 0.6000000238
7151  -13.308  -81.153  -52.460 0.5000000000
11920  -19.355  -74.972  -52.309 0.5000000000
11066  -19.720  -76.018  -52.393 0.4000000060
11055  -21.161  -75.615  -51.165 0.4000000060
11894  -21.794  -75.461  -50.719 0.3000000119
111710  -21.221  -76.394  -49.601 0.3000000119
12714  -18.574  -74.519  -52.222 0.4000000060
11914  -20.077  -75.371  -52.134 0.4000000060
11905  -20.732  -75.484  -51.468 0.4000000060
12712  -19.605  -74.762  -52.089 0.4000000060
11908  -11.500  -74.915  -52.037 0.6999999881
11058  -12.691  -75.187  -52.328 0.6999999881
11059  -13.600  -75.428  -52.387 0.6999999881
8724  -16.335  -78.876  -53.037 0.5000000000
11056  -10.931  -75.170  -51.671 0.6999999881
128917  -11.293  -75.210  -51.967 0.6999999881
10219  -12.621  -76.236  -51.873 0.8000000119
126839  -13.359  -76.057  -52.243 0.5000000000
10216  -12.897  -77.550  -51.116 0.6999999881
9501  -17.436  -78.091  -53.129 0.5000000000
119537  -12.224  -77.233  -50.997 0.6999999881
10224  -17.665  -77.489  -53.160 0.4000000060
117854  -18.477  -77.689  -53.080 0.5000000000
10198  -20.812  -77.975  -47.655 0.3000000119
120978  -17.910  -76.529  -52.914 0.5000000000
11918  -18.159  -75.630  -52.578 0.5000000000
9491  -13.310  -78.299  -51.014 0.5000000000
12713  -17.897  -74.534  -52.294 0.5000000000
12704  -17.228  -74.105  -51.856 0.4000000060
12710  -17.906  -74.136  -52.075 0.4000000060
12707  -20.259  -74.809  -51.667 0.4000000060
11907  -21.763  -74.770  -50.832 0.4000000060
12699  -18.426  -74.518  -50.508 0.3000000119
12706  -19.219  -74.396  -51.622 0.4000000060
11884  -8.597  -75.370  -50.134 0.5000000000
11885  -9.744  -75.392  -50.600 0.6000000238
11898  -11.149  -74.908  -51.601 0.6000000238
119056  -7.268  -74.318  -49.013 0.5000000000
12698  -7.675  -74.818  -49.524 0.5000000000
11883  -8.033  -75.373  -50.087 0.6000000238
11896  -9.447  -75.631  -50.809 0.6000000238
11897  -10.411  -75.259  -51.277 0.6999999881
9421  -20.610  -78.731  -45.099 0.3000000119
115121  -7.100  -75.757  -47.685 0.6999999881
11870  -7.351  -75.157  -49.128 0.6000000238
11882  -7.644  -75.454  -49.657 0.6000000238
11895  -8.616  -75.723  -50.433 0.6000000238
11048  -8.969  -75.905  -50.790 0.6999999881
10214  -10.148  -76.554  -51.093 0.6999999881
11062  -14.412  -75.806  -52.570 0.6000000238
11063  -15.327  -75.948  -52.705 0.6000000238
10223  -16.730  -77.469  -53.287 0.5000000000
11837  -7.038  -74.749  -47.655 0.6999999881
126587  -7.203  -75.714  -48.470 0.6000000238
11041  -7.393  -76.166  -49.092 0.6000000238
10206  -7.774  -76.081  -49.959 0.6000000238
10213  -9.247  -76.416  -50.839 0.6999999881
10209  -10.800  -77.691  -50.313 0.6999999881
11064  -16.577  -76.292  -52.821 0.5000000000
9473  -21.221  -78.678  -47.259 0.3000000119
124420  -7.146  -75.946  -46.773 0.6999999881
11034  -7.153  -76.683  -47.870 0.6999999881
9483  -8.427  -77.834  -49.374 0.6000000238
118760  -8.777  -77.212  -50.237 0.6000000238
11915  -14.730  -74.956  -52.355 0.5000000000
11913  -16.280  -74.339  -52.025 0.5000000000
127639  -7.273  -77.562  -47.705 0.6000000238
9477  -8.129  -78.381  -48.542 0.6000000238
9485  -10.323  -78.327  -49.585 0.6000000238
9487  -12.171  -78.828  -49.702 0.6000000238
8712  -12.633  -79.032  -49.939 0.6000000238
11912  -15.282  -74.494  -52.014 0.5000000000
10183  -7.015  -77.428  -46.867 0.6999999881
9467  -7.335  -78.147  -47.239 0.6000000238
9476  -7.617  -78.014  -48.158 0.6000000238
9478  -8.875  -78.613  -48.778 0.6000000238
9479  -9.840  -78.867  -48.904 0.5000000000
8709  -12.425  -79.638  -49.410 0.5000000000
8713  -13.075  -78.963  -50.485 0.5000000000
12703  -16.340  -74.277  -51.883 0.5000000000
11880  -17.188  -74.985  -48.704 0.3000000119
11892  -17.713  -74.791  -49.559 0.3000000119
12701  -20.585  -74.459  -50.775 0.4000000060
12702  -21.471  -74.423  -50.580 0.4000000060
7913  -12.823  -79.475  -50.100 0.5000000000
11891  -16.844  -74.970  -49.670 0.3000000119
12700  -19.481  -74.440  -50.662 0.4000000060
12689  -7.361  -73.809  -49.024 0.5000000000
12694  -7.588  -74.351  -49.261 0.5000000000
12690  -8.691  -74.231  -48.134 0.5000000000
11858  -9.292  -75.012  -48.306 0.5000000000
14190  -5.885  -71.935  -48.576 0.5000000000
13453  -6.323  -72.737  -48.502 0.5000000000
13457  -6.985  -73.563  -48.844 0.5000000000
11872  -8.312  -74.772  -49.541 0.5000000000
11873  -9.350  -75.315  -49.404 0.5000000000
122195  -11.200  -75.493  -49.435 0.6000000238
11887  -11.504  -74.857  -50.874 0.6000000238
12679  -6.583  -73.521  -48.119 0.5000000000
11899  -11.861  -74.727  -51.836 0.6000000238
11910  -13.209  -74.748  -52.218 0.8000000119
9422  -21.384  -78.817  -44.688 0.3000000119
13442  -6.157  -72.888  -47.842 0.6000000238
12688  -6.829  -73.806  -48.576 0.6000000238
11888  -12.621  -74.973  -50.740 0.4000000060
12668  -7.069  -74.138  -47.093 0.6999999881
125846  -13.608  -74.563  -52.022 0.5000000000
127411  -13.950  -74.967  -52.387 0.6000000238
9460  -21.596  -79.066  -46.889 0.3000000119
9474  -22.135  -78.792  -47.333 0.3000000119
11819  -7.430  -75.223  -46.267 0.6999999881
11889  -13.750  -74.810  -51.024 0.4000000060
11901  -14.489  -74.590  -51.685 0.4000000060
111709  -22.339  -75.842  -49.870 0.3000000119
11015  -7.274  -76.346  -45.789 0.6000000238
11027  -7.022  -76.892  -46.241 0.6999999881
9468  -7.901  -78.623  -47.664 0.6000000238
9469  -8.610  -78.963  -48.016 0.5000000000
8699  -9.476  -79.258  -48.190 0.5000000000
8708  -11.765  -79.287  -49.108 0.6000000238
114440  -14.845  -74.971  -50.456 0.4000000060
11902  -15.539  -74.581  -51.300 0.4000000060
11864  -15.821  -75.463  -47.945 0.3000000119
11865  -16.698  -75.228  -47.889 0.3000000119
11866  -17.688  -74.933  -47.859 0.3000000119
131545  -17.942  -74.792  -48.765 0.3000000119
12696  -19.622  -74.461  -49.606 0.4000000060
127855  -22.630  -74.815  -50.294 0.3000000119
9452  -7.740  -78.555  -46.630 0.6000000238
8693  -9.274  -79.470  -47.422 0.5000000000
8700  -10.473  -79.475  -48.305 0.5000000000
8702  -12.073  -79.847  -48.729 0.5000000000
135769  -12.533  -80.334  -49.461 0.6000000238
11890  -15.838  -75.164  -49.850 0.3000000119
11879  -16.326  -75.257  -48.767 0.3000000119
8692  -8.512  -79.052  -47.186 0.5000000000
8694  -10.140  -79.827  -47.580 0.5000000000
7907  -11.980  -80.273  -48.142 0.5000000000
7902  -11.804  -80.705  -47.448 0.5000000000
14185  -6.079  -71.239  -48.441 0.5000000000
13455  -7.722  -73.315  -48.436 0.5000000000
12680  -9.279  -73.994  -47.192 0.5000000000
11838  -9.841  -74.842  -47.199 0.5000000000
14176  -5.808  -71.657  -47.611 0.5000000000
13454  -6.619  -72.945  -48.676 0.5000000000
11874  -10.948  -75.689  -48.415 0.4000000060
119946  -11.706  -75.761  -48.158 0.4000000060
133831  -21.008  -78.576  -43.772 0.3000000119
9404  -21.734  -78.828  -43.732 0.3000000119
13443  -7.361  -72.756  -46.288 0.6000000238
11875  -12.139  -75.579  -49.301 0.4000000060
116562  -7.390  -73.606  -46.436 0.6000000238
114513  -22.174  -79.190  -45.552 0.3000000119
113838  -22.058  -79.215  -46.437 0.3000000119
12669  -7.890  -74.407  -45.866 0.6000000238
114174  -13.586  -75.439  -49.733 0.4000000060
11808  -8.489  -75.463  -44.713 0.6000000238
11877  -13.975  -75.710  -48.749 0.4000000060
114173  -14.354  -75.417  -49.605 0.4000000060
112028  -22.036  -77.694  -47.869 0.3000000119
11807  -7.700  -75.841  -45.243 0.6999999881
130182  -15.082  -75.376  -49.405 0.3000000119
131455  -15.125  -75.604  -48.070 0.3000000119
14186  -7.804  -71.588  -47.732 0.5000000000
13450  -8.534  -72.816  -47.455 0.5000000000
12681  -10.352  -74.605  -46.379 0.4000000060
14955  -5.527  -71.014  -48.403 0.5000000000
131324  -10.281  -75.349  -47.425 0.4000000060
14948  -5.913  -70.403  -47.562 0.6000000238
8666  -23.214  -79.608  -45.482 0.3000000119
9423  -22.387  -79.170  -44.543 0.3000000119
13435  -8.507  -73.617  -45.349 0.6000000238
11876  -13.100  -75.730  -49.002 0.4000000060
11862  -13.531  -75.831  -47.877 0.4000000060
11863  -14.423  -75.728  -47.898 0.4000000060
11878  -14.757  -75.585  -48.697 0.3000000119
119902  -15.087  -75.647  -47.186 0.3000000119
11002  -7.855  -76.224  -44.436 0.6000000238
14950  -7.047  -70.534  -47.802 0.5000000000
14187  -9.355  -72.085  -46.723 0.4000000060
13451  -9.991  -73.471  -46.299 0.4000000060
15742  -6.496  -69.916  -47.567 0.5000000000
15743  -8.004  -69.950  -47.169 0.5000000000
15733  -6.622  -69.781  -46.703 0.6000000238
16568  -6.789  -69.562  -46.873 0.6000000238
11839  -10.700  -75.264  -46.636 0.4000000060
14177  -7.548  -71.958  -45.821 0.6000000238
14940  -6.472  -70.984  -46.526 0.6000000238
11840  -11.552  -75.563  -46.344 0.4000000060
11861  -12.078  -75.827  -47.048 0.4000000060
124688  -8.480  -72.756  -45.274 0.6000000238
120201  -12.611  -75.844  -47.983 0.4000000060
123913  -13.040  -75.862  -46.956 0.4000000060
120458  -14.005  -75.791  -47.011 0.4000000060
117722  -13.519  -75.774  -46.159 0.4000000060
9461  -22.442  -79.187  -46.994 0.3000000119
9444  -23.855  -79.220  -46.511 0.3000000119
13436  -9.175  -73.187  -44.538 0.6000000238
10200  -23.867  -77.041  -48.455 0.3000000119
129000  -22.944  -78.676  -47.410 0.3000000119
12658  -8.685  -74.656  -44.968 0.6000000238
12646  -9.947  -74.604  -43.769 0.6999999881
13424  -10.083  -73.287  -43.195 0.6999999881
11809  -9.353  -75.115  -44.294 0.6000000238
133253  -10.693  -74.307  -42.847 0.6999999881
11794  -9.715  -75.446  -43.527 0.6000000238
14156  -9.442  -72.561  -42.896 0.6999999881
121168  -9.445  -72.353  -41.980 0.6000000238
11795  -10.457  -74.879  -43.018 0.6999999881
14157  -10.194  -72.979  -42.446 0.6999999881
14951  -8.866  -70.808  -46.927 0.5000000000
14178  -10.022  -71.452  -46.311 0.5000000000
15734  -8.611  -69.711  -46.461 0.5000000000
15735  -9.331  -70.205  -46.422 0.5000000000
114868  -10.835  -71.465  -45.821 0.5000000000
125750  -10.380  -72.398  -45.850 0.4000000060
13444  -10.742  -73.351  -45.533 0.4000000060
16553  -7.258  -69.546  -46.046 0.6000000238
16554  -7.608  -69.325  -45.986 0.6000000238
16555  -8.440  -69.278  -45.901 0.6000000238
115534  -9.650  -69.712  -45.852 0.6000000238
130774  -11.534  -74.692  -45.304 0.4000000060
16538  -8.136  -68.948  -45.106 0.6000000238
16539  -9.197  -69.148  -45.054 0.6000000238
11821  -11.109  -75.050  -45.888 0.4000000060
14932  -7.637  -71.247  -45.251 0.6000000238
16523  -7.613  -69.488  -44.359 0.6000000238
16524  -7.917  -69.183  -44.281 0.6000000238
16525  -8.715  -69.180  -44.159 0.6000000238
11841  -12.510  -75.714  -46.031 0.4000000060
11811  -13.417  -75.360  -44.789 0.4000000060
14169  -8.595  -72.282  -44.655 0.6000000238
14925  -7.840  -71.443  -43.963 0.6000000238
15724  -7.315  -70.008  -43.825 0.6000000238
16512  -9.096  -69.314  -42.999 0.6000000238
114171  -10.951  -69.625  -42.194 0.6000000238
136318  -13.195  -75.608  -45.500 0.4000000060
11823  -13.957  -75.618  -45.401 0.4000000060
14924  -7.378  -70.790  -43.295 0.6000000238
16510  -7.645  -69.645  -43.337 0.6000000238
114172  -9.926  -69.526  -42.074 0.6000000238
16500  -11.349  -69.609  -41.474 0.6999999881
12659  -9.390  -74.170  -44.472 0.6999999881
14164  -9.429  -72.841  -43.811 0.6000000238
14915  -7.755  -71.431  -42.879 0.6000000238
15712  -7.361  -70.256  -42.715 0.6000000238
16499  -10.583  -69.591  -41.308 0.6000000238
16483  -11.226  -69.490  -40.502 0.6000000238
114846  -13.155  -69.314  -39.678 0.6000000238
124216  -7.529  -69.969  -41.946 0.6000000238
16498  -9.606  -69.626  -41.081 0.6000000238
16482  -10.344  -69.527  -40.543 0.6000000238
16471  -12.358  -69.234  -39.324 0.6000000238
14155  -8.565  -71.873  -42.428 0.6000000238
120303  -7.759  -71.265  -42.084 0.6000000238
128132  -8.644  -69.699  -41.144 0.5000000000
116508  -9.777  -69.500  -40.238 0.6000000238
16469  -10.443  -69.272  -39.628 0.6000000238
14903  -7.496  -70.642  -41.974 0.5000000000
12635  -10.987  -74.430  -42.331 0.6999999881
14148  -10.288  -72.840  -41.631 0.6999999881
14905  -8.561  -71.637  -41.434 0.5000000000
14904  -7.762  -71.027  -41.462 0.6000000238
16479  -7.900  -70.089  -41.034 0.5000000000
16468  -9.389  -69.282  -39.603 0.5000000000
14893  -8.073  -71.096  -40.747 0.6000000238
14076  -6.910  -72.782  -34.229 0.6000000238
14077  -7.875  -72.849  -34.177 0.6000000238
13356  -7.385  -73.304  -34.774 0.6000000238
14941  -10.195  -70.726  -46.226 0.5000000000
120737  -10.532  -70.273  -45.985 0.5000000000
14942  -11.189  -70.646  -45.919 0.5000000000
14179  -11.307  -72.530  -45.312 0.5000000000
13445  -11.365  -73.776  -45.166 0.4000000060
16526  -9.815  -69.248  -44.068 0.5000000000
16540  -10.344  -69.410  -45.066 0.5000000000
16528  -11.808  -69.510  -44.216 0.5000000000
13437  -11.965  -73.337  -44.675 0.4000000060
13438  -12.628  -73.525  -44.183 0.4000000060
16527  -10.888  -69.396  -44.110 0.5000000000
119894  -12.429  -69.670  -43.205 0.5000000000
11822  -11.890  -75.318  -45.542 0.4000000060
12660  -12.417  -74.287  -44.463 0.4000000060
12647  -13.010  -74.300  -43.915 0.4000000060
114170  -11.859  -69.702  -42.190 0.5000000000
114169  -12.737  -69.690  -42.019 0.5000000000
119895  -11.417  -69.554  -43.136 0.5000000000
11810  -12.660  -75.375  -45.164 0.4000000060
16501  -12.097  -69.560  -41.183 0.6000000238
120636  -12.258  -69.461  -40.109 0.6000000238
16484  -13.078  -69.501  -40.873 0.5000000000
17340  -12.790  -68.950  -38.917 0.4000000060
17342  -14.453  -68.527  -39.254 0.4000000060
17343  -15.277  -68.251  -39.500 0.4000000060
17322  -11.586  -68.330  -38.561 0.6000000238
16458  -11.964  -68.905  -38.857 0.6000000238
18188  -13.615  -67.556  -38.446 0.5000000000
17325  -14.047  -68.134  -38.703 0.4000000060
18204  -15.639  -67.372  -39.104 0.4000000060
19031  -15.357  -66.569  -38.784 0.4000000060
11782  -10.639  -75.230  -42.206 0.6999999881
17339  -10.934  -68.751  -38.866 0.6000000238
18187  -12.714  -67.496  -38.354 0.5000000000
19030  -14.683  -66.642  -38.551 0.4000000060
117956  -10.491  -72.818  -40.820 0.6000000238
16467  -8.383  -69.536  -39.711 0.5000000000
16457  -9.874  -68.806  -38.960 0.5000000000
125553  -11.958  -67.771  -38.383 0.5000000000
19028  -12.607  -66.441  -38.496 0.5000000000
127155  -13.265  -66.893  -38.360 0.4000000060
19922  -14.716  -65.518  -39.283 0.4000000060
14894  -8.943  -71.734  -40.363 0.6000000238
17321  -10.178  -68.261  -38.581 0.5000000000
14044  -6.899  -72.231  -32.811 0.6999999881
14059  -7.374  -72.445  -33.554 0.6000000238
14797  -7.364  -71.740  -32.304 0.6999999881
14060  -8.378  -72.339  -33.657 0.6000000238
14798  -8.285  -71.425  -32.599 0.6000000238
13357  -8.295  -73.344  -34.725 0.6000000238
14817  -8.803  -71.740  -33.235 0.6000000238
14799  -9.117  -71.177  -32.901 0.6000000238
15616  -9.245  -70.579  -32.801 0.6000000238
16411  -9.208  -69.856  -32.791 0.6000000238
13366  -8.670  -73.761  -35.311 0.5000000000
14079  -9.899  -72.482  -34.537 0.6000000238
14061  -9.367  -72.098  -33.831 0.6000000238
14818  -9.631  -71.423  -33.482 0.6000000238
15632  -9.746  -70.418  -33.343 0.6000000238
14180  -11.873  -71.335  -45.623 0.5000000000
12575  -9.067  -74.197  -35.881 0.5000000000
13358  -9.212  -73.184  -34.860 0.5000000000
14819  -10.172  -71.014  -33.736 0.5000000000
16556  -10.943  -69.881  -45.719 0.4000000060
16557  -11.978  -69.910  -45.862 0.5000000000
14170  -12.000  -72.316  -44.939 0.4000000060
13367  -9.577  -73.543  -35.454 0.5000000000
112542  -10.503  -72.559  -35.119 0.5000000000
14828  -10.621  -71.162  -34.544 0.5000000000
15637  -10.267  -70.330  -34.178 0.5000000000
16542  -12.227  -69.581  -45.287 0.5000000000
120763  -12.429  -72.731  -44.523 0.4000000060
14172  -13.414  -72.165  -44.374 0.4000000060
14165  -14.094  -72.256  -43.818 0.4000000060
13376  -10.024  -73.873  -36.090 0.5000000000
14090  -11.132  -72.265  -35.665 0.5000000000
14080  -10.732  -71.890  -34.862 0.6000000238
15641  -10.703  -70.602  -35.132 0.6000000238
132111  -13.127  -73.592  -43.724 0.4000000060
13378  -11.632  -72.937  -36.896 0.6000000238
14101  -11.451  -72.370  -36.430 0.6000000238
14837  -11.089  -71.389  -35.541 0.6999999881
16513  -13.347  -69.634  -42.832 0.4000000060
115133  -13.608  -69.527  -41.845 0.5000000000
11730  -9.473  -75.777  -39.029 0.6000000238
129387  -13.909  -69.424  -41.069 0.5000000000
17353  -15.558  -68.692  -40.366 0.4000000060
11739  -10.088  -75.676  -39.680 0.6000000238
17352  -14.829  -68.814  -39.888 0.4000000060
11753  -10.655  -75.511  -40.480 0.6000000238
12625  -11.431  -74.596  -40.935 0.6000000238
18205  -16.487  -67.230  -39.510 0.4000000060
134806  -10.764  -72.802  -40.128 0.6000000238
12636  -11.361  -74.143  -41.581 0.6999999881
14880  -8.199  -71.135  -39.876 0.6000000238
15674  -7.653  -70.473  -39.416 0.6000000238
123417  -7.846  -70.266  -40.086 0.5000000000
16456  -8.824  -68.879  -39.052 0.5000000000
14796  -6.462  -72.041  -32.052 0.6999999881
15614  -7.810  -71.128  -31.949 0.6999999881
15590  -8.167  -70.384  -31.753 0.6000000238
15615  -8.602  -70.808  -32.359 0.6000000238
16387  -8.371  -69.584  -31.602 0.6000000238
16410  -8.763  -70.092  -32.246 0.6000000238
17271  -8.875  -68.990  -32.783 0.6999999881
17280  -8.926  -68.476  -33.357 0.6000000238
16417  -9.442  -69.481  -33.502 0.6000000238
16558  -12.793  -69.746  -46.227 0.5000000000
15737  -12.501  -70.127  -46.257 0.5000000000
113893  -12.076  -70.466  -45.980 0.5000000000
17288  -9.022  -68.635  -34.170 0.6000000238
17279  -8.709  -67.949  -34.184 0.5000000000
14952  -12.831  -70.576  -46.363 0.5000000000
14933  -12.596  -71.981  -44.890 0.5000000000
14934  -13.332  -71.481  -45.547 0.4000000060
16429  -10.385  -70.022  -35.711 0.6000000238
132426  -10.340  -69.956  -34.953 0.6000000238
128997  -12.540  -69.566  -44.366 0.5000000000
129932  -9.700  -75.527  -38.426 0.6000000238
121889  -11.200  -74.530  -38.166 0.4000000060
13386  -11.327  -73.773  -37.133 0.6000000238
14848  -11.276  -71.393  -36.502 0.6000000238
15648  -10.954  -70.672  -36.037 0.6000000238
16427  -8.842  -68.948  -35.861 0.6000000238
16514  -14.183  -69.439  -42.614 0.4000000060
16530  -13.932  -69.499  -43.568 0.4000000060
12600  -11.121  -74.876  -38.805 0.5000000000
12594  -11.513  -73.983  -37.851 0.5000000000
13387  -11.622  -73.372  -37.548 0.6000000238
14860  -11.583  -72.165  -36.997 0.6999999881
14859  -11.227  -71.536  -37.386 0.6000000238
15659  -10.808  -70.781  -36.970 0.6000000238
122976  -8.595  -69.418  -36.598 0.6000000238
16502  -14.450  -69.343  -41.663 0.5000000000
11740  -10.986  -75.228  -39.606 0.6000000238
14126  -11.654  -72.965  -38.468 0.6000000238
14871  -11.522  -72.303  -37.890 0.6000000238
15658  -9.604  -70.493  -37.465 0.6000000238
16447  -9.048  -69.881  -37.055 0.6000000238
16435  -7.844  -69.037  -36.641 0.6000000238
16487  -15.324  -69.086  -41.390 0.4000000060
12610  -11.488  -74.457  -39.495 0.5000000000
13404  -11.627  -73.667  -38.993 0.6000000238
14870  -10.800  -71.743  -38.293 0.6000000238
15667  -8.854  -70.846  -38.312 0.6000000238
16445  -6.540  -69.448  -37.916 0.6000000238
11741  -11.350  -74.941  -40.296 0.6000000238
133818  -11.534  -74.355  -40.295 0.6000000238
14134  -11.389  -73.085  -39.459 0.6000000238
14882  -10.148  -71.931  -39.120 0.6000000238
14869  -9.510  -71.428  -38.691 0.6000000238
14881  -9.062  -71.588  -39.465 0.6000000238
14141  -9.945  -72.365  -40.279 0.6000000238
17338  -7.651  -69.161  -39.133 0.5000000000
17319  -8.195  -68.380  -38.689 0.5000000000
14779  -6.046  -71.518  -31.563 0.6999999881
14780  -6.950  -71.410  -31.662 0.6999999881
15586  -4.662  -70.582  -31.146 0.6999999881
15587  -5.576  -70.746  -31.160 0.6999999881
15588  -6.503  -70.782  -31.215 0.6999999881
15589  -7.367  -70.651  -31.402 0.6999999881
17251  -8.592  -68.757  -31.418 0.6000000238
18119  -9.147  -67.720  -32.452 0.5000000000
16388  -8.743  -69.269  -32.172 0.6999999881
18130  -8.946  -67.758  -33.313 0.5000000000
18139  -8.806  -67.344  -34.375 0.5000000000
16570  -13.343  -69.885  -46.613 0.4000000060
14953  -13.565  -70.452  -46.764 0.5000000000
15745  -14.440  -70.508  -46.990 0.5000000000
14944  -14.068  -71.106  -46.332 0.5000000000
14936  -14.775  -71.179  -45.709 0.4000000060
121110  -13.719  -69.454  -44.483 0.4000000060
16571  -13.925  -69.876  -46.881 0.4000000060
17294  -8.566  -68.221  -35.139 0.6000000238
132858  -7.601  -68.020  -36.275 0.6000000238
16444  -6.263  -68.830  -37.668 0.6000000238
17293  -6.935  -67.899  -36.781 0.6000000238
15666  -7.741  -70.480  -38.637 0.6000000238
15656  -7.114  -70.027  -38.189 0.6000000238
17298  -6.357  -68.291  -37.364 0.6000000238
14868  -8.363  -71.067  -39.069 0.6000000238
16454  -6.020  -68.894  -38.180 0.5000000000
15665  -7.011  -70.026  -38.820 0.6000000238
16465  -6.477  -69.238  -38.463 0.5000000000
122802  -6.966  -69.530  -38.973 0.5000000000
15573  -4.350  -69.907  -30.783 0.6999999881
15574  -5.080  -69.983  -30.727 0.6999999881
16376  -6.391  -69.372  -30.507 0.6999999881
15576  -6.907  -70.056  -30.876 0.6999999881
130950  -7.280  -69.299  -30.608 0.6000000238
16377  -8.070  -69.097  -30.885 0.6999999881
16373  -3.942  -69.517  -30.824 0.6999999881
16374  -4.600  -69.210  -30.610 0.6999999881
17231  -5.336  -68.514  -30.509 0.6000000238
114658  -6.702  -68.577  -30.275 0.6000000238
18112  -9.361  -67.532  -31.664 0.5000000000
17249  -2.751  -68.927  -31.640 0.6999999881
130125  -3.368  -68.702  -31.352 0.6999999881
18120  -9.745  -67.149  -32.196 0.5000000000
17269  -2.424  -68.557  -32.340 0.6999999881
18131  -9.419  -67.315  -32.856 0.5000000000
17278  -2.238  -68.194  -33.207 0.6000000238
18128  -2.805  -67.504  -33.692 0.6000000238
18960  -2.721  -66.843  -34.450 0.6000000238
19852  -2.785  -65.294  -35.212 0.5000000000
20738  -3.438  -64.554  -35.593 0.5000000000
16572  -14.723  -69.849  -47.131 0.4000000060
14945  -14.822  -70.807  -46.639 0.4000000060
18182  -5.783  -67.457  -38.492 0.6000000238
18094  -7.842  -67.813  -30.035 0.5000000000
17234  -8.350  -68.307  -30.626 0.5000000000
17230  -4.553  -68.415  -30.765 0.6000000238
18092  -5.132  -67.966  -30.679 0.6000000238
17232  -6.061  -68.251  -30.331 0.6000000238
18082  -7.206  -67.241  -29.808 0.6000000238
18095  -8.641  -67.446  -30.298 0.5000000000
17235  -8.954  -67.974  -31.156 0.5000000000
18936  -10.022  -66.833  -31.410 0.5000000000
17270  -3.194  -68.278  -31.926 0.6999999881
17250  -3.954  -68.211  -31.389 0.6000000238
112622  -4.726  -67.786  -31.172 0.6000000238
18917  -6.167  -66.941  -30.652 0.6000000238
18918  -6.585  -66.475  -30.275 0.6000000238
18944  -10.387  -66.701  -32.038 0.5000000000
18117  -3.654  -67.665  -32.550 0.6999999881
18110  -4.370  -67.536  -32.127 0.6000000238
18942  -4.857  -66.784  -32.614 0.6000000238
18943  -5.437  -66.546  -32.254 0.6000000238
18935  -6.348  -66.081  -31.080 0.6000000238
18129  -3.493  -67.320  -33.351 0.6000000238
18118  -4.172  -67.072  -33.006 0.6000000238
114842  -4.564  -66.214  -33.344 0.6000000238
19808  -5.211  -66.048  -32.706 0.6000000238
18961  -3.551  -66.362  -34.332 0.6000000238
19831  -4.187  -65.377  -34.465 0.6000000238
19817  -4.503  -65.231  -33.778 0.6000000238
127894  -4.903  -65.442  -33.083 0.6000000238
19830  -3.867  -65.640  -34.665 0.5000000000
19853  -3.753  -65.163  -35.090 0.5000000000
19854  -4.089  -65.123  -34.918 0.5000000000
20726  -4.216  -64.848  -34.582 0.6000000238
20716  -4.871  -64.507  -32.964 0.6000000238
15750  -16.123  -69.890  -47.497 0.4000000060
20751  -1.854  -64.393  -36.483 0.5000000000
20739  -4.028  -64.546  -35.277 0.5000000000
21628  -4.099  -64.117  -34.659 0.6000000238
20715  -4.332  -64.234  -33.755 0.6000000238
21647  -3.781  -63.617  -37.280 0.5000000000
125277  -4.094  -63.421  -37.166 0.5000000000
115016  -4.041  -63.961  -36.281 0.4000000060
21637  -4.091  -64.001  -35.579 0.5000000000
132979  -4.071  -63.345  -33.871 0.6000000238
18083  -7.931  -67.175  -29.747 0.6000000238
18920  -9.209  -66.662  -30.271 0.5000000000
18096  -9.453  -67.240  -30.881 0.5000000000
18912  -7.629  -66.666  -29.725 0.6000000238
19785  -8.745  -65.921  -29.937 0.5000000000
18937  -10.719  -66.309  -31.509 0.5000000000
19784  -6.749  -65.313  -30.740 0.6999999881
122305  -8.145  -65.171  -30.136 0.6999999881
19810  -5.908  -65.067  -32.101 0.6000000238
20700  -6.756  -64.546  -31.149 0.6999999881
20707  -5.654  -64.432  -32.350 0.6000000238
20708  -6.247  -64.440  -31.811 0.6999999881
21619  -5.369  -63.653  -32.578 0.6000000238
21612  -6.243  -63.627  -32.094 0.6999999881
128352  -4.667  -63.528  -33.159 0.6000000238
22460  -5.956  -63.000  -32.463 0.6999999881
22499  -2.231  -62.821  -38.924 0.5000000000
21659  -4.020  -63.073  -38.140 0.5000000000
22486  -3.967  -63.198  -36.127 0.4000000060
21627  -3.722  -63.147  -34.705 0.6000000238
128229  -4.653  -62.691  -33.421 0.6000000238
22500  -3.682  -62.670  -39.301 0.5000000000
22491  -4.259  -62.693  -37.515 0.4000000060
129431  -10.441  -66.347  -31.016 0.5000000000
19787  -10.459  -65.472  -30.589 0.5000000000
121228  -9.191  -65.223  -30.232 0.6000000238
20692  -9.661  -64.571  -30.446 0.5000000000
20693  -10.589  -64.730  -30.566 0.5000000000
127647  -7.959  -64.390  -30.487 0.6999999881
20701  -7.401  -63.930  -30.974 0.6999999881
21600  -7.046  -63.293  -31.620 0.6000000238
126126  -5.265  -62.838  -32.806 0.6999999881
22446  -6.664  -62.768  -32.157 0.6000000238
22479  -4.060  -62.488  -34.109 0.6000000238
122888  -5.351  -62.197  -33.190 0.6000000238
22516  -3.867  -62.182  -39.985 0.5000000000
130770  -3.681  -61.705  -36.131 0.4000000060
22478  -3.673  -62.235  -34.983 0.6000000238
118447  -4.784  -61.332  -38.727 0.4000000060
23378  -4.933  -61.590  -37.958 0.4000000060
23363  -3.893  -61.253  -35.008 0.5000000000
20691  -8.737  -64.480  -30.422 0.6000000238
21590  -10.139  -63.874  -30.687 0.5000000000
21588  -8.296  -63.755  -30.721 0.6000000238
21603  -9.668  -63.034  -30.973 0.5000000000
21601  -7.858  -63.136  -31.265 0.6000000238
22447  -7.439  -62.574  -31.803 0.6000000238
22449  -9.183  -62.186  -31.415 0.5000000000
22461  -7.080  -62.134  -32.275 0.6000000238
22471  -6.203  -62.114  -32.691 0.6999999881
23342  -7.256  -61.372  -32.617 0.5000000000
22470  -4.853  -61.800  -33.719 0.6000000238
134678  -4.694  -61.112  -34.282 0.5000000000
24307  -3.822  -60.754  -36.958 0.4000000060
24300  -4.431  -60.429  -34.772 0.5000000000
26974  -1.894  -56.917  -32.797 0.4000000060
115716  -2.789  -57.021  -32.703 0.3000000119
27946  -1.705  -56.331  -33.434 0.4000000060
22451  -11.075  -62.513  -31.251 0.5000000000
27963  -1.076  -56.368  -33.088 0.3000000119
23327  -8.523  -61.760  -31.803 0.5000000000
22450  -10.162  -62.315  -31.249 0.5000000000
27013  -2.090  -57.446  -34.938 0.3000000119
27978  -1.656  -56.181  -33.579 0.4000000060
23343  -8.308  -61.131  -32.326 0.5000000000
26128  -2.538  -57.537  -36.133 0.3000000119
23354  -6.506  -61.203  -33.114 0.6000000238
23364  -5.418  -61.030  -33.777 0.6999999881
24291  -6.521  -60.502  -33.410 0.6000000238
23371  -3.820  -60.439  -35.881 0.5000000000
24301  -5.160  -60.422  -34.164 0.5000000000
25209  -4.878  -59.717  -34.551 0.4000000060
25200  -5.578  -59.756  -34.037 0.4000000060
26965  -4.355  -57.383  -31.260 0.3000000119
26964  -3.620  -57.569  -31.691 0.3000000119
26975  -3.689  -56.948  -32.262 0.3000000119
27947  -2.773  -56.239  -33.293 0.3000000119
27965  -2.804  -55.221  -33.678 0.4000000060
23329  -9.836  -61.507  -31.526 0.5000000000
27000  -2.014  -56.304  -34.349 0.4000000060
27964  -2.103  -55.409  -33.903 0.4000000060
23328  -9.063  -61.327  -31.809 0.5000000000
27014  -2.802  -56.730  -35.661 0.4000000060
28854  -2.861  -55.404  -34.603 0.4000000060
23344  -8.974  -60.713  -32.180 0.5000000000
27027  -3.205  -57.297  -36.830 0.4000000060
24278  -7.768  -60.516  -32.830 0.5000000000
24290  -5.850  -60.412  -33.730 0.5000000000
24292  -7.209  -59.932  -33.300 0.5000000000
25227  -3.941  -58.899  -37.520 0.3000000119
25217  -4.364  -59.064  -36.429 0.4000000060
26119  -5.253  -59.014  -34.397 0.4000000060
25201  -6.324  -59.803  -33.643 0.4000000060
26087  -5.202  -58.033  -30.881 0.3000000119
27932  -4.592  -56.874  -31.897 0.3000000119
27966  -3.900  -55.339  -33.260 0.4000000060
23331  -12.617  -61.689  -31.340 0.4000000060
28828  -2.907  -54.180  -33.824 0.4000000060
122372  -12.157  -61.051  -31.293 0.4000000060
27979  -2.048  -55.470  -33.995 0.4000000060
29738  -2.949  -53.999  -33.828 0.4000000060
24265  -10.375  -60.877  -31.576 0.4000000060
28842  -3.166  -54.655  -34.412 0.4000000060
24279  -8.564  -60.279  -32.574 0.5000000000
27991  -3.391  -56.052  -35.588 0.4000000060
27029  -4.050  -56.851  -37.088 0.3000000119
25192  -8.101  -59.719  -33.003 0.5000000000
26118  -4.860  -58.175  -34.805 0.3000000119
26966  -5.362  -57.314  -31.209 0.3000000119
27933  -5.619  -56.650  -31.867 0.3000000119
115502  -4.849  -56.124  -32.604 0.3000000119
28813  -4.885  -55.214  -32.783 0.4000000060
29721  -3.920  -54.159  -33.322 0.4000000060
29740  -4.054  -53.160  -33.448 0.3000000119
115926  -14.005  -61.296  -31.438 0.4000000060
117730  -14.616  -61.501  -31.877 0.4000000060
29739  -3.332  -53.236  -33.924 0.4000000060
125816  -11.223  -60.999  -31.425 0.4000000060
24264  -9.607  -60.754  -31.842 0.4000000060
28855  -3.736  -55.374  -35.212 0.3000000119
24280  -9.305  -60.103  -32.257 0.4000000060
28009  -3.786  -56.610  -36.721 0.3000000119
28856  -4.052  -55.433  -35.342 0.3000000119
27015  -4.283  -56.819  -36.664 0.3000000119
128651  -6.798  -59.095  -33.551 0.4000000060
122748  -6.608  -57.127  -31.178 0.3000000119
28814  -5.719  -55.189  -32.448 0.4000000060
29723  -6.227  -54.715  -32.370 0.4000000060
29722  -5.093  -54.226  -32.856 0.4000000060
24281  -15.111  -60.776  -32.200 0.4000000060
24268  -14.578  -60.648  -31.526 0.4000000060
30646  -3.665  -52.397  -33.997 0.4000000060
24253  -12.693  -60.356  -30.955 0.4000000060
113467  -3.338  -53.203  -34.040 0.4000000060
130339  -10.847  -60.352  -31.507 0.4000000060
25184  -12.348  -59.565  -30.856 0.4000000060
29755  -3.851  -53.730  -34.649 0.3000000119
25182  -10.932  -59.663  -31.501 0.4000000060
134405  -4.983  -55.188  -34.784 0.3000000119
25194  -9.625  -59.301  -32.256 0.5000000000
27993  -4.226  -56.174  -35.955 0.3000000119
27981  -5.455  -56.022  -34.441 0.3000000119
26100  -9.085  -58.640  -32.654 0.5000000000
134758  -5.803  -57.701  -34.097 0.3000000119
133484  -7.994  -58.517  -33.328 0.4000000060
27934  -7.118  -56.409  -31.459 0.3000000119
30628  -5.438  -52.768  -33.110 0.3000000119
31465  -4.957  -51.910  -33.633 0.3000000119
24282  -15.337  -59.876  -32.388 0.4000000060
31489  -3.895  -52.308  -34.081 0.3000000119
24267  -13.717  -60.367  -31.017 0.4000000060
24269  -15.029  -59.976  -31.692 0.3000000119
30666  -3.818  -52.799  -34.277 0.3000000119
25183  -11.592  -59.308  -31.186 0.4000000060
128386  -13.104  -59.767  -30.735 0.4000000060
29757  -5.471  -53.867  -34.840 0.3000000119
28844  -5.641  -54.993  -34.595 0.3000000119
26101  -9.970  -58.334  -32.219 0.4000000060
27980  -4.899  -56.620  -34.722 0.3000000119
26986  -6.307  -57.297  -33.857 0.3000000119
26987  -7.116  -57.586  -33.603 0.3000000119
130506  -8.516  -58.154  -33.090 0.3000000119
31507  -4.458  -51.930  -34.117 0.3000000119
32364  -5.926  -50.732  -33.976 0.3000000119
115006  -5.177  -51.866  -34.476 0.3000000119
25185  -14.945  -59.270  -31.327 0.3000000119
26074  -12.979  -59.054  -30.601 0.4000000060
25169  -14.408  -59.027  -30.863 0.4000000060
28845  -6.529  -54.598  -34.332 0.3000000119
134823  -11.509  -58.790  -31.206 0.4000000060
26091  -12.095  -58.669  -30.848 0.4000000060
27982  -6.343  -55.753  -34.132 0.3000000119
27003  -6.136  -56.560  -34.048 0.3000000119
129221  -8.480  -57.313  -33.241 0.3000000119
29758  -7.085  -53.602  -34.363 0.3000000119
28830  -7.456  -54.713  -34.003 0.3000000119
26969  -12.142  -57.561  -30.937 0.3000000119
26955  -12.930  -58.171  -30.594 0.3000000119
28829  -7.252  -55.521  -33.831 0.3000000119
26968  -10.669  -57.786  -31.843 0.3000000119
26988  -7.858  -57.028  -33.528 0.3000000119
26976  -9.215  -57.586  -32.744 0.3000000119
30648  -8.390  -52.947  -34.093 0.3000000119
31492  -8.722  -52.214  -34.039 0.3000000119
29741  -7.990  -54.418  -33.933 0.3000000119
122900  -8.818  -53.687  -33.754 0.3000000119
30649  -9.174  -53.115  -33.722 0.3000000119
26109  -6.381  -58.221  -33.756 0.4000000060
27001  -4.660  -57.193  -35.337 0.3000000119
130878  -5.217  -57.537  -34.516 0.3000000119
10222  -14.999  -76.966  -53.059 0.5000000000
9502  -14.940  -78.698  -53.087 0.5000000000
136087  -14.415  -79.371  -52.780 0.5000000000
10225  -15.947  -77.682  -53.257 0.5000000000
11060  -18.848  -77.647  -52.731 0.5000000000
11057  -11.864  -75.153  -52.189 0.6999999881
11900  -12.802  -74.595  -51.968 0.6999999881
10215  -11.249  -76.905  -51.045 0.6999999881
135370  -18.066  -77.904  -53.067 0.4000000060
9489  -11.814  -77.999  -50.267 0.6999999881
11917  -17.032  -74.981  -52.427 0.5000000000
127383  -23.204  -77.109  -48.445 0.3000000119
12709  -17.110  -74.129  -52.068 0.5000000000
11903  -16.532  -74.524  -50.914 0.3000000119
114463  -10.299  -75.467  -49.478 0.6000000238
11886  -10.679  -75.042  -50.848 0.6000000238
11859  -10.258  -75.522  -48.264 0.5000000000
11857  -7.109  -74.853  -48.504 0.6000000238
9442  -21.236  -78.923  -45.922 0.3000000119
126968  -7.666  -76.823  -49.418 0.6000000238
128641  -8.620  -76.414  -50.524 0.6000000238
10208  -9.687  -77.404  -50.368 0.6999999881
11911  -14.124  -74.684  -52.162 0.5000000000
11916  -15.796  -74.970  -52.338 0.6000000238
122380  -15.827  -76.883  -53.115 0.5000000000
9486  -11.349  -78.580  -49.601 0.6999999881
112053  -22.850  -76.532  -49.022 0.3000000119
10176  -6.981  -77.601  -45.908 0.6000000238
8701  -11.453  -79.676  -48.478 0.5000000000
11881  -18.706  -74.676  -48.475 0.3000000119
112209  -23.309  -75.354  -49.657 0.3000000119
8695  -11.137  -80.074  -47.797 0.5000000000
11860  -11.095  -75.662  -47.366 0.4000000060
15728  -7.324  -69.735  -45.220 0.6000000238
13428  -9.854  -73.647  -43.872 0.6999999881
14163  -8.616  -72.060  -43.436 0.6000000238
16537  -7.662  -69.193  -45.171 0.6000000238
16541  -11.355  -69.554  -45.154 0.5000000000
131679  -11.859  -74.274  -44.829 0.4000000060
119896  -10.388  -69.385  -43.071 0.6000000238
115468  -8.803  -69.521  -41.884 0.6000000238
16472  -14.089  -69.098  -39.749 0.4000000060
12624  -11.158  -74.888  -41.596 0.6000000238
13416  -11.068  -73.428  -41.387 0.6999999881
14078  -8.847  -72.737  -34.280 0.6000000238
15736  -11.650  -70.234  -45.930 0.4000000060
16529  -13.196  -69.609  -43.897 0.4000000060
118161  -16.104  -67.993  -39.747 0.4000000060
116885  -10.860  -68.133  -38.491 0.4000000060
11752  -9.958  -75.921  -41.066 0.6000000238
14816  -7.824  -71.981  -33.017 0.6000000238
14943  -13.334  -70.997  -46.410 0.5000000000
13377  -10.993  -73.481  -36.391 0.5000000000
17295  -9.223  -68.891  -34.993 0.6000000238
12584  -10.490  -74.226  -36.773 0.4000000060
124746  -10.547  -72.419  -39.613 0.5000000000
16531  -14.714  -69.262  -43.435 0.5000000000
14858  -10.200  -71.113  -37.865 0.6000000238
14125  -11.205  -72.419  -38.785 0.5000000000
18127  -2.092  -67.728  -34.107 0.6000000238
20752  -3.155  -64.188  -36.433 0.5000000000
18911  -6.574  -67.058  -30.075 0.5000000000
18933  -5.195  -67.193  -31.897 0.6000000238
18934  -5.815  -66.716  -31.582 0.6000000238
127323  -7.292  -65.587  -30.175 0.6000000238
18952  -3.905  -66.688  -33.741 0.6000000238
21658  -3.145  -63.354  -38.226 0.5000000000
133255  -9.972  -65.212  -30.384 0.5000000000
22501  -4.686  -62.242  -39.061 0.5000000000
23353  -5.762  -61.537  -33.321 0.6000000238
27945  -1.200  -56.434  -33.205 0.3000000119
21602  -8.748  -63.032  -31.071 0.5000000000
24316  -3.881  -59.896  -37.064 0.3000000119
121273  -11.751  -61.892  -31.391 0.4000000060
23330  -10.712  -61.664  -31.396 0.4000000060
129137  -4.402  -59.711  -35.249 0.4000000060
132916  -4.566  -57.906  -36.227 0.3000000119
25203  -8.381  -58.949  -33.038 0.5000000000
115506  -13.142  -61.123  -31.155 0.4000000060
28843  -4.281  -54.772  -35.018 0.3000000119
128251  -10.381  -59.132  -31.803 0.4000000060
26110  -7.320  -58.417  -33.495 0.3000000119
29756  -4.535  -53.250  -34.842 0.3000000119
28803  -7.984  -55.409  -31.381 0.3000000119
134804  -6.105  -53.501  -34.676 0.3000000119
26089  -10.674  -58.488  -31.722 0.4000000060
29759  -8.163  -53.727  -34.010 0.3000000119
6313  -10.661  -82.679  -45.144 0.5000000000
6314  -11.271  -82.276  -45.907 0.5000000000
7122  -11.662  -81.651  -46.572 0.5000000000
7130  -12.025  -81.306  -47.224 0.4000000060
6303  -10.322  -82.601  -44.281 0.5000000000
7102  -10.457  -81.943  -44.762 0.5000000000
123467  -10.813  -81.967  -45.372 0.5000000000
7112  -10.972  -81.572  -45.923 0.5000000000
7121  -11.173  -81.177  -46.469 0.5000000000
7088  -10.001  -81.659  -43.107 0.4000000060
7876  -10.228  -81.311  -44.454 0.5000000000
114741  -10.321  -80.807  -46.174 0.5000000000
7895  -10.843  -80.552  -47.000 0.4000000060
7863  -10.040  -81.055  -43.718 0.5000000000
7875  -9.956  -80.520  -44.465 0.5000000000
7885  -10.351  -81.259  -45.264 0.5000000000
8663  -9.498  -79.777  -44.044 0.5000000000
7884  -9.976  -80.499  -45.417 0.5000000000
8677  -9.657  -79.732  -44.984 0.5000000000
8676  -9.184  -79.188  -45.649 0.5000000000
8688  -9.217  -79.460  -46.605 0.4000000060
121996  -9.736  -80.414  -43.632 0.5000000000
8662  -8.955  -79.015  -44.664 0.5000000000
8687  -8.632  -78.934  -46.324 0.5000000000
131651  -6.915  -78.732  -42.461 0.5000000000
8647  -9.253  -80.061  -43.130 0.5000000000
128649  -8.515  -79.618  -42.932 0.5000000000
8646  -8.728  -79.365  -43.668 0.5000000000
8645  -7.605  -78.993  -43.230 0.5000000000
133817  -8.178  -78.625  -44.780 0.5000000000
9415  -7.976  -78.754  -44.160 0.5000000000
9434  -8.227  -78.614  -45.494 0.5000000000
9389  -6.362  -78.120  -42.600 0.5000000000
117648  -7.413  -76.964  -42.064 0.5000000000
9398  -6.670  -78.275  -43.258 0.5000000000
10985  -6.986  -77.144  -42.948 0.5000000000
10165  -6.697  -77.924  -44.010 0.5000000000
10994  -6.812  -77.360  -43.721 0.5000000000
114779  -6.982  -77.699  -44.994 0.5000000000
119018  -6.903  -77.314  -44.473 0.5000000000
9414  -7.303  -78.238  -44.723 0.5000000000
9433  -7.230  -78.123  -45.742 0.5000000000
9451  -7.138  -78.056  -46.463 0.5000000000
10969  -9.004  -76.327  -40.635 0.5000000000
11765  -10.039  -75.844  -41.915 0.6000000238
10986  -8.276  -76.617  -42.728 0.5000000000
10995  -7.791  -76.571  -43.591 0.5000000000
10996  -9.134  -76.172  -43.202 0.5000000000
11793  -8.858  -75.872  -43.988 0.5000000000
115134  -6.997  -77.143  -45.318 0.5000000000
11001  -7.213  -76.630  -44.884 0.5000000000
10957  -9.221  -76.047  -39.746 0.5000000000
127500  -9.798  -75.905  -40.321 0.5000000000
11781  -9.961  -75.688  -42.739 0.6000000238
14088  -5.655  -72.908  -35.167 0.5000000000
14075  -6.033  -72.692  -34.356 0.6000000238
14074  -5.173  -72.582  -34.483 0.5000000000
14058  -6.453  -72.511  -33.531 0.6000000238
14057  -5.573  -72.516  -33.585 0.6000000238
14042  -5.124  -72.386  -32.749 0.6000000238
14815  -4.370  -72.182  -32.908 0.5000000000
14043  -5.999  -72.403  -32.701 0.6000000238
14795  -5.563  -72.148  -31.998 0.6000000238
118373  -3.736  -71.545  -32.567 0.5000000000
120977  -4.690  -71.918  -32.205 0.6000000238
14778  -5.122  -71.414  -31.598 0.6000000238
112680  -2.846  -71.027  -32.527 0.5000000000
14777  -4.204  -71.086  -31.729 0.5000000000
114406  -1.876  -70.059  -32.341 0.5000000000
17268  -1.726  -68.891  -32.737 0.6000000238
17287  -1.359  -68.057  -34.489 0.6000000238
17277  -1.561  -68.506  -33.627 0.5000000000
16385  -2.732  -69.562  -31.653 0.6000000238
15585  -3.089  -70.036  -31.489 0.5000000000
18978  -2.268  -66.128  -35.003 0.6000000238
19829  -3.187  -65.913  -34.807 0.6000000238
112004  -23.393  -74.492  -49.596 0.3000000119
127810  -22.589  -74.488  -48.310 0.3000000119
112073  -21.745  -74.103  -49.908 0.3000000119
116302  -21.570  -75.147  -46.152 0.3000000119
127847  -20.924  -74.354  -49.023 0.3000000119
112071  -22.214  -74.479  -50.333 0.3000000119
7894  -9.842  -80.093  -46.839 0.4000000060
136097  -7.122  -76.828  -44.199 0.5000000000
126016  -9.719  -80.003  -46.006 0.5000000000
9381  -6.415  -78.418  -41.748 0.5000000000
10148  -6.548  -77.626  -42.458 0.5000000000
9397  -6.457  -77.816  -43.191 0.5000000000
112010  -23.207  -74.194  -49.438 0.3000000119
111712  -20.567  -74.623  -48.002 0.3000000119
111708  -21.329  -74.715  -47.550 0.3000000119
127811  -21.930  -74.200  -49.001 0.3000000119
26075  -13.706  -58.646  -30.623 0.3000000119
7089  -10.246  -81.855  -43.945 0.4000000060
7152  -14.249  -80.882  -52.480 0.6000000238
7896  -11.654  -81.066  -46.880 0.5000000000
7912  -12.770  -80.234  -50.189 0.5000000000
7916  -13.136  -79.673  -50.856 0.5000000000
7927  -13.930  -80.371  -52.559 0.5000000000
7929  -15.090  -79.845  -52.947 0.5000000000
8719  -15.817  -79.865  -52.564 0.5000000000
8723  -15.574  -79.283  -53.021 0.5000000000
9443  -22.870  -79.404  -46.433 0.3000000119
9480  -10.885  -79.049  -48.958 0.5000000000
9484  -9.263  -78.084  -49.556 0.6000000238
9490  -12.611  -78.326  -50.425 0.6000000238
9497  -18.041  -78.081  -52.876 0.4000000060
9499  -15.227  -77.888  -53.117 0.5000000000
9500  -17.123  -78.625  -52.906 0.5000000000
9503  -15.755  -78.460  -53.104 0.5000000000
9504  -16.604  -78.318  -53.180 0.5000000000
10192  -7.441  -77.205  -48.578 0.6000000238
10201  -7.856  -77.596  -49.060 0.6000000238
10207  -8.086  -76.869  -50.011 0.6000000238
10220  -13.625  -77.348  -51.794 0.6000000238
10978  -9.275  -76.298  -41.581 0.6000000238
11047  -8.299  -75.978  -50.421 0.6000000238
11049  -9.959  -75.659  -51.232 0.6999999881
11050  -10.772  -75.745  -51.611 0.6999999881
11051  -11.610  -75.995  -51.789 0.6999999881
11723  -10.414  -75.080  -38.106 0.4000000060
11766  -10.678  -75.450  -41.392 0.6000000238
11767  -11.189  -75.149  -40.951 0.6000000238
11820  -8.112  -75.112  -45.391 0.6999999881
11871  -7.952  -74.836  -49.792 0.5000000000
11893  -18.598  -74.622  -49.524 0.3000000119
11904  -17.477  -74.568  -50.595 0.3000000119
11906  -21.521  -75.137  -51.079 0.4000000060
11909  -12.202  -74.821  -52.160 0.6999999881
11919  -18.868  -75.379  -52.474 0.5000000000
12593  -10.878  -74.468  -37.531 0.6000000238
12601  -11.518  -74.186  -38.566 0.5000000000
12670  -10.819  -74.282  -45.662 0.4000000060
12671  -12.184  -74.899  -44.908 0.4000000060
12695  -8.176  -74.293  -49.120 0.5000000000
12697  -20.746  -74.251  -49.851 0.3000000119
12705  -18.186  -74.209  -51.615 0.4000000060
12708  -21.191  -74.838  -51.152 0.4000000060
12711  -18.812  -74.379  -52.087 0.4000000060
13359  -9.967  -73.004  -35.083 0.5000000000
13368  -10.571  -73.117  -35.634 0.5000000000
13394  -11.659  -73.485  -38.177 0.5000000000
13409  -11.216  -73.334  -40.424 0.6000000238
13410  -11.489  -73.913  -40.790 0.6000000238
13425  -10.706  -73.712  -42.660 0.6999999881
13429  -10.408  -74.054  -43.291 0.6999999881
13449  -6.761  -72.280  -48.553 0.5000000000
14100  -11.274  -72.813  -36.174 0.6000000238
14112  -11.696  -72.852  -37.656 0.6000000238
14147  -9.582  -72.297  -41.060 0.6000000238
14171  -12.964  -72.808  -44.097 0.4000000060
14184  -5.705  -71.908  -48.406 0.5000000000
14794  -3.329  -70.699  -31.852 0.5000000000
14827  -10.186  -71.663  -34.120 0.6000000238
14849  -11.379  -71.872  -36.248 0.6000000238
14895  -9.672  -72.020  -39.766 0.6000000238
14931  -7.412  -70.508  -44.566 0.6000000238
14939  -6.927  -70.259  -46.030 0.6000000238
14949  -5.819  -70.512  -48.163 0.5000000000
15575  -6.004  -70.068  -30.773 0.6999999881
15577  -7.713  -69.866  -31.171 0.6999999881
15647  -10.172  -70.176  -36.588 0.6000000238
15657  -8.196  -70.368  -37.837 0.6000000238
15673  -7.197  -69.947  -39.220 0.5000000000
15685  -7.793  -70.491  -41.145 0.5000000000
15686  -7.885  -70.669  -40.253 0.6000000238
15741  -6.166  -69.962  -47.511 0.6000000238
15744  -13.024  -70.123  -46.558 0.4000000060
15746  -15.497  -70.358  -47.153 0.4000000060
15749  -5.778  -70.317  -48.007 0.5000000000
16375  -5.519  -69.319  -30.499 0.6000000238
16386  -3.323  -69.412  -31.221 0.6999999881
16409  -2.143  -69.360  -32.120 0.5000000000
16424  -9.796  -69.456  -34.475 0.6000000238
16426  -8.081  -68.367  -36.125 0.6000000238
16428  -9.780  -69.450  -35.369 0.6000000238
16436  -9.543  -69.591  -36.221 0.6000000238
16446  -7.700  -69.677  -37.359 0.6000000238
16455  -6.621  -69.528  -38.417 0.6000000238
16466  -7.675  -69.911  -39.732 0.5000000000
16470  -11.532  -69.237  -39.435 0.6000000238
16480  -8.135  -69.867  -40.674 0.5000000000
16481  -8.964  -69.613  -40.416 0.5000000000
16485  -13.773  -69.363  -40.340 0.5000000000
16486  -14.593  -69.196  -40.616 0.5000000000
16497  -7.972  -69.735  -41.622 0.5000000000
16511  -7.937  -69.531  -42.503 0.6000000238
16543  -13.097  -69.468  -45.234 0.4000000060
16569  -7.566  -69.493  -46.760 0.6000000238
17219  -6.576  -67.760  -30.135 0.6000000238
17229  -3.880  -68.879  -30.861 0.6000000238
17233  -7.610  -68.538  -30.372 0.5000000000
17252  -8.883  -68.330  -32.053 0.5000000000
17307  -5.821  -68.346  -37.891 0.6000000238
17317  -5.753  -68.208  -38.118 0.6000000238
17320  -9.292  -68.308  -38.661 0.5000000000
17323  -12.404  -68.386  -38.562 0.6000000238
17324  -13.237  -68.298  -38.587 0.5000000000
17337  -6.833  -68.712  -38.710 0.5000000000
17341  -13.644  -68.797  -39.082 0.4000000060
18093  -5.903  -67.720  -30.447 0.6000000238
18111  -5.471  -67.431  -30.952 0.6000000238
18116  -2.922  -67.893  -32.821 0.6999999881
18153  -6.165  -67.785  -37.430 0.6000000238
18169  -5.698  -67.671  -38.065 0.6000000238
18189  -14.364  -67.401  -38.548 0.4000000060
18190  -15.021  -67.159  -38.657 0.4000000060
18203  -14.811  -67.840  -38.873 0.4000000060
18913  -8.322  -66.629  -29.790 0.6000000238
18919  -7.084  -66.406  -29.891 0.5000000000
18921  -9.925  -66.558  -30.751 0.5000000000
18922  -10.341  -66.055  -30.706 0.5000000000
18945  -11.080  -66.238  -32.277 0.5000000000
18951  -3.335  -66.987  -33.980 0.6000000238
18962  -4.158  -65.968  -34.130 0.6000000238
19029  -13.934  -66.789  -38.427 0.4000000060
19776  -7.818  -66.030  -29.778 0.6000000238
19786  -9.724  -65.887  -30.357 0.5000000000
19798  -5.871  -65.904  -32.095 0.6000000238
19799  -6.305  -65.216  -31.522 0.6000000238
19800  -10.911  -65.784  -30.931 0.5000000000
19809  -5.423  -65.263  -32.584 0.6000000238
19905  -14.249  -66.012  -38.627 0.4000000060
19906  -14.958  -66.064  -38.713 0.4000000060
20690  -7.341  -64.779  -30.547 0.6999999881
21589  -9.207  -63.781  -30.664 0.6000000238
22448  -8.258  -62.399  -31.544 0.5000000000
22462  -7.816  -61.879  -32.073 0.6000000238
22517  -3.972  -61.559  -39.630 0.5000000000
23355  -7.062  -60.710  -33.049 0.5000000000
24266  -11.669  -60.191  -31.263 0.4000000060
24349  -3.683  -60.785  -39.050 0.4000000060
25168  -13.752  -59.457  -30.759 0.4000000060
25181  -10.133  -60.021  -31.782 0.4000000060
25193  -8.844  -59.499  -32.641 0.5000000000
25202  -7.665  -59.118  -33.326 0.5000000000
25208  -4.648  -58.940  -35.153 0.4000000060
26086  -4.332  -58.226  -31.170 0.3000000119
26090  -11.341  -58.219  -31.352 0.4000000060
26108  -5.572  -58.310  -34.219 0.3000000119
26111  -7.916  -57.860  -33.432 0.3000000119
27002  -5.621  -56.995  -34.248 0.3000000119
27948  -3.895  -56.245  -33.023 0.3000000119
27949  -5.716  -55.968  -32.310 0.4000000060
27992  -4.077  -56.189  -36.249 0.3000000119
28827  -2.443  -54.538  -33.880 0.4000000060
28841  -2.320  -54.736  -33.894 0.4000000060
29754  -3.381  -53.939  -34.351 0.4000000060
29772  -3.859  -54.542  -34.863 0.3000000119
30645  -3.575  -52.647  -34.070 0.3000000119
30647  -4.427  -52.440  -33.571 0.3000000119
30667  -4.459  -52.390  -34.436 0.3000000119
30669  -7.585  -52.858  -34.381 0.3000000119
31490  -4.323  -51.881  -34.118 0.3000000119
32363  -5.266  -51.356  -34.020 0.3000000119
112080  -22.853  -74.317  -49.911 0.3000000119
112402  -10.330  -75.413  -38.930 0.6000000238
114464  -7.066  -78.392  -43.869 0.5000000000
117071  -12.797  -71.195  -45.917 0.5000000000
117802  -4.625  -55.697  -34.909 0.3000000119
119340  -11.057  -58.936  -31.461 0.4000000060
120216  -8.115  -67.882  -35.772 0.6000000238
121004  -6.719  -63.918  -31.510 0.6999999881
121067  -5.865  -53.768  -32.705 0.4000000060
121363  -5.952  -59.041  -33.868 0.4000000060
121603  -12.871  -74.923  -44.463 0.4000000060
121849  -14.448  -59.802  -31.157 0.4000000060
123170  -8.181  -69.323  -43.428 0.6000000238
124275  -6.050  -60.935  -33.506 0.6000000238
125028  -4.972  -53.272  -33.104 0.4000000060
126029  -4.790  -54.306  -34.945 0.3000000119
126465  -4.224  -61.747  -34.367 0.6000000238
127140  -3.771  -70.210  -31.138 0.6999999881
127597  -15.505  -75.440  -48.747 0.3000000119
127857  -22.554  -74.120  -49.858 0.3000000119
128398  -16.704  -77.926  -53.352 0.5000000000
128932  -10.757  -73.333  -42.065 0.6999999881
128991  -7.401  -70.922  -42.529 0.6000000238
129304  -6.763  -65.941  -30.333 0.6000000238
129309  -14.063  -79.036  -52.152 0.5000000000
129675  -11.570  -73.810  -39.906 0.6000000238
129843  -7.122  -68.508  -36.880 0.6000000238
130039  -7.037  -69.119  -37.309 0.6000000238
131227  -9.690  -70.955  -33.210 0.6000000238
131606  -7.165  -67.988  -30.021 0.5000000000
131937  -22.009  -74.874  -50.755 0.3000000119
132044  -10.959  -82.996  -45.746 0.5000000000
132237  -8.886  -68.240  -32.766 0.6999999881
132640  -5.956  -68.796  -30.364 0.6000000238
132844  -2.594  -56.028  -34.790 0.4000000060
133126  -11.122  -73.766  -42.072 0.6999999881
133185  -7.534  -69.826  -42.567 0.6000000238
133616  -7.027  -76.569  -47.029 0.6999999881
134126  -8.378  -56.644  -33.395 0.3000000119
134525  -4.916  -60.955  -38.073 0.4000000060
134842  -4.120  -56.528  -36.638 0.3000000119
134911  -3.760  -67.903  -31.963 0.6999999881
135348  -6.820  -69.663  -38.772 0.5000000000
