#!ascii label  , from subject sub-v2s9x29152_ses-1 vox2ras=TkReg
1405
11026  -1.618  -77.098  -47.240 0.5000000000
121471  -2.546  -79.671  -48.093 0.5000000000
7883  -3.192  -80.439  -47.353 0.5000000000
7893  -3.564  -80.498  -48.726 0.5000000000
11818  -1.752  -74.827  -45.829 0.5000000000
129559  -1.496  -76.006  -46.123 0.5000000000
124654  -1.303  -76.230  -44.733 0.5000000000
10175  -1.457  -76.923  -45.557 0.5000000000
10164  -1.320  -76.910  -44.392 0.6000000238
9431  -1.820  -77.643  -46.220 0.5000000000
7129  -4.039  -81.049  -48.201 0.5000000000
8675  -2.388  -79.048  -46.600 0.5000000000
7119  -4.194  -81.036  -47.717 0.6000000238
8661  -2.811  -79.267  -45.088 0.6000000238
7109  -3.437  -80.810  -46.627 0.6000000238
7110  -4.319  -81.386  -46.627 0.6999999881
116194  -2.738  -80.409  -44.823 0.6999999881
7084  -3.019  -80.946  -44.418 0.6999999881
7099  -3.882  -81.382  -45.253 0.6999999881
116386  -5.101  -81.773  -46.106 0.6999999881
11806  -1.590  -75.310  -44.875 0.5000000000
10993  -0.976  -76.392  -43.787 0.6000000238
11791  -1.452  -75.634  -43.871 0.6000000238
10146  -0.631  -76.345  -43.005 0.6000000238
9432  -2.459  -78.302  -45.310 0.5000000000
7120  -4.437  -81.705  -47.343 0.5000000000
6322  -4.912  -82.000  -47.050 0.5000000000
5546  -5.645  -83.645  -45.133 0.6999999881
6311  -5.332  -82.079  -46.303 0.6999999881
124991  -5.554  -82.499  -45.765 0.6999999881
6312  -5.619  -82.216  -45.607 0.6999999881
128192  -2.499  -79.852  -44.173 0.6999999881
7101  -5.612  -81.953  -45.111 0.6999999881
7085  -3.694  -81.340  -44.017 0.6999999881
7100  -4.951  -81.636  -44.890 0.6999999881
6302  -5.923  -82.326  -44.644 0.6999999881
7086  -4.552  -81.606  -43.520 0.6999999881
7087  -5.317  -81.860  -43.037 0.6999999881
134975  -5.841  -82.115  -43.643 0.6999999881
6280  -6.061  -82.153  -42.685 0.6999999881
12644  -2.141  -74.959  -44.151 0.5000000000
11792  -2.239  -74.998  -43.462 0.6000000238
127324  -2.332  -75.255  -41.962 0.6000000238
11779  -1.145  -75.593  -42.936 0.6000000238
10974  -1.320  -76.255  -41.784 0.6000000238
10156  -0.944  -77.162  -43.541 0.6000000238
10984  -0.852  -76.661  -42.361 0.6000000238
9396  -1.981  -77.906  -44.025 0.6000000238
4854  -5.858  -84.728  -44.988 0.6999999881
9413  -2.585  -78.824  -44.197 0.6999999881
4227  -6.228  -85.224  -45.084 0.6999999881
4244  -7.183  -85.730  -45.480 0.6999999881
129629  -1.776  -78.653  -43.248 0.6999999881
4855  -6.613  -84.666  -44.485 0.6999999881
8644  -2.233  -79.605  -43.324 0.6999999881
118567  -5.879  -82.712  -45.171 0.6999999881
5535  -6.144  -83.678  -44.684 0.6999999881
4228  -6.865  -85.405  -44.841 0.6999999881
4229  -7.630  -85.535  -44.654 0.6999999881
7861  -2.603  -80.408  -43.806 0.6999999881
113471  -2.557  -80.340  -42.928 0.6999999881
5526  -6.316  -83.001  -44.376 0.6999999881
4856  -7.342  -85.083  -44.115 0.6999999881
7071  -3.723  -81.345  -42.915 0.6999999881
5515  -6.992  -83.341  -43.503 0.6999999881
5536  -6.624  -83.759  -44.157 0.6999999881
7072  -4.567  -81.626  -42.416 0.6999999881
6291  -6.368  -82.593  -43.590 0.6999999881
5527  -7.558  -83.964  -43.239 0.6999999881
6268  -5.427  -81.881  -41.939 0.6999999881
5516  -7.640  -83.360  -42.731 0.6999999881
6269  -6.352  -81.981  -41.688 0.6999999881
12645  -2.450  -74.365  -43.871 0.5000000000
12633  -2.813  -74.248  -42.981 0.6000000238
12622  -2.895  -74.636  -42.124 0.6000000238
12634  -3.188  -73.827  -42.164 0.5000000000
11764  -3.159  -74.948  -40.834 0.6000000238
113906  -2.477  -73.318  -43.587 0.5000000000
10975  -2.030  -75.777  -41.401 0.6000000238
11751  -3.344  -75.062  -40.136 0.6000000238
10967  -1.805  -76.594  -40.739 0.6000000238
11750  -2.611  -75.715  -40.563 0.6000000238
10147  -0.670  -77.155  -42.917 0.6000000238
112653  -1.093  -77.845  -43.110 0.6999999881
10136  -1.312  -77.035  -41.483 0.6999999881
8631  -1.904  -79.039  -42.748 0.6999999881
9388  -1.573  -78.357  -42.507 0.6999999881
112629  -7.836  -85.690  -46.914 0.6999999881
8632  -2.405  -79.537  -42.379 0.6999999881
9380  -2.125  -78.838  -41.925 0.6999999881
4245  -7.952  -85.791  -45.340 0.6999999881
4877  -8.679  -85.264  -46.847 0.6999999881
8620  -2.547  -79.488  -41.402 0.6999999881
4230  -8.290  -85.476  -44.498 0.6999999881
4259  -8.330  -85.719  -46.077 0.6999999881
4267  -8.097  -85.232  -47.708 0.6999999881
7837  -3.485  -80.765  -41.344 0.6000000238
4220  -7.993  -85.260  -43.854 0.6999999881
4246  -8.729  -85.450  -45.250 0.6999999881
4885  -8.887  -84.593  -47.625 0.6999999881
4273  -8.304  -84.504  -48.640 0.6999999881
7048  -3.948  -81.301  -41.875 0.6999999881
4847  -8.339  -84.624  -43.360 0.6999999881
4848  -8.976  -84.429  -43.339 0.6000000238
4868  -9.550  -84.834  -45.146 0.6999999881
4260  -9.175  -85.225  -46.022 0.6999999881
136049  -6.952  -82.563  -42.558 0.6999999881
6281  -7.773  -82.717  -42.119 0.6999999881
4836  -8.646  -83.970  -42.900 0.6000000238
4857  -9.426  -84.597  -44.047 0.6000000238
6270  -7.232  -82.118  -41.641 0.6000000238
5517  -8.267  -83.366  -42.517 0.6000000238
5518  -9.056  -83.193  -42.557 0.5000000000
124389  -9.475  -84.053  -43.425 0.5000000000
5537  -9.899  -83.819  -43.902 0.5000000000
6271  -8.047  -82.109  -41.643 0.6000000238
7054  -8.902  -81.666  -41.969 0.5000000000
6283  -9.090  -82.250  -42.184 0.5000000000
12623  -3.296  -74.334  -41.366 0.6000000238
13415  -3.242  -73.419  -41.446 0.6000000238
121922  -3.701  -74.651  -39.416 0.5000000000
12598  -4.043  -74.259  -38.790 0.6999999881
13423  -2.893  -73.426  -42.741 0.5000000000
14145  -2.868  -72.692  -41.410 0.6000000238
14146  -3.089  -72.902  -40.706 0.6000000238
133557  -2.248  -71.642  -42.663 0.6000000238
14154  -2.454  -72.452  -42.894 0.6000000238
11727  -3.857  -75.318  -38.688 0.4000000060
112523  -2.332  -71.983  -41.926 0.6000000238
10955  -3.258  -76.062  -39.015 0.5000000000
117413  -2.310  -76.527  -39.890 0.6000000238
10126  -1.873  -77.316  -39.882 0.6000000238
9379  -1.708  -78.023  -41.475 0.6999999881
10125  -1.638  -77.519  -40.598 0.6000000238
9368  -2.093  -78.820  -40.931 0.6999999881
7836  -3.023  -80.140  -40.838 0.6000000238
8608  -3.131  -80.024  -39.957 0.6000000238
7049  -4.724  -81.586  -41.437 0.6000000238
4869  -10.196  -84.152  -45.592 0.6000000238
4878  -9.532  -84.575  -46.794 0.6000000238
4886  -9.538  -84.137  -47.560 0.6999999881
4891  -9.143  -83.958  -48.272 0.6999999881
4895  -8.043  -84.051  -49.775 0.6999999881
7050  -5.611  -81.650  -40.971 0.6000000238
4858  -10.073  -84.121  -44.722 0.6000000238
4894  -7.374  -84.504  -50.387 0.6999999881
7052  -7.557  -81.485  -41.215 0.6000000238
6293  -10.091  -82.522  -43.445 0.4000000060
5538  -10.305  -83.347  -44.525 0.4000000060
116988  -10.513  -83.513  -45.311 0.5000000000
4879  -10.214  -84.046  -46.377 0.6000000238
112734  -8.397  -83.341  -50.429 0.6000000238
7053  -8.362  -81.398  -41.594 0.5000000000
7840  -8.864  -81.095  -42.017 0.5000000000
7073  -9.421  -81.500  -42.435 0.5000000000
6292  -9.673  -82.417  -42.701 0.5000000000
5560  -11.218  -82.874  -46.406 0.4000000060
5559  -10.749  -83.476  -46.754 0.6000000238
116370  -3.742  -73.877  -39.367 0.6000000238
12609  -3.610  -74.144  -40.062 0.6000000238
12599  -4.465  -74.734  -38.127 0.6000000238
113390  -2.387  -71.873  -40.705 0.6000000238
14140  -2.904  -72.454  -40.055 0.5000000000
125661  -2.960  -72.438  -39.488 0.6000000238
14132  -2.623  -72.183  -38.975 0.6000000238
14902  -2.066  -70.881  -41.399 0.6999999881
14892  -1.850  -71.179  -39.997 0.6000000238
14879  -2.055  -71.771  -39.114 0.6000000238
10941  -3.640  -76.381  -38.199 0.5000000000
11728  -4.271  -75.793  -37.819 0.6000000238
15684  -1.862  -69.860  -41.661 0.6000000238
14878  -1.469  -71.486  -39.325 0.6999999881
10940  -3.043  -76.914  -38.679 0.5000000000
15683  -1.591  -70.258  -40.738 0.6999999881
10954  -2.410  -77.102  -39.312 0.6000000238
15682  -1.002  -70.062  -40.585 0.6000000238
134014  -1.985  -78.764  -40.006 0.6000000238
10116  -2.190  -77.804  -39.302 0.6000000238
9356  -2.305  -78.572  -39.397 0.6000000238
114851  -2.630  -79.312  -39.624 0.6000000238
7811  -3.914  -80.323  -39.623 0.6000000238
7018  -4.854  -80.918  -40.012 0.6000000238
8611  -6.910  -80.055  -40.776 0.6000000238
7032  -6.085  -81.115  -40.436 0.6000000238
8622  -7.248  -79.575  -41.517 0.6000000238
7838  -7.751  -80.639  -41.246 0.6000000238
5567  -9.914  -83.645  -47.930 0.6000000238
5574  -9.602  -83.412  -48.795 0.6000000238
5579  -9.242  -83.120  -49.825 0.6000000238
8623  -8.191  -80.231  -41.808 0.5000000000
7851  -9.155  -80.676  -42.502 0.5000000000
7862  -9.721  -80.843  -43.007 0.5000000000
5585  -8.855  -82.742  -51.115 0.6000000238
134466  -11.495  -82.625  -46.837 0.4000000060
5575  -10.453  -83.144  -48.352 0.6000000238
5580  -10.139  -82.867  -49.304 0.6000000238
13392  -3.683  -73.342  -38.688 0.6000000238
13383  -3.922  -73.154  -37.743 0.5000000000
13373  -4.946  -73.468  -36.594 0.5000000000
14133  -3.179  -72.618  -38.922 0.6000000238
14110  -3.418  -72.535  -37.191 0.6000000238
13393  -4.329  -73.854  -38.113 0.5000000000
13384  -4.601  -73.641  -37.328 0.5000000000
12590  -4.836  -74.319  -37.494 0.5000000000
14123  -2.861  -72.286  -38.406 0.5000000000
14124  -3.340  -72.608  -38.129 0.6000000238
14867  -2.333  -72.126  -38.319 0.5000000000
14877  -0.705  -71.340  -39.471 0.6999999881
14865  -0.986  -71.892  -38.653 0.6000000238
123646  -3.556  -77.132  -37.918 0.5000000000
14891  -0.209  -70.886  -40.121 0.5000000000
9344  -2.738  -78.303  -38.791 0.5000000000
8584  -3.685  -79.181  -38.852 0.5000000000
8595  -3.437  -79.628  -39.336 0.6000000238
8609  -5.602  -79.610  -39.960 0.6000000238
7813  -5.434  -80.514  -39.970 0.5000000000
8610  -6.130  -79.377  -40.512 0.6000000238
7827  -6.264  -80.288  -40.349 0.6000000238
8633  -7.889  -79.546  -42.344 0.5000000000
6334  -11.718  -82.379  -47.278 0.5000000000
124468  -11.681  -82.349  -48.065 0.5000000000
6344  -9.804  -82.604  -50.465 0.6000000238
14111  -4.251  -73.016  -36.917 0.6000000238
14847  -3.115  -72.289  -36.383 0.6000000238
13385  -5.286  -74.041  -36.898 0.5000000000
14109  -2.779  -72.234  -37.752 0.6000000238
14856  -2.049  -72.145  -37.451 0.6999999881
12591  -5.415  -74.808  -36.970 0.6000000238
14122  -1.135  -72.259  -37.760 0.6000000238
14866  -1.736  -71.958  -38.457 0.6000000238
11718  -4.877  -75.246  -37.438 0.6000000238
14864  -0.032  -72.186  -38.856 0.6000000238
14121  -0.221  -72.509  -38.068 0.6000000238
10931  -4.104  -76.875  -37.550 0.5000000000
9345  -3.480  -78.604  -38.500 0.5000000000
14890  1.006  -71.123  -40.393 0.5000000000
14876  0.502  -71.800  -39.487 0.6000000238
8596  -4.175  -79.700  -39.177 0.5000000000
9369  -5.685  -78.612  -40.163 0.6000000238
8597  -4.894  -79.817  -39.512 0.5000000000
9370  -6.067  -78.443  -40.920 0.5000000000
8621  -6.479  -79.174  -41.062 0.5000000000
6340  -11.854  -81.971  -48.666 0.6000000238
6346  -11.470  -82.041  -49.534 0.6000000238
14097  -3.811  -72.607  -36.294 0.6000000238
14098  -4.566  -72.907  -36.115 0.5000000000
14836  -3.439  -72.312  -35.612 0.6999999881
13374  -5.715  -73.754  -36.329 0.5000000000
14845  -1.929  -72.236  -36.544 0.6999999881
14846  -2.489  -72.236  -36.399 0.6000000238
123864  -1.194  -72.402  -36.824 0.6000000238
12579  -6.068  -74.516  -36.530 0.5000000000
11719  -5.426  -75.751  -36.975 0.6000000238
14095  0.368  -72.661  -36.595 0.6999999881
121677  -4.785  -76.276  -37.308 0.6000000238
14107  0.497  -72.675  -37.479 0.6000000238
135430  -4.701  -77.020  -37.374 0.6000000238
14119  1.577  -72.420  -38.304 0.6999999881
14120  0.695  -72.527  -38.357 0.6999999881
9333  -3.962  -78.171  -37.912 0.5000000000
10087  -4.332  -77.558  -37.620 0.5000000000
14875  1.604  -71.836  -39.675 0.6000000238
9334  -4.519  -78.063  -37.994 0.5000000000
14118  2.023  -72.214  -38.993 0.5000000000
9347  -4.852  -78.455  -38.810 0.6000000238
9346  -4.108  -78.779  -38.538 0.5000000000
14874  2.591  -71.673  -39.692 0.6000000238
9358  -5.143  -78.877  -39.532 0.5000000000
10137  -6.293  -77.900  -42.025 0.5000000000
134538  -3.729  -72.342  -35.103 0.6999999881
14086  -4.110  -72.563  -35.518 0.5000000000
14087  -4.857  -72.726  -35.336 0.5000000000
124405  -2.255  -71.943  -34.937 0.8000000119
14826  -3.170  -72.021  -34.683 0.6999999881
14099  -5.306  -73.188  -35.910 0.5000000000
13363  -6.082  -73.422  -35.704 0.5000000000
14071  -0.735  -72.211  -34.931 0.6999999881
14834  -2.069  -72.157  -35.749 0.6999999881
14835  -2.781  -72.115  -35.651 0.8000000119
14085  -1.177  -72.388  -35.810 0.6999999881
13375  -6.512  -73.995  -36.099 0.5000000000
14083  0.205  -72.555  -35.730 0.6999999881
14084  -0.284  -72.537  -35.461 0.6999999881
11709  -5.930  -75.288  -36.725 0.6000000238
14832  1.138  -71.441  -35.893 0.6000000238
14844  0.825  -72.288  -36.186 0.6000000238
123756  -5.468  -76.682  -37.218 0.6000000238
14106  1.903  -72.175  -37.495 0.6999999881
14094  1.122  -72.479  -36.982 0.6999999881
128470  -5.052  -77.472  -37.598 0.6000000238
14855  2.605  -71.645  -37.921 0.6000000238
124485  -5.342  -77.842  -38.314 0.6000000238
10102  -5.609  -78.074  -39.426 0.6000000238
14862  3.173  -71.485  -39.269 0.6000000238
9359  -5.977  -77.908  -40.478 0.6000000238
10127  -6.179  -77.862  -41.343 0.5000000000
113251  -2.938  -71.733  -33.716 0.6000000238
128414  -3.707  -72.110  -33.577 0.5000000000
14073  -4.189  -72.443  -34.611 0.5000000000
14089  -6.475  -73.122  -34.959 0.5000000000
115615  -1.370  -71.826  -34.277 0.8000000119
13364  -6.908  -73.655  -35.484 0.5000000000
14812  -0.399  -71.780  -34.296 0.6999999881
11710  -6.541  -75.290  -36.642 0.6000000238
18165  4.079  -67.349  -38.240 0.6000000238
14833  0.508  -72.034  -35.378 0.8000000119
18166  3.494  -67.456  -38.429 0.6000000238
15646  1.769  -70.802  -36.406 0.6999999881
15640  0.820  -71.034  -35.102 0.8000000119
10924  -6.070  -75.986  -36.842 0.6000000238
17315  3.602  -68.084  -38.994 0.6000000238
15655  2.276  -71.285  -37.110 0.6000000238
10088  -5.911  -77.262  -37.727 0.6000000238
10103  -6.197  -77.507  -38.587 0.6000000238
120476  3.364  -68.879  -38.549 0.6000000238
16453  3.438  -70.161  -38.463 0.6000000238
15654  2.880  -70.676  -37.727 0.6000000238
10117  -6.447  -77.510  -39.666 0.6000000238
10956  -7.345  -76.941  -39.758 0.6000000238
15664  3.169  -71.222  -38.545 0.5000000000
10128  -6.740  -77.367  -40.718 0.5000000000
10138  -6.648  -77.500  -41.674 0.5000000000
10976  -7.351  -77.017  -41.278 0.5000000000
14056  -4.674  -72.416  -33.640 0.5000000000
14825  -2.280  -71.754  -34.008 0.6000000238
121848  -3.119  -71.573  -33.111 0.5000000000
131349  -1.629  -71.457  -33.538 0.6999999881
15636  -0.076  -71.136  -33.855 0.8000000119
14824  0.236  -71.641  -34.572 0.8000000119
12580  -6.930  -74.690  -36.339 0.6000000238
13365  -7.801  -73.837  -35.274 0.5000000000
18987  4.899  -66.833  -36.620 0.6000000238
15635  0.422  -70.677  -34.315 0.8000000119
12581  -7.752  -74.848  -36.276 0.5000000000
19012  3.469  -67.199  -37.841 0.6999999881
19011  4.222  -67.117  -37.423 0.6000000238
15639  1.280  -70.332  -35.737 0.8000000119
116766  -7.176  -76.375  -37.526 0.6000000238
11720  -6.848  -75.938  -36.960 0.6000000238
11711  -7.316  -75.364  -36.662 0.6000000238
19013  2.897  -67.344  -38.059 0.6000000238
10942  -6.748  -76.984  -37.921 0.6000000238
10933  -7.811  -76.160  -37.728 0.6000000238
17316  2.812  -68.027  -38.431 0.6000000238
15645  2.348  -70.092  -36.990 0.6000000238
16433  1.711  -69.666  -36.392 0.5000000000
129997  -7.035  -77.062  -38.792 0.6000000238
16442  2.759  -69.155  -37.863 0.6000000238
10968  -7.846  -76.766  -40.590 0.6000000238
120767  -8.324  -76.458  -39.788 0.6000000238
10977  -8.302  -76.659  -41.364 0.5000000000
121797  -8.599  -76.564  -42.051 0.5000000000
10987  -9.309  -76.245  -42.410 0.5000000000
14814  -2.321  -71.370  -33.151 0.6000000238
132239  -0.847  -71.275  -33.529 0.6999999881
18970  7.159  -65.958  -35.866 0.6000000238
18971  5.676  -66.214  -35.981 0.6000000238
15629  0.010  -70.400  -33.799 0.8000000119
12574  -8.201  -74.346  -35.770 0.5000000000
18972  4.351  -66.399  -35.940 0.6000000238
16422  0.220  -69.741  -34.237 0.8000000119
12582  -8.586  -74.794  -36.378 0.5000000000
18988  3.770  -66.847  -36.847 0.6999999881
134077  0.644  -68.911  -35.553 0.8000000119
11712  -8.130  -75.372  -36.799 0.6000000238
18989  2.827  -66.982  -37.266 0.8000000119
118396  1.115  -69.293  -35.889 0.6999999881
130773  -7.502  -76.584  -38.157 0.6000000238
124031  -8.445  -75.736  -37.567 0.6000000238
19014  2.050  -67.197  -37.439 0.6999999881
17304  2.133  -68.059  -37.834 0.6999999881
16434  1.333  -68.671  -36.619 0.6000000238
11729  -8.962  -75.800  -38.352 0.6000000238
10944  -8.669  -76.134  -39.027 0.5000000000
14793  -2.062  -70.691  -32.587 0.6000000238
15613  -2.520  -70.229  -31.994 0.5000000000
18959  6.831  -66.249  -34.531 0.6000000238
15612  -1.433  -70.349  -32.722 0.6999999881
120746  7.563  -65.893  -35.075 0.6000000238
15630  -0.496  -70.536  -33.423 0.6999999881
16416  -1.107  -69.272  -33.194 0.6000000238
19845  5.184  -65.691  -35.451 0.6000000238
19844  6.523  -65.575  -35.354 0.6000000238
16415  -0.429  -69.693  -33.631 0.6000000238
16423  -0.312  -69.088  -34.314 0.6999999881
18973  3.083  -66.523  -35.939 0.8000000119
17285  0.156  -68.833  -35.005 0.6999999881
17286  -0.659  -68.398  -34.809 0.6000000238
17291  0.214  -68.343  -35.871 0.8000000119
18144  -0.561  -67.247  -35.972 0.6999999881
18990  1.276  -66.863  -36.675 0.6999999881
18168  1.785  -67.557  -37.439 0.6999999881
18151  0.527  -67.302  -36.795 0.6000000238
18143  0.058  -67.642  -36.487 0.8000000119
18949  6.283  -65.819  -33.875 0.6000000238
19825  6.761  -65.408  -34.560 0.6000000238
19827  4.665  -65.107  -34.944 0.6999999881
18138  -1.718  -67.074  -34.889 0.6000000238
127440  3.902  -65.863  -35.311 0.6999999881
19846  2.882  -66.018  -35.182 0.6999999881
18137  -0.956  -67.594  -35.221 0.6999999881
18145  -1.094  -66.905  -35.478 0.6000000238
18974  1.957  -66.340  -35.632 0.6000000238
18976  -0.671  -66.432  -35.817 0.6999999881
18977  -1.485  -66.246  -35.383 0.6000000238
125170  2.148  -66.792  -36.610 0.8000000119
18975  0.797  -66.330  -35.857 0.6000000238
18152  -0.117  -66.979  -36.563 0.6000000238
18950  4.859  -66.216  -33.096 0.6000000238
19807  5.775  -65.388  -32.961 0.6000000238
20721  6.516  -64.798  -33.842 0.6999999881
19816  6.582  -65.108  -33.785 0.6000000238
19826  5.891  -65.079  -34.941 0.6999999881
20724  4.235  -64.377  -34.628 0.6999999881
19828  3.367  -65.217  -34.825 0.6000000238
19847  2.247  -65.491  -35.006 0.6000000238
133250  0.774  -65.586  -35.429 0.6000000238
18978  -2.268  -66.128  -35.003 0.5000000000
19850  -1.044  -65.570  -35.745 0.6000000238
19851  -1.880  -65.477  -35.458 0.5000000000
20737  -2.379  -64.811  -35.779 0.5000000000
20736  -1.364  -64.961  -35.934 0.6000000238
18932  5.735  -65.768  -31.513 0.6000000238
19806  5.860  -65.363  -32.203 0.6000000238
20713  6.514  -64.274  -32.883 0.6999999881
19805  6.456  -64.622  -32.466 0.6999999881
21617  5.646  -63.482  -33.464 0.6999999881
21623  5.767  -64.130  -34.031 0.6999999881
21625  3.880  -63.584  -34.330 0.6000000238
20725  3.284  -64.169  -34.691 0.5000000000
21634  2.510  -63.792  -34.991 0.6999999881
22483  2.216  -63.086  -35.089 0.6000000238
20733  2.008  -64.380  -35.145 0.6000000238
122836  1.272  -64.116  -35.608 0.6000000238
20735  -0.310  -64.909  -35.859 0.6000000238
20750  -0.626  -64.358  -36.451 0.5000000000
21645  -1.141  -63.772  -37.176 0.5000000000
21646  -2.539  -63.873  -37.301 0.5000000000
19771  5.146  -65.374  -29.455 0.6999999881
20677  4.625  -64.710  -29.917 0.6999999881
20699  7.436  -64.287  -30.928 0.6000000238
20683  6.718  -64.266  -30.417 0.6999999881
20685  4.175  -64.120  -30.497 0.6999999881
117564  3.397  -63.915  -30.936 0.6999999881
21599  2.717  -63.446  -31.257 0.6000000238
20706  7.072  -63.971  -31.746 0.6999999881
21582  7.310  -63.526  -30.956 0.6999999881
126625  6.105  -62.676  -30.705 0.6999999881
133385  3.637  -63.138  -31.144 0.6999999881
21610  7.198  -62.993  -31.691 0.6999999881
21597  7.364  -63.386  -31.183 0.6999999881
22432  5.623  -61.840  -30.808 0.6999999881
21624  4.920  -63.802  -34.202 0.6999999881
22474  3.435  -62.868  -33.981 0.6000000238
21626  2.960  -63.380  -34.591 0.6000000238
22484  1.500  -62.857  -35.547 0.6000000238
22477  1.057  -62.272  -35.279 0.6000000238
21635  1.783  -63.494  -35.442 0.6000000238
21636  1.047  -63.323  -35.931 0.6000000238
22485  0.762  -62.688  -36.052 0.6000000238
21643  0.462  -63.067  -36.668 0.5000000000
22490  -0.170  -62.648  -37.357 0.6000000238
23377  -0.313  -61.723  -37.735 0.6000000238
20749  0.485  -63.974  -36.193 0.5000000000
21644  -0.078  -63.400  -37.013 0.5000000000
22498  -0.888  -62.391  -38.312 0.5000000000
19759  4.504  -66.010  -28.953 0.6999999881
130058  3.243  -64.862  -30.417 0.6999999881
20686  2.439  -64.412  -30.981 0.6000000238
20687  1.441  -64.600  -30.908 0.6000000238
22445  1.868  -63.140  -31.352 0.6000000238
127322  1.358  -61.349  -31.118 0.4000000060
22433  4.450  -62.184  -30.985 0.6000000238
21598  3.388  -62.468  -31.206 0.5000000000
23326  2.024  -62.065  -31.280 0.5000000000
120436  1.702  -60.082  -30.700 0.4000000060
24247  0.957  -59.488  -30.702 0.5000000000
123442  6.505  -63.260  -32.584 0.6999999881
129058  7.051  -62.326  -31.314 0.8000000119
23312  5.950  -61.197  -31.052 0.6999999881
24245  4.219  -59.996  -30.941 0.5000000000
24246  3.384  -59.650  -30.705 0.4000000060
121427  2.611  -59.568  -30.577 0.4000000060
117179  1.448  -58.514  -30.691 0.4000000060
26070  1.122  -57.914  -30.969 0.4000000060
22466  5.739  -62.529  -32.611 0.8000000119
22459  5.501  -61.520  -31.919 0.8000000119
23339  5.983  -61.216  -31.131 0.8000000119
23324  5.341  -60.859  -31.104 0.8000000119
24257  4.451  -60.291  -31.209 0.6000000238
25161  3.615  -59.112  -30.902 0.5000000000
26067  3.152  -58.581  -30.898 0.4000000060
26069  2.029  -57.998  -30.880 0.4000000060
21618  4.569  -62.945  -33.608 0.8000000119
22468  3.949  -62.146  -33.351 0.6999999881
23359  2.100  -62.052  -33.932 0.5000000000
25174  2.990  -58.507  -31.259 0.5000000000
26095  2.158  -58.018  -31.610 0.4000000060
26081  1.765  -57.684  -31.525 0.4000000060
22475  2.580  -62.717  -34.385 0.6000000238
22476  1.820  -62.505  -34.840 0.5000000000
23360  1.254  -61.890  -34.290 0.5000000000
23369  0.288  -61.994  -35.767 0.6000000238
23376  0.164  -62.384  -36.770 0.6000000238
23370  -0.265  -61.498  -36.333 0.6000000238
19772  3.865  -65.460  -29.532 0.6000000238
19773  2.593  -65.775  -29.832 0.5000000000
19782  1.994  -65.252  -30.498 0.5000000000
20688  0.436  -64.393  -30.643 0.4000000060
128033  0.391  -63.556  -31.044 0.5000000000
22434  0.965  -62.708  -31.288 0.5000000000
23316  0.642  -60.759  -30.986 0.5000000000
24248  -0.077  -60.410  -30.966 0.5000000000
25165  0.111  -59.366  -30.909 0.5000000000
25176  -1.550  -59.784  -31.470 0.5000000000
25164  0.764  -58.675  -30.783 0.5000000000
113995  -1.777  -58.643  -31.981 0.5000000000
23340  4.901  -60.845  -31.623 0.6999999881
24274  4.215  -60.275  -31.721 0.6000000238
24276  2.976  -59.673  -32.392 0.5000000000
123366  3.334  -59.220  -31.685 0.5000000000
26071  0.192  -58.169  -31.157 0.5000000000
116666  -0.675  -57.052  -31.979 0.5000000000
22467  4.809  -62.126  -32.857 0.8000000119
23348  4.492  -61.402  -32.578 0.6999999881
23350  2.612  -61.374  -33.280 0.6000000238
24277  2.042  -59.448  -32.560 0.5000000000
116997  1.802  -58.213  -32.227 0.4000000060
25190  0.858  -57.815  -32.533 0.5000000000
26082  0.703  -57.137  -31.624 0.4000000060
26962  0.135  -56.561  -31.981 0.5000000000
23351  1.645  -61.304  -33.491 0.5000000000
23352  0.665  -61.171  -33.738 0.5000000000
24287  1.229  -60.445  -33.017 0.6000000238
25198  0.929  -59.304  -32.755 0.5000000000
25199  -0.043  -59.117  -32.991 0.5000000000
25191  0.049  -57.711  -32.859 0.5000000000
23361  0.407  -61.654  -34.678 0.5000000000
24297  -0.198  -60.949  -34.053 0.5000000000
24288  0.228  -60.280  -33.287 0.5000000000
24289  -0.563  -59.996  -33.664 0.5000000000
23362  -0.294  -61.265  -35.132 0.6000000238
118496  -0.684  -60.614  -35.772 0.6000000238
18910  2.073  -66.385  -29.215 0.5000000000
125823  1.292  -66.237  -29.117 0.5000000000
19783  0.955  -65.263  -30.306 0.5000000000
19775  0.178  -64.934  -29.864 0.4000000060
18883  1.833  -66.474  -27.762 0.5000000000
120721  0.675  -65.616  -29.464 0.4000000060
22435  -0.103  -62.848  -31.027 0.5000000000
23317  -0.414  -61.690  -31.012 0.6000000238
116197  -1.044  -61.147  -30.936 0.5000000000
24260  -1.618  -60.805  -31.054 0.4000000060
25177  -2.698  -59.784  -31.581 0.4000000060
25178  -3.528  -59.539  -31.461 0.4000000060
19761  0.340  -65.425  -28.907 0.4000000060
19762  0.063  -65.127  -29.266 0.4000000060
20689  -0.377  -64.257  -30.083 0.4000000060
128381  -0.544  -63.209  -30.628 0.5000000000
22436  -0.887  -62.730  -30.601 0.5000000000
23318  -1.392  -62.086  -30.605 0.5000000000
21578  -0.948  -63.979  -29.580 0.4000000060
22427  -2.248  -62.971  -29.639 0.4000000060
23319  -2.195  -62.362  -30.139 0.5000000000
135924  -2.651  -61.824  -30.215 0.4000000060
24261  -2.671  -60.935  -30.895 0.4000000060
24263  -4.209  -60.099  -31.104 0.4000000060
20657  0.369  -64.835  -28.341 0.4000000060
20671  -0.223  -64.873  -28.883 0.4000000060
20679  -1.309  -64.049  -29.132 0.4000000060
22416  -0.520  -62.968  -27.638 0.4000000060
21565  -1.601  -63.330  -28.286 0.4000000060
21574  -1.989  -63.716  -29.014 0.4000000060
21575  -2.487  -63.278  -29.139 0.4000000060
22428  -2.969  -62.484  -29.453 0.5000000000
24249  -3.221  -61.656  -30.091 0.4000000060
24262  -3.529  -60.390  -31.145 0.4000000060
22423  -2.982  -62.899  -28.892 0.4000000060
23306  -4.287  -61.365  -28.897 0.4000000060
23321  -4.453  -61.108  -29.514 0.4000000060
24250  -3.796  -61.076  -30.353 0.4000000060
136159  -4.032  -60.553  -30.783 0.4000000060
22415  0.650  -62.587  -27.440 0.4000000060
112889  -0.147  -61.998  -27.309 0.3000000119
113783  -1.235  -62.372  -27.549 0.3000000119
22417  -2.385  -62.620  -28.109 0.4000000060
24198  -0.431  -60.463  -26.765 0.4000000060
23294  -0.776  -61.378  -27.126 0.3000000119
23295  -1.759  -61.654  -27.394 0.3000000119
23296  -2.680  -61.714  -27.659 0.4000000060
25133  -3.358  -59.552  -27.500 0.5000000000
24231  -4.160  -61.031  -28.214 0.4000000060
24239  -4.848  -60.846  -28.888 0.4000000060
24240  -5.355  -60.301  -29.259 0.4000000060
25158  -6.433  -59.152  -29.948 0.3000000119
117819  -2.678  -58.927  -27.244 0.5000000000
26039  -3.355  -58.626  -27.523 0.5000000000
24232  -4.669  -60.299  -28.240 0.4000000060
25145  -5.167  -59.691  -28.339 0.4000000060
25147  -6.183  -59.401  -29.300 0.3000000119
23276  0.198  -61.137  -26.966 0.4000000060
25113  -0.076  -59.601  -26.543 0.4000000060
25114  -1.006  -59.806  -26.669 0.4000000060
24216  -1.920  -60.063  -26.971 0.5000000000
25132  -2.671  -59.815  -27.275 0.5000000000
116315  -0.639  -58.944  -26.516 0.4000000060
129399  -2.156  -59.279  -26.983 0.5000000000
119304  -2.626  -57.922  -27.317 0.5000000000
26933  -4.218  -57.956  -27.900 0.4000000060
26054  -5.849  -59.055  -28.547 0.3000000119
26920  -2.147  -56.976  -27.231 0.3000000119
26921  -2.812  -57.124  -27.610 0.3000000119
27897  -3.238  -56.851  -27.909 0.3000000119
24197  0.562  -60.283  -26.678 0.4000000060
26900  -0.618  -57.550  -26.486 0.3000000119
26901  -1.357  -57.273  -26.736 0.4000000060
27910  -4.042  -57.093  -28.126 0.3000000119
26018  -0.176  -58.120  -26.379 0.3000000119
27877  -0.491  -56.705  -26.534 0.3000000119
13408  -3.434  -73.717  -40.702 0.6000000238
13403  -3.386  -73.142  -39.765 0.5000000000
19849  -0.102  -65.702  -35.747 0.6000000238
7874  -2.706  -80.238  -46.217 0.6000000238
121454  -1.782  -77.429  -44.936 0.5000000000
7098  -3.166  -80.920  -45.550 0.6999999881
123614  -4.990  -81.928  -46.820 0.6999999881
7111  -5.494  -81.958  -45.738 0.6999999881
7070  -3.028  -80.897  -43.408 0.6999999881
126337  -5.424  -81.861  -44.161 0.6999999881
7848  -3.002  -80.077  -41.916 0.6999999881
7849  -3.288  -80.808  -42.408 0.6999999881
4845  -7.162  -84.266  -43.811 0.6999999881
12617  -3.403  -74.451  -40.644 0.6000000238
4231  -8.951  -85.179  -44.493 0.6999999881
7029  -4.168  -81.230  -40.867 0.6000000238
7051  -6.659  -81.609  -40.993 0.6000000238
6282  -8.500  -82.633  -42.118 0.5000000000
7031  -5.242  -81.226  -40.361 0.6000000238
4887  -10.125  -83.884  -47.150 0.6000000238
5573  -8.782  -83.720  -49.243 0.6000000238
7033  -6.976  -80.917  -40.677 0.5000000000
8634  -8.669  -80.114  -42.449 0.5000000000
6333  -11.190  -82.839  -47.844 0.5000000000
14139  -2.453  -71.952  -39.681 0.6000000238
129013  -1.956  -70.631  -40.786 0.6999999881
7812  -4.599  -80.418  -39.691 0.5000000000
6339  -11.137  -82.583  -48.798 0.6000000238
6341  -12.050  -81.701  -47.766 0.5000000000
12573  -7.334  -74.239  -35.886 0.5000000000
18180  3.980  -67.497  -38.901 0.6000000238
15663  3.647  -70.665  -39.398 0.6000000238
18181  3.345  -67.629  -38.576 0.6000000238
112425  0.791  -69.801  -35.019 0.8000000119
18167  2.536  -67.588  -37.988 0.6000000238
10943  -8.222  -76.190  -38.270 0.6000000238
16443  1.981  -68.888  -37.150 0.6000000238
119067  -7.857  -76.555  -38.961 0.6000000238
17292  -0.385  -67.993  -35.707 0.8000000119
11713  -8.998  -75.230  -36.995 0.6000000238
17297  0.790  -67.871  -36.842 0.6000000238
17305  1.436  -68.032  -37.279 0.6999999881
18991  0.387  -66.957  -36.727 0.6000000238
20734  1.345  -65.052  -35.169 0.6000000238
126970  -0.124  -66.615  -36.277 0.6999999881
124685  0.593  -64.864  -35.508 0.6000000238
20751  -1.854  -64.393  -36.483 0.5000000000
21656  -0.618  -63.017  -37.608 0.5000000000
19770  6.143  -65.446  -29.749 0.6999999881
20675  6.805  -65.027  -30.128 0.6000000238
20684  5.528  -63.884  -30.351 0.6999999881
22430  7.031  -62.448  -30.942 0.8000000119
122197  5.241  -61.160  -30.902 0.6000000238
23315  2.518  -60.696  -30.858 0.5000000000
23325  3.034  -61.629  -31.130 0.5000000000
26097  0.399  -56.778  -32.234 0.5000000000
19774  1.538  -65.842  -29.788 0.5000000000
132806  -0.503  -59.167  -31.240 0.5000000000
24285  3.238  -60.588  -32.713 0.6000000238
24286  2.298  -60.520  -32.870 0.6000000238
24298  -0.750  -60.516  -34.540 0.5000000000
130283  0.795  -65.925  -28.902 0.5000000000
132692  -1.941  -61.558  -30.619 0.5000000000
22437  -1.605  -62.917  -30.112 0.6000000238
21563  0.135  -63.515  -27.721 0.4000000060
21564  -0.746  -63.757  -28.228 0.4000000060
124694  -1.402  -63.933  -28.839 0.4000000060
22424  -3.389  -62.354  -28.953 0.5000000000
23320  -3.731  -61.690  -29.347 0.4000000060
23304  -3.177  -62.215  -28.415 0.4000000060
23305  -3.724  -61.720  -28.642 0.4000000060
122910  -4.940  -60.642  -29.585 0.4000000060
25167  -5.668  -59.533  -30.371 0.4000000060
24215  -1.328  -60.702  -26.961 0.3000000119
118805  -2.094  -61.009  -27.236 0.5000000000
24217  -2.723  -60.807  -27.394 0.4000000060
24219  -4.035  -60.217  -27.763 0.5000000000
23297  -3.414  -61.435  -27.893 0.4000000060
25157  -5.787  -59.711  -29.629 0.4000000060
26922  -3.436  -57.678  -27.723 0.5000000000
26040  -4.240  -59.404  -27.770 0.4000000060
26053  -4.788  -58.779  -27.971 0.4000000060
25115  -1.503  -59.141  -26.710 0.5000000000
26019  -1.209  -58.203  -26.610 0.5000000000
133730  -1.922  -57.752  -26.907 0.4000000060
27895  -1.442  -56.461  -27.007 0.3000000119
3126  -8.067  -87.733  -53.199 0.5000000000
3696  -8.171  -86.893  -53.584 0.5000000000
3694  -9.975  -87.439  -52.237 0.5000000000
3693  -9.228  -86.978  -52.795 0.5000000000
3690  -9.580  -86.672  -50.367 0.5000000000
3689  -9.031  -86.308  -50.875 0.5000000000
3682  -9.834  -86.259  -49.251 0.6000000238
3695  -6.807  -86.719  -53.836 0.5000000000
4284  -6.946  -86.026  -54.034 0.5000000000
4285  -7.791  -85.560  -53.114 0.5000000000
118055  -8.534  -85.990  -51.866 0.5000000000
4274  -10.259  -86.137  -48.646 0.6000000238
4282  -9.031  -85.955  -50.650 0.6000000238
4278  -9.413  -86.130  -49.819 0.6000000238
112577  -5.930  -87.230  -53.235 0.4000000060
4271  -5.772  -85.886  -48.884 0.4000000060
113398  -6.424  -85.587  -49.121 0.4000000060
4276  -5.801  -86.004  -49.867 0.5000000000
4280  -5.965  -85.829  -51.137 0.5000000000
3688  -5.723  -86.576  -51.150 0.5000000000
3692  -5.680  -86.486  -52.708 0.5000000000
4283  -5.955  -85.676  -53.494 0.5000000000
4275  -10.638  -85.757  -48.345 0.6000000238
4268  -11.318  -85.620  -47.737 0.6000000238
4287  -6.107  -85.560  -54.041 0.5000000000
4288  -6.534  -85.436  -54.137 0.5000000000
4905  -6.361  -84.933  -53.815 0.5000000000
4897  -10.385  -85.230  -49.333 0.6000000238
4289  -7.067  -84.836  -54.037 0.5000000000
4908  -8.818  -84.712  -52.296 0.6000000238
4902  -9.345  -85.197  -51.179 0.6000000238
117641  -11.187  -84.792  -48.711 0.6000000238
4903  -10.294  -84.631  -50.724 0.6000000238
4904  -11.190  -84.428  -49.890 0.6000000238
136104  -11.668  -84.247  -49.450 0.6999999881
5586  -11.324  -83.947  -50.978 0.6999999881
4257  -5.457  -85.510  -46.638 0.6000000238
4258  -6.547  -85.721  -46.345 0.6000000238
117065  -7.503  -85.827  -46.188 0.6000000238
4265  -5.739  -85.746  -48.090 0.5000000000
4266  -6.519  -85.568  -48.311 0.5000000000
132826  -7.352  -85.492  -47.722 0.6000000238
4277  -6.831  -85.273  -49.903 0.5000000000
4281  -6.662  -85.042  -51.194 0.5000000000
4900  -6.424  -84.888  -52.636 0.5000000000
4261  -12.512  -85.394  -46.797 0.6999999881
4892  -11.668  -84.768  -47.777 0.6000000238
4888  -12.457  -84.556  -47.221 0.8000000119
4911  -6.917  -84.205  -54.039 0.5000000000
4912  -7.625  -83.582  -53.903 0.5000000000
4907  -7.991  -84.632  -53.167 0.6000000238
4899  -12.142  -84.061  -48.954 0.6999999881
4898  -11.995  -83.822  -50.082 0.6999999881
4909  -9.682  -84.320  -52.195 0.6000000238
5592  -10.652  -83.798  -52.100 0.6000000238
5599  -11.515  -82.660  -53.029 0.6999999881
113965  -12.035  -83.546  -51.073 0.6999999881
6353  -13.174  -82.650  -51.212 0.6000000238
4242  -5.318  -85.230  -45.623 0.5000000000
4272  -7.346  -85.184  -48.649 0.6000000238
4890  -7.610  -84.679  -49.392 0.6000000238
4901  -6.974  -84.148  -51.798 0.5000000000
5584  -7.650  -83.647  -51.048 0.6000000238
4881  -12.753  -84.890  -46.500 0.6999999881
4906  -6.745  -83.929  -53.403 0.5000000000
5589  -7.282  -83.280  -52.650 0.5000000000
5570  -13.344  -83.971  -47.506 0.5000000000
4883  -14.410  -84.297  -46.117 0.6000000238
5595  -7.240  -83.267  -53.755 0.6000000238
5596  -7.785  -82.927  -53.842 0.5000000000
4893  -12.652  -84.029  -48.103 0.6000000238
5597  -8.502  -82.788  -53.806 0.5000000000
130129  -13.056  -83.518  -48.907 0.6000000238
5598  -9.933  -83.392  -53.225 0.5000000000
5581  -12.871  -83.364  -49.674 0.6000000238
6354  -13.986  -82.371  -50.816 0.6000000238
5603  -10.663  -82.300  -53.637 0.5000000000
6366  -11.385  -82.072  -53.134 0.6000000238
6360  -12.817  -82.432  -52.261 0.5000000000
131070  -12.701  -81.637  -52.794 0.5000000000
7147  -14.540  -81.282  -51.830 0.5000000000
4867  -5.072  -84.770  -45.425 0.6000000238
4243  -6.270  -85.545  -45.573 0.6000000238
5545  -5.150  -83.493  -45.472 0.4000000060
5561  -13.991  -84.008  -46.808 0.6000000238
5590  -7.761  -82.699  -53.381 0.5000000000
5576  -13.783  -83.512  -48.446 0.5000000000
5600  -8.615  -82.362  -53.538 0.5000000000
5582  -13.932  -83.089  -49.337 0.5000000000
5583  -14.741  -82.759  -49.356 0.5000000000
5577  -14.922  -83.077  -48.696 0.5000000000
6365  -10.035  -81.814  -53.571 0.5000000000
5588  -13.490  -82.849  -50.249 0.5000000000
6355  -14.831  -82.223  -50.430 0.5000000000
7150  -11.744  -81.412  -52.690 0.6000000238
6361  -13.556  -82.067  -51.866 0.5000000000
6362  -14.464  -81.851  -51.267 0.6000000238
7919  -12.708  -80.837  -52.446 0.6000000238
7926  -12.953  -80.942  -52.556 0.5000000000
5558  -5.155  -82.538  -46.308 0.4000000060
5591  -8.532  -82.331  -52.653 0.5000000000
6342  -15.119  -82.539  -49.089 0.5000000000
6358  -9.390  -81.870  -53.228 0.5000000000
6359  -10.440  -81.638  -52.725 0.5000000000
7144  -15.418  -81.430  -50.505 0.5000000000
115303  -15.564  -81.084  -49.996 0.5000000000
8710  -15.497  -79.536  -49.469 0.5000000000
9488  -15.768  -78.639  -49.629 0.5000000000
10203  -16.987  -77.361  -49.395 0.5000000000
6352  -11.218  -81.639  -51.438 0.6000000238
7146  -12.223  -81.096  -51.887 0.6000000238
7921  -15.501  -80.816  -51.303 0.5000000000
8720  -16.358  -79.210  -52.468 0.5000000000
8716  -13.598  -79.143  -51.399 0.5000000000
7136  -12.006  -81.580  -49.311 0.5000000000
7917  -15.616  -80.669  -50.672 0.5000000000
8714  -15.774  -79.435  -50.235 0.5000000000
10202  -16.226  -77.835  -49.323 0.5000000000
131041  -11.127  -81.935  -50.437 0.5000000000
7140  -12.422  -80.963  -49.599 0.6000000238
7922  -15.883  -80.124  -51.464 0.5000000000
8715  -16.112  -79.512  -51.069 0.5000000000
10211  -16.908  -77.580  -50.285 0.5000000000
10212  -17.670  -77.100  -50.328 0.5000000000
10204  -17.839  -77.031  -49.365 0.5000000000
7915  -12.835  -80.434  -51.468 0.5000000000
7925  -16.151  -79.879  -52.084 0.5000000000
9496  -17.113  -78.802  -52.316 0.5000000000
7903  -12.229  -80.958  -47.952 0.5000000000
115085  -18.422  -77.988  -52.297 0.5000000000
10218  -17.769  -77.567  -51.216 0.5000000000
11045  -19.668  -76.355  -50.141 0.4000000060
11052  -18.881  -77.347  -51.851 0.4000000060
13434  -2.233  -73.651  -44.315 0.4000000060
19010  5.142  -67.256  -37.420 0.5000000000
18134  7.384  -66.388  -35.401 0.5000000000
121974  7.523  -66.301  -36.443 0.5000000000
18124  5.289  -66.727  -33.918 0.5000000000
18135  5.669  -67.362  -34.790 0.5000000000
18986  6.457  -66.601  -36.601 0.5000000000
131055  6.063  -65.848  -29.718 0.5000000000
19758  5.481  -65.988  -29.304 0.5000000000
18909  3.134  -66.308  -29.097 0.5000000000
6345  -10.704  -82.382  -49.910 0.5000000000
6350  -9.454  -82.217  -51.815 0.5000000000
4896  -9.589  -85.580  -49.948 0.6000000238
4913  -8.775  -83.608  -53.418 0.6000000238
5593  -11.610  -83.329  -52.129 0.6999999881
121811  -6.775  -85.641  -47.243 0.6000000238
112815  -10.839  -83.056  -53.242 0.6000000238
135988  -12.189  -82.762  -52.550 0.6000000238
6367  -12.273  -82.279  -53.002 0.6000000238
4882  -13.453  -84.599  -46.212 0.6999999881
6357  -8.527  -82.338  -53.579 0.5000000000
5601  -9.297  -82.348  -53.784 0.5000000000
7154  -11.412  -81.628  -52.966 0.6000000238
6372  -12.204  -81.848  -52.974 0.6000000238
6368  -12.929  -81.832  -52.739 0.5000000000
7924  -15.759  -80.285  -51.973 0.5000000000
6347  -14.375  -82.631  -49.977 0.5000000000
123274  -15.442  -81.720  -49.964 0.5000000000
7145  -11.420  -81.420  -52.429 0.5000000000
7920  -13.372  -79.996  -51.951 0.5000000000
7143  -12.392  -80.962  -50.795 0.5000000000
7142  -11.813  -81.507  -50.308 0.5000000000
10210  -16.380  -78.187  -50.382 0.5000000000
8717  -16.455  -79.492  -51.865 0.5000000000
10217  -17.333  -78.212  -51.554 0.5000000000
11044  -18.631  -76.635  -50.340 0.5000000000
9497  -18.041  -78.081  -52.876 0.4000000060
11053  -19.808  -76.530  -51.721 0.4000000060
5564  -17.034  -83.094  -46.449 0.5000000000
6325  -16.167  -82.533  -46.737 0.6000000238
115972  -16.135  -82.884  -47.477 0.6000000238
5563  -16.581  -82.976  -47.019 0.6000000238
124912  -16.376  -84.238  -45.933 0.4000000060
7138  -15.019  -80.964  -48.014 0.4000000060
113953  -15.421  -82.329  -48.423 0.4000000060
6335  -15.661  -82.604  -48.001 0.5000000000
130100  -16.147  -83.120  -47.364 0.6000000238
5572  -15.631  -83.125  -47.976 0.5000000000
5578  -15.394  -82.792  -48.500 0.4000000060
4884  -15.971  -83.649  -46.611 0.5000000000
5562  -15.249  -83.594  -47.103 0.5000000000
4871  -14.880  -84.611  -45.725 0.6000000238
4870  -13.836  -84.907  -45.735 0.6000000238
3669  -13.209  -85.876  -46.670 0.6000000238
4269  -11.920  -85.648  -47.347 0.6000000238
3678  -12.904  -86.360  -47.798 0.6000000238
3677  -11.539  -86.229  -47.762 0.5000000000
3684  -11.992  -86.915  -49.127 0.5000000000
3683  -10.575  -86.567  -48.918 0.4000000060
3691  -10.844  -87.156  -50.311 0.5000000000
11042  -18.669  -76.767  -49.371 0.3000000119
3121  -9.363  -87.620  -53.084 0.4000000060
12583  -9.491  -74.581  -36.553 0.4000000060
12592  -9.936  -74.896  -37.257 0.4000000060
11722  -9.392  -75.414  -37.759 0.5000000000
23387  -0.907  -61.337  -38.890 0.5000000000
24328  -1.196  -60.569  -39.258 0.5000000000
24313  -0.726  -60.571  -38.488 0.4000000060
24299  -1.229  -59.924  -35.076 0.4000000060
24315  -3.647  -60.195  -38.101 0.4000000060
128558  -1.119  -59.785  -34.106 0.4000000060
25216  -1.666  -59.127  -35.610 0.4000000060
24306  -1.168  -59.764  -36.622 0.4000000060
118963  -0.834  -58.650  -33.517 0.4000000060
25207  -1.470  -59.119  -34.458 0.4000000060
26161  -3.344  -58.381  -37.822 0.4000000060
26117  -1.475  -58.032  -34.130 0.4000000060
27028  -3.891  -57.217  -37.421 0.4000000060
26106  -0.271  -57.125  -32.916 0.4000000060
26107  -0.941  -57.291  -33.463 0.4000000060
26984  -0.316  -56.728  -32.517 0.4000000060
26985  -0.762  -56.679  -33.020 0.4000000060
26084  -2.778  -58.784  -31.946 0.3000000119
26098  -1.936  -57.781  -32.451 0.4000000060
25179  -4.330  -59.319  -31.252 0.3000000119
26099  -2.802  -57.887  -32.304 0.3000000119
26085  -3.529  -58.570  -31.573 0.3000000119
25266  -2.928  -59.939  -38.747 0.4000000060
25246  -2.662  -59.188  -38.328 0.4000000060
25226  -1.572  -59.379  -37.945 0.4000000060
24329  -1.342  -59.856  -38.937 0.4000000060
26160  -2.519  -58.751  -37.785 0.4000000060
26139  -1.898  -58.836  -36.882 0.4000000060
26162  -3.910  -58.071  -37.763 0.4000000060
27049  -3.354  -57.860  -37.534 0.4000000060
26140  -2.574  -58.036  -36.963 0.4000000060
26127  -2.120  -58.238  -35.957 0.4000000060
10150  -16.835  -77.479  -42.435 0.3000000119
10151  -17.825  -77.565  -42.518 0.3000000119
10149  -16.148  -77.601  -42.201 0.4000000060
9391  -16.278  -77.852  -42.863 0.3000000119
8635  -15.228  -79.750  -42.593 0.3000000119
124457  -15.776  -78.446  -43.078 0.3000000119
133480  -15.737  -78.585  -43.577 0.4000000060
7852  -15.162  -80.510  -41.979 0.3000000119
8649  -15.435  -79.107  -43.389 0.3000000119
7074  -15.283  -81.285  -42.198 0.3000000119
117599  -15.091  -80.621  -42.864 0.3000000119
8648  -15.047  -79.983  -43.585 0.3000000119
7091  -15.547  -81.954  -42.562 0.3000000119
7090  -15.153  -81.529  -43.447 0.3000000119
6294  -15.962  -82.435  -42.523 0.3000000119
6304  -15.827  -82.212  -43.482 0.3000000119
7104  -15.544  -82.016  -44.600 0.3000000119
4827  -16.890  -84.696  -41.767 0.3000000119
5520  -16.813  -83.476  -42.435 0.3000000119
5530  -17.229  -83.105  -43.171 0.3000000119
6296  -17.417  -82.856  -44.033 0.3000000119
6305  -16.790  -82.508  -44.608 0.3000000119
4838  -17.276  -84.237  -42.227 0.4000000060
10157  -17.179  -77.737  -43.327 0.3000000119
8626  -15.258  -78.689  -41.834 0.4000000060
9399  -16.238  -78.160  -43.697 0.4000000060
114377  -14.979  -79.860  -41.713 0.3000000119
8665  -15.235  -79.429  -44.097 0.4000000060
7058  -15.443  -82.004  -42.043 0.3000000119
8664  -14.738  -80.071  -44.509 0.4000000060
7103  -14.828  -81.348  -44.753 0.4000000060
6275  -15.349  -82.587  -41.881 0.3000000119
4826  -16.076  -84.857  -41.621 0.3000000119
5508  -15.520  -83.453  -41.788 0.4000000060
6315  -16.456  -82.432  -45.727 0.4000000060
6306  -17.898  -82.965  -44.975 0.3000000119
4199  -14.963  -85.069  -41.446 0.3000000119
10158  -18.275  -77.848  -43.256 0.3000000119
9400  -17.924  -77.992  -44.064 0.3000000119
9392  -19.029  -78.060  -43.214 0.3000000119
112855  -17.020  -78.087  -44.244 0.3000000119
9418  -17.665  -78.368  -44.826 0.3000000119
8614  -14.331  -79.004  -40.831 0.4000000060
9417  -16.290  -78.372  -44.545 0.3000000119
119016  -16.933  -78.373  -44.886 0.3000000119
7842  -14.660  -80.485  -41.500 0.3000000119
8625  -14.845  -79.221  -41.427 0.4000000060
8679  -15.157  -79.268  -44.834 0.4000000060
9436  -15.704  -78.669  -45.062 0.3000000119
8678  -14.583  -79.845  -45.381 0.4000000060
121217  -14.869  -81.828  -41.770 0.3000000119
125740  -14.012  -81.946  -41.523 0.3000000119
7877  -14.535  -80.686  -45.070 0.4000000060
7886  -14.454  -80.523  -45.928 0.4000000060
5507  -14.633  -83.256  -41.641 0.3000000119
5505  -12.947  -83.079  -41.320 0.3000000119
120135  -15.280  -81.720  -46.469 0.4000000060
7897  -14.553  -80.378  -46.750 0.5000000000
5506  -13.672  -83.180  -41.482 0.3000000119
7124  -15.538  -82.037  -47.353 0.5000000000
3628  -15.145  -86.221  -40.753 0.3000000119
9419  -18.522  -78.405  -44.718 0.3000000119
9402  -19.641  -78.236  -43.822 0.3000000119
8613  -13.573  -79.536  -40.574 0.4000000060
112602  -15.863  -78.467  -45.862 0.4000000060
9454  -15.500  -78.510  -46.732 0.4000000060
7841  -13.838  -80.396  -41.031 0.4000000060
8689  -14.510  -79.654  -46.226 0.4000000060
8696  -14.645  -79.532  -47.042 0.5000000000
8703  -14.912  -79.513  -47.836 0.4000000060
7055  -13.231  -81.827  -41.294 0.3000000119
7904  -14.755  -80.264  -47.562 0.4000000060
5497  -12.497  -83.332  -40.799 0.3000000119
7909  -15.052  -80.350  -48.339 0.4000000060
7914  -15.355  -80.544  -49.277 0.4000000060
4824  -13.853  -83.938  -41.444 0.3000000119
4815  -14.092  -84.652  -41.336 0.3000000119
4193  -13.948  -85.417  -40.780 0.3000000119
9439  -18.276  -78.526  -45.448 0.3000000119
9438  -17.322  -78.443  -45.522 0.3000000119
9455  -16.353  -78.256  -46.522 0.3000000119
7035  -13.129  -81.053  -40.993 0.4000000060
9472  -16.189  -78.108  -47.372 0.5000000000
9481  -15.237  -78.873  -48.176 0.4000000060
7034  -12.531  -81.727  -40.699 0.4000000060
8704  -15.221  -79.575  -48.656 0.4000000060
5487  -11.782  -83.235  -39.170 0.3000000119
6249  -12.102  -82.604  -40.123 0.3000000119
5488  -12.118  -83.717  -39.944 0.3000000119
4807  -12.429  -84.610  -39.608 0.3000000119
3620  -13.924  -86.536  -39.301 0.3000000119
4187  -13.491  -85.807  -39.760 0.3000000119
9456  -17.248  -78.320  -46.288 0.3000000119
10184  -17.029  -77.968  -47.064 0.4000000060
10193  -16.134  -77.975  -48.280 0.4000000060
5475  -11.612  -83.728  -38.536 0.3000000119
5462  -11.281  -83.768  -37.964 0.3000000119
5476  -11.977  -84.139  -39.022 0.3000000119
4800  -11.648  -84.534  -38.322 0.3000000119
4801  -12.294  -84.966  -38.809 0.3000000119
4793  -10.205  -84.365  -37.190 0.3000000119
4176  -10.413  -85.081  -37.509 0.3000000119
4794  -10.959  -84.449  -37.721 0.3000000119
4177  -11.209  -85.230  -37.983 0.3000000119
4181  -11.966  -85.445  -38.438 0.3000000119
10195  -17.734  -77.765  -47.682 0.3000000119
113391  -17.329  -77.444  -48.567 0.4000000060
4164  -8.773  -85.502  -36.042 0.3000000119
124553  -9.112  -86.115  -36.850 0.3000000119
10188  -20.481  -78.531  -47.201 0.3000000119
10196  -18.769  -77.918  -47.502 0.3000000119
10205  -18.349  -77.303  -48.452 0.3000000119
10197  -19.825  -78.131  -47.459 0.3000000119
132626  -19.248  -77.531  -48.037 0.3000000119
11043  -19.298  -76.839  -48.857 0.3000000119
24305  -0.610  -60.703  -37.109 0.5000000000
26963  -1.054  -56.829  -32.687 0.5000000000
27944  -0.730  -56.671  -32.881 0.4000000060
128534  -14.487  -84.990  -45.547 0.6000000238
7141  -15.367  -81.551  -49.450 0.4000000060
9482  -15.668  -78.371  -48.656 0.4000000060
136170  -16.630  -77.633  -48.685 0.4000000060
22515  -2.885  -62.241  -40.075 0.5000000000
23403  -3.025  -61.504  -40.109 0.4000000060
25247  -3.375  -59.015  -37.939 0.4000000060
9390  -15.671  -78.085  -42.275 0.3000000119
6284  -15.800  -82.615  -42.165 0.3000000119
5509  -16.343  -83.937  -41.907 0.3000000119
9382  -14.905  -78.524  -41.164 0.4000000060
7114  -15.388  -81.860  -45.678 0.4000000060
8624  -14.408  -79.792  -41.117 0.4000000060
7056  -14.163  -81.200  -41.430 0.3000000119
6274  -14.397  -82.513  -41.620 0.3000000119
9435  -15.093  -78.958  -45.805 0.4000000060
4813  -12.642  -84.196  -40.541 0.3000000119
9471  -15.586  -78.410  -47.744 0.4000000060
4814  -13.332  -84.562  -40.995 0.3000000119
10194  -16.801  -77.783  -47.933 0.4000000060
6248  -11.701  -82.268  -39.079 0.3000000119
4182  -12.675  -85.722  -38.731 0.3000000119
129504  -9.844  -85.652  -37.392 0.3000000119
3685  -12.729  -87.038  -48.732 0.5000000000
3686  -13.404  -87.080  -48.263 0.5000000000
3110  -14.052  -87.337  -47.763 0.5000000000
3671  -15.048  -86.722  -46.862 0.5000000000
117359  -15.359  -85.191  -45.515 0.4000000060
7908  -12.325  -80.455  -48.805 0.4000000060
132662  -17.380  -83.373  -46.178 0.5000000000
118294  -17.786  -83.394  -45.822 0.3000000119
4849  -18.844  -84.126  -44.572 0.3000000119
6316  -17.462  -82.843  -45.696 0.4000000060
5521  -17.744  -83.782  -42.975 0.3000000119
5531  -18.132  -83.461  -44.113 0.3000000119
7019  -12.028  -81.393  -39.733 0.3000000119
126065  -12.531  -80.955  -40.411 0.3000000119
10139  -15.726  -77.596  -41.496 0.3000000119
7799  -11.791  -80.494  -39.048 0.3000000119
8612  -12.810  -79.678  -40.156 0.3000000119
7828  -12.961  -80.306  -40.565 0.3000000119
9371  -13.762  -78.608  -40.252 0.3000000119
9372  -14.477  -78.211  -40.542 0.3000000119
10129  -14.798  -77.533  -40.183 0.3000000119
8599  -12.468  -79.402  -39.571 0.3000000119
9361  -13.345  -78.236  -39.538 0.3000000119
9362  -14.057  -77.853  -39.844 0.3000000119
9373  -15.121  -77.871  -40.920 0.3000000119
10131  -16.190  -77.127  -40.951 0.3000000119
9360  -12.680  -78.635  -39.245 0.3000000119
10970  -15.956  -76.920  -40.263 0.3000000119
3117  -10.773  -87.774  -51.537 0.3000000119
4248  -14.543  -85.469  -45.710 0.4000000060
3670  -14.220  -86.462  -47.089 0.5000000000
5539  -18.530  -83.678  -45.036 0.3000000119
120672  -4.210  -57.297  -37.182 0.3000000119
131726  -3.845  -57.715  -37.674 0.3000000119
26999  -1.393  -56.711  -33.713 0.3000000119
114610  -13.392  -88.205  -47.404 0.4000000060
118342  -14.012  -87.575  -42.675 0.4000000060
3087  -13.882  -87.998  -44.369 0.4000000060
3100  -15.358  -88.153  -45.690 0.4000000060
2529  -15.293  -87.959  -46.519 0.4000000060
3672  -15.574  -87.345  -46.505 0.4000000060
2534  -13.981  -88.417  -46.762 0.4000000060
2540  -14.594  -87.652  -47.308 0.4000000060
3106  -15.136  -87.555  -47.065 0.4000000060
2494  -14.243  -88.898  -41.290 0.3000000119
3066  -15.028  -87.692  -42.714 0.4000000060
3089  -16.002  -87.715  -44.660 0.4000000060
2539  -14.102  -88.050  -47.366 0.4000000060
3077  -14.538  -87.722  -43.508 0.4000000060
2522  -14.707  -88.367  -45.416 0.4000000060
2508  -14.608  -88.071  -41.956 0.3000000119
3078  -15.578  -87.877  -43.717 0.4000000060
3088  -15.089  -88.196  -44.644 0.4000000060
2528  -14.838  -88.349  -46.316 0.4000000060
3101  -15.821  -87.466  -45.691 0.4000000060
1981  -14.799  -89.668  -40.609 0.3000000119
2495  -15.258  -88.881  -41.190 0.3000000119
3067  -16.153  -87.834  -42.734 0.3000000119
3090  -16.830  -87.051  -44.809 0.3000000119
3664  -17.083  -86.330  -45.180 0.3000000119
4250  -17.923  -85.167  -45.265 0.3000000119
4872  -17.525  -84.208  -45.726 0.3000000119
4249  -16.690  -85.257  -45.483 0.3000000119
133358  -16.405  -87.007  -45.361 0.3000000119
130265  -16.259  -86.196  -45.497 0.3000000119
3662  -15.576  -86.467  -45.949 0.3000000119
1890  -16.243  -89.503  -31.789 0.3000000119
2412  -16.315  -88.688  -31.565 0.3000000119
121772  -9.570  -83.120  -36.095 0.3000000119
4131  -16.119  -86.209  -31.032 0.3000000119
3568  -14.327  -86.086  -32.676 0.3000000119
4766  -12.416  -85.017  -32.992 0.3000000119
4765  -11.475  -84.751  -33.176 0.3000000119
4764  -10.424  -84.552  -33.333 0.3000000119
123014  -9.309  -83.672  -33.776 0.3000000119
5426  -9.037  -83.610  -34.342 0.3000000119
4754  -13.716  -84.922  -32.280 0.3000000119
4753  -12.901  -84.697  -32.571 0.3000000119
4752  -12.056  -84.330  -32.819 0.3000000119
4751  -11.046  -83.973  -33.026 0.3000000119
5403  -9.975  -83.657  -33.255 0.3000000119
3079  -17.120  -87.383  -43.871 0.3000000119
2998  -16.292  -87.997  -31.591 0.3000000119
4151  -13.372  -86.084  -33.036 0.3000000119
128672  -15.611  -86.580  -31.998 0.3000000119
129246  -15.940  -87.532  -32.163 0.3000000119
3583  -13.771  -86.638  -33.119 0.3000000119
4139  -13.355  -85.411  -32.748 0.3000000119
5405  -12.575  -84.059  -32.170 0.3000000119
1891  -16.395  -89.028  -31.705 0.3000000119
1980  -13.894  -90.019  -40.917 0.3000000119
2411  -15.869  -88.932  -31.407 0.3000000119
2422  -16.478  -88.833  -31.924 0.3000000119
2509  -15.726  -88.241  -41.942 0.3000000119
2535  -14.810  -88.162  -46.952 0.4000000060
2544  -13.375  -87.705  -47.903 0.5000000000
2987  -16.351  -88.609  -31.577 0.3000000119
3009  -16.136  -88.470  -32.307 0.3000000119
3569  -16.273  -87.207  -31.149 0.3000000119
3663  -16.110  -86.950  -45.705 0.3000000119
3665  -18.239  -85.828  -44.824 0.3000000119
3676  -10.760  -86.152  -48.153 0.5000000000
3679  -13.900  -86.746  -47.763 0.5000000000
3680  -14.628  -87.053  -47.459 0.5000000000
3697  -6.220  -85.706  -54.176 0.5000000000
3698  -6.412  -85.960  -54.205 0.5000000000
4150  -12.618  -85.747  -33.165 0.3000000119
4171  -9.477  -85.085  -36.851 0.3000000119
4183  -13.269  -86.066  -38.985 0.3000000119
4186  -12.860  -85.384  -39.252 0.3000000119
4221  -8.642  -85.054  -43.829 0.6999999881
4247  -13.229  -84.888  -46.067 0.6999999881
4262  -13.794  -85.641  -46.106 0.6000000238
4279  -9.833  -85.989  -49.044 0.6000000238
4286  -8.636  -85.517  -51.959 0.6000000238
4755  -14.648  -85.077  -31.764 0.3000000119
4763  -9.529  -84.480  -33.674 0.3000000119
4835  -8.027  -84.072  -42.926 0.6999999881
4837  -9.205  -83.864  -42.989 0.5000000000
4846  -7.752  -84.630  -43.487 0.6999999881
4850  -19.068  -84.795  -44.304 0.3000000119
4880  -12.072  -85.131  -47.194 0.6000000238
4889  -13.045  -84.404  -46.742 0.5000000000
4910  -6.382  -85.240  -54.104 0.5000000000
5447  -10.020  -83.613  -36.791 0.3000000119
5498  -13.036  -83.748  -41.206 0.3000000119
5519  -16.046  -83.092  -42.064 0.3000000119
5528  -9.724  -83.359  -43.148 0.4000000060
5529  -10.108  -83.156  -43.827 0.5000000000
5547  -10.685  -83.522  -46.029 0.5000000000
5548  -17.011  -83.099  -46.554 0.5000000000
5549  -17.528  -83.099  -46.093 0.3000000119
5550  -17.953  -83.283  -45.575 0.4000000060
5568  -10.662  -83.373  -47.514 0.6000000238
5569  -11.242  -82.980  -47.097 0.5000000000
5571  -14.645  -83.544  -47.878 0.6000000238
5587  -12.681  -83.237  -50.631 0.6000000238
5594  -12.466  -83.069  -51.660 0.6999999881
5602  -10.038  -82.556  -53.780 0.5000000000
6259  -12.670  -82.522  -41.095 0.3000000119
6272  -8.625  -82.031  -41.824 0.5000000000
6273  -13.429  -82.508  -41.431 0.3000000119
6285  -16.402  -82.889  -42.511 0.3000000119
6295  -16.616  -82.639  -43.308 0.3000000119
6323  -11.683  -82.236  -46.602 0.4000000060
6324  -12.011  -81.837  -46.997 0.5000000000
6343  -15.277  -82.165  -48.932 0.4000000060
6348  -15.026  -82.393  -49.749 0.5000000000
6349  -15.285  -82.097  -49.576 0.5000000000
6351  -10.392  -82.041  -51.262 0.5000000000
6356  -15.325  -81.985  -50.126 0.5000000000
6363  -15.134  -81.850  -50.688 0.5000000000
6364  -9.284  -82.023  -53.700 0.5000000000
6370  -9.956  -82.032  -53.813 0.5000000000
6371  -10.560  -81.874  -53.461 0.6000000238
6373  -12.194  -81.433  -52.755 0.6000000238
7030  -4.665  -81.174  -40.395 0.6000000238
7057  -15.052  -81.179  -41.812 0.3000000119
7113  -14.729  -81.212  -45.715 0.4000000060
7123  -14.791  -81.142  -46.572 0.5000000000
7131  -14.899  -81.089  -47.399 0.5000000000
7132  -15.322  -81.773  -48.018 0.5000000000
7137  -12.219  -81.261  -48.634 0.5000000000
7139  -15.234  -81.439  -48.677 0.4000000060
7148  -15.093  -81.398  -51.259 0.6000000238
7149  -10.862  -81.593  -53.085 0.6000000238
7153  -15.074  -80.779  -52.064 0.5000000000
7814  -12.326  -80.290  -39.839 0.3000000119
7825  -3.638  -80.624  -40.394 0.6000000238
7826  -4.289  -80.842  -40.109 0.6000000238
7839  -8.422  -80.783  -41.696 0.5000000000
7850  -8.684  -80.583  -42.094 0.5000000000
7864  -14.696  -80.797  -44.080 0.4000000060
7918  -15.778  -80.003  -50.710 0.5000000000
7923  -13.508  -80.257  -52.436 0.5000000000
8583  -2.983  -79.002  -38.980 0.6000000238
8600  -13.032  -78.975  -39.960 0.3000000119
8636  -15.420  -78.877  -42.566 0.3000000119
9355  -1.778  -78.039  -39.850 0.6000000238
9357  -4.572  -79.136  -39.100 0.5000000000
9383  -15.347  -78.113  -41.547 0.3000000119
9401  -18.787  -78.082  -43.943 0.3000000119
9416  -15.669  -78.758  -44.157 0.4000000060
9437  -16.423  -78.438  -45.281 0.3000000119
9453  -14.872  -78.995  -46.604 0.4000000060
9470  -15.032  -78.869  -47.333 0.5000000000
9492  -16.096  -78.861  -50.494 0.5000000000
9493  -16.584  -78.860  -51.352 0.5000000000
10086  -3.849  -77.549  -37.736 0.5000000000
10100  -2.667  -77.585  -38.827 0.6000000238
10101  -3.282  -77.807  -38.241 0.5000000000
10130  -15.511  -77.337  -40.596 0.3000000119
10932  -6.385  -76.584  -37.328 0.6000000238
11721  -7.628  -75.836  -37.192 0.6000000238
11737  -2.974  -75.894  -39.753 0.5000000000
11738  -3.441  -75.396  -39.429 0.4000000060
11762  -1.514  -75.650  -42.202 0.6000000238
11763  -2.811  -75.139  -41.380 0.6000000238
11778  -0.867  -75.900  -43.297 0.6000000238
11780  -2.225  -75.109  -42.646 0.6000000238
13414  -3.022  -73.018  -42.148 0.5000000000
14070  0.017  -72.347  -34.973 0.6999999881
14072  -1.560  -72.095  -35.130 0.6999999881
14096  -0.329  -72.685  -36.210 0.6999999881
14105  2.224  -72.183  -38.275 0.6999999881
14108  -0.311  -72.663  -37.153 0.6000000238
14131  1.200  -72.314  -38.989 0.6000000238
14813  -1.489  -70.999  -33.024 0.6999999881
14843  1.566  -71.826  -36.639 0.6000000238
14857  -2.688  -72.261  -37.037 0.6000000238
14863  2.740  -71.894  -38.747 0.5000000000
15611  -0.900  -70.025  -32.989 0.6999999881
15631  -1.005  -70.654  -33.084 0.6999999881
15672  -1.283  -70.769  -40.025 0.6999999881
16408  -1.500  -69.648  -32.645 0.6999999881
17276  -0.889  -68.822  -33.992 0.6999999881
17306  1.152  -67.564  -37.044 0.6000000238
18136  4.615  -67.684  -33.935 0.5000000000
18150  1.196  -67.248  -36.983 0.6999999881
18897  1.838  -66.569  -28.528 0.5000000000
18958  7.109  -65.707  -34.600 0.6000000238
18969  7.668  -66.177  -35.756 0.5000000000
19747  0.807  -65.519  -28.365 0.5000000000
19760  1.258  -66.172  -28.435 0.5000000000
19780  7.057  -65.072  -30.472 0.6000000238
19797  7.003  -65.026  -31.300 0.6000000238
19843  7.361  -65.794  -35.140 0.6000000238
19848  1.440  -65.857  -35.325 0.6000000238
20658  -0.150  -64.275  -28.301 0.4000000060
20672  -0.827  -64.346  -28.859 0.4000000060
20676  5.964  -64.796  -29.818 0.6999999881
20678  -0.517  -64.553  -29.348 0.4000000060
20682  7.209  -64.543  -30.666 0.6000000238
20714  6.357  -64.100  -33.346 0.6999999881
20722  6.263  -64.677  -34.242 0.6999999881
20723  5.351  -64.487  -34.564 0.6999999881
20732  2.688  -64.699  -34.807 0.6999999881
21579  -1.697  -63.543  -29.446 0.4000000060
21583  6.688  -63.358  -30.671 0.6999999881
21584  1.908  -63.942  -31.264 0.6000000238
21585  1.131  -63.793  -31.200 0.5000000000
21586  -0.211  -63.684  -30.648 0.4000000060
21587  -0.909  -63.503  -30.152 0.5000000000
21611  6.761  -62.550  -31.864 0.8000000119
21616  6.778  -63.655  -32.437 0.6999999881
21657  -1.677  -63.269  -37.953 0.5000000000
22422  -2.429  -63.310  -28.844 0.4000000060
22431  6.528  -61.781  -30.923 0.6999999881
22442  7.234  -62.645  -31.149 0.6999999881
22443  6.741  -61.860  -30.998 0.8000000119
22444  2.574  -62.614  -31.313 0.5000000000
22458  6.472  -61.878  -31.461 0.8000000119
22469  2.984  -62.146  -33.638 0.6999999881
22514  -1.601  -62.055  -39.281 0.5000000000
23313  4.259  -61.111  -30.905 0.6000000238
23314  3.567  -60.541  -30.832 0.5000000000
23341  4.073  -60.684  -32.359 0.6000000238
23349  3.556  -61.395  -33.015 0.6000000238
23402  -1.814  -61.337  -39.738 0.5000000000
24218  -3.431  -60.530  -27.595 0.4000000060
24233  -5.231  -60.285  -28.740 0.4000000060
24244  4.997  -60.608  -31.019 0.6000000238
24251  -4.567  -60.556  -30.356 0.4000000060
24252  -5.242  -60.134  -30.037 0.4000000060
24258  3.938  -59.502  -31.066 0.5000000000
24259  -0.744  -60.170  -31.107 0.5000000000
24275  3.676  -59.977  -32.109 0.6000000238
24314  -0.931  -59.932  -37.972 0.4000000060
24347  -1.999  -60.483  -39.683 0.4000000060
24348  -2.951  -60.671  -39.638 0.4000000060
25146  -5.725  -59.853  -28.945 0.3000000119
25162  3.094  -58.826  -30.666 0.4000000060
25163  2.165  -58.852  -30.524 0.4000000060
25166  -4.939  -59.875  -30.825 0.4000000060
25172  3.894  -59.678  -31.417 0.5000000000
25173  3.581  -58.997  -31.072 0.5000000000
25175  -0.665  -58.139  -31.552 0.5000000000
25189  2.655  -58.723  -31.958 0.5000000000
25245  -1.970  -59.401  -38.524 0.4000000060
25265  -2.175  -59.841  -39.121 0.4000000060
26038  -2.041  -58.533  -26.899 0.4000000060
26052  -3.972  -58.456  -27.737 0.4000000060
26068  2.726  -58.374  -30.790 0.4000000060
26080  2.571  -58.119  -31.065 0.4000000060
26083  -0.034  -56.984  -31.579 0.5000000000
26096  1.303  -57.233  -31.970 0.4000000060
26141  -4.259  -58.018  -37.319 0.4000000060
26952  1.367  -57.596  -31.435 0.4000000060
26961  1.185  -57.170  -31.903 0.4000000060
26973  0.758  -56.811  -32.009 0.4000000060
27027  -3.205  -57.297  -36.830 0.4000000060
27050  -3.982  -57.431  -37.557 0.3000000119
114357  -13.040  -85.048  -40.222 0.3000000119
114508  -6.026  -86.151  -53.986 0.5000000000
114635  -11.859  -81.316  -51.371 0.6000000238
115737  0.685  -68.415  -36.269 0.8000000119
116459  -15.621  -80.229  -50.065 0.5000000000
116498  -9.805  -84.635  -45.990 0.6000000238
117539  -9.064  -84.183  -34.075 0.3000000119
118583  -13.114  -85.192  -46.177 0.6999999881
119264  0.618  -64.101  -27.781 0.4000000060
119798  -15.483  -89.721  -31.642 0.3000000119
120407  -16.457  -87.695  -43.576 0.3000000119
121062  -9.303  -82.842  -53.817 0.5000000000
121951  -1.138  -77.524  -42.321 0.6000000238
122517  -15.217  -79.307  -42.013 0.3000000119
123385  -4.842  -81.453  -40.780 0.6000000238
124242  -2.507  -79.485  -40.405 0.6999999881
124380  -14.218  -85.420  -32.363 0.3000000119
124716  -7.922  -82.842  -51.935 0.5000000000
125226  -15.559  -84.241  -41.680 0.4000000060
126411  0.427  -61.908  -31.177 0.5000000000
127022  -6.024  -85.610  -52.203 0.5000000000
128196  1.208  -72.558  -37.707 0.6999999881
128535  0.593  -72.284  -38.935 0.6000000238
129932  -9.700  -75.527  -38.426 0.6000000238
130997  -1.782  -78.227  -40.495 0.6999999881
131519  -1.808  -58.462  -34.961 0.4000000060
131521  -0.883  -75.998  -42.445 0.6000000238
131616  -11.134  -85.221  -48.011 0.6000000238
132399  -0.421  -56.739  -32.464 0.4000000060
132958  -2.779  -76.492  -39.336 0.6000000238
133431  -2.296  -72.242  -36.886 0.6999999881
133963  -1.495  -77.323  -44.196 0.6000000238
134211  4.601  -63.187  -30.803 0.6999999881
134571  -16.626  -78.395  -45.890 0.4000000060
135229  -15.428  -78.938  -48.903 0.4000000060
135486  -9.890  -81.844  -52.343 0.5000000000
135652  -0.924  -70.663  -40.011 0.6000000238
