#!ascii label  , from subject sub-v2s9x29152_ses-1 vox2ras=TkReg
716
9264  -31.240  -78.887  -30.235 0.0000000000
10844  -22.589  -76.201  -31.817 0.0000000000
14023  -28.211  -72.847  -30.569 0.0000000000
10056  -29.641  -76.911  -35.021 0.0000000000
16400  -32.135  -69.216  -31.568 0.0000000000
12506  -31.953  -74.909  -25.675 0.0000000000
14710  -23.010  -71.208  -26.115 0.0000000000
20597  -21.642  -64.439  -21.523 0.0000000000
129391  -27.161  -69.402  -29.046 0.0000000000
15579  -32.825  -71.208  -30.652 0.0000000000
17213  -30.342  -68.251  -28.582 0.0000000000
13288  -27.482  -73.693  -26.065 0.0000000000
130270  -26.658  -70.744  -24.499 0.0000000000
116953  -19.571  -60.236  -18.038 0.0000000000
22365  -19.385  -62.204  -22.619 0.0000000000
7722  -28.830  -81.761  -32.375 0.0000000000
10865  -26.210  -76.555  -32.908 0.0000000000
7752  -25.625  -80.367  -34.406 0.0000000000
8545  -22.915  -78.928  -35.051 0.0000000000
10839  -30.945  -76.584  -31.268 0.0000000000
8535  -31.945  -78.925  -33.550 0.0000000000
14066  -30.404  -72.677  -33.752 0.0000000000
14048  -26.658  -72.618  -32.396 0.0000000000
11642  -28.263  -75.783  -28.371 0.0000000000
13300  -24.951  -73.230  -28.393 0.0000000000
128122  -23.511  -68.654  -28.351 0.0000000000
18009  -25.858  -67.425  -22.137 0.0000000000
18035  -21.787  -67.941  -23.912 0.0000000000
19743  -20.462  -65.659  -25.947 0.0000000000
22407  -21.582  -62.854  -27.042 0.0000000000
134216  -28.607  -82.003  -34.086 0.0000000000
116080  -20.401  -70.193  -31.465 0.0000000000
125537  -19.894  -74.041  -32.382 0.0000000000
13379  -22.327  -73.228  -36.304 0.0000000000
126456  -26.549  -68.012  -28.460 0.0000000000
16357  -28.877  -69.084  -28.899 0.0000000000
8500  -30.363  -80.295  -31.406 0.0000000000
130743  -24.905  -76.110  -32.297 0.0000000000
9285  -23.730  -78.308  -32.808 0.0000000000
126461  -22.364  -77.863  -33.066 0.0000000000
118459  -22.391  -77.719  -36.206 0.0000000000
10054  -21.612  -77.212  -33.521 0.0000000000
12536  -28.181  -74.723  -31.166 0.0000000000
13335  -29.872  -73.641  -31.815 0.0000000000
15581  -34.156  -69.991  -30.853 0.0000000000
14039  -32.674  -71.987  -32.599 0.0000000000
15623  -31.576  -71.165  -32.674 0.0000000000
134084  -28.714  -72.615  -33.182 0.0000000000
15621  -29.067  -71.024  -32.392 0.0000000000
10822  -31.706  -76.059  -28.592 0.0000000000
11622  -30.201  -75.233  -26.706 0.0000000000
13975  -24.893  -72.360  -25.939 0.0000000000
12500  -26.003  -74.077  -26.702 0.0000000000
13995  -23.778  -72.633  -26.976 0.0000000000
15557  -24.366  -70.723  -28.655 0.0000000000
129342  -22.625  -70.257  -27.243 0.0000000000
19701  -23.079  -65.487  -21.844 0.0000000000
18021  -23.710  -67.787  -23.373 0.0000000000
19706  -21.525  -65.508  -22.654 0.0000000000
23252  -19.376  -61.212  -23.367 0.0000000000
19728  -19.723  -64.998  -24.432 0.0000000000
115250  -19.826  -63.019  -25.338 0.0000000000
20651  -20.964  -64.568  -26.940 0.0000000000
9310  -30.608  -77.239  -35.071 0.0000000000
8533  -30.762  -79.397  -33.530 0.0000000000
128509  -28.666  -79.551  -33.449 0.0000000000
6987  -25.962  -81.495  -36.915 0.0000000000
16413  -19.083  -69.084  -32.165 0.0000000000
14032  -19.971  -72.501  -31.528 0.0000000000
13369  -19.716  -72.512  -35.121 0.0000000000
124514  -27.963  -71.464  -30.095 0.0000000000
14763  -29.596  -71.593  -30.353 0.0000000000
15567  -29.454  -70.704  -29.773 0.0000000000
124443  -31.499  -69.362  -29.187 0.0000000000
17221  -33.637  -67.974  -29.923 0.0000000000
12487  -30.100  -74.050  -25.647 0.0000000000
14715  -27.537  -71.889  -25.091 0.0000000000
15517  -25.380  -71.055  -25.059 0.0000000000
22321  -19.826  -62.420  -19.919 0.0000000000
21497  -20.211  -63.424  -21.771 0.0000000000
23209  -19.513  -61.124  -20.584 0.0000000000
125407  -19.396  -59.703  -21.127 0.0000000000
25970  -19.534  -58.484  -22.041 0.0000000000
10882  -27.812  -76.027  -34.141 0.0000000000
121318  -27.098  -78.771  -33.306 0.0000000000
9287  -25.649  -78.211  -32.854 0.0000000000
8546  -24.043  -79.851  -34.823 0.0000000000
8589  -24.125  -79.317  -37.962 0.0000000000
10111  -24.096  -77.859  -38.575 0.0000000000
10949  -24.259  -76.551  -38.196 0.0000000000
11725  -24.550  -74.763  -37.537 0.0000000000
10029  -33.696  -77.164  -30.808 0.0000000000
129071  -32.517  -79.084  -32.248 0.0000000000
10885  -31.547  -76.333  -35.181 0.0000000000
11704  -31.065  -75.271  -35.468 0.0000000000
14037  -31.164  -72.773  -31.815 0.0000000000
13354  -31.382  -73.583  -34.376 0.0000000000
12569  -29.965  -74.592  -35.149 0.0000000000
12564  -27.978  -74.341  -33.624 0.0000000000
121706  -26.439  -74.121  -32.557 0.0000000000
12547  -24.910  -74.015  -31.839 0.0000000000
131139  -33.260  -76.640  -29.643 0.0000000000
10829  -29.681  -76.333  -29.770 0.0000000000
11655  -27.511  -75.576  -30.082 0.0000000000
11620  -28.102  -75.221  -26.831 0.0000000000
134850  -26.670  -75.235  -28.716 0.0000000000
14021  -26.475  -73.055  -30.091 0.0000000000
15564  -26.312  -70.816  -29.517 0.0000000000
114626  -25.406  -69.101  -28.729 0.0000000000
18071  -24.408  -67.407  -28.439 0.0000000000
16304  -26.256  -69.320  -23.608 0.0000000000
16317  -24.353  -69.492  -24.171 0.0000000000
122269  -22.470  -69.662  -24.921 0.0000000000
19720  -20.265  -65.551  -23.632 0.0000000000
18859  -20.552  -66.911  -24.587 0.0000000000
16338  -21.876  -69.240  -26.490 0.0000000000
18064  -21.865  -67.897  -27.467 0.0000000000
18888  -22.285  -66.756  -27.903 0.0000000000
7724  -30.250  -81.283  -32.464 0.0000000000
6161  -29.279  -82.359  -33.105 0.0000000000
7737  -26.720  -80.437  -34.013 0.0000000000
121542  -27.256  -81.892  -35.729 0.0000000000
15599  -27.475  -70.351  -31.739 0.0000000000
14035  -24.956  -72.569  -31.795 0.0000000000
119021  -22.752  -73.890  -31.401 0.0000000000
120602  -21.317  -73.265  -31.211 0.0000000000
11667  -21.442  -75.595  -31.831 0.0000000000
11700  -20.520  -75.441  -33.640 0.0000000000
11714  -22.010  -75.175  -36.295 0.0000000000
18901  -26.113  -66.604  -28.279 0.0000000000
18902  -26.815  -67.134  -28.352 0.0000000000
8499  -29.249  -80.067  -31.334 0.0000000000
8485  -30.739  -79.606  -30.825 0.0000000000
10863  -24.050  -76.174  -31.910 0.0000000000
10862  -23.296  -76.932  -32.121 0.0000000000
10039  -22.615  -77.529  -32.606 0.0000000000
10038  -21.895  -77.292  -32.885 0.0000000000
10860  -21.660  -76.613  -32.492 0.0000000000
13323  -28.156  -73.823  -30.905 0.0000000000
13334  -28.849  -74.142  -31.444 0.0000000000
13324  -29.009  -73.228  -31.081 0.0000000000
16401  -33.790  -69.454  -31.319 0.0000000000
15604  -33.135  -70.191  -31.800 0.0000000000
15603  -31.853  -70.289  -32.116 0.0000000000
15622  -30.266  -71.074  -32.585 0.0000000000
15602  -30.588  -70.319  -32.107 0.0000000000
11625  -33.302  -75.933  -25.927 0.0000000000
11624  -32.682  -75.607  -26.272 0.0000000000
11637  -32.264  -75.852  -27.026 0.0000000000
11623  -31.402  -75.347  -26.499 0.0000000000
14729  -23.972  -72.251  -26.316 0.0000000000
13987  -24.366  -72.906  -26.627 0.0000000000
14728  -23.378  -71.821  -26.573 0.0000000000
14740  -23.347  -71.650  -27.207 0.0000000000
15534  -22.651  -70.768  -26.641 0.0000000000
21475  -21.070  -63.726  -20.367 0.0000000000
21446  -21.159  -63.951  -19.511 0.0000000000
20585  -21.873  -64.257  -20.759 0.0000000000
20598  -22.983  -64.999  -21.198 0.0000000000
20611  -22.214  -65.047  -21.898 0.0000000000
19707  -22.416  -65.753  -22.452 0.0000000000
23258  -19.496  -61.669  -24.108 0.0000000000
22382  -19.434  -62.406  -24.129 0.0000000000
23266  -19.743  -61.333  -24.738 0.0000000000
10051  -29.617  -77.752  -34.432 0.0000000000
10050  -28.560  -77.624  -34.123 0.0000000000
14045  -18.807  -72.031  -32.900 0.0000000000
14081  -19.160  -72.354  -34.341 0.0000000000
14829  -18.678  -71.518  -34.252 0.0000000000
16364  -27.681  -70.041  -29.377 0.0000000000
15566  -28.531  -70.479  -29.603 0.0000000000
16365  -28.557  -69.795  -29.317 0.0000000000
17212  -29.320  -68.349  -28.569 0.0000000000
16358  -29.888  -68.988  -28.892 0.0000000000
16359  -30.924  -68.848  -28.854 0.0000000000
17220  -33.049  -68.618  -29.397 0.0000000000
17214  -31.434  -68.100  -28.670 0.0000000000
15518  -26.246  -71.181  -24.951 0.0000000000
15501  -25.980  -70.577  -24.532 0.0000000000
23195  -19.523  -61.721  -18.860 0.0000000000
24085  -19.516  -60.945  -18.512 0.0000000000
135325  -19.644  -61.887  -20.429 0.0000000000
114074  -19.534  -60.848  -19.518 0.0000000000
25070  -19.383  -59.362  -21.871 0.0000000000
6158  -27.902  -82.871  -33.470 0.0000000000
10881  -26.994  -76.287  -33.443 0.0000000000
10048  -26.766  -77.116  -33.354 0.0000000000
10043  -25.958  -77.386  -32.830 0.0000000000
9309  -23.017  -78.833  -34.231 0.0000000000
8528  -23.895  -79.352  -34.101 0.0000000000
132292  -23.424  -79.313  -34.700 0.0000000000
8554  -23.169  -79.058  -35.970 0.0000000000
9341  -23.627  -78.586  -37.811 0.0000000000
10079  -22.097  -76.994  -36.173 0.0000000000
115072  -22.541  -77.172  -36.758 0.0000000000
10936  -23.025  -76.636  -37.229 0.0000000000
10937  -23.895  -76.005  -37.639 0.0000000000
11724  -23.371  -75.649  -37.179 0.0000000000
118297  -32.430  -76.648  -31.508 0.0000000000
10850  -33.336  -76.860  -32.244 0.0000000000
11696  -31.221  -75.491  -35.375 0.0000000000
14772  -30.636  -71.730  -30.604 0.0000000000
14025  -30.301  -72.260  -30.899 0.0000000000
14026  -31.487  -72.131  -31.221 0.0000000000
14053  -32.067  -72.506  -33.271 0.0000000000
14067  -31.553  -73.118  -34.122 0.0000000000
12571  -31.114  -74.000  -34.922 0.0000000000
13352  -30.094  -73.919  -34.735 0.0000000000
12565  -28.961  -74.442  -34.484 0.0000000000
14049  -27.491  -72.372  -32.568 0.0000000000
13344  -27.680  -73.621  -33.092 0.0000000000
13343  -26.908  -73.491  -32.613 0.0000000000
12557  -25.653  -74.029  -32.228 0.0000000000
13342  -26.125  -73.326  -32.321 0.0000000000
11643  -29.360  -75.830  -28.193 0.0000000000
10821  -30.180  -76.094  -28.807 0.0000000000
10820  -28.910  -76.102  -29.046 0.0000000000
134912  -28.006  -75.931  -29.933 0.0000000000
11646  -27.887  -75.885  -29.298 0.0000000000
13289  -28.345  -73.845  -25.927 0.0000000000
12503  -28.664  -74.591  -26.368 0.0000000000
12502  -27.745  -74.517  -26.433 0.0000000000
129494  -24.969  -73.614  -27.478 0.0000000000
12512  -26.361  -74.741  -27.199 0.0000000000
12516  -25.401  -73.970  -28.370 0.0000000000
12522  -25.776  -74.274  -29.240 0.0000000000
14012  -25.890  -72.833  -29.730 0.0000000000
122265  -25.912  -71.828  -29.649 0.0000000000
14761  -25.064  -71.867  -29.176 0.0000000000
15556  -23.803  -70.339  -28.351 0.0000000000
117829  -24.688  -69.978  -28.871 0.0000000000
16353  -24.013  -69.208  -28.536 0.0000000000
17208  -24.888  -68.496  -28.544 0.0000000000
17207  -24.080  -68.160  -28.468 0.0000000000
17149  -25.572  -67.858  -22.937 0.0000000000
18020  -22.651  -67.854  -23.589 0.0000000000
17155  -24.120  -68.440  -23.614 0.0000000000
17154  -23.205  -68.508  -23.793 0.0000000000
15498  -23.358  -69.796  -24.655 0.0000000000
17170  -22.252  -68.530  -24.131 0.0000000000
21496  -19.571  -62.806  -22.252 0.0000000000
20609  -20.427  -64.571  -22.616 0.0000000000
20608  -19.710  -64.211  -23.015 0.0000000000
19737  -20.119  -65.470  -25.147 0.0000000000
115097  -20.283  -66.128  -24.670 0.0000000000
18868  -20.721  -67.028  -25.658 0.0000000000
17180  -21.360  -68.452  -25.375 0.0000000000
18051  -21.136  -67.760  -25.999 0.0000000000
18063  -21.413  -67.834  -26.919 0.0000000000
18879  -21.083  -67.025  -26.617 0.0000000000
21556  -21.257  -63.716  -27.058 0.0000000000
19749  -21.457  -65.278  -27.368 0.0000000000
20662  -21.630  -64.316  -27.367 0.0000000000
19763  -22.721  -66.032  -28.115 0.0000000000
9288  -32.570  -78.605  -33.076 0.0000000000
8513  -31.147  -80.565  -32.231 0.0000000000
8534  -31.184  -79.967  -33.045 0.0000000000
7738  -28.893  -80.830  -33.621 0.0000000000
7739  -29.775  -81.356  -33.331 0.0000000000
6942  -29.249  -81.977  -33.502 0.0000000000
6191  -28.329  -82.740  -34.112 0.0000000000
6957  -28.021  -82.497  -34.614 0.0000000000
8530  -25.915  -79.655  -33.672 0.0000000000
8531  -26.882  -79.627  -33.528 0.0000000000
6999  -26.757  -81.929  -37.407 0.0000000000
6972  -26.376  -81.499  -36.213 0.0000000000
16397  -28.785  -69.598  -31.567 0.0000000000
16396  -27.861  -69.619  -31.516 0.0000000000
14786  -24.567  -71.824  -31.644 0.0000000000
13332  -24.487  -73.360  -31.683 0.0000000000
121157  -23.087  -73.159  -31.347 0.0000000000
130877  -19.684  -73.197  -31.934 0.0000000000
121288  -20.427  -73.264  -31.452 0.0000000000
13341  -20.305  -74.017  -31.747 0.0000000000
12543  -21.400  -74.881  -31.565 0.0000000000
12555  -20.405  -74.718  -32.081 0.0000000000
127461  -20.801  -76.031  -33.023 0.0000000000
12562  -20.188  -74.740  -32.941 0.0000000000
12577  -21.227  -74.092  -35.860 0.0000000000
12585  -22.120  -74.188  -36.298 0.0000000000
17210  -27.139  -68.666  -28.664 0.0000000000
16356  -27.922  -69.202  -28.961 0.0000000000
17211  -28.254  -68.355  -28.551 0.0000000000
126480  -28.912  -67.781  -28.405 0.0000000000
135631  -19.693  -59.203  -18.301 0.0000000000
25928  -20.163  -58.278  -17.898 0.0000000000
7704  -29.071  -80.986  -31.868 0.0000000000
135344  -25.635  -76.093  -32.591 0.0000000000
10042  -24.994  -77.573  -32.524 0.0000000000
10041  -24.025  -77.693  -32.407 0.0000000000
9284  -22.944  -78.151  -32.919 0.0000000000
9295  -22.615  -78.296  -33.598 0.0000000000
9320  -22.536  -78.342  -35.595 0.0000000000
127565  -22.309  -78.224  -34.525 0.0000000000
10055  -21.671  -77.332  -34.404 0.0000000000
119641  -21.649  -76.790  -35.423 0.0000000000
10846  -28.877  -76.140  -31.232 0.0000000000
12548  -28.917  -74.967  -31.834 0.0000000000
123854  -29.559  -74.480  -32.157 0.0000000000
13345  -30.662  -74.132  -33.004 0.0000000000
15580  -33.694  -70.644  -30.781 0.0000000000
14774  -33.405  -71.198  -31.325 0.0000000000
14790  -33.417  -71.118  -31.657 0.0000000000
15624  -32.678  -71.246  -32.423 0.0000000000
14807  -31.330  -71.877  -33.250 0.0000000000
14065  -29.428  -73.056  -33.749 0.0000000000
14806  -29.970  -71.832  -33.081 0.0000000000
14805  -28.654  -71.661  -32.645 0.0000000000
14804  -27.702  -71.666  -32.418 0.0000000000
10808  -30.641  -75.833  -27.998 0.0000000000
11635  -29.783  -75.557  -27.392 0.0000000000
13977  -26.367  -72.765  -25.849 0.0000000000
13287  -26.632  -73.529  -26.212 0.0000000000
135470  -25.861  -73.421  -26.368 0.0000000000
13285  -24.428  -73.293  -26.947 0.0000000000
13299  -24.415  -72.985  -27.543 0.0000000000
14000  -24.645  -72.412  -28.489 0.0000000000
13999  -24.003  -72.174  -27.737 0.0000000000
14749  -23.799  -71.270  -28.006 0.0000000000
16350  -23.161  -69.880  -27.928 0.0000000000
19702  -23.920  -65.917  -21.798 0.0000000000
18844  -24.593  -66.534  -22.089 0.0000000000
18012  -24.179  -67.141  -22.848 0.0000000000
18843  -23.647  -66.493  -22.523 0.0000000000
18842  -22.677  -66.449  -22.803 0.0000000000
19722  -21.719  -66.262  -23.055 0.0000000000
115568  -19.329  -61.598  -22.819 0.0000000000
21520  -19.463  -63.637  -23.396 0.0000000000
117083  -19.370  -62.982  -23.758 0.0000000000
21542  -19.592  -63.749  -24.902 0.0000000000
20642  -19.831  -64.576  -25.132 0.0000000000
19744  -20.804  -65.463  -26.686 0.0000000000
21543  -20.139  -63.861  -25.695 0.0000000000
124489  -20.482  -63.085  -26.147 0.0000000000
126619  -20.978  -63.166  -26.744 0.0000000000
9311  -31.410  -77.674  -34.783 0.0000000000
130178  -31.389  -79.008  -33.762 0.0000000000
9302  -30.420  -78.380  -34.154 0.0000000000
8532  -29.781  -79.945  -33.414 0.0000000000
7764  -25.191  -80.823  -35.748 0.0000000000
15618  -19.028  -69.982  -31.970 0.0000000000
14801  -19.145  -70.962  -31.945 0.0000000000
15591  -19.941  -71.003  -31.487 0.0000000000
124883  -19.131  -71.840  -32.235 0.0000000000
14046  -19.225  -72.564  -32.489 0.0000000000
13340  -19.373  -73.276  -32.880 0.0000000000
13350  -19.793  -74.029  -33.327 0.0000000000
13370  -20.161  -73.217  -35.193 0.0000000000
13371  -21.332  -72.985  -35.985 0.0000000000
14771  -28.560  -71.906  -30.360 0.0000000000
14024  -29.264  -72.430  -30.697 0.0000000000
14762  -28.662  -71.153  -30.006 0.0000000000
14764  -30.518  -71.129  -30.157 0.0000000000
119750  -31.612  -70.838  -30.080 0.0000000000
16366  -29.507  -69.815  -29.351 0.0000000000
114100  -30.490  -70.389  -29.650 0.0000000000
15568  -32.837  -70.476  -30.079 0.0000000000
15569  -33.766  -69.929  -30.294 0.0000000000
16378  -34.214  -69.139  -30.637 0.0000000000
17266  -33.779  -68.260  -31.159 0.0000000000
12505  -30.698  -74.762  -26.012 0.0000000000
13274  -28.101  -73.099  -25.601 0.0000000000
14716  -28.367  -72.000  -24.909 0.0000000000
127208  -27.133  -72.357  -25.471 0.0000000000
13976  -25.762  -72.333  -25.733 0.0000000000
14712  -24.631  -71.654  -25.609 0.0000000000
14711  -23.667  -71.516  -25.826 0.0000000000
21450  -20.058  -63.030  -19.452 0.0000000000
21451  -20.273  -63.028  -20.215 0.0000000000
21498  -21.077  -63.827  -21.175 0.0000000000
22335  -19.886  -62.429  -20.699 0.0000000000
22354  -19.812  -62.600  -21.469 0.0000000000
128571  -19.499  -62.192  -21.966 0.0000000000
128024  -19.509  -59.965  -19.657 0.0000000000
112639  -19.417  -60.440  -21.125 0.0000000000
114617  -19.382  -61.591  -22.150 0.0000000000
23244  -19.316  -60.822  -22.512 0.0000000000
24157  -19.369  -59.896  -22.498 0.0000000000
25076  -19.523  -59.484  -23.061 0.0000000000
10883  -28.528  -76.613  -34.562 0.0000000000
10049  -27.459  -77.735  -33.574 0.0000000000
9299  -26.535  -78.022  -33.133 0.0000000000
9298  -25.300  -78.940  -33.249 0.0000000000
8547  -24.625  -79.950  -34.443 0.0000000000
8577  -24.555  -79.981  -37.605 0.0000000000
115783  -22.705  -77.748  -36.778 0.0000000000
10096  -23.464  -77.597  -37.816 0.0000000000
114728  -24.869  -76.744  -38.827 0.0000000000
10950  -25.538  -75.367  -38.623 0.0000000000
11733  -25.093  -75.036  -38.028 0.0000000000
9266  -33.370  -77.961  -30.612 0.0000000000
8486  -31.766  -79.489  -31.053 0.0000000000
9276  -33.485  -77.770  -31.369 0.0000000000
9289  -33.221  -78.048  -32.349 0.0000000000
10052  -32.656  -77.278  -33.848 0.0000000000
10867  -31.611  -76.499  -34.023 0.0000000000
10058  -32.099  -77.292  -34.759 0.0000000000
10903  -31.659  -76.670  -35.159 0.0000000000
131188  -30.681  -76.411  -35.530 0.0000000000
10901  -30.655  -75.737  -35.647 0.0000000000
14036  -29.935  -72.867  -31.281 0.0000000000
134108  -30.473  -73.164  -31.778 0.0000000000
14038  -32.470  -72.256  -32.338 0.0000000000
14052  -32.008  -72.839  -32.917 0.0000000000
12566  -31.065  -74.446  -35.037 0.0000000000
11703  -30.396  -75.131  -35.460 0.0000000000
135782  -29.756  -75.589  -35.382 0.0000000000
10899  -28.797  -75.786  -34.869 0.0000000000
11694  -28.165  -75.167  -34.160 0.0000000000
11693  -27.245  -75.498  -33.477 0.0000000000
13351  -28.663  -73.709  -33.779 0.0000000000
12559  -27.206  -74.224  -32.965 0.0000000000
122392  -26.338  -75.655  -32.850 0.0000000000
11685  -25.411  -75.460  -32.405 0.0000000000
11684  -24.605  -75.432  -32.018 0.0000000000
11670  -23.763  -75.423  -31.705 0.0000000000
9252  -33.548  -77.280  -30.019 0.0000000000
113829  -33.508  -76.808  -30.191 0.0000000000
10830  -31.131  -76.442  -30.123 0.0000000000
10831  -32.588  -76.331  -29.267 0.0000000000
10838  -29.700  -76.437  -30.815 0.0000000000
11656  -28.249  -75.897  -30.523 0.0000000000
123600  -27.855  -75.319  -30.792 0.0000000000
13322  -27.442  -73.689  -30.515 0.0000000000
12504  -29.628  -74.657  -26.248 0.0000000000
11621  -29.107  -75.217  -26.820 0.0000000000
11634  -28.675  -75.559  -27.493 0.0000000000
12501  -26.848  -74.368  -26.574 0.0000000000
11632  -26.860  -75.204  -27.870 0.0000000000
11641  -27.353  -75.557  -28.547 0.0000000000
11645  -27.021  -75.430  -29.339 0.0000000000
12534  -26.879  -74.339  -30.280 0.0000000000
14022  -27.206  -72.921  -30.326 0.0000000000
14770  -27.627  -72.114  -30.267 0.0000000000
114806  -27.071  -71.404  -29.886 0.0000000000
16363  -26.713  -70.014  -29.309 0.0000000000
15563  -25.395  -71.065  -29.328 0.0000000000
16354  -25.684  -70.087  -29.186 0.0000000000
16355  -26.400  -69.279  -28.904 0.0000000000
125187  -25.702  -68.254  -28.513 0.0000000000
18072  -25.045  -67.784  -28.455 0.0000000000
17156  -25.288  -68.320  -23.364 0.0000000000
16303  -25.238  -69.108  -23.734 0.0000000000
16318  -25.715  -69.914  -24.083 0.0000000000
15499  -24.274  -70.200  -24.670 0.0000000000
16329  -22.701  -70.122  -25.283 0.0000000000
20610  -21.257  -64.822  -22.241 0.0000000000
19705  -20.682  -65.256  -22.942 0.0000000000
116912  -20.943  -66.782  -23.682 0.0000000000
19719  -19.795  -65.180  -23.875 0.0000000000
18851  -20.423  -66.219  -24.004 0.0000000000
18034  -21.115  -67.567  -24.128 0.0000000000
17169  -21.481  -68.265  -24.541 0.0000000000
16328  -22.133  -69.715  -25.676 0.0000000000
15514  -22.529  -70.526  -25.918 0.0000000000
16349  -22.215  -69.467  -27.128 0.0000000000
119954  -22.373  -69.011  -27.540 0.0000000000
17200  -22.380  -68.377  -27.777 0.0000000000
115093  -21.168  -66.211  -27.085 0.0000000000
133884  -22.106  -67.096  -27.769 0.0000000000
18069  -22.452  -67.452  -27.989 0.0000000000
18898  -23.146  -66.730  -28.289 0.0000000000
19764  -23.718  -66.007  -28.282 0.0000000000
8501  -31.178  -80.230  -31.601 0.0000000000
7706  -30.716  -80.853  -31.920 0.0000000000
7723  -29.579  -81.682  -32.458 0.0000000000
127280  -30.441  -80.724  -33.164 0.0000000000
6928  -29.657  -81.970  -32.862 0.0000000000
6927  -29.179  -82.320  -32.820 0.0000000000
6174  -28.244  -82.950  -33.820 0.0000000000
9300  -28.031  -78.693  -33.438 0.0000000000
123249  -27.827  -79.658  -33.459 0.0000000000
121122  -27.772  -80.636  -33.781 0.0000000000
6955  -26.202  -81.084  -35.272 0.0000000000
6956  -27.419  -81.809  -35.070 0.0000000000
7753  -27.646  -81.430  -34.374 0.0000000000
18904  -28.638  -66.633  -28.137 0.0000000000
18078  -32.791  -67.314  -29.887 0.0000000000
18085  -33.321  -67.272  -30.660 0.0000000000
17265  -32.688  -68.077  -31.295 0.0000000000
16399  -30.917  -69.396  -31.618 0.0000000000
15601  -29.432  -70.339  -31.982 0.0000000000
15620  -28.025  -70.987  -32.182 0.0000000000
14803  -26.851  -71.781  -32.280 0.0000000000
15598  -26.574  -70.391  -31.658 0.0000000000
14788  -26.163  -71.207  -31.885 0.0000000000
14047  -25.799  -72.562  -32.110 0.0000000000
13333  -25.346  -73.285  -31.981 0.0000000000
120083  -24.177  -74.047  -31.640 0.0000000000
11669  -22.895  -75.464  -31.598 0.0000000000
14782  -20.381  -71.724  -31.358 0.0000000000
119898  -21.846  -72.430  -31.133 0.0000000000
120604  -22.263  -73.209  -31.219 0.0000000000
117306  -21.800  -74.029  -31.346 0.0000000000
12544  -22.358  -74.759  -31.468 0.0000000000
11668  -22.049  -75.557  -31.652 0.0000000000
11683  -21.179  -75.999  -32.328 0.0000000000
11692  -20.952  -76.253  -33.793 0.0000000000
10914  -21.390  -75.944  -35.522 0.0000000000
11707  -21.233  -75.066  -35.672 0.0000000000
11715  -22.786  -75.343  -36.695 0.0000000000
6159  -28.415  -82.707  -33.261 0.0000000000
6160  -28.888  -82.584  -33.050 0.0000000000
6175  -28.741  -82.533  -33.548 0.0000000000
6926  -28.589  -82.418  -32.781 0.0000000000
6929  -30.100  -81.543  -32.951 0.0000000000
7705  -30.059  -81.069  -31.880 0.0000000000
7740  -30.604  -80.969  -32.749 0.0000000000
8502  -31.880  -79.745  -31.831 0.0000000000
8514  -31.873  -79.559  -32.618 0.0000000000
8555  -23.552  -79.552  -35.333 0.0000000000
8568  -24.219  -80.010  -36.799 0.0000000000
8576  -23.872  -79.386  -37.296 0.0000000000
9265  -32.455  -78.674  -30.454 0.0000000000
9275  -32.747  -78.804  -31.386 0.0000000000
9296  -23.392  -78.665  -33.487 0.0000000000
9297  -24.319  -78.895  -33.358 0.0000000000
9301  -29.108  -78.661  -33.648 0.0000000000
9303  -31.883  -78.229  -34.345 0.0000000000
9304  -32.483  -77.996  -33.990 0.0000000000
9305  -32.925  -77.775  -33.284 0.0000000000
9330  -23.342  -78.808  -36.872 0.0000000000
9340  -23.078  -78.084  -37.190 0.0000000000
10035  -33.577  -77.145  -31.803 0.0000000000
10040  -23.287  -77.768  -32.545 0.0000000000
10044  -33.213  -77.144  -32.799 0.0000000000
10047  -22.020  -77.763  -33.598 0.0000000000
10057  -31.448  -76.807  -35.315 0.0000000000
10064  -22.042  -77.601  -35.394 0.0000000000
10095  -22.966  -77.382  -37.253 0.0000000000
10828  -28.567  -76.146  -29.816 0.0000000000
10837  -28.922  -76.284  -30.450 0.0000000000
10840  -32.837  -76.531  -30.345 0.0000000000
10841  -33.404  -76.806  -31.252 0.0000000000
10843  -21.838  -76.172  -31.967 0.0000000000
10845  -23.303  -76.073  -31.752 0.0000000000
10849  -32.999  -76.723  -32.216 0.0000000000
10861  -22.277  -76.823  -32.281 0.0000000000
10864  -25.358  -76.757  -32.532 0.0000000000
10880  -21.281  -76.662  -33.079 0.0000000000
10886  -32.104  -76.922  -34.584 0.0000000000
10898  -21.259  -76.520  -34.611 0.0000000000
10900  -29.692  -76.166  -35.375 0.0000000000
10902  -31.305  -76.045  -35.499 0.0000000000
10926  -22.542  -76.381  -36.721 0.0000000000
11619  -27.205  -75.092  -26.962 0.0000000000
11633  -27.702  -75.475  -27.622 0.0000000000
11636  -30.991  -75.616  -27.220 0.0000000000
11666  -20.896  -75.252  -31.893 0.0000000000
11671  -28.458  -75.483  -31.300 0.0000000000
11672  -29.372  -75.727  -32.126 0.0000000000
11691  -20.617  -75.409  -32.556 0.0000000000
11701  -20.890  -75.756  -34.674 0.0000000000
11702  -29.290  -75.106  -34.993 0.0000000000
12517  -26.325  -74.950  -29.302 0.0000000000
12523  -26.302  -74.402  -29.851 0.0000000000
12524  -26.757  -75.050  -29.990 0.0000000000
12535  -27.445  -74.684  -30.600 0.0000000000
12545  -23.420  -74.559  -31.557 0.0000000000
12546  -24.347  -74.704  -31.765 0.0000000000
12556  -25.131  -74.739  -32.138 0.0000000000
12558  -26.782  -74.863  -32.908 0.0000000000
12563  -27.439  -74.829  -33.428 0.0000000000
12568  -20.137  -74.579  -33.989 0.0000000000
12570  -30.833  -74.582  -35.240 0.0000000000
13273  -27.267  -72.953  -25.739 0.0000000000
13286  -25.152  -73.668  -26.786 0.0000000000
13290  -29.209  -73.982  -25.808 0.0000000000
13308  -25.410  -73.483  -29.230 0.0000000000
13309  -26.002  -73.649  -29.782 0.0000000000
13321  -26.691  -73.664  -30.218 0.0000000000
13331  -23.641  -73.606  -31.509 0.0000000000
13353  -30.954  -73.433  -34.476 0.0000000000
13360  -19.539  -73.085  -34.392 0.0000000000
13978  -27.865  -72.447  -25.342 0.0000000000
13979  -28.722  -72.546  -25.201 0.0000000000
13988  -25.277  -72.995  -26.254 0.0000000000
14011  -25.194  -72.639  -29.217 0.0000000000
14013  -26.687  -72.327  -30.060 0.0000000000
14031  -19.503  -72.397  -31.922 0.0000000000
14033  -20.820  -72.479  -31.229 0.0000000000
14034  -23.894  -72.669  -31.495 0.0000000000
14050  -28.287  -72.257  -32.767 0.0000000000
14051  -29.186  -72.312  -33.191 0.0000000000
14064  -28.193  -72.948  -33.060 0.0000000000
14068  -31.819  -73.082  -33.978 0.0000000000
14713  -25.618  -71.706  -25.445 0.0000000000
14714  -26.570  -71.882  -25.349 0.0000000000
14727  -22.995  -71.326  -26.775 0.0000000000
14750  -24.554  -71.446  -28.711 0.0000000000
14773  -32.671  -71.719  -31.413 0.0000000000
14775  -33.805  -70.684  -31.162 0.0000000000
14781  -19.637  -71.754  -31.692 0.0000000000
14787  -25.487  -71.832  -31.891 0.0000000000
14789  -33.065  -71.669  -31.984 0.0000000000
14802  -26.184  -71.965  -32.153 0.0000000000
14809  -33.021  -71.593  -32.186 0.0000000000
14810  -33.383  -71.035  -31.935 0.0000000000
14821  -31.128  -72.448  -33.641 0.0000000000
14839  -19.303  -71.778  -35.051 0.0000000000
15500  -25.146  -70.419  -24.608 0.0000000000
15502  -27.226  -70.607  -24.279 0.0000000000
15515  -23.349  -70.652  -25.369 0.0000000000
15516  -24.424  -70.917  -25.166 0.0000000000
15549  -22.925  -70.986  -27.108 0.0000000000
15550  -23.225  -70.778  -27.600 0.0000000000
15558  -24.937  -70.613  -29.060 0.0000000000
15565  -27.851  -70.859  -29.754 0.0000000000
15578  -31.609  -71.532  -30.612 0.0000000000
15600  -28.405  -70.341  -31.843 0.0000000000
15605  -33.821  -70.351  -31.315 0.0000000000
15619  -27.110  -71.050  -32.018 0.0000000000
16302  -24.452  -68.941  -23.784 0.0000000000
16316  -21.890  -69.096  -24.874 0.0000000000
16327  -21.683  -69.039  -25.733 0.0000000000
16339  -22.243  -70.033  -26.568 0.0000000000
16348  -21.852  -68.636  -27.149 0.0000000000
16360  -32.069  -68.708  -28.976 0.0000000000
16367  -30.574  -69.575  -29.272 0.0000000000
16368  -33.949  -69.050  -29.967 0.0000000000
16402  -34.198  -69.264  -31.000 0.0000000000
16412  -18.431  -69.530  -32.601 0.0000000000
17171  -23.712  -69.090  -24.012 0.0000000000
17189  -21.497  -68.494  -26.326 0.0000000000
17206  -22.967  -68.993  -28.078 0.0000000000
17209  -26.258  -68.650  -28.640 0.0000000000
17215  -32.540  -67.914  -29.211 0.0000000000
17222  -34.100  -68.475  -30.431 0.0000000000
17245  -33.193  -67.298  -31.221 0.0000000000
17246  -34.120  -68.356  -30.895 0.0000000000
18019  -21.939  -67.184  -23.408 0.0000000000
18022  -24.722  -67.836  -23.247 0.0000000000
18042  -20.923  -67.746  -24.987 0.0000000000
18070  -23.560  -67.438  -28.375 0.0000000000
18073  -25.903  -67.463  -28.417 0.0000000000
18074  -27.456  -67.765  -28.416 0.0000000000
18075  -28.309  -67.441  -28.343 0.0000000000
18077  -31.855  -67.121  -29.209 0.0000000000
18086  -33.911  -67.869  -30.655 0.0000000000
18107  -32.807  -66.886  -31.192 0.0000000000
18108  -33.659  -67.512  -31.059 0.0000000000
18838  -24.623  -66.128  -21.355 0.0000000000
18852  -23.167  -67.124  -23.104 0.0000000000
18878  -20.729  -66.270  -26.299 0.0000000000
18887  -21.686  -67.067  -27.446 0.0000000000
18899  -24.124  -66.767  -28.389 0.0000000000
19708  -23.169  -65.974  -22.314 0.0000000000
19721  -20.882  -65.950  -23.341 0.0000000000
19729  -20.069  -65.634  -24.274 0.0000000000
19750  -22.243  -65.456  -27.819 0.0000000000
20596  -20.842  -64.168  -21.919 0.0000000000
20622  -19.551  -64.456  -23.790 0.0000000000
20623  -19.979  -64.918  -23.311 0.0000000000
20635  -19.551  -64.302  -24.473 0.0000000000
20650  -20.403  -64.788  -26.044 0.0000000000
21474  -20.416  -63.121  -20.940 0.0000000000
21511  -19.651  -63.497  -22.648 0.0000000000
21512  -20.172  -63.971  -22.378 0.0000000000
21531  -19.409  -63.695  -24.139 0.0000000000
21555  -20.688  -63.861  -26.502 0.0000000000
21566  -21.935  -63.539  -27.364 0.0000000000
22320  -19.672  -62.451  -19.143 0.0000000000
22374  -19.359  -62.149  -23.397 0.0000000000
22406  -21.013  -62.355  -26.580 0.0000000000
23171  -19.471  -61.682  -18.001 0.0000000000
23230  -19.373  -60.984  -21.594 0.0000000000
24111  -19.536  -60.108  -18.858 0.0000000000
24129  -19.472  -60.226  -20.386 0.0000000000
24147  -19.335  -60.192  -21.817 0.0000000000
24166  -19.419  -60.292  -23.248 0.0000000000
112571  -19.566  -61.804  -21.268 0.0000000000
112636  -22.352  -64.613  -21.180 0.0000000000
112719  -22.758  -69.179  -24.352 0.0000000000
113726  -26.244  -78.857  -33.222 0.0000000000
114090  -19.471  -63.009  -24.532 0.0000000000
115387  -26.734  -80.995  -34.628 0.0000000000
115598  -20.945  -74.046  -31.438 0.0000000000
115748  -24.799  -68.495  -23.556 0.0000000000
117606  -32.721  -69.523  -29.481 0.0000000000
117611  -25.957  -74.801  -32.513 0.0000000000
117793  -25.946  -68.531  -23.264 0.0000000000
118560  -19.383  -62.891  -23.019 0.0000000000
118824  -31.563  -70.070  -29.555 0.0000000000
119897  -22.869  -72.447  -31.268 0.0000000000
120103  -23.101  -68.194  -28.255 0.0000000000
120298  -24.968  -69.823  -24.239 0.0000000000
120330  -21.964  -64.300  -19.860 0.0000000000
120773  -21.850  -66.141  -27.648 0.0000000000
120781  -27.122  -70.620  -29.572 0.0000000000
121194  -19.601  -61.735  -19.737 0.0000000000
121598  -20.418  -66.270  -25.398 0.0000000000
122131  -24.426  -76.883  -32.240 0.0000000000
123227  -23.427  -76.897  -37.639 0.0000000000
125467  -27.580  -76.793  -33.856 0.0000000000
125836  -28.936  -73.243  -25.503 0.0000000000
126306  -27.368  -73.016  -32.681 0.0000000000
126613  -26.086  -74.708  -28.316 0.0000000000
127039  -33.142  -69.035  -31.414 0.0000000000
128134  -22.639  -69.533  -27.570 0.0000000000
128542  -31.234  -78.516  -34.188 0.0000000000
128605  -25.595  -74.225  -27.399 0.0000000000
129715  -25.076  -67.235  -22.552 0.0000000000
129812  -20.756  -74.607  -31.706 0.0000000000
130729  -28.995  -70.213  -29.498 0.0000000000
131240  -19.114  -68.407  -32.447 0.0000000000
132062  -31.088  -76.261  -29.285 0.0000000000
132358  -19.638  -70.333  -31.639 0.0000000000
132864  -33.095  -77.993  -29.960 0.0000000000
133173  -28.012  -77.155  -34.041 0.0000000000
133402  -32.732  -71.835  -32.577 0.0000000000
133724  -34.078  -69.555  -30.491 0.0000000000
135273  -29.664  -81.966  -33.141 0.0000000000
135611  -19.477  -59.204  -22.456 0.0000000000
136099  -24.718  -73.299  -26.725 0.0000000000
136184  -20.584  -63.458  -19.748 0.0000000000
136366  -21.320  -76.825  -33.872 0.0000000000
