#!ascii label  , from subject sub-v2s9x29152_ses-1 vox2ras=TkReg
705
43887  42.195  -31.808  37.586 0.0000000000
58933  54.076  -16.092  20.750 0.0000000000
61021  63.428  -13.842  17.778 0.0000000000
53861  54.487  -21.256  29.511 0.0000000000
131470  46.827  -34.724  30.333 0.0000000000
39188  45.416  -36.222  34.853 0.0000000000
61009  58.634  -14.512  19.693 0.0000000000
60933  57.862  -13.824  24.948 0.0000000000
49103  52.113  -26.345  31.547 0.0000000000
41160  51.449  -34.405  31.511 0.0000000000
67603  65.503  -5.858  11.037 0.0000000000
63904  60.821  -10.622  14.526 0.0000000000
55758  50.810  -19.112  26.403 0.0000000000
60893  52.925  -13.934  28.297 0.0000000000
42912  44.462  -33.016  34.415 0.0000000000
42015  43.626  -32.743  36.538 0.0000000000
59973  56.197  -15.420  20.181 0.0000000000
61952  58.996  -13.472  22.892 0.0000000000
125194  55.907  -14.109  23.211 0.0000000000
119203  56.407  -31.347  27.177 0.0000000000
39206  48.153  -35.939  32.399 0.0000000000
40166  49.145  -35.362  30.150 0.0000000000
38236  50.271  -36.745  31.263 0.0000000000
69568  62.631  -5.321  11.627 0.0000000000
67605  63.311  -6.887  12.057 0.0000000000
134708  62.481  -7.126  13.941 0.0000000000
61022  60.720  -13.895  16.757 0.0000000000
62998  60.063  -12.655  14.479 0.0000000000
62970  63.009  -12.102  16.548 0.0000000000
63896  63.858  -11.036  14.964 0.0000000000
60013  63.951  -14.444  16.330 0.0000000000
52203  53.345  -23.380  30.718 0.0000000000
126575  51.513  -22.138  29.306 0.0000000000
123663  51.582  -19.686  30.445 0.0000000000
57778  50.557  -17.120  27.662 0.0000000000
57761  52.442  -16.570  30.251 0.0000000000
58818  54.378  -15.878  28.270 0.0000000000
55742  54.180  -19.333  28.308 0.0000000000
41103  46.646  -34.774  33.153 0.0000000000
60016  58.350  -14.932  16.847 0.0000000000
117503  61.301  -13.418  19.339 0.0000000000
60979  60.473  -14.262  21.396 0.0000000000
58865  59.714  -16.892  23.687 0.0000000000
139230  52.078  -31.194  29.721 0.0000000000
45974  53.139  -29.779  29.360 0.0000000000
48066  54.841  -27.211  28.643 0.0000000000
50266  56.428  -25.103  27.696 0.0000000000
53049  55.927  -23.158  26.690 0.0000000000
42986  51.243  -32.563  28.790 0.0000000000
41177  52.400  -34.252  30.505 0.0000000000
65818  65.443  -8.735  8.429 0.0000000000
123498  59.243  -8.688  12.922 0.0000000000
65770  63.290  -8.582  14.589 0.0000000000
135423  62.087  -11.591  13.262 0.0000000000
59928  53.575  -15.682  23.556 0.0000000000
61877  55.406  -13.193  26.722 0.0000000000
58829  56.362  -15.956  26.638 0.0000000000
41998  41.902  -32.765  38.197 0.0000000000
42883  42.922  -32.332  37.184 0.0000000000
41059  42.784  -34.064  36.791 0.0000000000
59974  55.444  -15.622  20.352 0.0000000000
60983  56.532  -14.690  21.680 0.0000000000
59946  55.220  -15.287  21.993 0.0000000000
38226  48.820  -36.983  32.202 0.0000000000
68597  60.816  -6.110  11.265 0.0000000000
68587  61.846  -5.712  12.075 0.0000000000
68579  60.431  -6.620  12.354 0.0000000000
62006  62.548  -13.048  17.831 0.0000000000
62019  62.043  -12.410  16.378 0.0000000000
62011  63.206  -12.704  17.037 0.0000000000
62969  63.771  -12.430  16.330 0.0000000000
53012  53.739  -22.177  30.683 0.0000000000
53840  52.236  -21.274  31.525 0.0000000000
55698  52.382  -19.828  31.836 0.0000000000
56731  52.162  -18.167  31.254 0.0000000000
122003  53.686  -19.322  30.742 0.0000000000
56743  53.582  -18.094  30.138 0.0000000000
54757  54.478  -20.492  29.328 0.0000000000
42059  45.690  -33.891  33.747 0.0000000000
41086  46.331  -34.779  33.685 0.0000000000
39195  47.249  -36.108  33.372 0.0000000000
59998  57.367  -15.350  18.532 0.0000000000
60006  57.585  -15.304  17.760 0.0000000000
126765  58.717  -14.682  18.906 0.0000000000
61015  59.655  -14.351  17.946 0.0000000000
61991  60.245  -13.527  20.128 0.0000000000
61990  60.820  -13.546  20.038 0.0000000000
61978  60.067  -13.597  20.884 0.0000000000
61936  58.444  -13.450  23.697 0.0000000000
60950  59.298  -14.745  23.581 0.0000000000
59906  58.861  -15.398  24.368 0.0000000000
57808  59.422  -17.540  24.023 0.0000000000
58839  58.040  -16.049  25.210 0.0000000000
43968  52.985  -31.935  29.670 0.0000000000
44969  52.387  -30.464  29.809 0.0000000000
43983  53.376  -31.535  29.332 0.0000000000
123160  55.245  -28.992  27.766 0.0000000000
138274  55.774  -25.745  28.324 0.0000000000
40165  50.064  -34.841  30.800 0.0000000000
40184  50.147  -34.747  29.512 0.0000000000
41198  51.429  -33.720  30.220 0.0000000000
42095  52.056  -33.638  30.329 0.0000000000
40142  52.068  -34.595  31.195 0.0000000000
68602  65.409  -5.214  10.141 0.0000000000
66704  65.512  -8.188  9.198 0.0000000000
66676  63.093  -7.557  13.452 0.0000000000
63010  59.970  -11.651  14.107 0.0000000000
63906  59.222  -11.601  13.450 0.0000000000
63913  59.110  -10.793  13.199 0.0000000000
64853  58.906  -10.049  12.870 0.0000000000
64845  59.720  -9.969  13.552 0.0000000000
65772  60.667  -8.998  13.975 0.0000000000
64839  61.993  -9.483  14.992 0.0000000000
134443  63.671  -13.437  14.857 0.0000000000
140233  63.701  -11.091  14.601 0.0000000000
49104  51.609  -26.797  31.306 0.0000000000
50255  51.394  -25.297  29.951 0.0000000000
126061  51.581  -20.760  27.785 0.0000000000
53042  51.850  -22.027  27.115 0.0000000000
130681  51.091  -15.587  27.921 0.0000000000
58844  49.911  -16.353  25.691 0.0000000000
59898  51.333  -15.473  25.842 0.0000000000
58853  51.967  -16.026  23.992 0.0000000000
59896  52.931  -14.857  25.287 0.0000000000
118988  54.523  -13.439  25.890 0.0000000000
60907  53.565  -13.645  27.584 0.0000000000
57787  54.325  -17.389  26.982 0.0000000000
58830  55.586  -16.156  27.140 0.0000000000
57786  55.080  -16.952  26.687 0.0000000000
57798  56.496  -16.947  25.597 0.0000000000
42897  44.445  -33.025  35.384 0.0000000000
41070  44.629  -34.200  35.529 0.0000000000
39183  44.340  -35.882  35.341 0.0000000000
41072  43.305  -34.773  36.370 0.0000000000
60996  57.612  -14.666  20.645 0.0000000000
61979  59.234  -13.694  21.264 0.0000000000
60982  57.421  -14.344  21.459 0.0000000000
61954  57.521  -13.314  23.341 0.0000000000
132386  57.392  -12.811  24.510 0.0000000000
40131  48.008  -35.132  32.056 0.0000000000
134755  47.630  -35.078  30.628 0.0000000000
39215  49.040  -35.455  31.793 0.0000000000
40145  49.855  -35.495  31.680 0.0000000000
39227  50.955  -35.366  31.445 0.0000000000
39240  51.696  -36.111  30.247 0.0000000000
38247  50.564  -37.569  30.288 0.0000000000
69574  64.594  -4.961  11.648 0.0000000000
67604  64.749  -6.166  11.573 0.0000000000
68586  63.688  -5.774  12.481 0.0000000000
67594  62.999  -6.809  13.151 0.0000000000
66668  63.146  -7.768  14.035 0.0000000000
61039  59.519  -14.285  15.290 0.0000000000
62026  60.284  -13.330  14.987 0.0000000000
62983  61.154  -12.317  15.299 0.0000000000
62996  61.861  -11.200  15.444 0.0000000000
63897  62.895  -10.483  15.507 0.0000000000
62981  63.526  -11.691  15.912 0.0000000000
62024  64.218  -12.732  15.781 0.0000000000
50239  53.060  -25.017  30.785 0.0000000000
51293  51.605  -24.465  30.345 0.0000000000
53005  52.249  -22.688  31.011 0.0000000000
120163  51.480  -21.315  29.968 0.0000000000
55730  51.297  -19.218  28.702 0.0000000000
56789  50.355  -18.146  26.772 0.0000000000
56757  51.310  -18.033  29.309 0.0000000000
119594  51.519  -16.057  29.440 0.0000000000
59865  52.275  -15.013  29.412 0.0000000000
59863  53.531  -14.393  28.596 0.0000000000
58809  53.123  -16.063  29.432 0.0000000000
56773  53.822  -17.648  28.256 0.0000000000
55756  53.828  -18.431  26.929 0.0000000000
42927  44.215  -32.995  32.387 0.0000000000
42079  45.493  -33.590  32.149 0.0000000000
123191  46.751  -34.453  32.140 0.0000000000
139094  47.423  -35.291  32.597 0.0000000000
38216  47.852  -36.831  32.990 0.0000000000
61023  59.830  -14.323  17.063 0.0000000000
61014  60.705  -13.758  17.859 0.0000000000
61998  61.987  -13.326  18.699 0.0000000000
140490  61.875  -14.358  19.785 0.0000000000
59971  61.565  -14.913  20.418 0.0000000000
58912  60.994  -16.281  21.641 0.0000000000
60980  59.950  -13.926  22.025 0.0000000000
59944  60.167  -15.253  22.545 0.0000000000
128330  50.749  -30.437  29.666 0.0000000000
44960  51.445  -29.828  30.160 0.0000000000
46965  52.145  -28.515  30.613 0.0000000000
48034  52.422  -27.544  31.009 0.0000000000
45973  53.758  -29.931  28.724 0.0000000000
46974  53.431  -28.155  29.743 0.0000000000
49117  53.554  -26.487  30.477 0.0000000000
50253  54.537  -25.370  29.531 0.0000000000
51292  54.495  -24.199  29.584 0.0000000000
52217  55.065  -23.256  28.803 0.0000000000
53870  54.982  -22.081  28.379 0.0000000000
52242  56.081  -23.926  27.738 0.0000000000
42971  51.572  -31.832  29.249 0.0000000000
42969  52.506  -32.821  29.696 0.0000000000
41176  52.978  -33.711  29.761 0.0000000000
39239  52.355  -35.625  29.790 0.0000000000
40183  52.886  -35.158  28.955 0.0000000000
65829  65.954  -8.894  7.764 0.0000000000
67588  58.955  -7.683  12.187 0.0000000000
66669  61.178  -7.510  13.650 0.0000000000
67579  62.778  -7.481  14.205 0.0000000000
65776  63.262  -8.497  13.922 0.0000000000
64837  63.303  -9.460  14.741 0.0000000000
63903  63.386  -9.948  14.125 0.0000000000
63911  62.573  -10.515  13.377 0.0000000000
118415  51.776  -23.808  28.436 0.0000000000
134543  52.542  -16.528  22.519 0.0000000000
58889  53.906  -16.035  22.003 0.0000000000
60954  54.856  -14.498  23.878 0.0000000000
61919  56.154  -12.673  25.221 0.0000000000
60917  56.815  -13.196  25.697 0.0000000000
59872  55.022  -14.458  27.728 0.0000000000
128887  56.108  -13.944  26.770 0.0000000000
59882  57.249  -15.072  25.937 0.0000000000
58840  57.159  -16.511  25.635 0.0000000000
53883  54.869  -21.171  27.724 0.0000000000
53896  54.656  -20.838  26.788 0.0000000000
42872  42.018  -32.160  38.249 0.0000000000
43872  41.670  -31.827  38.287 0.0000000000
42871  42.419  -32.062  37.878 0.0000000000
41997  42.473  -32.417  37.791 0.0000000000
59975  54.719  -15.850  20.563 0.0000000000
59959  55.251  -15.463  21.134 0.0000000000
58913  54.470  -15.768  21.427 0.0000000000
68589  59.909  -6.630  11.438 0.0000000000
62012  62.424  -12.648  17.112 0.0000000000
62005  63.352  -13.243  17.511 0.0000000000
62004  63.867  -13.127  16.832 0.0000000000
61020  63.821  -13.850  17.177 0.0000000000
53849  54.281  -21.717  30.059 0.0000000000
53850  53.786  -21.327  30.872 0.0000000000
136122  53.795  -20.643  30.971 0.0000000000
55709  52.697  -19.093  31.481 0.0000000000
54758  54.163  -20.300  30.293 0.0000000000
55719  54.213  -19.597  29.827 0.0000000000
41069  45.175  -34.209  34.859 0.0000000000
41087  45.853  -34.568  34.224 0.0000000000
40101  45.597  -35.402  34.799 0.0000000000
38202  45.985  -36.281  34.420 0.0000000000
59986  57.953  -15.042  19.132 0.0000000000
59997  58.104  -15.072  18.366 0.0000000000
61008  59.623  -13.959  19.429 0.0000000000
60994  59.472  -13.787  20.367 0.0000000000
61916  58.246  -13.744  24.358 0.0000000000
60951  58.741  -14.201  24.022 0.0000000000
60932  58.328  -14.623  24.687 0.0000000000
59907  58.332  -15.525  24.920 0.0000000000
59894  57.871  -15.034  25.342 0.0000000000
42968  53.238  -32.570  29.520 0.0000000000
43967  53.459  -32.163  29.322 0.0000000000
42967  53.922  -32.592  28.899 0.0000000000
40164  50.783  -34.542  31.249 0.0000000000
41179  50.995  -34.115  30.735 0.0000000000
41199  50.655  -34.149  29.092 0.0000000000
41178  51.648  -34.120  31.130 0.0000000000
40143  51.775  -34.723  31.542 0.0000000000
68601  65.919  -5.511  10.172 0.0000000000
133481  66.163  -5.830  10.057 0.0000000000
66692  66.072  -7.248  9.649 0.0000000000
63905  59.872  -10.762  13.824 0.0000000000
64844  60.794  -9.734  14.303 0.0000000000
62037  63.429  -12.816  14.500 0.0000000000
49118  51.302  -26.121  30.596 0.0000000000
120137  51.810  -26.033  31.390 0.0000000000
54782  51.564  -20.411  27.013 0.0000000000
55757  51.342  -20.048  26.288 0.0000000000
59874  51.973  -14.732  27.805 0.0000000000
59886  51.184  -15.411  26.900 0.0000000000
59885  51.992  -14.961  26.486 0.0000000000
59897  52.160  -15.195  25.478 0.0000000000
60908  52.725  -14.219  27.152 0.0000000000
60919  53.365  -14.020  26.311 0.0000000000
55775  53.978  -18.105  26.379 0.0000000000
57800  54.598  -17.564  26.111 0.0000000000
57813  54.867  -17.682  25.427 0.0000000000
42889  43.453  -32.333  36.547 0.0000000000
42888  44.085  -32.696  35.975 0.0000000000
120656  44.630  -33.522  35.254 0.0000000000
41057  44.263  -33.312  35.958 0.0000000000
41071  44.080  -34.434  36.121 0.0000000000
41058  43.598  -33.663  36.546 0.0000000000
59989  55.636  -15.739  19.581 0.0000000000
120159  55.823  -15.807  18.824 0.0000000000
59988  56.387  -15.534  19.421 0.0000000000
59972  57.009  -15.206  20.045 0.0000000000
60997  56.788  -14.979  20.815 0.0000000000
60966  55.962  -14.633  22.372 0.0000000000
138475  56.605  -14.300  22.347 0.0000000000
60952  56.677  -13.762  23.094 0.0000000000
61938  57.163  -12.874  24.063 0.0000000000
40130  48.525  -35.335  32.012 0.0000000000
38237  49.488  -36.806  31.836 0.0000000000
38235  51.129  -36.331  30.876 0.0000000000
68604  62.245  -5.500  10.700 0.0000000000
69579  64.547  -4.881  10.777 0.0000000000
68596  63.545  -4.954  11.254 0.0000000000
68585  64.266  -5.318  12.041 0.0000000000
69567  63.784  -5.168  12.109 0.0000000000
68578  61.665  -6.268  12.738 0.0000000000
68577  62.852  -5.973  12.877 0.0000000000
67585  62.730  -6.715  13.425 0.0000000000
126420  62.958  -7.396  13.945 0.0000000000
61031  59.881  -14.295  16.047 0.0000000000
61038  60.167  -13.894  15.410 0.0000000000
61030  60.659  -13.807  16.031 0.0000000000
120368  61.653  -12.361  15.810 0.0000000000
62982  62.571  -11.553  15.928 0.0000000000
63891  63.410  -10.994  15.573 0.0000000000
62018  64.236  -13.029  16.266 0.0000000000
122815  64.161  -12.536  16.044 0.0000000000
61036  64.268  -13.655  16.057 0.0000000000
61045  64.075  -13.499  15.459 0.0000000000
61037  63.825  -14.374  15.683 0.0000000000
51278  53.255  -24.153  30.663 0.0000000000
51265  52.430  -23.717  30.894 0.0000000000
52191  52.507  -23.042  30.998 0.0000000000
54737  52.004  -20.507  31.758 0.0000000000
53851  51.822  -21.326  31.038 0.0000000000
54748  51.651  -20.506  30.770 0.0000000000
54759  51.437  -20.461  29.617 0.0000000000
127764  51.399  -19.720  29.418 0.0000000000
124902  51.491  -18.929  29.916 0.0000000000
126330  52.159  -17.662  30.960 0.0000000000
57753  52.077  -17.335  30.841 0.0000000000
129273  51.944  -16.501  30.236 0.0000000000
59855  51.981  -15.706  29.920 0.0000000000
58802  52.115  -16.251  30.229 0.0000000000
58801  52.291  -15.698  29.836 0.0000000000
55729  54.076  -18.846  29.390 0.0000000000
56756  53.788  -17.829  29.239 0.0000000000
130744  53.915  -18.377  28.577 0.0000000000
55743  53.839  -18.397  27.707 0.0000000000
117667  43.854  -32.836  33.228 0.0000000000
42072  44.755  -33.213  33.380 0.0000000000
41124  46.219  -34.245  33.270 0.0000000000
42071  45.724  -33.799  33.050 0.0000000000
42070  46.216  -34.081  32.595 0.0000000000
41123  46.777  -34.645  32.749 0.0000000000
41142  47.394  -34.971  32.292 0.0000000000
41122  47.242  -35.095  32.597 0.0000000000
139454  57.818  -15.193  17.150 0.0000000000
60026  58.319  -14.895  16.035 0.0000000000
61024  58.979  -14.675  17.341 0.0000000000
134971  60.191  -13.828  18.711 0.0000000000
61999  61.152  -13.278  18.879 0.0000000000
136384  61.682  -13.190  18.276 0.0000000000
61989  61.721  -13.690  19.414 0.0000000000
60978  60.924  -14.326  20.763 0.0000000000
139859  60.978  -14.887  21.062 0.0000000000
59956  61.327  -15.749  21.041 0.0000000000
59957  60.680  -15.292  21.730 0.0000000000
61968  58.930  -13.562  22.199 0.0000000000
61967  59.595  -13.668  21.863 0.0000000000
138025  59.287  -13.589  22.426 0.0000000000
59945  59.723  -15.240  23.148 0.0000000000
59924  59.991  -16.135  23.091 0.0000000000
58888  60.542  -16.248  22.347 0.0000000000
58864  60.361  -17.273  22.962 0.0000000000
44970  51.531  -30.414  29.889 0.0000000000
44971  50.677  -29.823  30.063 0.0000000000
43958  52.118  -30.495  29.890 0.0000000000
45964  52.747  -29.939  29.628 0.0000000000
45965  52.244  -29.590  30.101 0.0000000000
124428  52.791  -29.074  29.812 0.0000000000
44983  55.231  -31.344  27.788 0.0000000000
46986  54.995  -28.108  28.129 0.0000000000
117127  54.352  -29.025  28.350 0.0000000000
46987  54.161  -28.088  28.913 0.0000000000
48049  54.082  -27.137  29.628 0.0000000000
50254  53.847  -25.486  30.290 0.0000000000
49116  54.336  -26.103  29.676 0.0000000000
50267  55.813  -25.225  28.327 0.0000000000
50252  55.026  -24.782  29.012 0.0000000000
51300  55.734  -24.460  28.326 0.0000000000
51291  55.108  -23.915  28.893 0.0000000000
52232  55.603  -23.688  28.288 0.0000000000
51299  56.124  -24.340  27.885 0.0000000000
40167  48.320  -35.308  30.332 0.0000000000
40186  48.275  -35.482  28.994 0.0000000000
42107  51.041  -33.431  28.822 0.0000000000
42987  50.358  -32.114  28.167 0.0000000000
43984  50.887  -31.818  28.742 0.0000000000
43970  50.801  -31.138  29.221 0.0000000000
42094  52.360  -33.653  30.174 0.0000000000
124118  52.923  -33.067  29.744 0.0000000000
40163  52.098  -35.199  30.969 0.0000000000
40182  53.572  -34.726  28.197 0.0000000000
65830  64.555  -9.363  7.608 0.0000000000
137130  63.948  -6.374  11.996 0.0000000000
62039  59.302  -13.462  14.095 0.0000000000
62040  58.721  -13.232  13.414 0.0000000000
65779  58.673  -9.266  12.610 0.0000000000
65790  57.990  -9.061  12.046 0.0000000000
66671  58.666  -8.460  12.392 0.0000000000
66678  58.139  -8.314  11.657 0.0000000000
66670  59.585  -7.952  12.908 0.0000000000
65771  62.347  -8.598  14.769 0.0000000000
66663  61.928  -7.943  14.395 0.0000000000
66662  63.025  -8.012  14.338 0.0000000000
64833  63.485  -10.330  15.035 0.0000000000
130469  63.206  -11.003  13.921 0.0000000000
53022  51.492  -22.899  29.892 0.0000000000
52219  51.511  -23.702  29.533 0.0000000000
52233  51.616  -22.980  28.848 0.0000000000
134940  50.251  -17.492  26.985 0.0000000000
58843  50.715  -15.952  25.282 0.0000000000
59929  52.783  -15.907  23.773 0.0000000000
58867  52.297  -16.374  23.186 0.0000000000
58866  53.049  -16.278  22.998 0.0000000000
58890  53.169  -16.417  22.112 0.0000000000
59948  53.765  -15.950  22.730 0.0000000000
59927  54.355  -15.329  23.289 0.0000000000
59908  54.118  -14.970  24.192 0.0000000000
61900  55.134  -13.028  26.502 0.0000000000
61920  55.384  -12.972  25.650 0.0000000000
61899  55.843  -12.805  26.015 0.0000000000
61898  56.494  -12.795  25.448 0.0000000000
61876  56.199  -13.055  26.168 0.0000000000
58808  53.696  -15.331  28.790 0.0000000000
60891  54.249  -13.959  28.084 0.0000000000
59873  54.393  -14.860  28.298 0.0000000000
59884  55.838  -15.054  27.194 0.0000000000
59883  56.611  -15.071  26.515 0.0000000000
58828  56.973  -15.909  26.091 0.0000000000
59895  57.540  -15.898  25.636 0.0000000000
57811  56.606  -17.377  24.713 0.0000000000
53041  55.455  -22.712  27.964 0.0000000000
136395  54.833  -21.480  28.306 0.0000000000
122246  55.603  -22.573  27.327 0.0000000000
42016  43.043  -32.969  37.097 0.0000000000
42017  42.325  -33.429  37.435 0.0000000000
59990  54.904  -15.991  19.771 0.0000000000
59958  56.002  -15.238  20.964 0.0000000000
60984  55.794  -15.106  21.626 0.0000000000
38227  48.317  -36.973  32.643 0.0000000000
39216  48.813  -35.955  32.150 0.0000000000
37211  48.927  -38.280  31.750 0.0000000000
126096  61.641  -5.676  11.196 0.0000000000
68588  60.825  -6.165  11.979 0.0000000000
67586  61.414  -6.830  13.269 0.0000000000
62007  61.605  -13.213  17.438 0.0000000000
62013  61.410  -13.277  16.524 0.0000000000
121628  53.895  -23.003  30.283 0.0000000000
52190  52.877  -22.837  31.087 0.0000000000
53838  53.214  -21.581  31.329 0.0000000000
54736  52.234  -20.553  31.834 0.0000000000
55699  52.087  -19.888  31.945 0.0000000000
123853  51.906  -18.861  31.158 0.0000000000
55710  52.150  -19.102  31.688 0.0000000000
56730  52.280  -18.289  31.291 0.0000000000
57751  52.635  -17.527  30.763 0.0000000000
128906  53.849  -18.862  30.193 0.0000000000
55728  54.377  -19.796  29.122 0.0000000000
42060  45.152  -33.516  34.106 0.0000000000
42045  45.297  -33.788  34.261 0.0000000000
41104  45.955  -34.223  33.787 0.0000000000
40111  46.799  -35.406  33.517 0.0000000000
60007  56.819  -15.554  17.846 0.0000000000
61016  58.833  -14.731  18.123 0.0000000000
138221  59.388  -14.355  18.604 0.0000000000
61007  60.642  -13.437  19.521 0.0000000000
61966  60.526  -13.839  20.751 0.0000000000
132176  60.100  -13.745  21.398 0.0000000000
61935  59.144  -13.847  23.255 0.0000000000
59925  59.448  -15.842  23.718 0.0000000000
58851  59.157  -16.572  24.290 0.0000000000
58852  58.553  -16.295  24.764 0.0000000000
57796  58.106  -16.783  24.945 0.0000000000
128251  52.560  -31.297  29.674 0.0000000000
44968  52.817  -31.070  29.655 0.0000000000
44985  53.226  -30.631  29.344 0.0000000000
45001  56.058  -30.580  27.464 0.0000000000
48065  55.734  -27.313  27.932 0.0000000000
49131  55.582  -26.401  28.357 0.0000000000
49146  56.330  -26.692  27.733 0.0000000000
49130  56.352  -25.909  27.803 0.0000000000
138157  49.972  -35.162  31.391 0.0000000000
118679  49.488  -35.310  29.277 0.0000000000
41200  50.064  -34.668  28.281 0.0000000000
42106  51.779  -33.118  29.607 0.0000000000
42085  52.001  -34.144  31.046 0.0000000000
66691  66.764  -6.998  9.047 0.0000000000
66703  66.565  -7.754  8.829 0.0000000000
66685  62.789  -7.436  12.260 0.0000000000
63011  59.296  -12.509  13.731 0.0000000000
65778  59.481  -9.266  13.242 0.0000000000
66664  60.251  -8.414  13.511 0.0000000000
65767  62.932  -8.838  14.977 0.0000000000
62995  63.969  -11.798  14.869 0.0000000000
63008  63.286  -11.982  14.195 0.0000000000
48036  51.077  -27.586  30.866 0.0000000000
53872  51.516  -21.245  28.697 0.0000000000
126566  51.729  -22.265  28.108 0.0000000000
53884  51.689  -21.512  27.716 0.0000000000
130493  51.791  -21.717  26.298 0.0000000000
58821  50.617  -16.442  27.709 0.0000000000
125742  50.197  -16.471  26.906 0.0000000000
59887  50.560  -15.969  27.200 0.0000000000
59899  50.405  -15.957  26.320 0.0000000000
58854  51.088  -16.148  24.312 0.0000000000
59911  51.621  -15.685  24.873 0.0000000000
59910  52.461  -15.502  24.599 0.0000000000
59909  53.300  -15.274  24.407 0.0000000000
60936  53.800  -14.353  25.212 0.0000000000
138454  53.956  -13.699  26.056 0.0000000000
61878  54.806  -13.229  27.074 0.0000000000
57777  54.058  -16.904  28.027 0.0000000000
58817  55.052  -15.494  27.752 0.0000000000
58831  54.724  -16.504  27.545 0.0000000000
58842  55.947  -16.624  26.358 0.0000000000
57799  55.421  -17.211  25.889 0.0000000000
42898  43.967  -32.570  35.223 0.0000000000
42033  44.469  -33.175  35.434 0.0000000000
40090  45.021  -34.977  35.283 0.0000000000
39182  45.003  -35.782  35.247 0.0000000000
40091  44.480  -35.155  35.632 0.0000000000
40092  43.798  -35.357  35.860 0.0000000000
59987  57.188  -15.318  19.294 0.0000000000
61010  57.805  -14.922  19.884 0.0000000000
60995  58.493  -14.269  20.519 0.0000000000
60981  58.297  -13.968  21.341 0.0000000000
61969  58.102  -13.704  22.075 0.0000000000
60965  57.333  -13.886  22.405 0.0000000000
61953  58.291  -13.362  23.004 0.0000000000
61937  57.811  -13.058  23.933 0.0000000000
61917  57.789  -13.225  24.412 0.0000000000
61897  57.286  -12.904  25.112 0.0000000000
42985  54.773  -32.609  28.038 0.0000000000
41161  47.395  -34.869  31.612 0.0000000000
40147  48.304  -35.171  31.596 0.0000000000
40146  49.154  -35.235  31.638 0.0000000000
133567  49.199  -35.908  32.032 0.0000000000
118920  50.619  -34.880  31.611 0.0000000000
40144  51.296  -34.794  31.575 0.0000000000
39226  51.621  -35.319  31.303 0.0000000000
134659  51.105  -37.049  29.963 0.0000000000
69573  65.425  -4.981  10.976 0.0000000000
68595  64.985  -5.246  11.542 0.0000000000
67592  64.171  -5.622  12.192 0.0000000000
67593  63.603  -6.126  12.649 0.0000000000
132126  63.021  -5.541  12.359 0.0000000000
67584  63.306  -6.362  12.821 0.0000000000
65787  62.800  -8.260  13.203 0.0000000000
62027  59.578  -13.953  14.727 0.0000000000
138305  59.776  -13.411  14.559 0.0000000000
62020  61.049  -13.172  15.715 0.0000000000
62997  60.913  -11.532  14.796 0.0000000000
63898  61.900  -10.393  15.188 0.0000000000
63890  63.822  -11.332  15.383 0.0000000000
62980  64.007  -12.097  15.785 0.0000000000
62994  64.036  -11.899  15.343 0.0000000000
62025  64.090  -12.632  15.192 0.0000000000
50240  52.210  -25.436  31.268 0.0000000000
128656  51.919  -24.754  30.946 0.0000000000
129619  51.945  -24.072  30.777 0.0000000000
52204  51.681  -23.567  30.412 0.0000000000
53013  51.834  -22.822  30.694 0.0000000000
53004  52.469  -22.171  31.240 0.0000000000
53862  51.609  -22.124  30.385 0.0000000000
54770  51.423  -20.227  28.633 0.0000000000
55744  51.299  -19.571  27.094 0.0000000000
55745  50.936  -18.705  27.319 0.0000000000
139911  51.225  -19.184  27.816 0.0000000000
56774  51.046  -18.409  28.203 0.0000000000
56758  50.939  -17.454  28.435 0.0000000000
56744  51.800  -18.047  30.531 0.0000000000
57771  51.349  -16.944  29.350 0.0000000000
58810  50.982  -16.618  28.555 0.0000000000
58820  51.181  -15.827  28.740 0.0000000000
122417  51.665  -15.051  28.850 0.0000000000
122956  52.443  -14.542  28.776 0.0000000000
60879  52.953  -14.305  28.851 0.0000000000
59864  52.879  -14.959  29.203 0.0000000000
58819  53.823  -16.193  28.733 0.0000000000
128008  53.252  -17.167  29.857 0.0000000000
57770  53.679  -16.928  28.955 0.0000000000
56788  53.889  -17.795  27.287 0.0000000000
41162  46.413  -34.308  31.141 0.0000000000
136922  45.336  -33.586  33.447 0.0000000000
41143  45.953  -33.905  31.681 0.0000000000
40120  47.810  -35.351  32.266 0.0000000000
40110  47.260  -35.337  32.934 0.0000000000
39207  47.659  -35.872  32.772 0.0000000000
117731  62.887  -13.445  18.225 0.0000000000
61013  63.084  -14.282  18.439 0.0000000000
61997  62.492  -13.697  18.820 0.0000000000
60993  62.469  -14.318  19.207 0.0000000000
59970  62.274  -15.188  19.662 0.0000000000
61977  61.250  -13.925  20.197 0.0000000000
60964  59.730  -14.342  22.750 0.0000000000
60963  60.232  -14.507  22.105 0.0000000000
44972  49.900  -29.888  29.670 0.0000000000
46967  50.622  -28.406  30.604 0.0000000000
45958  51.993  -29.941  30.142 0.0000000000
45959  51.498  -29.136  30.473 0.0000000000
46966  51.379  -28.235  30.786 0.0000000000
48035  51.780  -27.559  31.126 0.0000000000
127356  52.079  -26.975  31.531 0.0000000000
49102  52.657  -26.775  31.178 0.0000000000
43982  54.229  -31.970  28.604 0.0000000000
44984  54.035  -30.962  28.611 0.0000000000
45972  54.929  -30.071  27.918 0.0000000000
46988  53.523  -29.010  29.081 0.0000000000
48033  53.220  -27.400  30.514 0.0000000000
119492  52.855  -25.917  31.045 0.0000000000
50238  53.836  -24.597  30.223 0.0000000000
49115  55.106  -25.694  28.871 0.0000000000
136499  54.360  -24.876  29.733 0.0000000000
52202  53.901  -23.788  30.160 0.0000000000
52218  54.532  -23.323  29.482 0.0000000000
53011  54.326  -22.490  29.778 0.0000000000
130174  54.533  -22.017  29.374 0.0000000000
53031  54.745  -22.024  28.864 0.0000000000
53030  55.203  -22.816  28.461 0.0000000000
52243  55.676  -23.309  28.005 0.0000000000
53040  55.941  -23.399  27.473 0.0000000000
51306  56.475  -24.664  27.399 0.0000000000
52250  56.410  -24.203  27.202 0.0000000000
41180  47.345  -35.097  29.387 0.0000000000
40185  48.946  -35.548  28.722 0.0000000000
43971  49.935  -30.503  29.165 0.0000000000
135539  51.608  -31.087  29.639 0.0000000000
128274  52.352  -31.809  29.615 0.0000000000
42970  52.159  -32.595  29.616 0.0000000000
43969  52.710  -32.101  29.645 0.0000000000
134570  52.848  -32.513  29.677 0.0000000000
42105  53.673  -33.185  29.085 0.0000000000
40162  52.486  -34.898  30.370 0.0000000000
41197  52.961  -34.402  29.542 0.0000000000
43888  40.745  -31.379  38.026 0.0000000000
65838  65.289  -9.373  6.988 0.0000000000
67587  59.398  -7.077  11.920 0.0000000000
135363  60.018  -7.193  12.734 0.0000000000
64838  62.999  -9.465  15.170 0.0000000000
65766  63.190  -8.939  14.744 0.0000000000
63902  63.534  -10.191  14.549 0.0000000000
64842  63.428  -9.272  14.453 0.0000000000
64843  63.356  -9.296  14.016 0.0000000000
64851  62.574  -9.648  13.214 0.0000000000
126608  61.705  -10.640  12.689 0.0000000000
58934  53.371  -16.452  20.490 0.0000000000
51301  51.542  -24.566  29.162 0.0000000000
58868  51.492  -16.340  23.391 0.0000000000
58915  52.873  -16.602  21.257 0.0000000000
58914  53.630  -16.251  21.340 0.0000000000
59947  54.504  -15.567  22.384 0.0000000000
59926  55.193  -14.841  22.957 0.0000000000
130187  55.517  -14.048  23.699 0.0000000000
60935  54.643  -13.970  24.838 0.0000000000
60934  55.441  -13.466  24.543 0.0000000000
60953  56.276  -13.140  24.121 0.0000000000
61918  56.867  -12.577  24.829 0.0000000000
60916  57.373  -13.971  25.589 0.0000000000
60892  53.553  -13.882  28.261 0.0000000000
60906  54.224  -13.551  27.595 0.0000000000
60890  54.836  -13.581  27.453 0.0000000000
60905  55.477  -13.978  27.242 0.0000000000
60904  56.762  -14.028  26.159 0.0000000000
133407  57.671  -16.493  25.306 0.0000000000
130427  58.129  -17.353  24.623 0.0000000000
57797  57.445  -17.036  25.053 0.0000000000
53871  54.651  -21.336  28.806 0.0000000000
54769  54.559  -20.600  28.515 0.0000000000
53895  55.279  -21.698  27.042 0.0000000000
54781  54.378  -20.194  27.533 0.0000000000
129071  53.943  -19.172  27.194 0.0000000000
41159  51.789  -34.397  31.483 0.0000000000
45960  50.644  -29.221  30.410 0.0000000000
46964  52.831  -28.145  30.440 0.0000000000
49132  54.728  -26.471  28.989 0.0000000000
50241  51.730  -25.362  30.880 0.0000000000
51264  52.828  -23.584  30.902 0.0000000000
51279  52.536  -24.422  30.917 0.0000000000
51313  56.769  -24.933  26.866 0.0000000000
52192  52.117  -23.350  30.855 0.0000000000
53003  52.997  -22.174  31.295 0.0000000000
53021  54.748  -22.646  29.065 0.0000000000
53839  52.589  -21.392  31.559 0.0000000000
53882  55.202  -21.977  27.847 0.0000000000
54735  53.014  -20.734  31.612 0.0000000000
54746  54.214  -21.037  30.318 0.0000000000
54747  53.343  -19.932  31.349 0.0000000000
55711  51.929  -19.717  31.617 0.0000000000
56729  53.175  -18.475  30.883 0.0000000000
56775  50.652  -17.827  27.573 0.0000000000
57752  52.170  -16.958  30.595 0.0000000000
57762  51.721  -17.333  30.071 0.0000000000
58841  56.646  -16.441  26.078 0.0000000000
59866  51.731  -15.434  29.419 0.0000000000
60005  58.273  -15.011  17.592 0.0000000000
60918  54.295  -13.296  26.877 0.0000000000
60920  52.606  -14.673  26.082 0.0000000000
61951  59.430  -13.760  22.546 0.0000000000
67602  65.725  -5.460  10.675 0.0000000000
67614  66.002  -6.276  10.311 0.0000000000
122121  51.417  -19.910  27.804 0.0000000000
129295  52.050  -22.095  31.120 0.0000000000
130296  57.180  -15.440  17.091 0.0000000000
132975  45.057  -33.386  32.666 0.0000000000
134235  53.352  -22.740  30.865 0.0000000000
136191  45.415  -33.991  34.302 0.0000000000
